generation  	alive.rpl   	n.adlt.rs   	n.adlt.fst.wc_p1-2	n.adlt.fst.wc_p1-3	n.adlt.fst.wc_p2-3
5           	10          	0.01053     	3.463e-06   	1.057e-06   	3.657e-06   
10          	10          	0.03369     	4.524e-06   	1.715e-06   	1.688e-06   
15          	10          	0.01423     	3.387e-06   	5.047e-06   	4.184e-06   
20          	10          	0.0206      	3.137e-06   	7.384e-06   	3.143e-06   
25          	10          	0.02019     	1.634e-06   	1.97e-06    	2.286e-06   
30          	10          	0.02839     	3.402e-06   	3.018e-06   	4.074e-06   
35          	10          	0.03279     	2.669e-06   	7.835e-06   	3.894e-06   
40          	10          	0.01664     	1.978e-06   	2.928e-06   	5.324e-06   
45          	10          	0.04567     	4.097e-06   	4.678e-06   	2.036e-06   
50          	10          	0.02122     	2.013e-06   	2.889e-06   	3.146e-06   
55          	10          	0.03235     	4.36e-06    	3.288e-06   	5.301e-06   
60          	10          	0.03414     	5.586e-07   	5.637e-06   	4.098e-06   
65          	10          	0.03256     	4.79e-06    	4.363e-06   	3.171e-06   
70          	10          	0.0845      	3.858e-06   	6.674e-06   	2.328e-06   
75          	10          	0.0281      	7.415e-06   	4.838e-06   	6.917e-06   
80          	10          	0.05856     	5.113e-06   	6.697e-06   	3.616e-06   
85          	10          	0.04806     	3.3e-06     	3.325e-06   	3.56e-06    
90          	10          	0.03907     	5.177e-06   	1.336e-06   	3.319e-06   
95          	10          	0.03866     	2.791e-06   	8.708e-06   	4.5e-06     
100         	10          	0.02164     	3.631e-06   	7.306e-06   	7.351e-06   
105         	10          	0.02884     	5.801e-06   	2.148e-06   	3.735e-06   
110         	10          	0.08219     	3.403e-06   	1.053e-05   	2.223e-06   
115         	10          	0.09499     	4.591e-06   	1.099e-05   	3.213e-06   
120         	10          	0.03571     	2.901e-06   	2.464e-06   	2.198e-06   
125         	10          	0.08936     	6.115e-06   	4.798e-06   	2.388e-06   
130         	10          	0.1195      	1.479e-06   	2.638e-06   	3.53e-06    
135         	10          	0.07527     	7.949e-06   	1.108e-05   	6.893e-06   
140         	10          	0.08156     	4.834e-06   	4.9e-06     	7.418e-06   
145         	10          	0.07218     	4.069e-06   	6.75e-06    	2.051e-06   
150         	10          	0.07146     	4.313e-06   	3.121e-06   	2.424e-06   
155         	10          	0.08974     	6.455e-06   	8.779e-06   	3.631e-06   
160         	10          	0.05106     	4.953e-06   	6.522e-06   	1.764e-06   
165         	10          	0.07399     	2.57e-06    	1.316e-05   	5.047e-06   
170         	10          	0.1069      	2.779e-06   	6.228e-06   	8.48e-07    
175         	10          	0.05395     	5.489e-06   	1.17e-05    	7.913e-06   
180         	10          	0.08434     	3.573e-06   	4.896e-06   	3.912e-06   
185         	10          	0.05714     	3.638e-06   	6.789e-06   	4.178e-06   
190         	10          	0.08353     	1.833e-06   	2.991e-06   	3.91e-06    
195         	10          	0.1078      	3.788e-06   	4.286e-06   	3.297e-06   
200         	10          	0.07629     	2.645e-06   	2.724e-06   	1.972e-06   
205         	10          	0.09373     	5.083e-06   	4.51e-06    	6.081e-06   
210         	10          	0.08694     	2.783e-06   	8.219e-06   	4.088e-06   
215         	10          	0.1454      	4.385e-06   	8.525e-06   	3.373e-06   
220         	10          	0.1251      	1.223e-05   	7.048e-06   	4.551e-06   
225         	10          	0.1209      	3.198e-06   	4.43e-06    	5.444e-06   
230         	10          	0.1404      	3.835e-06   	8.08e-06    	3.351e-06   
235         	10          	0.08057     	1.631e-06   	2.974e-06   	6.685e-06   
240         	10          	0.1425      	7.622e-06   	2.717e-06   	2.737e-06   
245         	10          	0.09443     	6.832e-06   	6.813e-06   	7.51e-06    
250         	10          	0.1072      	2.789e-06   	9.739e-06   	6.834e-06   
255         	10          	0.06852     	3.042e-06   	1.121e-05   	9.147e-06   
260         	10          	0.1373      	3.576e-06   	1.254e-05   	5.832e-06   
265         	10          	0.07899     	6.599e-06   	4.248e-06   	4.51e-06    
270         	10          	0.08839     	5.583e-06   	7.338e-06   	6.719e-06   
275         	10          	0.1011      	4.414e-06   	8.835e-06   	5.271e-06   
280         	10          	0.08939     	5.309e-06   	9.486e-06   	5.443e-06   
285         	10          	0.06118     	5.503e-06   	1.126e-05   	5.547e-06   
290         	10          	0.0594      	5.723e-06   	1.159e-05   	7.002e-06   
295         	10          	0.1297      	5.944e-06   	3.704e-06   	2.913e-06   
300         	10          	0.1108      	2.309e-06   	1.008e-05   	3.258e-06   
305         	10          	0.09539     	4.996e-06   	8.813e-06   	3.871e-06   
310         	10          	0.07418     	1.056e-05   	1.384e-05   	4.86e-06    
315         	10          	0.09845     	1.036e-05   	1.148e-05   	6.256e-06   
320         	10          	0.1274      	3.733e-06   	5.982e-06   	5.459e-06   
325         	10          	0.06228     	6.483e-06   	6.435e-06   	1.574e-06   
330         	10          	0.04541     	2.698e-06   	7.093e-06   	8.176e-06   
335         	10          	0.08039     	1.107e-05   	1.378e-05   	7.285e-06   
340         	10          	0.07196     	4.624e-06   	5.167e-06   	2.185e-06   
345         	10          	0.07366     	9.593e-06   	1.581e-05   	5.063e-06   
350         	10          	0.0986      	6.319e-06   	1.01e-05    	5.15e-06    
355         	10          	0.08611     	8.981e-06   	6.877e-06   	6.52e-06    
360         	10          	0.145       	6.484e-06   	1.264e-05   	4.544e-06   
365         	10          	0.09408     	5.967e-06   	7.711e-06   	1.333e-05   
370         	10          	0.05345     	1.35e-05    	7.794e-06   	6.532e-06   
375         	10          	0.02952     	2.757e-06   	4.903e-06   	2.609e-06   
380         	10          	0.04278     	8.169e-06   	1.293e-05   	1.725e-05   
385         	10          	0.05457     	4.126e-06   	1.117e-05   	2.329e-06   
390         	10          	0.07347     	3.858e-06   	4.282e-06   	7.785e-06   
395         	10          	0.08769     	1.199e-05   	1.099e-05   	1.303e-05   
400         	10          	0.06601     	4.135e-06   	9.561e-06   	5.9e-06     
405         	10          	0.09827     	5.323e-06   	1.255e-05   	6.641e-06   
410         	10          	0.06572     	4.199e-06   	9.125e-06   	4.133e-06   
415         	10          	0.1246      	4.506e-06   	1.258e-05   	1.046e-05   
420         	10          	0.09579     	1.052e-05   	8.747e-06   	8.945e-06   
425         	10          	0.04956     	5.476e-06   	5.681e-06   	5.164e-06   
430         	10          	0.07316     	1.3e-05     	9.995e-06   	1.095e-05   
435         	10          	0.05043     	7.648e-06   	7.453e-06   	8.072e-06   
440         	10          	0.09225     	5.513e-06   	8.407e-06   	8.321e-06   
445         	10          	0.09456     	7.925e-06   	8.079e-06   	1.491e-05   
450         	10          	0.08096     	1.288e-05   	1.787e-05   	4.379e-06   
455         	10          	0.1118      	1.95e-05    	2.548e-05   	4.814e-06   
460         	10          	0.07995     	5.311e-06   	1.137e-05   	3.347e-06   
465         	10          	0.08884     	6.604e-06   	2.672e-05   	1.712e-05   
470         	10          	0.05102     	6.42e-06    	6.326e-06   	4.574e-06   
475         	10          	0.02939     	1.317e-06   	1.066e-05   	2.757e-06   
480         	10          	0.0369      	3.791e-06   	3.091e-06   	6.614e-06   
485         	10          	0.116       	9.942e-06   	7.696e-06   	1.179e-05   
490         	10          	0.06428     	8.607e-06   	6.49e-06    	4.392e-06   
495         	10          	0.07312     	4.176e-06   	1.174e-05   	9.584e-06   
500         	10          	0.05734     	4.2e-06     	1.356e-05   	1.354e-05   
505         	10          	0.08539     	1.31e-05    	2.148e-05   	9.943e-06   
510         	10          	0.05362     	6.157e-06   	1.151e-05   	4.632e-06   
515         	10          	0.03954     	1.202e-05   	6.239e-06   	5.127e-06   
520         	10          	0.06534     	6.912e-06   	1.394e-05   	3.786e-06   
525         	10          	0.09229     	8.209e-06   	1.942e-05   	6.49e-06    
530         	10          	0.1254      	4.383e-06   	1.067e-05   	5.504e-06   
535         	10          	0.1296      	2.066e-06   	9.109e-06   	6.156e-06   
540         	10          	0.1171      	7.443e-06   	1.239e-05   	6.486e-06   
545         	10          	0.1162      	4.524e-06   	2.004e-05   	1.294e-05   
550         	10          	0.1422      	4.113e-06   	4.422e-06   	1.365e-05   
555         	10          	0.08525     	6.582e-06   	3.603e-06   	6.879e-06   
560         	10          	0.07319     	3.152e-06   	9.146e-06   	3.337e-06   
565         	10          	0.1126      	6.709e-06   	1.384e-05   	9.769e-06   
570         	10          	0.146       	7.348e-06   	1.187e-05   	5.988e-06   
575         	10          	0.06632     	8.208e-06   	1.357e-05   	3.808e-06   
580         	10          	0.1109      	9.278e-06   	7.11e-06    	5.905e-06   
585         	10          	0.1338      	4.864e-06   	3.456e-06   	3.692e-06   
590         	10          	0.137       	5.478e-06   	1.343e-05   	1.67e-05    
595         	10          	0.1062      	3.837e-06   	2.662e-05   	1.113e-05   
600         	10          	0.1101      	1.073e-05   	7.238e-06   	9.802e-06   
605         	10          	0.1504      	2.293e-06   	1.229e-06   	5.519e-06   
610         	10          	0.1354      	1.07e-05    	2.696e-05   	1.43e-05    
615         	10          	0.1418      	4.762e-06   	8.673e-06   	8.17e-06    
620         	10          	0.1051      	1.259e-05   	1.931e-05   	4.243e-06   
625         	10          	0.1213      	9.931e-06   	6.822e-06   	6.56e-06    
630         	10          	0.1284      	1.825e-05   	1.538e-05   	1.174e-05   
635         	10          	0.1254      	1.904e-05   	4.281e-06   	1.074e-05   
640         	10          	0.1578      	8.863e-06   	9.937e-06   	8.658e-06   
645         	10          	0.116       	1.204e-05   	1.756e-05   	5.102e-06   
650         	10          	0.159       	1.13e-05    	1.538e-05   	1.436e-05   
655         	10          	0.1605      	1.301e-05   	1.101e-05   	2.896e-06   
660         	10          	0.1343      	9.594e-06   	1.957e-05   	1.676e-05   
665         	10          	0.1196      	3.874e-06   	6.087e-06   	5.05e-06    
670         	10          	0.1545      	6.444e-06   	7.063e-06   	3.514e-06   
675         	10          	0.1204      	1.757e-06   	6.051e-06   	4.578e-06   
680         	10          	0.1616      	1.41e-05    	1.295e-05   	7.124e-06   
685         	10          	0.1691      	1.018e-05   	1.277e-05   	1.043e-05   
690         	10          	0.1622      	2.726e-06   	6.739e-06   	3.916e-06   
695         	10          	0.1456      	1.098e-05   	5.016e-06   	4.298e-06   
700         	10          	0.1591      	2.072e-06   	8.373e-06   	1.163e-05   
705         	10          	0.1319      	7.396e-06   	9.127e-06   	6.185e-06   
710         	10          	0.2128      	3.514e-06   	6.764e-06   	9.422e-06   
715         	10          	0.1415      	8.025e-06   	7.8e-06     	4.596e-06   
720         	10          	0.09082     	7.008e-06   	1.506e-05   	1.418e-05   
725         	10          	0.1167      	8.713e-06   	2.019e-05   	1.663e-05   
730         	10          	0.1156      	9.339e-06   	1.659e-05   	7.174e-06   
735         	10          	0.1214      	3.63e-06    	7.963e-06   	6.019e-06   
740         	10          	0.1178      	1.341e-05   	4.369e-06   	7.655e-06   
745         	10          	0.1114      	2.792e-05   	1.674e-05   	1.52e-05    
750         	10          	0.1458      	6.199e-06   	1.94e-05    	9.944e-06   
755         	10          	0.1136      	4.431e-06   	1.477e-05   	1.719e-05   
760         	10          	0.1321      	5.557e-06   	1.05e-05    	9.577e-06   
765         	10          	0.1031      	5.45e-06    	6.218e-06   	9.809e-06   
770         	10          	0.1316      	8.206e-06   	1.527e-05   	9.955e-06   
775         	10          	0.126       	4.305e-06   	1.557e-05   	2.873e-05   
780         	10          	0.1971      	9.022e-06   	1.014e-05   	8.654e-06   
785         	10          	0.1915      	7.164e-06   	1.035e-05   	9.144e-06   
790         	10          	0.2271      	6.731e-06   	9.286e-06   	5.663e-06   
795         	10          	0.1762      	1.227e-05   	6.875e-06   	2.1e-05     
800         	10          	0.1516      	7.943e-06   	7.341e-06   	9.378e-06   
805         	10          	0.1291      	9.767e-06   	1.407e-05   	8.43e-06    
810         	10          	0.1805      	7.551e-06   	1.126e-05   	1.429e-05   
815         	10          	0.1565      	6.27e-06    	9.892e-06   	9.18e-06    
820         	10          	0.1746      	6.294e-06   	7.434e-06   	8.394e-06   
825         	10          	0.1417      	6.966e-06   	2.615e-05   	1.447e-05   
830         	10          	0.1431      	1.057e-05   	2.444e-05   	5.891e-06   
835         	10          	0.09604     	1.141e-05   	2.848e-05   	2.155e-05   
840         	10          	0.08389     	5.136e-06   	6.06e-06    	8.607e-06   
845         	10          	0.07386     	4.556e-06   	1.723e-05   	1.194e-05   
850         	10          	0.09245     	1.063e-05   	1.461e-05   	1.143e-05   
855         	10          	0.1226      	1.086e-05   	1.868e-05   	2.977e-06   
860         	10          	0.1008      	1.34e-05    	1.24e-05    	1.163e-05   
865         	10          	0.122       	6.386e-06   	1.29e-05    	7.776e-06   
870         	10          	0.106       	1.13e-05    	1.317e-05   	7.881e-06   
875         	10          	0.1219      	6.063e-06   	2.33e-05    	7.235e-06   
880         	10          	0.1505      	1.226e-05   	5.052e-06   	1.162e-05   
885         	10          	0.1702      	4.062e-06   	1.654e-05   	3.426e-06   
890         	10          	0.137       	1.651e-05   	1.747e-05   	1.65e-05    
895         	10          	0.173       	6.661e-06   	6.632e-06   	1.006e-05   
900         	10          	0.1838      	5.267e-06   	6.246e-06   	3.944e-06   
905         	10          	0.1699      	3.024e-06   	1.702e-05   	5.601e-06   
910         	10          	0.1598      	5.823e-06   	2.024e-05   	1.419e-05   
915         	10          	0.1713      	3.994e-06   	8.981e-06   	2.456e-06   
920         	10          	0.1173      	1.037e-05   	1.697e-05   	5.683e-06   
925         	10          	0.1218      	1.693e-05   	6.246e-06   	1.466e-05   
930         	10          	0.1451      	1.209e-05   	4.974e-06   	1.092e-05   
935         	10          	0.1491      	3.819e-06   	1.428e-05   	1.303e-05   
940         	10          	0.1245      	1.171e-05   	8.526e-06   	1.262e-05   
945         	10          	0.1749      	2.027e-06   	7.014e-06   	3.746e-06   
950         	10          	0.1077      	8.512e-06   	1.345e-05   	1.302e-05   
955         	10          	0.0924      	1.313e-05   	1.423e-05   	1.004e-05   
960         	10          	0.1012      	4.787e-06   	1.117e-05   	9.617e-06   
965         	10          	0.09183     	2.87e-06    	8.846e-06   	6.335e-06   
970         	10          	0.08106     	1.42e-05    	1.078e-05   	5.297e-06   
975         	10          	0.09967     	1.037e-05   	1.8e-05     	8.665e-06   
980         	10          	0.0889      	1.02e-05    	1.934e-05   	9.531e-06   
985         	10          	0.06827     	1.666e-05   	4.569e-06   	8.89e-06    
990         	10          	0.08028     	8.343e-06   	6.633e-06   	9.241e-06   
995         	10          	0.07134     	1.366e-05   	1.2e-05     	8.572e-06   
1000        	10          	0.07627     	1.056e-05   	1.156e-05   	7.77e-06    
1005        	10          	0.08421     	1.591e-05   	4.367e-05   	6.909e-06   
1010        	10          	0.06654     	1.31e-05    	1.408e-05   	2.327e-05   
1015        	10          	0.08397     	8.829e-06   	1.347e-05   	1.366e-05   
1020        	10          	0.1055      	1.047e-05   	2.773e-05   	9.236e-06   
1025        	10          	0.09734     	1.337e-05   	2.7e-05     	8.596e-06   
1030        	10          	0.07162     	2.097e-05   	1.159e-05   	4.466e-06   
1035        	10          	0.08035     	5.052e-06   	1.029e-05   	8.832e-06   
1040        	10          	0.07684     	1.159e-05   	1.009e-05   	1.215e-05   
1045        	10          	0.1093      	5.097e-06   	1.968e-05   	8.836e-06   
1050        	10          	0.07527     	8.492e-06   	4.213e-05   	2.462e-05   
1055        	10          	0.06946     	1.357e-05   	1.896e-05   	1.268e-05   
1060        	10          	0.1156      	4.03e-06    	1.756e-05   	1.385e-05   
1065        	10          	0.0655      	9.919e-06   	1.395e-05   	7.389e-06   
1070        	10          	0.0445      	1.566e-05   	2.506e-05   	1.332e-05   
1075        	10          	0.1001      	7.956e-06   	1.682e-05   	1.104e-05   
1080        	10          	0.03964     	4.297e-06   	2.038e-05   	2.226e-05   
1085        	10          	0.06449     	4.266e-06   	8.137e-06   	5.289e-06   
1090        	10          	0.0535      	1.722e-05   	9.499e-06   	1.086e-05   
1095        	10          	0.06284     	1.687e-05   	2.901e-05   	1.413e-05   
1100        	10          	0.05489     	5.049e-06   	1.081e-05   	9.561e-06   
1105        	10          	0.08056     	6.698e-06   	1.305e-05   	7.004e-06   
1110        	10          	0.07057     	9.736e-06   	9.295e-06   	5.182e-06   
1115        	10          	0.08986     	6.6e-06     	1.259e-05   	9.369e-06   
1120        	10          	0.07232     	4.363e-06   	1.146e-05   	7.515e-06   
1125        	10          	0.07008     	3.247e-06   	1.098e-05   	5.309e-06   
1130        	10          	0.08018     	1.543e-05   	1.105e-05   	1.399e-05   
1135        	10          	0.03539     	1.272e-05   	2.617e-06   	4.64e-06    
1140        	10          	0.06772     	1.429e-05   	2.21e-05    	1.241e-05   
1145        	10          	0.07418     	1.107e-05   	2.424e-05   	1.43e-05    
1150        	10          	0.06295     	1.84e-05    	1.985e-05   	8.301e-06   
1155        	10          	0.03251     	1.415e-05   	6.88e-06    	1.039e-05   
1160        	10          	0.07146     	1.085e-05   	2.72e-05    	1.207e-05   
1165        	10          	0.03889     	6.691e-06   	7.535e-06   	8.836e-06   
1170        	10          	0.07257     	2.331e-05   	2.227e-05   	3.328e-06   
1175        	10          	0.0728      	1.725e-05   	4.427e-05   	9.695e-06   
1180        	10          	0.08636     	1.7e-05     	8.09e-06    	2.466e-05   
1185        	10          	0.09173     	1.134e-05   	1.111e-05   	7.427e-06   
1190        	10          	0.1204      	1.111e-05   	3.33e-05    	8.425e-06   
1195        	10          	0.1154      	7.135e-06   	2.265e-05   	1.243e-05   
1200        	10          	0.156       	8.925e-06   	8.789e-06   	9.68e-06    
1205        	10          	0.1329      	6.184e-06   	4.741e-05   	8.185e-06   
1210        	10          	0.1121      	7.511e-06   	1.786e-05   	2.131e-06   
1215        	10          	0.1143      	1.358e-05   	1.226e-05   	1.187e-05   
1220        	10          	0.1089      	7.787e-06   	4.629e-06   	1.821e-05   
1225        	10          	0.0923      	2.293e-05   	1.342e-05   	1.9e-05     
1230        	10          	0.1109      	6.934e-06   	2.548e-05   	8.574e-06   
1235        	10          	0.08308     	1.938e-05   	1.319e-05   	4.894e-06   
1240        	10          	0.08893     	1.065e-05   	1.009e-05   	1.637e-05   
1245        	10          	0.07673     	3.021e-06   	7.005e-06   	3.585e-06   
1250        	10          	0.07611     	1.09e-05    	1.008e-05   	6.954e-06   
1255        	10          	0.07167     	8.419e-06   	7.868e-06   	1.061e-05   
1260        	10          	0.07517     	2.385e-06   	2.801e-05   	5.094e-06   
1265        	10          	0.1007      	2.677e-06   	9.348e-06   	2.212e-05   
1270        	10          	0.0656      	1.159e-05   	2.788e-05   	2.564e-05   
1275        	10          	0.115       	4.234e-06   	2.4e-05     	3.262e-06   
1280        	10          	0.07994     	1.414e-05   	1.272e-05   	9.499e-06   
1285        	10          	0.08617     	1.306e-05   	1.285e-05   	1.059e-05   
1290        	10          	0.08966     	1.227e-05   	1.811e-05   	1.61e-05    
1295        	10          	0.1183      	1.908e-05   	2.054e-05   	1.815e-05   
1300        	10          	0.09903     	4.471e-06   	1.88e-05    	1.371e-05   
1305        	10          	0.1169      	5.789e-06   	1.068e-05   	3.741e-06   
1310        	10          	0.0929      	1.617e-05   	2.648e-05   	1.496e-05   
1315        	10          	0.1073      	1.136e-05   	1.305e-05   	1.674e-05   
1320        	10          	0.08164     	2.639e-06   	2.502e-05   	8.498e-06   
1325        	10          	0.09254     	7.782e-06   	3.426e-05   	1.067e-05   
1330        	10          	0.1318      	8.02e-06    	1.489e-05   	1.247e-05   
1335        	10          	0.1035      	9.163e-06   	1.275e-05   	9.058e-06   
1340        	10          	0.1106      	9.436e-06   	1.391e-05   	8.174e-06   
1345        	10          	0.1081      	6.853e-06   	5.949e-06   	6.427e-06   
1350        	10          	0.1001      	3.33e-06    	2.552e-05   	5.951e-06   
1355        	10          	0.1248      	1.109e-05   	7.204e-06   	5.589e-06   
1360        	10          	0.101       	6.964e-06   	1.944e-05   	4.459e-06   
1365        	10          	0.1142      	1.796e-05   	6.52e-06    	9.897e-06   
1370        	10          	0.09335     	1.886e-05   	2.34e-05    	7.337e-06   
1375        	10          	0.09679     	1.173e-05   	1.57e-05    	1.513e-05   
1380        	10          	0.06929     	2.455e-05   	2.172e-05   	6.051e-06   
1385        	10          	0.1003      	9.722e-06   	1.227e-05   	6.736e-06   
1390        	10          	0.07796     	1.168e-05   	2.021e-05   	1.013e-05   
1395        	10          	0.05082     	1.341e-05   	2.902e-05   	1.325e-05   
1400        	10          	0.07978     	9.995e-06   	1.668e-05   	2.82e-05    
1405        	10          	0.06663     	5.745e-06   	1.489e-05   	4.266e-06   
1410        	10          	0.0793      	7.085e-06   	1.461e-05   	8.205e-06   
1415        	10          	0.07388     	2.447e-05   	2.306e-05   	7.192e-06   
1420        	10          	0.07629     	1.38e-05    	1.127e-05   	1.901e-05   
1425        	10          	0.1043      	4.689e-06   	1.012e-05   	1.335e-05   
1430        	10          	0.04925     	7.603e-06   	1.698e-05   	1.14e-05    
1435        	10          	0.07332     	1.023e-05   	5.186e-05   	2.207e-05   
1440        	10          	0.05007     	1.37e-05    	6.097e-06   	6.129e-06   
1445        	10          	0.06199     	9.733e-06   	1.303e-05   	1.28e-05    
1450        	10          	0.06984     	1.399e-05   	9.625e-06   	1.206e-05   
1455        	10          	0.09345     	1.31e-05    	3.402e-06   	1.332e-05   
1460        	10          	0.1012      	1.657e-05   	2.159e-05   	7.967e-06   
1465        	10          	0.08811     	2.486e-06   	2.31e-05    	9.214e-06   
1470        	10          	0.06807     	5.65e-06    	8.059e-06   	1.536e-05   
1475        	10          	0.122       	1.023e-05   	9.897e-06   	7.85e-06    
1480        	10          	0.06266     	2.847e-06   	1.435e-05   	1.073e-05   
1485        	10          	0.1001      	1.385e-05   	1.309e-05   	1.374e-05   
1490        	10          	0.12        	1.119e-05   	1.894e-05   	2.718e-05   
1495        	10          	0.1101      	4.726e-06   	1.574e-05   	8.006e-06   
1500        	10          	0.08251     	1.733e-05   	2.27e-05    	1.598e-05   
1505        	10          	0.1138      	5.377e-06   	2.815e-05   	1.178e-05   
1510        	10          	0.1313      	8.186e-06   	1.98e-05    	7.674e-06   
1515        	10          	0.1199      	1.039e-05   	1.547e-05   	9.46e-06    
1520        	10          	0.1256      	2.168e-05   	1.363e-05   	1.679e-05   
1525        	10          	0.1097      	2.594e-06   	1.401e-05   	1.034e-05   
1530        	10          	0.1153      	1.63e-05    	1.288e-05   	1.023e-05   
1535        	10          	0.1227      	6.906e-06   	2.29e-05    	1.036e-05   
1540        	10          	0.1126      	8.475e-06   	2.384e-05   	1.161e-05   
1545        	10          	0.127       	2.027e-05   	2.738e-05   	3.934e-06   
1550        	10          	0.1389      	7.499e-06   	4.071e-05   	1.336e-05   
1555        	10          	0.1226      	4.834e-06   	1.058e-05   	1.186e-05   
1560        	10          	0.1665      	7.696e-06   	9.722e-06   	1.615e-05   
1565        	10          	0.1664      	1.113e-05   	1.868e-05   	6.252e-06   
1570        	10          	0.1369      	1.143e-05   	2.082e-06   	1.252e-05   
1575        	10          	0.1335      	1.119e-05   	9.787e-06   	2.137e-05   
1580        	10          	0.1826      	3.056e-05   	4.693e-05   	1.125e-05   
1585        	10          	0.1625      	2.198e-06   	1.343e-05   	5.853e-06   
1590        	10          	0.1601      	6.76e-06    	1.717e-05   	1.024e-05   
1595        	10          	0.2021      	9.858e-06   	1.235e-05   	1.436e-05   
1600        	10          	0.2203      	9.453e-06   	1.789e-05   	8.605e-06   
1605        	10          	0.1805      	9.089e-06   	1.37e-05    	1.075e-05   
1610        	10          	0.196       	1.506e-05   	7.507e-06   	6.154e-06   
1615        	10          	0.2064      	1.085e-05   	1.609e-05   	4.532e-06   
1620        	10          	0.1741      	2.312e-05   	5.044e-06   	1.534e-05   
1625        	10          	0.2126      	5.022e-06   	1.642e-05   	6.066e-06   
1630        	10          	0.1946      	7.113e-06   	1.787e-05   	8.382e-06   
1635        	10          	0.2         	9.232e-06   	2.18e-05    	1.023e-05   
1640        	10          	0.227       	1.383e-05   	2.662e-05   	1.243e-05   
1645        	10          	0.1555      	1.485e-05   	1.621e-05   	2.002e-05   
1650        	10          	0.1874      	1.062e-05   	7.015e-06   	5.211e-06   
1655        	10          	0.1917      	1.834e-05   	2.702e-05   	1.529e-05   
1660        	10          	0.1565      	2.331e-05   	9.207e-06   	8.384e-06   
1665        	10          	0.2036      	1.65e-05    	1.822e-05   	2.007e-05   
1670        	10          	0.2208      	1.219e-05   	1.167e-05   	8.3e-06     
1675        	10          	0.1856      	1.024e-05   	3.016e-05   	2.625e-05   
1680        	10          	0.2019      	1.053e-05   	1.516e-05   	3.928e-06   
1685        	10          	0.1728      	1.553e-05   	1.845e-05   	2.084e-05   
1690        	10          	0.1502      	3.069e-05   	2.813e-05   	1.607e-05   
1695        	10          	0.1619      	4.319e-06   	1.657e-05   	1.507e-05   
1700        	10          	0.172       	4.484e-06   	1.725e-05   	1.577e-05   
1705        	10          	0.2498      	1.537e-05   	2.823e-06   	4.147e-06   
1710        	10          	0.1885      	1.14e-05    	2.43e-05    	1.594e-05   
1715        	10          	0.1443      	1.2e-05     	2.468e-05   	7.108e-06   
1720        	10          	0.1956      	1.048e-05   	8.982e-06   	1.244e-05   
1725        	10          	0.1417      	1.029e-05   	2.38e-05    	1.198e-05   
1730        	10          	0.1345      	1.357e-05   	9.975e-06   	9.555e-06   
1735        	10          	0.1841      	1.28e-05    	2.175e-05   	1.309e-05   
1740        	10          	0.1387      	1.476e-05   	1.781e-05   	1.825e-05   
1745        	10          	0.1798      	1.516e-05   	1.928e-05   	1.585e-05   
1750        	10          	0.1252      	1.26e-05    	8.884e-06   	1.225e-05   
1755        	10          	0.1595      	7.647e-06   	1.707e-05   	6.196e-06   
1760        	10          	0.1837      	1.377e-05   	2.203e-05   	8.658e-06   
1765        	10          	0.1643      	8.627e-06   	1.22e-05    	4.731e-06   
1770        	10          	0.1799      	3.072e-05   	1.935e-05   	1.242e-05   
1775        	10          	0.2282      	5.364e-06   	1.096e-05   	4.532e-06   
1780        	10          	0.2136      	9.124e-06   	3.092e-05   	1.179e-05   
1785        	10          	0.1778      	1.179e-05   	2.446e-05   	1.037e-05   
1790        	10          	0.1575      	2.007e-05   	4.741e-05   	1.451e-05   
1795        	10          	0.1819      	7.245e-06   	3.995e-05   	1.241e-05   
1800        	10          	0.1653      	2.394e-05   	4.305e-05   	1.744e-05   
1805        	10          	0.1916      	1.301e-05   	3.457e-05   	2.574e-05   
1810        	10          	0.21        	1.316e-05   	2.801e-05   	4.976e-06   
1815        	10          	0.2341      	1.286e-05   	1.235e-05   	7.235e-06   
1820        	10          	0.2157      	7.646e-06   	3.408e-05   	4.423e-06   
1825        	10          	0.1353      	1.102e-05   	1.597e-05   	1.245e-05   
1830        	10          	0.1872      	1.724e-05   	8.988e-06   	9.115e-06   
1835        	10          	0.1703      	1.082e-05   	2.211e-05   	1.267e-05   
1840        	10          	0.1783      	7.046e-06   	1.089e-05   	1.99e-05    
1845        	10          	0.1814      	6.962e-06   	8.65e-06    	7.788e-06   
1850        	10          	0.1759      	6.236e-06   	9.767e-06   	2.2e-05     
1855        	10          	0.1696      	1.293e-05   	2.021e-05   	3.855e-06   
1860        	10          	0.2033      	1.124e-05   	1.431e-05   	7.601e-06   
1865        	10          	0.1321      	1.858e-05   	1.61e-05    	8.68e-06    
1870        	10          	0.1564      	1.22e-05    	1.679e-05   	7.038e-06   
1875        	10          	0.1741      	6.273e-06   	2.254e-05   	3.922e-06   
1880        	10          	0.2122      	8.722e-06   	1.62e-05    	1.317e-05   
1885        	10          	0.1563      	1.834e-05   	7.934e-06   	1.336e-05   
1890        	10          	0.1377      	1.047e-05   	1.035e-05   	1.333e-05   
1895        	10          	0.1893      	1.755e-05   	1.233e-05   	7.04e-06    
1900        	10          	0.2117      	3.794e-05   	1.757e-05   	1.498e-05   
1905        	10          	0.1815      	5.916e-06   	6.194e-06   	1.106e-05   
1910        	10          	0.1615      	1.578e-05   	1.806e-05   	6.353e-06   
1915        	10          	0.1354      	2.905e-05   	1.55e-05    	9.21e-06    
1920        	10          	0.1496      	1.106e-05   	3.507e-05   	1.191e-05   
1925        	10          	0.1436      	1.368e-05   	2.867e-05   	1.214e-05   
1930        	10          	0.1538      	3.776e-06   	6.258e-06   	1.347e-05   
1935        	10          	0.1187      	1.306e-05   	1.671e-05   	2.212e-05   
1940        	10          	0.1519      	1.473e-05   	1.87e-05    	1.512e-05   
1945        	10          	0.1347      	1.74e-05    	2.185e-05   	1.716e-05   
1950        	10          	0.1427      	1.392e-05   	1.039e-05   	7.381e-06   
1955        	10          	0.115       	5.728e-06   	1.349e-05   	3.546e-06   
1960        	10          	0.1425      	1.04e-05    	8.997e-06   	1.223e-05   
1965        	10          	0.1306      	1.611e-05   	4.184e-05   	1.455e-05   
1970        	10          	0.1325      	1.583e-05   	2.543e-05   	2.105e-05   
1975        	10          	0.1135      	3.06e-05    	5.268e-06   	1.246e-05   
1980        	10          	0.1386      	6.451e-06   	1.346e-05   	8.853e-06   
1985        	10          	0.1558      	1.087e-05   	3.662e-05   	7.845e-06   
1990        	10          	0.1897      	8.806e-06   	2.452e-05   	1.831e-05   
1995        	10          	0.1547      	7.046e-06   	4.802e-06   	9.695e-06   
2000        	10          	0.1339      	1.149e-05   	1.102e-05   	1.147e-05   
2005        	10          	0.1302      	9.111e-06   	3.05e-05    	1.329e-05   
2010        	10          	0.1275      	1.128e-05   	1.043e-05   	8.046e-06   
2015        	10          	0.1074      	3.507e-06   	2.996e-05   	1.645e-05   
2020        	10          	0.1099      	8.15e-06    	1.767e-05   	1.112e-05   
2025        	10          	0.1314      	2.072e-05   	1.758e-05   	1.408e-05   
2030        	10          	0.1355      	3.183e-05   	4.075e-05   	1.044e-05   
2035        	10          	0.1011      	8.794e-06   	1.759e-05   	1.441e-05   
2040        	10          	0.121       	9.599e-06   	3.07e-05    	1.868e-05   
2045        	10          	0.1102      	1.753e-05   	9.604e-06   	1.496e-05   
2050        	10          	0.1164      	2.103e-05   	2.38e-05    	1.999e-05   
2055        	10          	0.096       	3.182e-05   	1.41e-05    	8.849e-06   
2060        	10          	0.09001     	1.561e-05   	1.027e-05   	1.061e-05   
2065        	10          	0.1089      	1.395e-05   	1.896e-05   	1.676e-05   
2070        	10          	0.1213      	8.599e-06   	2.073e-05   	1.756e-05   
2075        	10          	0.1062      	7.183e-06   	2.305e-05   	6.919e-06   
2080        	10          	0.109       	1.376e-05   	1.557e-05   	6.747e-06   
2085        	10          	0.1039      	7.702e-06   	8.199e-06   	1.205e-05   
2090        	10          	0.1004      	1.388e-05   	2.872e-05   	1.085e-05   
2095        	10          	0.0933      	3.395e-05   	2.456e-05   	2e-05       
2100        	10          	0.08058     	8.816e-06   	1.194e-05   	8.831e-06   
2105        	10          	0.1062      	2.237e-05   	1.519e-05   	1.511e-05   
2110        	10          	0.08125     	7.329e-06   	1.574e-05   	1.537e-05   
2115        	10          	0.1067      	7.768e-06   	1.077e-05   	4.066e-06   
2120        	10          	0.08882     	2.137e-05   	2.442e-05   	1.619e-05   
2125        	10          	0.06811     	1.168e-05   	1.638e-05   	2.16e-05    
2130        	10          	0.08434     	1.263e-05   	1.221e-05   	1.665e-05   
2135        	10          	0.1032      	1.044e-05   	1.133e-05   	1.043e-05   
2140        	10          	0.06888     	1.025e-05   	4.55e-05    	2.267e-05   
2145        	10          	0.09722     	1.067e-05   	2.041e-05   	1.294e-05   
2150        	10          	0.07789     	1.172e-05   	1.966e-05   	6.149e-06   
2155        	10          	0.1037      	1.58e-05    	2.56e-05    	6.322e-06   
2160        	10          	0.09932     	6.22e-06    	3.384e-05   	2.651e-05   
2165        	10          	0.082       	9.196e-06   	1.172e-05   	8.301e-06   
2170        	10          	0.06871     	1.362e-05   	2.889e-05   	1.025e-05   
2175        	10          	0.1215      	1.598e-05   	1.457e-05   	8.831e-06   
2180        	10          	0.1         	1.128e-05   	2.495e-05   	1.474e-05   
2185        	10          	0.08291     	1.586e-05   	1.247e-05   	6.343e-06   
2190        	10          	0.09678     	6.106e-06   	2.106e-05   	1.409e-05   
2195        	10          	0.07357     	9.475e-06   	2.193e-05   	8.269e-06   
2200        	10          	0.0766      	1.186e-05   	1.023e-05   	1.857e-05   
2205        	10          	0.08822     	4.81e-06    	2.914e-05   	6.255e-06   
2210        	10          	0.08162     	1.688e-05   	2.387e-05   	7.326e-06   
2215        	10          	0.04724     	1.364e-05   	2.011e-05   	2.163e-05   
2220        	10          	0.07628     	1.398e-05   	2.426e-05   	9.724e-06   
2225        	10          	0.08441     	1.18e-05    	1.919e-05   	1.401e-05   
2230        	10          	0.07561     	6.802e-06   	1.562e-05   	8.965e-06   
2235        	10          	0.08297     	1.798e-05   	6.124e-06   	1.154e-05   
2240        	10          	0.08364     	3.704e-05   	2.874e-05   	1.264e-05   
2245        	10          	0.085       	2.253e-05   	2.532e-05   	1.55e-05    
2250        	10          	0.09054     	2.857e-05   	1.683e-05   	6.388e-06   
2255        	10          	0.1333      	1.287e-05   	1.504e-05   	1.512e-05   
2260        	10          	0.1026      	1.337e-05   	2.339e-05   	8.359e-06   
2265        	10          	0.08034     	1.785e-05   	1.605e-05   	3.664e-06   
2270        	10          	0.1009      	1.654e-05   	1.565e-05   	5.483e-06   
2275        	10          	0.07475     	5.868e-06   	6.87e-06    	1.304e-05   
2280        	10          	0.1285      	1.061e-05   	1.706e-05   	1.253e-05   
2285        	10          	0.1005      	1.182e-05   	2.138e-05   	1.031e-05   
2290        	10          	0.1255      	1.235e-05   	4.766e-05   	1.97e-05    
2295        	10          	0.09867     	1.018e-05   	1.187e-05   	1.528e-05   
2300        	10          	0.08807     	9.913e-06   	2.933e-05   	1.209e-05   
2305        	10          	0.1475      	7.414e-06   	9.943e-06   	2.579e-05   
2310        	10          	0.1125      	1.119e-05   	2.464e-05   	1.259e-05   
2315        	10          	0.1047      	7.436e-06   	2.117e-05   	2.894e-05   
2320        	10          	0.1173      	8.77e-06    	1.121e-05   	8.547e-06   
2325        	10          	0.1459      	8.901e-06   	1.331e-05   	4.098e-06   
2330        	10          	0.1062      	1.611e-05   	2.48e-05    	1.582e-05   
2335        	10          	0.08925     	9.562e-06   	1.791e-05   	6.6e-06     
2340        	10          	0.1068      	5.032e-06   	2.997e-05   	2.122e-05   
2345        	10          	0.1123      	2.337e-05   	8.467e-06   	1.958e-05   
2350        	10          	0.08657     	7.295e-06   	9.254e-06   	1.065e-05   
2355        	10          	0.1435      	1.189e-05   	1.025e-05   	1.173e-05   
2360        	10          	0.07875     	6.885e-06   	1.439e-05   	1.082e-05   
2365        	10          	0.09773     	9.088e-06   	2.743e-05   	3.744e-06   
2370        	10          	0.1041      	2.097e-05   	1.245e-05   	1.123e-05   
2375        	10          	0.1013      	9.448e-06   	2.242e-05   	6.675e-06   
2380        	10          	0.09928     	8.353e-06   	2.391e-05   	1.288e-05   
2385        	10          	0.09175     	1.589e-05   	5.205e-06   	1.201e-05   
2390        	10          	0.1021      	1.809e-05   	1.256e-05   	3.47e-05    
2395        	10          	0.07663     	9.709e-06   	4.322e-05   	2.089e-05   
2400        	10          	0.1012      	2.298e-05   	3.139e-05   	1.703e-05   
2405        	10          	0.1021      	5.759e-06   	2.243e-05   	7.261e-06   
2410        	10          	0.1323      	1.343e-05   	3.266e-05   	1.095e-05   
2415        	10          	0.09593     	9.707e-06   	4.21e-05    	1.673e-05   
2420        	10          	0.08184     	1.515e-05   	7.408e-06   	2.411e-05   
2425        	10          	0.08227     	1.316e-05   	1.102e-05   	1.115e-05   
2430        	10          	0.08803     	1.327e-05   	1.624e-05   	4.474e-06   
2435        	10          	0.1301      	5.229e-06   	2.02e-05    	1.747e-05   
2440        	10          	0.103       	4.755e-06   	1.82e-05    	1.525e-05   
2445        	10          	0.1013      	1.385e-05   	1.334e-05   	4.498e-06   
2450        	10          	0.1404      	9.36e-06    	2.695e-05   	7.631e-06   
2455        	10          	0.07945     	3.968e-05   	2.502e-05   	2.575e-05   
2460        	10          	0.0931      	7.151e-06   	1.809e-05   	2.243e-05   
2465        	10          	0.07723     	1.444e-05   	6.753e-06   	1.845e-05   
2470        	10          	0.1039      	1.034e-05   	2.29e-05    	3.369e-05   
2475        	10          	0.08568     	1.893e-05   	1.784e-05   	8.44e-06    
2480        	10          	0.1345      	1.871e-05   	5.124e-05   	2.04e-05    
2485        	10          	0.101       	1.381e-05   	2.671e-05   	8.491e-06   
2490        	10          	0.07999     	1.672e-05   	4.981e-05   	3.009e-05   
2495        	10          	0.09439     	1.69e-05    	3.189e-05   	1.233e-05   
2500        	10          	0.105       	1.03e-05    	2.164e-05   	1.202e-05   
2505        	10          	0.1308      	9.951e-06   	1.561e-05   	1.38e-05    
2510        	10          	0.1355      	1.354e-05   	3.814e-05   	1.181e-05   
2515        	10          	0.1049      	5.561e-06   	8.871e-06   	1.079e-05   
2520        	10          	0.09228     	1.802e-05   	5.927e-05   	1.153e-05   
2525        	10          	0.09219     	2.012e-05   	3.104e-05   	7.469e-06   
2530        	10          	0.1231      	7.673e-06   	3.749e-05   	8.393e-06   
2535        	10          	0.08789     	6.946e-06   	2.006e-05   	1.661e-05   
2540        	10          	0.121       	1.41e-05    	1.856e-05   	2.466e-05   
2545        	10          	0.09751     	2.029e-05   	2.664e-05   	1.248e-05   
2550        	10          	0.1404      	1.5e-05     	1.852e-05   	6.929e-06   
2555        	10          	0.1357      	1.51e-05    	7.161e-06   	1.202e-05   
2560        	10          	0.1397      	1.022e-05   	5.007e-06   	1.023e-05   
2565        	10          	0.133       	1.843e-05   	2.124e-05   	1.596e-05   
2570        	10          	0.1143      	1.98e-05    	3.71e-05    	1.087e-05   
2575        	10          	0.1465      	6.311e-06   	8.327e-06   	2.869e-05   
2580        	10          	0.116       	2.496e-05   	1.909e-05   	1.694e-05   
2585        	10          	0.122       	2.107e-05   	1.591e-05   	1.07e-05    
2590        	10          	0.09038     	2.388e-05   	3.774e-05   	1.859e-05   
2595        	10          	0.1381      	2.123e-05   	3.518e-05   	3.01e-05    
2600        	10          	0.107       	1.021e-05   	2.234e-05   	1.339e-05   
2605        	10          	0.0993      	7.408e-06   	1.265e-05   	1.134e-05   
2610        	10          	0.09123     	1.407e-05   	4.848e-05   	8.993e-06   
2615        	10          	0.1074      	2.161e-05   	2.317e-05   	8.522e-06   
2620        	10          	0.1445      	1.857e-05   	3.64e-05    	7.997e-06   
2625        	10          	0.1186      	1.294e-05   	2.709e-05   	1.224e-05   
2630        	10          	0.09914     	8.039e-06   	2.34e-05    	2.108e-05   
2635        	10          	0.1037      	6.3e-06     	1.553e-05   	7.768e-06   
2640        	10          	0.167       	1.59e-05    	1.857e-05   	6.619e-06   
2645        	10          	0.1242      	6.188e-06   	3.025e-05   	2.394e-05   
2650        	10          	0.1472      	1.499e-05   	1.799e-05   	6.491e-06   
2655        	10          	0.1519      	1.705e-05   	9.027e-06   	1.09e-05    
2660        	10          	0.1411      	1.619e-05   	3.922e-05   	1.23e-05    
2665        	10          	0.1067      	1.241e-05   	1.095e-05   	2.331e-05   
2670        	10          	0.1078      	1.062e-05   	2.817e-05   	1.361e-05   
2675        	10          	0.124       	2.171e-05   	2.675e-05   	1.8e-05     
2680        	10          	0.1127      	9.035e-06   	1.799e-05   	1.585e-05   
2685        	10          	0.1194      	1.667e-05   	9.629e-06   	3.083e-05   
2690        	10          	0.1569      	3.348e-06   	1.662e-05   	4.806e-06   
2695        	10          	0.1116      	3.493e-06   	4.748e-05   	1.295e-05   
2700        	10          	0.06606     	1.049e-05   	1.87e-05    	1.057e-05   
2705        	10          	0.09139     	7.575e-06   	8.956e-06   	8.374e-06   
2710        	10          	0.07556     	2.077e-05   	1.793e-05   	2.84e-05    
2715        	10          	0.09167     	2.321e-05   	2.889e-05   	7.754e-06   
2720        	10          	0.0773      	4.071e-06   	3.217e-05   	1.993e-05   
2725        	10          	0.06112     	1.934e-05   	3.723e-05   	1.217e-05   
2730        	10          	0.05545     	1.215e-05   	2.964e-05   	1.887e-05   
2735        	10          	0.07689     	2.481e-05   	8.123e-05   	1.669e-05   
2740        	10          	0.07801     	1.183e-05   	1.015e-05   	6.271e-06   
2745        	10          	0.08656     	1.894e-05   	8.836e-06   	1.425e-05   
2750        	10          	0.07528     	1.884e-05   	3.305e-05   	3.551e-05   
2755        	10          	0.07212     	7.202e-06   	1.936e-05   	1.444e-05   
2760        	10          	0.09979     	2.451e-05   	2.561e-05   	1.157e-05   
2765        	10          	0.08978     	1.457e-05   	1.243e-05   	1.149e-05   
2770        	10          	0.08043     	6.53e-06    	2.934e-05   	2.262e-05   
2775        	10          	0.1027      	1.196e-05   	3.691e-05   	2.034e-05   
2780        	10          	0.1078      	2.232e-05   	5.685e-05   	1.338e-05   
2785        	10          	0.09719     	2.179e-05   	1.675e-05   	1.904e-05   
2790        	10          	0.08506     	2.307e-05   	1.794e-05   	2.277e-05   
2795        	10          	0.08091     	9.502e-06   	1.767e-05   	3.217e-05   
2800        	10          	0.09651     	9.463e-06   	2.056e-05   	1.095e-05   
2805        	10          	0.1359      	1.553e-05   	2.7e-05     	1.521e-05   
2810        	10          	0.09577     	1.148e-05   	1.41e-05    	1.367e-05   
2815        	10          	0.1124      	4.104e-06   	1.778e-05   	1.446e-05   
2820        	10          	0.1345      	7.27e-06    	2.226e-05   	1.47e-05    
2825        	10          	0.1342      	1.421e-05   	5.749e-06   	7.602e-06   
2830        	10          	0.1456      	1.88e-05    	1.751e-05   	1.437e-05   
2835        	10          	0.1325      	1.837e-05   	2.186e-05   	9.04e-06    
2840        	10          	0.1092      	1.007e-05   	1.54e-05    	1.427e-05   
2845        	10          	0.1069      	5.572e-06   	1.751e-05   	1.789e-05   
2850        	10          	0.1021      	9.532e-06   	3.377e-05   	1.361e-05   
2855        	10          	0.08403     	2.084e-05   	2.252e-05   	1.753e-05   
2860        	10          	0.08063     	1.1e-05     	1.051e-05   	1.67e-05    
2865        	10          	0.09766     	7.226e-06   	2.149e-05   	2.855e-05   
2870        	10          	0.09475     	2.366e-05   	3.141e-05   	1.775e-05   
2875        	10          	0.08606     	1.306e-05   	2.017e-05   	3.491e-06   
2880        	10          	0.0949      	9.125e-06   	1.322e-05   	2.105e-05   
2885        	10          	0.1188      	1.191e-05   	6.763e-05   	8.547e-06   
2890        	10          	0.1021      	1.087e-05   	1.499e-05   	9.518e-06   
2895        	10          	0.08728     	1.718e-05   	2.328e-05   	1.506e-05   
2900        	10          	0.07636     	5.801e-06   	2.871e-05   	9.427e-06   
2905        	10          	0.06979     	7.752e-06   	4.149e-05   	1.022e-05   
2910        	10          	0.08739     	2.089e-05   	2.336e-05   	1.09e-05    
2915        	10          	0.1209      	1.148e-05   	1.656e-05   	2.457e-05   
2920        	10          	0.1192      	1.225e-05   	2.145e-05   	1.798e-05   
2925        	10          	0.09204     	2.684e-05   	2.089e-05   	1.164e-05   
2930        	10          	0.1117      	4.051e-05   	2.72e-05    	1.23e-05    
2935        	10          	0.1211      	1.863e-05   	4.294e-05   	9.597e-06   
2940        	10          	0.1111      	3.047e-05   	2.206e-05   	8.652e-06   
2945        	10          	0.1075      	1.324e-05   	9.707e-06   	1.458e-05   
2950        	10          	0.09507     	9.567e-06   	2.759e-05   	1.623e-05   
2955        	10          	0.1046      	1.166e-05   	1.206e-05   	3.639e-05   
2960        	10          	0.09684     	3.988e-05   	4.903e-05   	6.181e-06   
2965        	10          	0.1294      	1.41e-05    	9.694e-06   	1.681e-05   
2970        	10          	0.09869     	2.845e-05   	1.853e-05   	3.178e-06   
2975        	10          	0.08014     	3.334e-05   	1.998e-05   	9.492e-06   
2980        	10          	0.1103      	8.581e-06   	1.498e-05   	2.029e-05   
2985        	10          	0.105       	7.622e-06   	2.392e-05   	6.789e-06   
2990        	10          	0.1096      	6.287e-06   	1.143e-05   	1.797e-05   
2995        	10          	0.09779     	1.465e-05   	1.329e-05   	8.046e-06   
3000        	10          	0.1251      	2.645e-05   	1.816e-05   	1.969e-05   
3005        	10          	0.1291      	1.287e-05   	1.268e-05   	1.037e-05   
3010        	10          	0.1739      	1.757e-05   	2.229e-05   	2.367e-05   
3015        	10          	0.1327      	3.418e-05   	3.177e-05   	9.927e-06   
3020        	10          	0.1789      	1.454e-05   	2.468e-05   	1.046e-05   
3025        	10          	0.1576      	1.693e-05   	6.438e-06   	4.938e-06   
3030        	10          	0.1409      	1.365e-05   	1.362e-05   	1.589e-05   
3035        	10          	0.1295      	1.487e-05   	1.96e-05    	1.122e-05   
3040        	10          	0.147       	2.27e-05    	1.237e-05   	3.606e-06   
3045        	10          	0.0956      	2.858e-05   	7.687e-06   	1.477e-05   
3050        	10          	0.1247      	1.262e-05   	1.102e-05   	1.006e-05   
3055        	10          	0.1368      	1.274e-05   	1.435e-05   	1.468e-05   
3060        	10          	0.1114      	1.396e-05   	2.664e-05   	2.646e-05   
3065        	10          	0.105       	1.827e-05   	4.96e-05    	1.324e-05   
3070        	10          	0.09889     	1.098e-05   	7.179e-06   	2.254e-05   
3075        	10          	0.1314      	1.021e-05   	1.819e-05   	3.998e-06   
3080        	10          	0.09777     	1.728e-05   	1.638e-05   	2.505e-05   
3085        	10          	0.1031      	2.635e-05   	1.661e-05   	1.571e-05   
3090        	10          	0.1001      	4.407e-06   	1.101e-05   	9.831e-06   
3095        	10          	0.1123      	1.52e-05    	2.156e-05   	1.056e-05   
3100        	10          	0.1297      	1.186e-05   	1.678e-05   	1.677e-05   
3105        	10          	0.07701     	7.855e-06   	2.196e-05   	1.574e-05   
3110        	10          	0.1178      	3.504e-05   	3.38e-05    	1.851e-05   
3115        	10          	0.06388     	8.147e-06   	1.167e-05   	2.494e-05   
3120        	10          	0.1058      	2.013e-05   	2.7e-05     	1.329e-05   
3125        	10          	0.1116      	2.428e-05   	4.256e-05   	1.249e-05   
3130        	10          	0.1288      	2.317e-05   	1.999e-05   	1.916e-05   
3135        	10          	0.09618     	1.617e-05   	2.488e-05   	1.999e-05   
3140        	10          	0.1246      	1.071e-05   	1.872e-05   	2.085e-05   
3145        	10          	0.1078      	1.912e-05   	3.174e-05   	2.545e-05   
3150        	10          	0.1287      	4.722e-06   	2.128e-05   	8.237e-06   
3155        	10          	0.1034      	1.292e-05   	3.656e-05   	9.228e-06   
3160        	10          	0.07667     	1.832e-05   	1.578e-05   	8.69e-06    
3165        	10          	0.1154      	9.485e-06   	2.168e-05   	1.178e-05   
3170        	10          	0.1         	7.718e-06   	1.326e-05   	7.179e-06   
3175        	10          	0.1017      	1.693e-05   	1.223e-05   	8.651e-06   
3180        	10          	0.08061     	2.771e-05   	1.739e-05   	1.037e-05   
3185        	10          	0.05821     	1.244e-05   	1.729e-05   	1.493e-05   
3190        	10          	0.06468     	2.097e-05   	1.232e-05   	1.18e-05    
3195        	10          	0.06828     	3.772e-05   	4.005e-05   	2.384e-05   
3200        	10          	0.04616     	9.677e-06   	1.432e-05   	6.866e-06   
3205        	10          	0.07925     	1.844e-05   	1.517e-05   	2.735e-05   
3210        	10          	0.0674      	1.579e-05   	1.771e-05   	2.141e-05   
3215        	10          	0.0969      	2.549e-05   	2.753e-05   	7.714e-06   
3220        	10          	0.0751      	1.629e-05   	3.828e-05   	1.665e-05   
3225        	10          	0.1007      	1.472e-05   	3.135e-05   	1.422e-05   
3230        	10          	0.07534     	1.502e-05   	8.93e-06    	1.376e-05   
3235        	10          	0.09393     	1.386e-05   	2.113e-05   	3.843e-05   
3240        	10          	0.09074     	5.707e-06   	2.151e-05   	1.09e-05    
3245        	10          	0.1141      	6.781e-06   	1.415e-05   	2.658e-05   
3250        	10          	0.1037      	9.9e-06     	3.347e-05   	1.494e-05   
3255        	10          	0.08075     	1.332e-05   	1.737e-05   	1.224e-05   
3260        	10          	0.0901      	2.056e-05   	1.796e-05   	2.925e-05   
3265        	10          	0.07478     	1.678e-05   	2.288e-05   	1.446e-05   
3270        	10          	0.05933     	6.882e-06   	1.701e-05   	8.951e-06   
3275        	10          	0.09773     	1.574e-05   	2.869e-05   	1.048e-05   
3280        	10          	0.07671     	2.253e-05   	4.015e-05   	5.402e-06   
3285        	10          	0.09183     	1.002e-05   	3.24e-05    	2.057e-05   
3290        	10          	0.1011      	1.735e-05   	3.449e-05   	9.764e-06   
3295        	10          	0.08871     	8.526e-06   	2.577e-05   	7.462e-06   
3300        	10          	0.1018      	9.348e-06   	3.749e-05   	2.628e-05   
3305        	10          	0.05975     	2.156e-05   	4.324e-05   	1.279e-05   
3310        	10          	0.05975     	9.412e-06   	1.529e-05   	1.593e-05   
3315        	10          	0.05433     	3.039e-05   	2.114e-05   	2.342e-05   
3320        	10          	0.07918     	1.75e-05    	2.692e-05   	1.484e-05   
3325        	10          	0.06546     	1.143e-05   	2.125e-05   	2.099e-05   
3330        	10          	0.0904      	4.613e-06   	1.932e-05   	1.102e-05   
3335        	10          	0.06896     	1.536e-05   	3.36e-05    	1.37e-05    
3340        	10          	0.08614     	1.707e-05   	4.464e-05   	3.239e-05   
3345        	10          	0.07119     	7.713e-06   	2.653e-05   	1.288e-05   
3350        	10          	0.07073     	3.821e-05   	3.092e-05   	1.411e-05   
3355        	10          	0.06884     	8.253e-06   	1.728e-05   	1.165e-05   
3360        	10          	0.05721     	9.574e-06   	2.265e-05   	1.533e-05   
3365        	10          	0.05596     	1.798e-05   	1.976e-05   	8.146e-06   
3370        	10          	0.05461     	2.478e-05   	2.744e-05   	1.637e-05   
3375        	10          	0.06717     	1.369e-05   	2.351e-05   	7.969e-06   
3380        	10          	0.05817     	5.909e-06   	2.495e-05   	2.309e-05   
3385        	10          	0.05673     	6.431e-06   	1.541e-05   	1.069e-05   
3390        	10          	0.04599     	2.992e-05   	1.749e-05   	2.039e-05   
3395        	10          	0.04871     	1.444e-05   	4.278e-05   	2.087e-05   
3400        	10          	0.05522     	1.717e-05   	1.061e-05   	1.171e-05   
3405        	10          	0.06657     	1.205e-05   	1.614e-05   	1.139e-05   
3410        	10          	0.05677     	1.472e-05   	2.801e-05   	1.351e-05   
3415        	10          	0.05425     	1.642e-05   	4.54e-05    	1.138e-05   
3420        	10          	0.05468     	1.416e-05   	2.157e-05   	1.392e-05   
3425        	10          	0.06277     	2.325e-05   	4.911e-05   	2.971e-05   
3430        	10          	0.1075      	3.203e-05   	1.234e-05   	1.294e-05   
3435        	10          	0.1038      	1.48e-05    	3.533e-05   	3.801e-06   
3440        	10          	0.1024      	9.591e-06   	1.038e-05   	2.596e-05   
3445        	10          	0.07734     	1.057e-05   	2.491e-05   	1.506e-05   
3450        	10          	0.05861     	6.844e-06   	2.724e-05   	1.56e-05    
3455        	10          	0.07621     	1.239e-05   	3.094e-05   	1.319e-05   
3460        	10          	0.07445     	6.983e-06   	2.027e-05   	1.005e-05   
3465        	10          	0.1122      	1.297e-05   	7.653e-05   	1.757e-05   
3470        	10          	0.1395      	1.848e-05   	5.273e-05   	3.35e-05    
3475        	10          	0.08194     	7.377e-06   	1.939e-05   	9.666e-06   
3480        	10          	0.08477     	1.771e-05   	1.101e-05   	1.497e-05   
3485        	10          	0.08928     	3.057e-05   	2.925e-05   	2.079e-05   
3490        	10          	0.1061      	1.016e-05   	1.23e-05    	1.348e-05   
3495        	10          	0.08207     	2.443e-06   	7.54e-06    	1.117e-05   
3500        	10          	0.07396     	7.893e-06   	2.317e-05   	1.796e-05   
3505        	10          	0.07818     	1.878e-05   	2.953e-05   	1.211e-05   
3510        	10          	0.09277     	8.819e-06   	1.442e-05   	1.152e-05   
3515        	10          	0.06141     	1.478e-05   	2.94e-05    	9.435e-06   
3520        	10          	0.07897     	1.399e-05   	1.325e-05   	1.026e-05   
3525        	10          	0.06016     	5.953e-06   	1.332e-05   	4.948e-06   
3530        	10          	0.0695      	7.783e-06   	3.158e-05   	1.538e-05   
3535        	10          	0.1211      	2.074e-05   	1.351e-05   	1.939e-05   
3540        	10          	0.08718     	1.232e-05   	1.401e-05   	1.784e-05   
3545        	10          	0.1182      	4.959e-06   	1.052e-05   	2.209e-05   
3550        	10          	0.09071     	1.681e-05   	1.452e-05   	2.125e-05   
3555        	10          	0.07983     	5.143e-06   	1.385e-05   	1.171e-05   
3560        	10          	0.08154     	1.698e-05   	2.402e-05   	1.581e-05   
3565        	10          	0.08678     	2.887e-05   	2.999e-05   	2.395e-05   
3570        	10          	0.07946     	8.851e-06   	1.192e-05   	4.054e-05   
3575        	10          	0.07489     	9.69e-06    	2.55e-05    	2.375e-05   
3580        	10          	0.06961     	1.926e-05   	1.615e-05   	1.455e-05   
3585        	10          	0.06928     	3.998e-05   	2.581e-05   	1.848e-05   
3590        	10          	0.09286     	6.813e-06   	9.879e-06   	7.275e-06   
3595        	10          	0.08791     	2.725e-05   	1.585e-05   	1.738e-05   
3600        	10          	0.04022     	1.206e-05   	4.749e-05   	1.028e-05   
3605        	10          	0.0554      	1.004e-05   	2.389e-05   	1.314e-05   
3610        	10          	0.105       	3.921e-06   	4.177e-05   	1.219e-05   
3615        	10          	0.07685     	2.231e-05   	2.286e-05   	9.634e-06   
3620        	10          	0.07956     	1.189e-05   	2.809e-05   	1.199e-05   
3625        	10          	0.04007     	1.582e-05   	4.72e-05    	6.975e-06   
3630        	10          	0.05799     	2.687e-05   	3.291e-05   	6.988e-06   
3635        	10          	0.06633     	2.49e-05    	1.975e-05   	3.149e-06   
3640        	10          	0.07603     	2.447e-05   	1.536e-05   	1.056e-05   
3645        	10          	0.09334     	1.078e-05   	1.621e-05   	1.502e-05   
3650        	10          	0.08957     	2.737e-05   	2.822e-05   	7.773e-06   
3655        	10          	0.07979     	1.409e-05   	3.261e-05   	2.135e-05   
3660        	10          	0.07034     	1.602e-05   	2.211e-05   	1.116e-05   
3665        	10          	0.04034     	1.488e-05   	2.563e-05   	2.078e-05   
3670        	10          	0.06996     	1.471e-05   	1.945e-05   	2.915e-05   
3675        	10          	0.03269     	4.816e-05   	4.246e-05   	2.258e-05   
3680        	10          	0.08143     	2.856e-05   	7.345e-06   	1.648e-05   
3685        	10          	0.0821      	1.251e-05   	2.159e-05   	9.633e-06   
3690        	10          	0.06012     	1.259e-05   	3.33e-05    	2.459e-05   
3695        	10          	0.06096     	1.827e-05   	1.217e-05   	1.472e-05   
3700        	10          	0.04697     	7.427e-06   	4.451e-05   	1.632e-05   
3705        	10          	0.05757     	1.213e-05   	1.443e-05   	1.715e-05   
3710        	10          	0.07997     	3.826e-05   	4.07e-05    	3.42e-05    
3715        	10          	0.05872     	1.1e-05     	1.506e-05   	1.324e-05   
3720        	10          	0.06477     	1.628e-05   	2.078e-05   	1.124e-05   
3725        	10          	0.08799     	2.263e-05   	3.083e-05   	2.177e-05   
3730        	10          	0.06966     	9.865e-06   	4.212e-05   	2.295e-05   
3735        	10          	0.07269     	5.568e-06   	5.042e-05   	1.653e-05   
3740        	10          	0.0598      	2.148e-05   	2.913e-05   	1.591e-05   
3745        	10          	0.07318     	1.164e-05   	9.159e-06   	1.693e-05   
3750        	10          	0.07111     	1.486e-05   	1.054e-05   	7.591e-06   
3755        	10          	0.064       	2.098e-05   	1.473e-05   	2.912e-05   
3760        	10          	0.07297     	9.068e-06   	1.904e-05   	1.546e-05   
3765        	10          	0.05872     	1.161e-05   	2.407e-05   	8.485e-06   
3770        	10          	0.05236     	3.376e-05   	3.767e-05   	1.516e-05   
3775        	10          	0.06711     	1.594e-05   	2.475e-05   	1.27e-05    
3780        	10          	0.04884     	1.254e-05   	1.304e-05   	7.845e-06   
3785        	10          	0.08041     	2.148e-05   	2.145e-05   	6.898e-06   
3790        	10          	0.08282     	1.198e-05   	2.574e-05   	8.749e-06   
3795        	10          	0.1034      	1.691e-05   	4.134e-05   	2.274e-05   
3800        	10          	0.06117     	1.602e-05   	1.797e-05   	8.559e-06   
3805        	10          	0.06739     	1.494e-05   	3.546e-05   	2.982e-05   
3810        	10          	0.07234     	1.19e-05    	1.996e-05   	2.082e-05   
3815        	10          	0.0801      	3.423e-05   	5.377e-05   	1.65e-05    
3820        	10          	0.05016     	1.301e-05   	1.062e-05   	6.114e-06   
3825        	10          	0.05484     	3.865e-05   	8.087e-06   	7.829e-06   
3830        	10          	0.0805      	1.521e-05   	9.872e-06   	1.57e-05    
3835        	10          	0.075       	1.333e-05   	1.499e-05   	8.699e-06   
3840        	10          	0.06275     	2.288e-05   	1.513e-05   	2.673e-05   
3845        	10          	0.09353     	1.488e-05   	1.209e-05   	1.199e-05   
3850        	10          	0.08967     	2.891e-05   	2.634e-05   	2.367e-05   
3855        	10          	0.1094      	1.623e-05   	1.674e-05   	6.308e-06   
3860        	10          	0.08358     	2.544e-05   	1.359e-05   	2.169e-05   
3865        	10          	0.09368     	9.236e-06   	3.753e-05   	1.265e-05   
3870        	10          	0.09117     	3.021e-05   	1.044e-05   	2.426e-05   
3875        	10          	0.06806     	1.068e-05   	1.516e-05   	1.472e-05   
3880        	10          	0.07201     	7.753e-06   	8.952e-06   	9.438e-06   
3885        	10          	0.0935      	1.362e-05   	5.833e-05   	1.433e-05   
3890        	10          	0.1049      	2.212e-05   	1.231e-05   	9.935e-06   
3895        	10          	0.09075     	1.739e-05   	2.295e-05   	1.542e-05   
3900        	10          	0.11        	1.755e-05   	1.752e-05   	1.35e-05    
3905        	10          	0.07433     	1.532e-05   	2.125e-05   	1.477e-05   
3910        	10          	0.08466     	1.071e-05   	1.032e-05   	2.377e-05   
3915        	10          	0.07723     	1.631e-05   	2.685e-05   	9.968e-06   
3920        	10          	0.06904     	3.222e-05   	4.401e-05   	1.327e-05   
3925        	10          	0.08416     	2.853e-05   	2.443e-05   	1.721e-05   
3930        	10          	0.06797     	1.561e-05   	5.907e-05   	2.465e-05   
3935        	10          	0.08601     	2.2e-05     	1.746e-05   	6.553e-06   
3940        	10          	0.1032      	7.488e-06   	2.579e-05   	7.488e-06   
3945        	10          	0.06601     	1.059e-05   	1.212e-05   	1.749e-05   
3950        	10          	0.08658     	1.842e-05   	1.061e-05   	1.703e-05   
3955        	10          	0.08914     	1.872e-05   	4.698e-06   	1.4e-05     
3960        	10          	0.09645     	8.646e-06   	5.955e-06   	7.948e-06   
3965        	10          	0.08557     	9.917e-06   	3.061e-05   	1.857e-05   
3970        	10          	0.1063      	9.587e-06   	1.908e-05   	1.809e-05   
3975        	10          	0.146       	2.825e-05   	1.358e-05   	7.191e-06   
3980        	10          	0.0858      	1.045e-05   	3.314e-05   	1.085e-05   
3985        	10          	0.1014      	2.897e-05   	3.387e-05   	1.054e-05   
3990        	10          	0.1045      	8.758e-06   	2.664e-05   	7.502e-06   
3995        	10          	0.09272     	8.569e-06   	1.482e-05   	1.299e-05   
4000        	10          	0.084       	1.466e-05   	2.161e-05   	1.383e-05   
4005        	10          	0.1145      	1.202e-05   	3.059e-05   	1.835e-05   
4010        	10          	0.09899     	2.664e-05   	2.48e-05    	1.327e-05   
4015        	10          	0.1013      	2.045e-05   	2.995e-05   	1.104e-05   
4020        	10          	0.1299      	8.252e-05   	3.222e-05   	1.219e-05   
4025        	10          	0.1211      	8.251e-05   	7.21e-05    	1.399e-05   
4030        	10          	0.109       	3.387e-05   	8.545e-05   	1.141e-05   
4035        	10          	0.1059      	0.0001068   	2.346e-05   	1.561e-05   
4040        	10          	0.1278      	8.758e-05   	0.0001258   	2.578e-05   
4045        	10          	0.1035      	9.597e-05   	9.523e-05   	2.144e-05   
4050        	10          	0.09822     	0.0001524   	0.000103    	2.07e-05    
4055        	10          	0.1149      	0.0001119   	0.0001119   	3.21e-05    
4060        	10          	0.1025      	9.3e-05     	0.0001203   	3.74e-05    
4065        	10          	0.09101     	0.0001228   	9.106e-05   	3.749e-05   
4070        	10          	0.104       	7.264e-05   	8.466e-05   	3.629e-05   
4075        	10          	0.0825      	0.0001849   	0.0001928   	5.929e-05   
4080        	10          	0.09664     	0.000131    	0.0001318   	0.0001055   
4085        	10          	0.07634     	0.0002393   	0.0001436   	2.314e-05   
4090        	10          	0.08718     	0.0001836   	0.0001991   	0.0001571   
4095        	10          	0.0633      	0.0001051   	0.0002895   	4.501e-05   
4100        	10          	0.06536     	0.0002542   	0.0002563   	5.212e-05   
4105        	10          	0.09229     	0.0004042   	0.0004477   	8.474e-05   
4110        	10          	0.09284     	0.000217    	0.0003563   	0.0002257   
4115        	10          	0.08913     	0.0003283   	0.0002685   	0.0002332   
4120        	10          	0.1256      	0.0002479   	0.0003419   	0.0001277   
4125        	10          	0.09834     	0.0002457   	0.0004189   	0.000266    
4130        	10          	0.08941     	0.0003015   	0.0003221   	0.0001944   
4135        	10          	0.09527     	0.0004283   	0.000415    	0.0003899   
4140        	10          	0.1176      	0.0006103   	0.000428    	0.0002873   
4145        	10          	0.1082      	0.0005896   	0.0003181   	0.0002049   
4150        	10          	0.08066     	0.0004116   	0.0002912   	0.0001759   
4155        	10          	0.1002      	0.0006311   	0.0005741   	0.0003454   
4160        	10          	0.08047     	0.0003052   	0.0002624   	0.0001509   
4165        	10          	0.08293     	0.0001453   	0.0001992   	0.0003584   
4170        	10          	0.08729     	0.0002371   	0.0005965   	0.0002289   
4175        	10          	0.07346     	0.0003809   	0.0006861   	9.804e-05   
4180        	10          	0.0866      	0.0005041   	0.0003777   	0.000126    
4185        	10          	0.07956     	0.0005771   	0.000402    	0.00058     
4190        	10          	0.06761     	0.0004386   	0.0005065   	0.0002945   
4195        	10          	0.07288     	0.0005753   	0.0004543   	0.0006636   
4200        	10          	0.09612     	0.0003617   	0.0006673   	0.0004129   
4205        	10          	0.08523     	0.0004163   	0.0007039   	0.000344    
4210        	10          	0.06777     	0.0003251   	0.000543    	0.0005407   
4215        	10          	0.07808     	0.000764    	0.0005167   	0.0006354   
4220        	10          	0.07336     	0.0004991   	0.0003932   	0.0003895   
4225        	10          	0.06222     	0.0005364   	0.0007161   	0.0007181   
4230        	10          	0.0729      	0.0006618   	0.0004058   	0.0005708   
4235        	10          	0.06535     	0.0005978   	0.0005198   	0.0003048   
4240        	10          	0.06425     	0.0007795   	0.0005999   	0.0005571   
4245        	10          	0.05388     	0.0009084   	0.0006173   	0.0004098   
4250        	10          	0.07341     	0.0007921   	0.0009228   	0.0006919   
4255        	10          	0.05985     	0.0006946   	0.0004388   	0.001014    
4260        	10          	0.06186     	0.001103    	0.0007523   	0.001076    
4265        	10          	0.0631      	0.001171    	0.0006029   	0.001083    
4270        	10          	0.04934     	0.0007922   	0.0005715   	0.0007489   
4275        	10          	0.07373     	0.001004    	0.0002472   	0.0008363   
4280        	10          	0.06346     	0.001127    	0.0004904   	0.0007233   
4285        	10          	0.06179     	0.0006709   	0.0003431   	0.0004927   
4290        	10          	0.07145     	0.0009461   	0.0007318   	0.0006126   
4295        	10          	0.07512     	0.001518    	0.0009477   	0.0005017   
4300        	10          	0.07711     	0.001846    	0.0005171   	0.0005587   
4305        	10          	0.04901     	0.001604    	0.0005941   	0.0003204   
4310        	10          	0.07378     	0.002298    	0.0006575   	0.0006181   
4315        	10          	0.0628      	0.001304    	0.0006295   	0.0004885   
4320        	10          	0.04901     	0.001555    	0.0007546   	0.0004816   
4325        	10          	0.06564     	0.001986    	0.0007982   	0.0009243   
4330        	10          	0.05734     	0.001719    	0.0003455   	0.0005899   
4335        	10          	0.07654     	0.002924    	0.0009438   	0.0005944   
4340        	10          	0.04638     	0.003116    	0.0005674   	0.001026    
4345        	10          	0.05569     	0.002872    	0.0004801   	0.0005805   
4350        	10          	0.0355      	0.002336    	0.0004562   	0.0001939   
4355        	10          	0.04189     	0.001808    	0.0007905   	0.0006405   
4360        	10          	0.04721     	0.001769    	0.0008709   	0.000663    
4365        	10          	0.05567     	0.002692    	0.0009872   	0.0007292   
4370        	10          	0.02991     	0.001885    	0.0004063   	0.0005589   
4375        	10          	0.03307     	0.001683    	0.0008795   	0.0006899   
4380        	10          	0.04978     	0.001762    	0.0008181   	0.0004738   
4385        	10          	0.03435     	0.001317    	0.0008552   	0.0007206   
4390        	10          	0.04184     	0.002461    	0.001347    	0.0005516   
4395        	10          	0.04752     	0.001589    	0.001319    	0.0006398   
4400        	10          	0.05216     	0.001867    	0.0007006   	0.0008676   
4405        	10          	0.05293     	0.001227    	0.0007568   	0.0007733   
4410        	10          	0.05989     	0.001311    	0.0005483   	0.0006399   
4415        	10          	0.04734     	0.001207    	0.0008976   	0.0009839   
4420        	10          	0.03734     	0.001118    	0.0005888   	0.000958    
4425        	10          	0.0244      	0.001029    	0.0005158   	0.0006618   
4430        	10          	0.02869     	0.001309    	0.0007098   	0.0006388   
4435        	10          	0.05029     	0.001096    	0.001041    	0.0006776   
4440        	10          	0.02179     	0.001491    	0.000621    	0.000485    
4445        	10          	0.03151     	0.00146     	0.0008781   	0.000626    
4450        	10          	0.0351      	0.001169    	0.0006781   	0.0006677   
4455        	10          	0.04028     	0.001112    	0.00108     	0.0005186   
4460        	10          	0.03657     	0.001       	0.001733    	0.0005539   
4465        	10          	0.03312     	0.0009159   	0.00123     	0.0007374   
4470        	10          	0.04295     	0.0008872   	0.001275    	0.000772    
4475        	10          	0.03001     	0.0008441   	0.001042    	0.0009859   
4480        	10          	0.027       	0.001399    	0.001053    	0.001118    
4485        	10          	0.04372     	0.0008697   	0.001059    	0.001047    
4490        	10          	0.02925     	0.001098    	0.000985    	0.001876    
4495        	10          	0.03507     	0.0007808   	0.001259    	0.0009795   
4500        	10          	0.01818     	0.0004013   	0.001373    	0.0005317   
4505        	10          	0.02007     	0.0007614   	0.00081     	0.0006258   
4510        	10          	0.01673     	0.0007739   	0.00143     	0.001515    
4515        	10          	0.0253      	0.0005275   	0.001223    	0.001333    
4520        	10          	0.02736     	0.000603    	0.001329    	0.0008291   
4525        	10          	0.02296     	0.0005821   	0.001117    	0.0009073   
4530        	10          	0.01879     	0.000506    	0.001015    	0.001844    
4535        	10          	0.02225     	0.001007    	0.001421    	0.001584    
4540        	10          	0.03099     	0.001031    	0.001744    	0.001779    
4545        	10          	0.01817     	0.000429    	0.001093    	0.001159    
4550        	10          	0.02583     	0.0007255   	0.001143    	0.001064    
4555        	10          	0.02799     	0.000666    	0.0009183   	0.00108     
4560        	10          	0.03169     	0.0004855   	0.000528    	0.001276    
4565        	10          	0.01246     	0.0008471   	0.001482    	0.000908    
4570        	10          	0.02369     	0.0009347   	0.0008206   	0.0007321   
4575        	10          	0.02066     	0.001276    	0.001236    	0.0007308   
4580        	10          	0.02041     	0.0009563   	0.0009867   	0.001058    
4585        	10          	0.0284      	0.0006283   	0.001994    	0.0009579   
4590        	10          	0.02208     	0.0003689   	0.001747    	0.001171    
4595        	10          	0.01073     	0.0007439   	0.001487    	0.0007982   
4600        	10          	0.009789    	0.000812    	0.001783    	0.0004861   
4605        	10          	0.0143      	0.0009359   	0.00176     	0.0007504   
4610        	10          	0.0184      	0.0007294   	0.001659    	0.001372    
4615        	10          	0.01684     	0.001178    	0.001625    	0.001045    
4620        	10          	0.02496     	0.0009803   	0.001733    	0.001048    
4625        	10          	0.01328     	0.000698    	0.001984    	0.0008097   
4630        	10          	0.02445     	0.0006137   	0.001942    	0.0006331   
4635        	10          	0.01679     	0.000837    	0.001207    	0.0007276   
4640        	10          	0.01934     	0.0008983   	0.001699    	0.001392    
4645        	10          	0.02416     	0.0009636   	0.001269    	0.001225    
4650        	10          	0.0216      	0.0006495   	0.00111     	0.0009749   
4655        	10          	0.02093     	0.001201    	0.0009198   	0.001273    
4660        	10          	0.02064     	0.001445    	0.001074    	0.001016    
4665        	10          	0.01607     	0.0007442   	0.0007783   	0.0007851   
4670        	10          	0.02375     	0.001131    	0.0007638   	0.001057    
4675        	10          	0.03586     	0.0008731   	0.0006419   	0.001023    
4680        	10          	0.02019     	0.0009767   	0.0008664   	0.0007906   
4685        	10          	0.02689     	0.001086    	0.0005266   	0.0008187   
4690        	10          	0.01332     	0.001202    	0.001116    	0.001233    
4695        	10          	0.01225     	0.001775    	0.001258    	0.001032    
4700        	10          	0.01468     	0.001233    	0.0009314   	0.0008483   
4705        	10          	0.02001     	0.001216    	0.0009752   	0.0007975   
4710        	10          	0.01488     	0.0007552   	0.001034    	0.0008014   
4715        	10          	0.01966     	0.001371    	0.00137     	0.0007991   
4720        	10          	0.01667     	0.001164    	0.0008567   	0.0005457   
4725        	10          	0.02891     	0.001118    	0.0008431   	0.0005543   
4730        	10          	0.01489     	0.001245    	0.0008094   	0.001293    
4735        	10          	0.02395     	0.001144    	0.0008387   	0.001043    
4740        	10          	0.01354     	0.001203    	0.0009211   	0.000689    
4745        	10          	0.01425     	0.001396    	0.0004642   	0.001237    
4750        	10          	0.009247    	0.0009619   	0.0007424   	0.001453    
4755        	10          	0.008333    	0.00129     	0.001042    	0.001093    
4760        	10          	0.02297     	0.001123    	0.001021    	0.001197    
4765        	10          	0.008822    	0.001133    	0.0009565   	0.001257    
4770        	10          	0.01188     	0.001745    	0.0006795   	0.0008614   
4775        	10          	0.01234     	0.001618    	0.0009102   	0.001422    
4780        	10          	0.01114     	0.001638    	0.0009663   	0.002133    
4785        	10          	0.01972     	0.001742    	0.000739    	0.001381    
4790        	10          	0.01011     	0.001859    	0.001213    	0.001411    
4795        	10          	0.01132     	0.00157     	0.0008606   	0.001282    
4800        	10          	0.01454     	0.001496    	0.0007053   	0.001334    
4805        	10          	0.01004     	0.001761    	0.001208    	0.00113     
4810        	10          	0.008789    	0.00251     	0.00161     	0.001153    
4815        	10          	0.0129      	0.001829    	0.001153    	0.000909    
4820        	10          	0.01273     	0.001478    	0.001177    	0.001351    
4825        	10          	0.006156    	0.001526    	0.001652    	0.001341    
4830        	10          	0.006433    	0.002041    	0.001222    	0.001534    
4835        	10          	0.01552     	0.00205     	0.00148     	0.001804    
4840        	10          	0.007414    	0.002506    	0.001176    	0.001025    
4845        	10          	0.008247    	0.002369    	0.001676    	0.001855    
4850        	10          	0.01967     	0.002354    	0.0007289   	0.001533    
4855        	10          	0.02212     	0.001972    	0.0009596   	0.001143    
4860        	10          	0.01417     	0.002928    	0.00151     	0.0008286   
4865        	10          	0.01223     	0.002894    	0.001048    	0.001698    
4870        	10          	0.009581    	0.002464    	0.001441    	0.001386    
4875        	10          	0.01751     	0.002595    	0.0009299   	0.0004162   
4880        	10          	0.009414    	0.002429    	0.0007955   	0.001349    
4885        	10          	0.01461     	0.001598    	0.001991    	0.001394    
4890        	10          	0.004581    	0.0018      	0.0009984   	0.0009571   
4895        	10          	0.003067    	0.002066    	0.001551    	0.001294    
4900        	10          	0.004822    	0.001685    	0.001344    	0.0009544   
4905        	10          	0.007678    	0.002027    	0.001408    	0.0008978   
4910        	10          	0.004511    	0.001873    	0.001058    	0.0009338   
4915        	10          	0.009167    	0.001611    	0.0016      	0.000858    
4920        	10          	0.007947    	0.002562    	0.001282    	0.0008673   
4925        	10          	0.009392    	0.001948    	0.001257    	0.001035    
4930        	10          	0.01243     	0.001786    	0.001323    	0.0008964   
4935        	10          	0.007111    	0.001902    	0.001163    	0.0004363   
4940        	10          	0.004511    	0.002142    	0.001157    	0.0004816   
4945        	10          	0.01228     	0.001968    	0.0008833   	0.0005394   
4950        	10          	0.004778    	0.001705    	0.0009542   	0.0004971   
4955        	10          	0.007178    	0.001672    	0.001001    	0.0007679   
4960        	10          	0.01022     	0.001453    	0.0012      	0.000806    
4965        	10          	0.01206     	0.002435    	0.0009601   	0.0005512   
4970        	10          	0.0186      	0.002421    	0.000836    	0.000825    
4975        	10          	0.008581    	0.002032    	0.001256    	0.0004261   
4980        	10          	0.004058    	0.002422    	0.00135     	0.0005873   
4985        	10          	0.006614    	0.003066    	0.001531    	0.0003634   
4990        	10          	0.01511     	0.003651    	0.001433    	0.0004597   
4995        	10          	0.01229     	0.002698    	0.001637    	0.0007794   
5000        	10          	0.01646     	0.0028      	0.001317    	0.000759    
