generation  	alive.rpl   	n.adlt.rs   	n.adlt.fst.wc_p1-2	n.adlt.fst.wc_p1-3	n.adlt.fst.wc_p2-3
4           	10          	18.9        	0.001636    	0.002668    	0.001996    
8           	10          	18.63       	0.003594    	0.005466    	0.004066    
12          	10          	18.42       	0.003632    	0.007157    	0.003055    
16          	10          	18.38       	0.002719    	0.006594    	0.003254    
20          	10          	18.12       	0.003477    	0.007695    	0.003768    
24          	10          	18.02       	0.004007    	0.008135    	0.003341    
28          	10          	17.85       	0.002768    	0.008732    	0.004684    
32          	10          	17.66       	0.004894    	0.008824    	0.005461    
36          	10          	17.51       	0.004777    	0.009304    	0.005123    
40          	10          	17.47       	0.003365    	0.008056    	0.003414    
44          	10          	17.18       	0.004632    	0.009477    	0.003823    
48          	10          	17.09       	0.006086    	0.009905    	0.00401     
52          	10          	16.95       	0.005068    	0.009195    	0.004571    
56          	10          	16.84       	0.005058    	0.01025     	0.003471    
60          	10          	16.7        	0.004525    	0.009706    	0.004066    
64          	10          	16.55       	0.004566    	0.009117    	0.00399     
68          	10          	16.48       	0.003639    	0.009715    	0.005075    
72          	10          	16.3        	0.004697    	0.009968    	0.005109    
76          	10          	16.18       	0.003034    	0.009002    	0.003767    
80          	10          	15.99       	0.004604    	0.009088    	0.005233    
84          	10          	15.94       	0.005028    	0.008875    	0.003645    
88          	10          	15.75       	0.004786    	0.009656    	0.004756    
92          	10          	15.65       	0.004431    	0.008862    	0.005505    
96          	10          	15.51       	0.00501     	0.009408    	0.004276    
100         	10          	15.46       	0.003567    	0.009162    	0.004403    
104         	10          	15.24       	0.003797    	0.008426    	0.004731    
108         	10          	15.17       	0.004329    	0.00902     	0.004707    
112         	10          	15.12       	0.004072    	0.009968    	0.00548     
116         	10          	14.99       	0.003927    	0.008223    	0.003925    
120         	10          	14.85       	0.005099    	0.008348    	0.004015    
124         	10          	14.71       	0.004043    	0.009716    	0.003652    
128         	10          	14.79       	0.003928    	0.008827    	0.004043    
132         	10          	14.47       	0.003519    	0.009363    	0.00452     
136         	10          	14.36       	0.003698    	0.009455    	0.004573    
140         	10          	14.32       	0.003309    	0.008511    	0.005021    
144         	10          	14.14       	0.005274    	0.009847    	0.004098    
148         	10          	14.12       	0.004644    	0.01034     	0.005203    
152         	10          	14.04       	0.004093    	0.009078    	0.003881    
156         	10          	13.9        	0.003776    	0.01025     	0.004678    
160         	10          	13.91       	0.003004    	0.008502    	0.003938    
164         	10          	13.75       	0.003973    	0.008689    	0.004238    
168         	10          	13.66       	0.005563    	0.009727    	0.004494    
172         	10          	13.55       	0.004793    	0.01127     	0.004754    
176         	10          	13.57       	0.004482    	0.008766    	0.00416     
180         	10          	13.39       	0.005141    	0.0094      	0.005284    
184         	10          	13.39       	0.004049    	0.009935    	0.003044    
188         	10          	13.27       	0.0053      	0.007692    	0.004822    
192         	10          	13.22       	0.005172    	0.01016     	0.004007    
196         	10          	13.11       	0.004634    	0.009875    	0.003831    
200         	10          	13.05       	0.003801    	0.0101      	0.003169    
204         	10          	12.91       	0.0046      	0.009945    	0.00534     
208         	10          	12.93       	0.003892    	0.01057     	0.004457    
212         	10          	12.79       	0.003966    	0.009332    	0.003258    
216         	10          	12.77       	0.004668    	0.009821    	0.003929    
220         	10          	12.62       	0.005644    	0.00918     	0.004812    
224         	10          	12.61       	0.004986    	0.009946    	0.003533    
228         	10          	12.51       	0.005615    	0.009823    	0.003378    
232         	10          	12.54       	0.003547    	0.009213    	0.004968    
236         	10          	12.43       	0.004156    	0.0092      	0.005823    
240         	10          	12.32       	0.004531    	0.008911    	0.004138    
244         	10          	12.2        	0.004887    	0.009291    	0.004185    
248         	10          	12.2        	0.004214    	0.009199    	0.003879    
252         	10          	12.15       	0.004047    	0.009778    	0.004953    
256         	10          	12.11       	0.002926    	0.008626    	0.005161    
260         	10          	12.08       	0.003887    	0.00851     	0.004078    
264         	10          	11.88       	0.005769    	0.01017     	0.003086    
268         	10          	11.89       	0.003123    	0.008184    	0.00343     
272         	10          	11.95       	0.004796    	0.008997    	0.004208    
276         	10          	11.81       	0.003509    	0.009386    	0.003129    
280         	10          	11.7        	0.005132    	0.009847    	0.003787    
284         	10          	11.67       	0.002647    	0.008374    	0.00523     
288         	10          	11.63       	0.003934    	0.01        	0.005769    
292         	10          	11.55       	0.00347     	0.009571    	0.006164    
296         	10          	11.52       	0.005052    	0.01061     	0.003468    
300         	10          	11.52       	0.005348    	0.009712    	0.003422    
304         	10          	11.37       	0.00461     	0.00946     	0.003585    
308         	10          	11.39       	0.005456    	0.00999     	0.005062    
312         	10          	11.21       	0.004222    	0.009519    	0.004182    
316         	10          	11.24       	0.002772    	0.007948    	0.00391     
320         	10          	11.16       	0.002937    	0.007801    	0.003823    
324         	10          	11.07       	0.00397     	0.00987     	0.003944    
328         	10          	11.12       	0.006226    	0.01037     	0.004648    
332         	10          	11.04       	0.00526     	0.00893     	0.00496     
336         	10          	10.98       	0.003818    	0.009861    	0.004204    
340         	10          	10.97       	0.005155    	0.009879    	0.005177    
344         	10          	10.91       	0.005559    	0.008442    	0.005874    
348         	10          	10.79       	0.004006    	0.00806     	0.003354    
352         	10          	10.74       	0.004083    	0.008634    	0.004368    
356         	10          	10.83       	0.004542    	0.008459    	0.005221    
360         	10          	10.71       	0.003588    	0.008982    	0.004536    
364         	10          	10.7        	0.00459     	0.00926     	0.005566    
368         	10          	10.67       	0.004745    	0.00905     	0.005451    
372         	10          	10.58       	0.004964    	0.009746    	0.00491     
376         	10          	10.53       	0.004687    	0.01024     	0.003741    
380         	10          	10.59       	0.003825    	0.008956    	0.00487     
384         	10          	10.53       	0.0041      	0.007526    	0.003632    
388         	10          	10.57       	0.004292    	0.007584    	0.004359    
392         	10          	10.47       	0.004449    	0.008593    	0.003081    
396         	10          	10.46       	0.00311     	0.006923    	0.003731    
400         	10          	10.4        	0.0043      	0.00898     	0.003558    
404         	10          	10.27       	0.004401    	0.01092     	0.004657    
408         	10          	10.35       	0.004835    	0.00932     	0.003815    
412         	10          	10.34       	0.00551     	0.01135     	0.005114    
416         	10          	10.2        	0.003455    	0.0101      	0.004321    
420         	10          	10.24       	0.005256    	0.01036     	0.003761    
424         	10          	10.14       	0.003927    	0.009624    	0.005252    
428         	10          	10.14       	0.005841    	0.01116     	0.00349     
432         	10          	10.09       	0.004791    	0.0106      	0.004555    
436         	10          	10.18       	0.004215    	0.01031     	0.006071    
440         	10          	10.11       	0.003013    	0.009159    	0.004761    
444         	10          	10.1        	0.004014    	0.00908     	0.003272    
448         	10          	9.982       	0.003674    	0.009198    	0.003016    
452         	10          	9.973       	0.003837    	0.01018     	0.004272    
456         	10          	9.937       	0.005933    	0.01059     	0.004364    
460         	10          	10.01       	0.003809    	0.007684    	0.003292    
464         	10          	9.933       	0.004382    	0.007993    	0.003039    
468         	10          	9.887       	0.00419     	0.008171    	0.003423    
472         	10          	9.778       	0.004814    	0.009446    	0.006314    
476         	10          	9.837       	0.004086    	0.009249    	0.004417    
480         	10          	9.742       	0.004356    	0.008569    	0.004123    
484         	10          	9.768       	0.005728    	0.009047    	0.003573    
488         	10          	9.693       	0.003494    	0.009559    	0.004722    
492         	10          	9.618       	0.005066    	0.008885    	0.002792    
496         	10          	9.613       	0.003746    	0.01014     	0.005517    
500         	10          	9.597       	0.005531    	0.009942    	0.004218    
504         	10          	9.522       	0.003953    	0.01093     	0.005409    
508         	10          	9.595       	0.003365    	0.0069      	0.00441     
512         	10          	9.612       	0.005121    	0.009993    	0.005881    
516         	10          	9.53        	0.005371    	0.0113      	0.005263    
520         	10          	9.57        	0.004125    	0.007834    	0.002647    
524         	10          	9.58        	0.004206    	0.008454    	0.005572    
528         	10          	9.595       	0.004238    	0.00881     	0.004479    
532         	10          	9.505       	0.004113    	0.009191    	0.004189    
536         	10          	9.327       	0.004688    	0.009307    	0.003493    
540         	10          	9.412       	0.00572     	0.009958    	0.003778    
544         	10          	9.453       	0.002433    	0.00641     	0.003892    
548         	10          	9.377       	0.003276    	0.00993     	0.005373    
552         	10          	9.362       	0.003166    	0.009756    	0.004446    
556         	10          	9.225       	0.005466    	0.01009     	0.003041    
560         	10          	9.395       	0.003142    	0.008279    	0.004093    
564         	10          	9.387       	0.004082    	0.01099     	0.003354    
568         	10          	9.365       	0.003256    	0.006856    	0.004003    
572         	10          	9.335       	0.004476    	0.007685    	0.004563    
576         	10          	9.368       	0.005288    	0.009405    	0.003644    
580         	10          	9.345       	0.002298    	0.007734    	0.003829    
584         	10          	9.323       	0.004017    	0.01103     	0.00495     
588         	10          	9.242       	0.004958    	0.008918    	0.004693    
592         	10          	9.208       	0.004315    	0.01027     	0.006471    
596         	10          	9.215       	0.004623    	0.008245    	0.00353     
600         	10          	9.213       	0.003296    	0.01024     	0.004046    
604         	10          	9.2         	0.002428    	0.01048     	0.004064    
608         	10          	9.182       	0.003489    	0.007571    	0.003157    
612         	10          	9.218       	0.005758    	0.009016    	0.005312    
616         	10          	9.19        	0.003286    	0.01092     	0.002898    
620         	10          	9.047       	0.003858    	0.009525    	0.006181    
624         	10          	9.16        	0.003991    	0.01014     	0.004692    
628         	10          	9.025       	0.00444     	0.008429    	0.005094    
632         	10          	9.025       	0.004111    	0.00882     	0.004783    
636         	10          	9.023       	0.005133    	0.009394    	0.004023    
640         	10          	8.932       	0.005308    	0.007656    	0.003532    
644         	10          	9.022       	0.002882    	0.007898    	0.00446     
648         	10          	8.975       	0.003892    	0.008682    	0.003729    
652         	10          	8.93        	0.004162    	0.009701    	0.00386     
656         	10          	8.952       	0.004809    	0.009333    	0.00488     
660         	10          	8.928       	0.003501    	0.008953    	0.003956    
664         	10          	8.902       	0.004935    	0.01045     	0.005872    
668         	10          	8.847       	0.004138    	0.008836    	0.003407    
672         	10          	8.753       	0.004639    	0.009342    	0.005138    
676         	10          	8.817       	0.004769    	0.008365    	0.005322    
680         	10          	8.835       	0.004053    	0.008273    	0.005493    
684         	10          	8.758       	0.003845    	0.008537    	0.004758    
688         	10          	8.717       	0.004598    	0.008891    	0.004715    
692         	10          	8.805       	0.004673    	0.007342    	0.003228    
696         	10          	8.685       	0.005317    	0.01055     	0.002969    
700         	10          	8.69        	0.005018    	0.008669    	0.004615    
704         	10          	8.655       	0.002914    	0.0077      	0.003326    
708         	10          	8.65        	0.004489    	0.008308    	0.004394    
712         	10          	8.602       	0.002894    	0.009996    	0.003956    
716         	10          	8.593       	0.003857    	0.008266    	0.003962    
720         	10          	8.527       	0.003702    	0.009566    	0.004104    
724         	10          	8.55        	0.00331     	0.008615    	0.003927    
728         	10          	8.515       	0.003267    	0.009088    	0.002977    
732         	10          	8.478       	0.004373    	0.01004     	0.003754    
736         	10          	8.413       	0.004116    	0.00924     	0.003611    
740         	10          	8.457       	0.004475    	0.009993    	0.004219    
744         	10          	8.44        	0.005659    	0.009844    	0.003712    
748         	10          	8.418       	0.004376    	0.01201     	0.005114    
752         	10          	8.39        	0.003721    	0.0111      	0.003137    
756         	10          	8.355       	0.004047    	0.008934    	0.004137    
760         	10          	8.342       	0.004417    	0.01064     	0.003899    
764         	10          	8.332       	0.003124    	0.009226    	0.005456    
768         	10          	8.252       	0.003535    	0.01055     	0.005928    
772         	10          	8.267       	0.003156    	0.009611    	0.004792    
776         	10          	8.332       	0.002923    	0.006742    	0.003451    
780         	10          	8.252       	0.004256    	0.008686    	0.005261    
784         	10          	8.172       	0.004808    	0.01057     	0.003764    
788         	10          	8.205       	0.003566    	0.009446    	0.004404    
792         	10          	8.143       	0.005968    	0.01045     	0.003762    
796         	10          	8.188       	0.003696    	0.008021    	0.005351    
800         	10          	8.115       	0.005273    	0.009963    	0.00535     
804         	10          	8.15        	0.003744    	0.008293    	0.00466     
808         	10          	8.128       	0.004335    	0.008987    	0.004522    
812         	10          	8.073       	0.003004    	0.009641    	0.004142    
816         	10          	8.12        	0.003964    	0.01062     	0.004927    
820         	10          	8.065       	0.002704    	0.009001    	0.003266    
824         	10          	8.092       	0.004833    	0.007952    	0.003998    
828         	10          	8.053       	0.003062    	0.009422    	0.004428    
832         	10          	8.047       	0.003836    	0.009383    	0.004539    
836         	10          	7.972       	0.005097    	0.01107     	0.004614    
840         	10          	8.025       	0.00434     	0.00613     	0.003507    
844         	10          	7.968       	0.003712    	0.008448    	0.003629    
848         	10          	8.052       	0.003148    	0.008382    	0.002964    
852         	10          	7.973       	0.004849    	0.009339    	0.004127    
856         	10          	7.96        	0.007115    	0.008523    	0.00275     
860         	10          	7.93        	0.003895    	0.00777     	0.003521    
864         	10          	7.915       	0.004221    	0.009775    	0.002572    
868         	10          	7.815       	0.003716    	0.009123    	0.00483     
872         	10          	7.882       	0.006634    	0.01128     	0.007269    
876         	10          	7.825       	0.004978    	0.00829     	0.004077    
880         	10          	7.813       	0.005656    	0.009876    	0.004982    
884         	10          	7.807       	0.004367    	0.009077    	0.006205    
888         	10          	7.808       	0.003996    	0.009125    	0.003851    
892         	10          	7.797       	0.003262    	0.007876    	0.006842    
896         	10          	7.787       	0.003933    	0.00932     	0.004745    
900         	10          	7.79        	0.004238    	0.007946    	0.002996    
904         	10          	7.857       	0.003225    	0.007583    	0.004017    
908         	10          	7.802       	0.005945    	0.009125    	0.004545    
912         	10          	7.788       	0.003251    	0.007527    	0.002524    
916         	10          	7.73        	0.004036    	0.01013     	0.004301    
920         	10          	7.79        	0.004741    	0.009532    	0.004548    
924         	10          	7.807       	0.004621    	0.008882    	0.004381    
928         	10          	7.688       	0.004169    	0.008718    	0.00185     
932         	10          	7.715       	0.004356    	0.009907    	0.004808    
936         	10          	7.708       	0.002214    	0.007842    	0.004678    
940         	10          	7.633       	0.002916    	0.008302    	0.003966    
944         	10          	7.642       	0.004304    	0.009331    	0.004494    
948         	10          	7.688       	0.004502    	0.009709    	0.005341    
952         	10          	7.653       	0.00359     	0.009782    	0.003002    
956         	10          	7.71        	0.00382     	0.00998     	0.004971    
960         	10          	7.668       	0.005907    	0.01091     	0.005199    
964         	10          	7.682       	0.003266    	0.009818    	0.004921    
968         	10          	7.625       	0.004358    	0.009046    	0.00541     
972         	10          	7.65        	0.003433    	0.01059     	0.005626    
976         	10          	7.658       	0.003708    	0.01018     	0.00329     
980         	10          	7.593       	0.004946    	0.011       	0.005713    
984         	10          	7.635       	0.005038    	0.01059     	0.00447     
988         	10          	7.537       	0.005847    	0.008529    	0.00479     
992         	10          	7.527       	0.004053    	0.009093    	0.004984    
996         	10          	7.553       	0.002947    	0.009326    	0.00314     
1000        	10          	7.522       	0.004856    	0.006994    	0.004267    
1004        	10          	7.515       	0.00396     	0.005698    	0.004948    
1008        	10          	7.527       	0.004391    	0.009671    	0.004502    
1012        	10          	7.458       	0.005764    	0.008491    	0.00357     
1016        	10          	7.563       	0.00362     	0.006638    	0.004783    
1020        	10          	7.543       	0.003978    	0.008047    	0.003786    
1024        	10          	7.5         	0.003411    	0.006332    	0.004113    
1028        	10          	7.478       	0.003121    	0.008172    	0.003815    
1032        	10          	7.488       	0.004966    	0.008807    	0.005777    
1036        	10          	7.45        	0.005989    	0.009249    	0.004498    
1040        	10          	7.415       	0.003787    	0.008543    	0.005804    
1044        	10          	7.39        	0.003768    	0.009752    	0.003857    
1048        	10          	7.438       	0.004144    	0.008002    	0.004029    
1052        	10          	7.477       	0.003025    	0.008599    	0.004409    
1056        	10          	7.448       	0.004062    	0.009183    	0.002946    
1060        	10          	7.385       	0.004953    	0.009514    	0.003668    
1064        	10          	7.372       	0.005267    	0.009299    	0.005269    
1068        	10          	7.42        	0.003796    	0.007916    	0.00133     
1072        	10          	7.395       	0.003112    	0.009308    	0.004167    
1076        	10          	7.437       	0.004287    	0.007426    	0.003554    
1080        	10          	7.358       	0.004011    	0.008058    	0.004426    
1084        	10          	7.367       	0.002988    	0.008603    	0.003961    
1088        	10          	7.303       	0.005592    	0.009276    	0.004251    
1092        	10          	7.367       	0.004172    	0.007433    	0.003816    
1096        	10          	7.385       	0.002418    	0.005913    	0.003388    
1100        	10          	7.325       	0.006021    	0.01085     	0.004703    
1104        	10          	7.312       	0.004119    	0.008311    	0.004938    
1108        	10          	7.31        	0.005261    	0.008968    	0.002411    
1112        	10          	7.327       	0.004151    	0.009053    	0.005709    
1116        	10          	7.345       	0.003832    	0.009329    	0.004237    
1120        	10          	7.372       	0.004166    	0.01054     	0.005395    
1124        	10          	7.313       	0.005445    	0.00693     	0.004487    
1128        	10          	7.328       	0.003549    	0.01051     	0.003056    
1132        	10          	7.312       	0.00556     	0.01129     	0.00678     
1136        	10          	7.297       	0.003787    	0.009522    	0.004766    
1140        	10          	7.202       	0.006296    	0.01118     	0.004848    
1144        	10          	7.318       	0.003712    	0.008195    	0.002734    
1148        	10          	7.243       	0.004884    	0.0107      	0.002853    
1152        	10          	7.293       	0.006501    	0.009109    	0.005475    
1156        	10          	7.27        	0.003104    	0.009463    	0.002291    
1160        	10          	7.21        	0.002987    	0.008796    	0.005287    
1164        	10          	7.273       	0.003337    	0.01036     	0.003633    
1168        	10          	7.267       	0.004842    	0.007868    	0.003049    
1172        	10          	7.273       	0.003367    	0.007412    	0.005697    
1176        	10          	7.315       	0.002248    	0.008245    	0.004066    
1180        	10          	7.285       	0.003729    	0.008987    	0.003368    
1184        	10          	7.242       	0.00402     	0.01004     	0.005302    
1188        	10          	7.272       	0.001836    	0.008761    	0.002942    
1192        	10          	7.208       	0.002998    	0.008924    	0.003343    
1196        	10          	7.293       	0.003094    	0.005736    	0.002675    
1200        	10          	7.198       	0.005177    	0.01142     	0.005948    
1204        	10          	7.182       	0.003939    	0.008945    	0.003887    
1208        	10          	7.222       	0.005111    	0.008858    	0.003316    
1212        	10          	7.195       	0.004762    	0.0105      	0.005094    
1216        	10          	7.235       	0.005285    	0.01068     	0.002695    
1220        	10          	7.123       	0.004316    	0.01031     	0.004261    
1224        	10          	7.223       	0.004893    	0.009881    	0.004156    
1228        	10          	7.188       	0.006901    	0.01078     	0.005657    
1232        	10          	7.207       	0.003266    	0.01001     	0.005363    
1236        	10          	7.103       	0.004817    	0.009073    	0.004664    
1240        	10          	7.19        	0.003602    	0.009462    	0.003752    
1244        	10          	7.135       	0.004451    	0.01214     	0.004577    
1248        	10          	7.062       	0.005405    	0.0107      	0.006325    
1252        	10          	7.163       	0.005064    	0.01071     	0.006045    
1256        	10          	7.123       	0.003614    	0.01012     	0.001803    
1260        	10          	7.038       	0.00381     	0.009235    	0.005935    
1264        	10          	6.988       	0.006144    	0.01061     	0.006363    
1268        	10          	7.018       	0.001638    	0.009048    	0.002784    
1272        	10          	7.03        	0.002412    	0.008682    	0.003375    
1276        	10          	7.04        	0.002388    	0.009224    	0.003439    
1280        	10          	7.03        	0.005113    	0.008802    	0.006451    
1284        	10          	7.045       	0.004271    	0.008261    	0.004933    
1288        	10          	7.042       	0.00519     	0.007735    	0.003746    
1292        	10          	7.012       	0.002545    	0.008029    	0.00577     
1296        	10          	6.982       	0.004382    	0.008691    	0.002535    
1300        	10          	7.023       	0.004554    	0.00699     	0.00254     
1304        	10          	6.985       	0.003807    	0.00796     	0.002344    
1308        	10          	6.88        	0.004435    	0.01047     	0.003877    
1312        	10          	6.935       	0.003998    	0.01001     	0.004512    
1316        	10          	6.938       	0.004027    	0.01213     	0.004632    
1320        	10          	6.86        	0.004199    	0.00923     	0.003165    
1324        	10          	6.9         	0.003563    	0.008525    	0.003612    
1328        	10          	6.865       	0.005862    	0.009537    	0.003336    
1332        	10          	6.872       	0.004136    	0.009108    	0.004523    
1336        	10          	6.868       	0.002856    	0.009498    	0.004773    
1340        	10          	6.805       	0.005478    	0.01024     	0.003468    
1344        	10          	6.867       	0.006929    	0.01059     	0.005049    
1348        	10          	6.825       	0.005221    	0.01012     	0.004246    
1352        	10          	6.853       	0.006594    	0.01052     	0.003712    
1356        	10          	6.808       	0.005531    	0.01092     	0.004732    
1360        	10          	6.873       	0.003224    	0.01048     	0.006518    
1364        	10          	6.875       	0.002202    	0.005591    	0.002634    
1368        	10          	6.782       	0.005831    	0.007521    	0.003723    
1372        	10          	6.808       	0.005281    	0.01009     	0.004015    
1376        	10          	6.832       	0.005912    	0.009622    	0.00536     
1380        	10          	6.787       	0.005277    	0.009037    	0.005487    
1384        	10          	6.877       	0.00495     	0.009378    	0.003235    
1388        	10          	6.85        	0.004818    	0.009065    	0.003439    
1392        	10          	6.873       	0.004386    	0.007627    	0.004011    
1396        	10          	6.867       	0.0009423   	0.007158    	0.004549    
1400        	10          	6.742       	0.002848    	0.007434    	0.003893    
1404        	10          	6.833       	0.005328    	0.009903    	0.004       
1408        	10          	6.813       	0.004474    	0.008069    	0.002956    
1412        	10          	6.75        	0.003714    	0.007346    	0.00355     
1416        	10          	6.738       	0.003796    	0.009005    	0.004365    
1420        	10          	6.735       	0.004892    	0.01052     	0.005378    
1424        	10          	6.78        	0.004735    	0.009163    	0.005968    
1428        	10          	6.755       	0.005186    	0.01213     	0.002818    
1432        	10          	6.712       	0.005429    	0.009587    	0.005761    
1436        	10          	6.738       	0.003782    	0.007257    	0.003774    
1440        	10          	6.708       	0.0035      	0.007937    	0.004186    
1444        	10          	6.712       	0.003603    	0.00708     	0.003488    
1448        	10          	6.693       	0.006047    	0.01033     	0.004463    
1452        	10          	6.753       	0.003705    	0.007727    	0.004755    
1456        	10          	6.748       	0.004399    	0.007865    	0.005154    
1460        	10          	6.745       	0.005042    	0.009362    	0.003922    
1464        	10          	6.783       	0.0048      	0.009358    	0.007066    
1468        	10          	6.695       	0.005403    	0.01061     	0.003613    
1472        	10          	6.718       	0.004288    	0.006901    	0.002127    
1476        	10          	6.648       	0.003376    	0.008878    	0.00525     
1480        	10          	6.663       	0.006775    	0.01013     	0.005848    
1484        	10          	6.697       	0.005429    	0.01059     	0.004863    
1488        	10          	6.722       	0.004901    	0.007826    	0.002319    
1492        	10          	6.668       	0.004152    	0.00794     	0.003592    
1496        	10          	6.693       	0.004726    	0.01106     	0.004176    
1500        	10          	6.61        	0.006167    	0.01176     	0.003929    
1504        	10          	6.578       	0.005388    	0.01035     	0.005975    
1508        	10          	6.583       	0.005025    	0.01032     	0.00405     
1512        	10          	6.572       	0.003609    	0.008852    	0.00397     
1516        	10          	6.5         	0.004298    	0.009819    	0.005915    
1520        	10          	6.568       	0.004287    	0.01057     	0.00476     
1524        	10          	6.515       	0.004018    	0.009031    	0.003983    
1528        	10          	6.605       	0.004782    	0.008295    	0.001696    
1532        	10          	6.615       	0.004508    	0.007763    	0.005647    
1536        	10          	6.53        	0.004571    	0.01162     	0.005574    
1540        	10          	6.56        	0.004037    	0.008956    	0.005746    
1544        	10          	6.53        	0.004129    	0.009143    	0.003591    
1548        	10          	6.567       	0.007249    	0.01233     	0.005418    
1552        	10          	6.545       	0.005066    	0.009036    	0.003359    
1556        	10          	6.617       	0.002516    	0.007786    	0.005601    
1560        	10          	6.513       	0.004652    	0.009271    	0.005101    
1564        	10          	6.545       	0.002996    	0.007011    	0.004674    
1568        	10          	6.602       	0.005989    	0.01011     	0.005404    
1572        	10          	6.507       	0.004831    	0.01134     	0.005362    
1576        	10          	6.523       	0.003965    	0.008325    	0.00367     
1580        	10          	6.548       	0.004256    	0.009418    	0.004611    
1584        	10          	6.568       	0.005309    	0.008847    	0.003584    
1588        	10          	6.512       	0.005381    	0.01026     	0.005824    
1592        	10          	6.527       	0.005304    	0.01212     	0.003894    
1596        	10          	6.562       	0.003323    	0.01212     	0.007627    
1600        	10          	6.535       	0.005103    	0.009879    	0.003245    
1604        	10          	6.557       	0.003474    	0.00759     	0.003567    
1608        	10          	6.64        	0.003894    	0.009163    	0.0063      
1612        	10          	6.52        	0.002354    	0.009213    	0.0041      
1616        	10          	6.458       	0.002708    	0.00735     	0.002877    
1620        	10          	6.477       	0.003531    	0.009687    	0.005551    
1624        	10          	6.465       	0.005225    	0.008532    	0.007838    
1628        	10          	6.493       	0.004194    	0.009159    	0.003432    
1632        	10          	6.453       	0.00616     	0.009776    	0.004236    
1636        	10          	6.447       	0.003154    	0.007877    	0.003201    
1640        	10          	6.502       	0.002639    	0.009531    	0.003205    
1644        	10          	6.47        	0.006126    	0.01179     	0.005469    
1648        	10          	6.415       	0.005006    	0.01112     	0.005018    
1652        	10          	6.393       	0.004457    	0.01012     	0.004127    
1656        	10          	6.45        	0.003146    	0.008703    	0.003523    
1660        	10          	6.408       	0.006923    	0.01003     	0.004875    
1664        	10          	6.367       	0.00626     	0.01003     	0.004497    
1668        	10          	6.407       	0.007114    	0.01002     	0.006284    
1672        	10          	6.382       	0.002996    	0.008143    	0.004108    
1676        	10          	6.37        	0.005177    	0.008734    	0.003416    
1680        	10          	6.378       	0.005105    	0.007627    	0.0006121   
1684        	10          	6.382       	0.005653    	0.01005     	0.002292    
1688        	10          	6.4         	0.003898    	0.009166    	0.003418    
1692        	10          	6.363       	0.002836    	0.007       	0.003403    
1696        	10          	6.337       	0.003608    	0.00758     	0.002958    
1700        	10          	6.353       	0.003264    	0.009155    	0.004852    
1704        	10          	6.342       	0.004089    	0.01105     	0.007088    
1708        	10          	6.322       	0.004942    	0.008726    	0.003048    
1712        	10          	6.293       	0.005186    	0.00873     	0.003111    
1716        	10          	6.305       	0.003968    	0.008459    	0.0009081   
1720        	10          	6.263       	0.004885    	0.009151    	0.003403    
1724        	10          	6.27        	0.005063    	0.01133     	0.004895    
1728        	10          	6.208       	0.004439    	0.009274    	0.005163    
1732        	10          	6.268       	0.002985    	0.01123     	0.004148    
1736        	10          	6.237       	0.005531    	0.0093      	0.004701    
1740        	10          	6.24        	0.005295    	0.01178     	0.00618     
1744        	10          	6.237       	0.005327    	0.008681    	0.006689    
1748        	10          	6.22        	0.00366     	0.0103      	0.006142    
1752        	10          	6.253       	0.0046      	0.01016     	0.005685    
1756        	10          	6.245       	0.005485    	0.008527    	0.00541     
1760        	10          	6.19        	0.003586    	0.007771    	0.002098    
1764        	10          	6.18        	0.002112    	0.007128    	0.003661    
1768        	10          	6.2         	0.005283    	0.01024     	0.007502    
1772        	10          	6.165       	0.005123    	0.01168     	0.003316    
1776        	10          	6.168       	0.0068      	0.008721    	0.003994    
1780        	10          	6.183       	0.005763    	0.009094    	0.003305    
1784        	10          	6.222       	0.00396     	0.007662    	0.004607    
1788        	10          	6.188       	0.003293    	0.00657     	0.002209    
1792        	10          	6.182       	0.004609    	0.00948     	0.004308    
1796        	10          	6.215       	0.005516    	0.008198    	0.005044    
1800        	10          	6.132       	0.004595    	0.007624    	0.004065    
1804        	10          	6.108       	0.004508    	0.007473    	0.00269     
1808        	10          	6.172       	0.007234    	0.009606    	0.004244    
1812        	10          	6.13        	0.004056    	0.008782    	0.002548    
1816        	10          	6.125       	0.004397    	0.008942    	0.004644    
1820        	10          	6.162       	0.005422    	0.008333    	0.00358     
1824        	10          	6.17        	0.004942    	0.01038     	0.005214    
1828        	10          	6.162       	0.003398    	0.007637    	0.004032    
1832        	10          	6.147       	0.006943    	0.007596    	0.004264    
1836        	10          	6.145       	0.00321     	0.009969    	0.005397    
1840        	10          	6.132       	0.00564     	0.01184     	0.002698    
1844        	10          	6.095       	0.003462    	0.009985    	0.005074    
1848        	10          	6.167       	0.003459    	0.00919     	0.004285    
1852        	10          	6.093       	0.003909    	0.01008     	0.006816    
1856        	10          	6.178       	0.003556    	0.0083      	0.004395    
1860        	10          	6.155       	0.00554     	0.008585    	0.005572    
1864        	10          	6.133       	0.003531    	0.0107      	0.005095    
1868        	10          	6.15        	0.003652    	0.01046     	0.002636    
1872        	10          	6.172       	0.007332    	0.01544     	0.004332    
1876        	10          	6.087       	0.003141    	0.01051     	0.007227    
1880        	10          	6.173       	0.00572     	0.01261     	0.003689    
1884        	10          	6.103       	0.004149    	0.01018     	0.007259    
1888        	10          	6.103       	0.00446     	0.009058    	0.005171    
1892        	10          	6.1         	0.005984    	0.00784     	0.004807    
1896        	10          	6.097       	0.00391     	0.008263    	0.004983    
1900        	10          	6.08        	0.004879    	0.007821    	0.004534    
1904        	10          	6.08        	0.003145    	0.00896     	0.004923    
1908        	10          	6.11        	0.004222    	0.009016    	0.005209    
1912        	10          	6.137       	0.003416    	0.008884    	0.006673    
1916        	10          	6.127       	0.005864    	0.009363    	0.004151    
1920        	10          	6.085       	0.001256    	0.008628    	0.004883    
1924        	10          	6.127       	0.00456     	0.007299    	0.004541    
1928        	10          	6.083       	0.004429    	0.009924    	0.003872    
1932        	10          	6.107       	0.003139    	0.008261    	0.006153    
1936        	10          	6.122       	0.003392    	0.009182    	0.002238    
1940        	10          	6.133       	0.005217    	0.01283     	0.005259    
1944        	10          	6.068       	0.00744     	0.01395     	0.005494    
1948        	10          	6.045       	0.004123    	0.008376    	0.005383    
1952        	10          	6.098       	0.004872    	0.01075     	0.006274    
1956        	10          	6.015       	0.004987    	0.01226     	0.002938    
1960        	10          	6.065       	0.006169    	0.0113      	0.004173    
1964        	10          	6.077       	0.005145    	0.008371    	0.001699    
1968        	10          	6.082       	0.004203    	0.008749    	0.005706    
1972        	10          	6.05        	0.002027    	0.01031     	0.002809    
1976        	10          	6.052       	0.003896    	0.007173    	0.004465    
1980        	10          	6.027       	0.004826    	0.01116     	0.006842    
1984        	10          	6.078       	0.004093    	0.009716    	0.004291    
1988        	10          	6.06        	0.00373     	0.009842    	0.003742    
1992        	10          	6.078       	0.004841    	0.011       	0.004526    
1996        	10          	6.002       	0.005061    	0.01143     	0.005118    
2000        	10          	6.03        	0.00596     	0.008544    	0.002428    
2004        	10          	5.988       	0.00294     	0.00928     	0.00325     
2008        	10          	6.02        	0.002995    	0.00772     	0.004222    
2012        	10          	5.978       	0.005767    	0.007669    	0.004439    
2016        	10          	5.978       	0.002743    	0.009083    	0.002989    
2020        	10          	6.023       	0.003272    	0.01108     	0.006546    
2024        	10          	5.935       	0.006257    	0.009069    	0.004794    
2028        	10          	5.978       	0.005042    	0.01114     	0.003277    
2032        	10          	5.998       	0.005304    	0.008589    	0.004543    
2036        	10          	5.972       	0.006624    	0.01172     	0.005851    
2040        	10          	5.987       	0.002917    	0.009016    	0.003044    
2044        	10          	6.042       	0.005565    	0.01108     	0.003471    
2048        	10          	5.978       	0.002159    	0.007858    	0.004571    
2052        	10          	6.015       	0.004978    	0.01279     	0.003776    
2056        	10          	5.973       	0.005394    	0.01123     	0.004331    
2060        	10          	6.027       	0.006027    	0.01054     	0.004015    
2064        	10          	5.97        	0.004316    	0.007684    	0.003361    
2068        	10          	6.003       	0.004502    	0.0105      	0.003207    
2072        	10          	5.935       	0.004017    	0.01002     	0.004459    
2076        	10          	5.927       	0.00405     	0.008078    	0.003087    
2080        	10          	5.945       	0.002961    	0.008298    	0.003601    
2084        	10          	5.952       	0.002825    	0.01128     	0.004287    
2088        	10          	5.92        	0.004452    	0.008347    	0.003533    
2092        	10          	5.915       	0.004383    	0.008287    	0.00687     
2096        	10          	5.833       	0.004682    	0.007836    	0.00268     
2100        	10          	5.872       	0.00366     	0.009784    	0.002876    
2104        	10          	5.878       	0.005716    	0.008764    	0.004965    
2108        	10          	5.855       	0.003584    	0.009394    	0.003795    
2112        	10          	5.843       	0.004093    	0.009513    	0.003159    
2116        	10          	5.852       	0.005807    	0.009512    	0.00508     
2120        	10          	5.87        	0.004444    	0.006943    	0.004351    
2124        	10          	5.825       	0.00338     	0.005594    	0.003465    
2128        	10          	5.892       	0.003447    	0.008734    	0.005042    
2132        	10          	5.85        	0.00513     	0.009601    	0.005516    
2136        	10          	5.882       	0.006303    	0.009834    	0.004113    
2140        	10          	5.862       	0.003504    	0.008896    	0.003654    
2144        	10          	5.843       	0.004759    	0.01049     	0.00481     
2148        	10          	5.868       	0.001791    	0.007095    	0.003806    
2152        	10          	5.843       	0.002704    	0.006718    	0.005031    
2156        	10          	5.81        	0.004223    	0.009252    	0.004421    
2160        	10          	5.777       	0.005295    	0.00912     	0.004727    
2164        	10          	5.832       	0.004317    	0.009058    	0.003165    
2168        	10          	5.852       	0.002605    	0.009185    	0.005201    
2172        	10          	5.798       	0.003537    	0.01071     	0.002122    
2176        	10          	5.813       	0.004477    	0.007445    	0.004034    
2180        	10          	5.83        	0.005376    	0.009975    	0.005281    
2184        	10          	5.85        	0.0024      	0.007944    	0.001881    
2188        	10          	5.825       	0.00493     	0.00853     	0.003544    
2192        	10          	5.805       	0.005153    	0.01017     	0.003947    
2196        	10          	5.8         	0.005132    	0.01056     	0.004404    
2200        	10          	5.8         	0.003021    	0.01142     	0.004806    
2204        	10          	5.81        	0.005637    	0.007245    	0.003555    
2208        	10          	5.805       	0.003349    	0.008848    	0.003563    
2212        	10          	5.833       	0.007395    	0.009907    	0.006814    
2216        	10          	5.777       	0.004315    	0.006798    	0.00411     
2220        	10          	5.82        	0.004457    	0.008896    	0.004207    
2224        	10          	5.853       	0.005781    	0.009654    	0.005182    
2228        	10          	5.837       	0.004212    	0.01291     	0.003503    
2232        	10          	5.815       	0.004234    	0.009849    	0.005383    
2236        	10          	5.788       	0.004854    	0.009373    	0.002854    
2240        	10          	5.778       	0.003489    	0.009963    	0.005569    
2244        	10          	5.812       	0.002757    	0.01077     	0.003767    
2248        	10          	5.748       	0.004661    	0.009421    	0.004543    
2252        	10          	5.788       	0.00362     	0.007926    	0.002143    
2256        	10          	5.797       	0.004186    	0.009042    	0.005647    
2260        	10          	5.755       	0.005364    	0.008187    	0.005056    
2264        	10          	5.718       	0.002899    	0.009044    	0.004005    
2268        	10          	5.748       	0.005394    	0.009105    	0.005569    
2272        	10          	5.743       	0.004662    	0.008468    	0.005255    
2276        	10          	5.745       	0.00493     	0.009679    	0.004506    
2280        	10          	5.797       	0.004427    	0.008943    	0.004808    
2284        	10          	5.755       	0.003327    	0.009893    	0.003038    
2288        	10          	5.802       	0.005533    	0.0106      	0.003593    
2292        	10          	5.748       	0.00428     	0.01262     	0.006233    
2296        	10          	5.76        	0.004747    	0.009388    	0.00503     
2300        	10          	5.778       	0.003614    	0.009148    	0.002443    
2304        	10          	5.74        	0.004823    	0.01088     	0.005006    
2308        	10          	5.725       	0.004296    	0.008621    	0.001709    
2312        	10          	5.818       	0.004123    	0.008259    	0.003754    
2316        	10          	5.74        	0.003361    	0.00707     	0.003159    
2320        	10          	5.757       	0.00168     	0.005372    	0.0009653   
2324        	10          	5.84        	0.004971    	0.007497    	0.00389     
2328        	10          	5.817       	0.005352    	0.009596    	0.005247    
2332        	10          	5.842       	0.002396    	0.006979    	0.004089    
2336        	10          	5.857       	0.002493    	0.009217    	0.003101    
2340        	10          	5.748       	0.002875    	0.008135    	0.004236    
2344        	10          	5.84        	0.003333    	0.007566    	0.003472    
2348        	10          	5.765       	0.004194    	0.009151    	0.00294     
2352        	10          	5.723       	0.003428    	0.007673    	0.00273     
2356        	10          	5.758       	0.006525    	0.01269     	0.00395     
2360        	10          	5.78        	0.00269     	0.005794    	0.001562    
2364        	10          	5.773       	0.006325    	0.008931    	0.005385    
2368        	10          	5.777       	0.004826    	0.008796    	0.004643    
2372        	10          	5.775       	0.005097    	0.009087    	0.003186    
2376        	10          	5.735       	0.005231    	0.01126     	0.004792    
2380        	10          	5.725       	0.003976    	0.007916    	0.004218    
2384        	10          	5.757       	0.005176    	0.008334    	0.004496    
2388        	10          	5.727       	0.005687    	0.009546    	0.0057      
2392        	10          	5.763       	0.002403    	0.008324    	0.003654    
2396        	10          	5.745       	0.007151    	0.01032     	0.00519     
2400        	10          	5.747       	0.004414    	0.0124      	0.004853    
2404        	10          	5.783       	0.004725    	0.009364    	0.00555     
2408        	10          	5.787       	0.003921    	0.008939    	0.005257    
2412        	10          	5.81        	0.003647    	0.008556    	0.003295    
2416        	10          	5.755       	0.002928    	0.008958    	0.001381    
2420        	10          	5.77        	0.004709    	0.008134    	0.003225    
2424        	10          	5.757       	0.003839    	0.007256    	0.003235    
2428        	10          	5.735       	0.005604    	0.008727    	0.003434    
2432        	10          	5.725       	0.005284    	0.008719    	0.004477    
2436        	10          	5.733       	0.002839    	0.006025    	0.003462    
2440        	10          	5.72        	0.004457    	0.009483    	0.004566    
2444        	10          	5.753       	0.003199    	0.01054     	0.003786    
2448        	10          	5.745       	0.003434    	0.009749    	0.003714    
2452        	10          	5.763       	0.004722    	0.008817    	0.005827    
2456        	10          	5.643       	0.007554    	0.009979    	0.00664     
2460        	10          	5.678       	0.005168    	0.01053     	0.003994    
2464        	10          	5.727       	0.003834    	0.006529    	0.003661    
2468        	10          	5.667       	0.004934    	0.01144     	0.004836    
2472        	10          	5.697       	0.003698    	0.009686    	0.004664    
2476        	10          	5.703       	0.001721    	0.008828    	0.002867    
2480        	10          	5.717       	0.007426    	0.01128     	0.005346    
2484        	10          	5.632       	0.006111    	0.009933    	0.004649    
2488        	10          	5.778       	0.003204    	0.008572    	0.004419    
2492        	10          	5.687       	0.006669    	0.0107      	0.003061    
2496        	10          	5.693       	0.003724    	0.007716    	0.002476    
2500        	10          	5.683       	0.005505    	0.008623    	0.00392     
2504        	10          	5.713       	0.001173    	0.008917    	0.007079    
2508        	10          	5.653       	0.002404    	0.00749     	0.00468     
2512        	10          	5.698       	0.003393    	0.009116    	0.003254    
2516        	10          	5.632       	0.003066    	0.008073    	0.004893    
2520        	10          	5.682       	0.00561     	0.01099     	0.006165    
2524        	10          	5.645       	0.003907    	0.009843    	0.004354    
2528        	10          	5.658       	0.004318    	0.009697    	0.005719    
2532        	10          	5.645       	0.004709    	0.01062     	0.004157    
2536        	10          	5.653       	0.00631     	0.01003     	0.003642    
2540        	10          	5.675       	0.003603    	0.008887    	0.005047    
2544        	10          	5.592       	0.004103    	0.009808    	0.005762    
2548        	10          	5.658       	0.003589    	0.01043     	0.004512    
2552        	10          	5.67        	0.005745    	0.01098     	0.003075    
2556        	10          	5.698       	0.004356    	0.01024     	0.003173    
2560        	10          	5.64        	0.003475    	0.008528    	0.004163    
2564        	10          	5.63        	0.002055    	0.007657    	0.003739    
2568        	10          	5.608       	0.003765    	0.01012     	0.006673    
2572        	10          	5.618       	0.006343    	0.009888    	0.004903    
2576        	10          	5.6         	0.004572    	0.009306    	0.005323    
2580        	10          	5.582       	0.004561    	0.005102    	0.003074    
2584        	10          	5.592       	0.001665    	0.006442    	0.00348     
2588        	10          	5.615       	0.003642    	0.01022     	0.004376    
2592        	10          	5.637       	0.002315    	0.00893     	0.001192    
2596        	10          	5.637       	0.005698    	0.009035    	0.003084    
2600        	10          	5.622       	0.002839    	0.009104    	0.00466     
2604        	10          	5.603       	0.001507    	0.009052    	0.005046    
2608        	10          	5.598       	0.006592    	0.009483    	0.002945    
2612        	10          	5.588       	0.003793    	0.007244    	0.004452    
2616        	10          	5.607       	0.004479    	0.008027    	0.005429    
2620        	10          	5.64        	0.005106    	0.00722     	0.00313     
2624        	10          	5.615       	0.003249    	0.007296    	0.005496    
2628        	10          	5.628       	0.002798    	0.007096    	0.002177    
2632        	10          	5.612       	0.004127    	0.008601    	0.00367     
2636        	10          	5.608       	0.004162    	0.01047     	0.005843    
2640        	10          	5.617       	0.006508    	0.007169    	0.003401    
2644        	10          	5.627       	0.004341    	0.007954    	0.002526    
2648        	10          	5.663       	0.00268     	0.008978    	0.004038    
2652        	10          	5.593       	0.002356    	0.006655    	0.003262    
2656        	10          	5.605       	0.002688    	0.009706    	0.003945    
2660        	10          	5.538       	0.005734    	0.009291    	0.003709    
2664        	10          	5.58        	0.002027    	0.008593    	0.005702    
2668        	10          	5.552       	0.006481    	0.01036     	0.003268    
2672        	10          	5.588       	0.004882    	0.01046     	0.004553    
2676        	10          	5.562       	0.005009    	0.008633    	0.006038    
2680        	10          	5.56        	0.003752    	0.006639    	0.005866    
2684        	10          	5.555       	0.005393    	0.01223     	0.006029    
2688        	10          	5.51        	0.004603    	0.008149    	0.0005804   
2692        	10          	5.482       	0.003555    	0.01012     	0.005203    
2696        	10          	5.555       	0.004356    	0.009714    	0.00287     
2700        	10          	5.533       	0.005842    	0.01202     	0.005614    
2704        	10          	5.527       	0.005038    	0.009515    	0.006592    
2708        	10          	5.565       	0.005537    	0.009918    	0.004736    
2712        	10          	5.528       	0.004395    	0.009034    	0.003562    
2716        	10          	5.548       	0.00404     	0.008832    	0.004199    
2720        	10          	5.567       	0.004506    	0.008976    	0.00341     
2724        	10          	5.527       	0.005432    	0.008777    	0.003098    
2728        	10          	5.622       	0.002478    	0.00656     	0.004734    
2732        	10          	5.528       	0.005214    	0.007551    	0.004262    
2736        	10          	5.552       	0.004412    	0.006606    	0.005363    
2740        	10          	5.553       	0.005731    	0.007973    	0.005216    
2744        	10          	5.48        	0.003431    	0.01014     	0.004629    
2748        	10          	5.487       	0.002547    	0.00918     	0.004393    
2752        	10          	5.467       	0.003365    	0.008978    	0.006594    
2756        	10          	5.435       	0.002022    	0.009024    	0.002641    
2760        	10          	5.477       	0.006955    	0.01227     	0.007033    
2764        	10          	5.53        	0.002819    	0.00902     	0.003869    
2768        	10          	5.55        	0.002766    	0.008333    	0.003827    
2772        	10          	5.563       	0.003836    	0.01045     	0.004361    
2776        	10          	5.523       	0.003906    	0.01209     	0.004731    
2780        	10          	5.565       	0.005921    	0.009793    	0.004365    
2784        	10          	5.513       	0.004584    	0.009707    	0.004152    
2788        	10          	5.577       	0.004316    	0.01133     	0.00398     
2792        	10          	5.515       	0.003731    	0.01005     	0.00478     
2796        	10          	5.583       	0.006739    	0.008268    	0.003803    
2800        	10          	5.53        	0.004353    	0.007896    	0.003219    
2804        	10          	5.488       	0.001633    	0.0081      	0.004962    
2808        	10          	5.563       	0.006149    	0.01356     	0.006952    
2812        	10          	5.503       	0.002991    	0.008656    	0.005005    
2816        	10          	5.472       	0.004787    	0.007464    	0.004485    
2820        	10          	5.5         	0.005176    	0.01053     	0.005936    
2824        	10          	5.523       	0.008705    	0.01372     	0.004607    
2828        	10          	5.513       	0.003524    	0.01079     	0.004914    
2832        	10          	5.523       	0.005604    	0.006866    	0.003977    
2836        	10          	5.537       	0.005501    	0.01029     	0.00409     
2840        	10          	5.542       	0.003054    	0.01063     	0.003302    
2844        	10          	5.492       	0.006707    	0.01044     	0.002912    
2848        	10          	5.57        	0.005035    	0.0103      	0.004161    
2852        	10          	5.487       	0.0035      	0.009026    	0.003974    
2856        	10          	5.507       	0.005171    	0.01098     	0.005187    
2860        	10          	5.525       	0.005782    	0.008482    	0.003685    
2864        	10          	5.558       	0.003216    	0.007252    	0.002367    
2868        	10          	5.533       	0.005501    	0.01103     	0.003501    
2872        	10          	5.508       	0.003682    	0.005948    	0.003645    
2876        	10          	5.463       	0.006082    	0.008692    	0.004355    
2880        	10          	5.462       	0.006062    	0.009095    	0.004639    
2884        	10          	5.477       	0.005357    	0.01209     	0.002764    
2888        	10          	5.485       	0.006753    	0.01001     	0.004347    
2892        	10          	5.467       	0.003812    	0.006881    	0.004169    
2896        	10          	5.478       	0.002816    	0.009483    	0.004778    
2900        	10          	5.458       	0.003186    	0.007847    	0.003178    
2904        	10          	5.467       	0.004068    	0.008968    	0.004575    
2908        	10          	5.492       	0.005947    	0.009565    	0.005134    
2912        	10          	5.485       	0.005284    	0.00864     	0.004809    
2916        	10          	5.49        	0.004206    	0.007762    	0.00371     
2920        	10          	5.497       	0.004597    	0.009303    	0.002312    
2924        	10          	5.458       	0.003337    	0.007209    	0.002388    
2928        	10          	5.47        	0.004721    	0.01038     	0.003191    
2932        	10          	5.46        	0.005941    	0.007843    	0.0029      
2936        	10          	5.453       	0.005644    	0.01178     	0.00367     
2940        	10          	5.468       	0.002236    	0.01091     	0.007677    
2944        	10          	5.505       	0.005163    	0.01008     	0.004372    
2948        	10          	5.463       	0.006216    	0.01071     	0.004546    
2952        	10          	5.465       	0.003457    	0.009888    	0.004067    
2956        	10          	5.46        	0.003082    	0.009696    	0.004635    
2960        	10          	5.427       	0.004648    	0.008332    	0.003291    
2964        	10          	5.427       	0.002217    	0.008889    	0.004814    
2968        	10          	5.408       	0.004593    	0.01149     	0.006014    
2972        	10          	5.43        	0.005112    	0.007823    	0.004842    
2976        	10          	5.388       	0.001923    	0.008773    	0.004018    
2980        	10          	5.37        	0.005884    	0.01236     	0.003092    
2984        	10          	5.4         	0.005099    	0.008187    	0.004921    
2988        	10          	5.382       	0.005081    	0.009213    	0.003787    
2992        	10          	5.375       	0.003685    	0.009486    	0.005998    
2996        	10          	5.363       	0.005602    	0.01104     	0.003678    
3000        	10          	5.373       	0.003563    	0.007796    	0.002831    
3004        	10          	5.375       	0.006264    	0.007829    	0.005421    
3008        	10          	5.438       	0.006219    	0.009878    	0.003494    
3012        	10          	5.325       	0.004288    	0.009273    	0.004467    
3016        	10          	5.387       	0.006561    	0.009708    	0.004217    
3020        	10          	5.428       	0.002867    	0.006496    	0.004422    
3024        	10          	5.348       	0.004412    	0.009274    	0.005034    
3028        	10          	5.375       	0.004535    	0.008196    	0.003951    
3032        	10          	5.352       	0.00409     	0.007001    	0.001983    
3036        	10          	5.36        	0.005782    	0.01092     	0.004806    
3040        	10          	5.367       	0.002531    	0.009745    	0.004121    
3044        	10          	5.392       	0.003817    	0.01017     	0.003733    
3048        	10          	5.327       	0.00831     	0.01032     	0.005462    
3052        	10          	5.35        	0.004549    	0.009896    	0.003643    
3056        	10          	5.357       	0.007328    	0.008706    	0.005745    
3060        	10          	5.372       	0.005559    	0.01046     	0.004767    
3064        	10          	5.388       	0.005218    	0.00939     	0.003064    
3068        	10          	5.378       	0.005001    	0.009752    	0.00367     
3072        	10          	5.357       	0.003996    	0.0111      	0.004229    
3076        	10          	5.365       	0.002721    	0.00991     	0.004504    
3080        	10          	5.38        	0.001306    	0.006848    	0.003612    
3084        	10          	5.358       	0.004477    	0.01153     	0.005848    
3088        	10          	5.365       	0.004913    	0.007628    	0.004582    
3092        	10          	5.343       	0.003179    	0.01076     	0.004522    
3096        	10          	5.387       	0.005602    	0.008287    	0.004668    
3100        	10          	5.358       	0.005717    	0.00785     	0.003774    
3104        	10          	5.397       	0.004193    	0.008409    	0.003649    
3108        	10          	5.4         	0.004243    	0.009389    	0.004992    
3112        	10          	5.368       	0.001856    	0.006874    	0.003302    
3116        	10          	5.423       	0.003484    	0.00502     	0.002597    
3120        	10          	5.338       	0.003058    	0.007579    	0.005196    
3124        	10          	5.382       	0.004279    	0.008005    	0.004533    
3128        	10          	5.355       	0.004193    	0.006646    	0.002919    
3132        	10          	5.37        	0.002959    	0.006685    	0.005415    
3136        	10          	5.365       	0.006939    	0.009117    	0.003855    
3140        	10          	5.34        	0.004181    	0.007266    	0.004788    
3144        	10          	5.365       	0.003437    	0.01082     	0.007641    
3148        	10          	5.362       	0.003017    	0.009604    	0.005381    
3152        	10          	5.393       	0.002149    	0.009723    	0.005457    
3156        	10          	5.358       	0.005753    	0.01046     	0.004648    
3160        	10          	5.435       	0.006235    	0.01001     	0.006487    
3164        	10          	5.382       	0.003149    	0.009753    	0.005621    
3168        	10          	5.353       	0.005849    	0.007777    	0.004568    
3172        	10          	5.393       	0.00418     	0.009409    	0.003836    
3176        	10          	5.357       	0.001739    	0.007726    	0.001316    
3180        	10          	5.353       	0.002764    	0.01019     	0.004282    
3184        	10          	5.363       	0.003005    	0.008445    	0.004462    
3188        	10          	5.343       	0.005537    	0.008528    	0.00474     
3192        	10          	5.363       	0.002983    	0.008886    	0.004473    
3196        	10          	5.348       	0.003426    	0.007309    	0.004957    
3200        	10          	5.357       	0.00444     	0.007171    	0.005298    
3204        	10          	5.353       	0.005252    	0.0102      	0.00416     
3208        	10          	5.327       	0.005767    	0.009041    	0.003581    
3212        	10          	5.383       	0.003388    	0.008598    	0.005271    
3216        	10          	5.38        	0.004283    	0.008659    	0.003627    
3220        	10          	5.378       	0.003771    	0.00827     	0.002861    
3224        	10          	5.328       	0.005804    	0.007785    	0.00181     
3228        	10          	5.353       	0.00412     	0.01015     	0.003592    
3232        	10          	5.407       	0.002759    	0.01032     	0.00597     
3236        	10          	5.383       	0.004181    	0.007562    	0.003733    
3240        	10          	5.338       	0.00494     	0.01032     	0.005273    
3244        	10          	5.363       	0.004736    	0.008681    	0.003653    
3248        	10          	5.337       	0.00424     	0.01176     	0.005381    
3252        	10          	5.372       	0.003347    	0.01138     	0.007261    
3256        	10          	5.38        	0.00329     	0.009993    	0.005308    
3260        	10          	5.34        	0.005037    	0.01123     	0.005506    
3264        	10          	5.32        	0.003701    	0.00865     	0.002381    
3268        	10          	5.343       	0.005205    	0.007478    	0.004299    
3272        	10          	5.342       	0.004866    	0.007007    	0.004623    
3276        	10          	5.363       	0.004982    	0.008319    	0.004884    
3280        	10          	5.345       	0.004566    	0.009706    	0.005862    
3284        	10          	5.35        	0.004454    	0.01229     	0.005565    
3288        	10          	5.348       	0.003029    	0.008344    	0.001468    
3292        	10          	5.325       	0.001915    	0.007926    	0.004541    
3296        	10          	5.358       	0.004095    	0.008595    	0.004745    
3300        	10          	5.383       	0.002492    	0.007351    	0.00504     
3304        	10          	5.323       	0.005238    	0.008768    	0.006015    
3308        	10          	5.317       	0.003435    	0.007565    	0.001503    
3312        	10          	5.323       	0.005262    	0.009977    	0.003382    
3316        	10          	5.297       	0.003802    	0.007913    	0.004894    
3320        	10          	5.31        	0.006676    	0.01263     	0.006495    
3324        	10          	5.323       	0.005217    	0.01331     	0.006614    
3328        	10          	5.307       	0.003279    	0.01075     	0.004814    
3332        	10          	5.277       	0.003959    	0.01005     	0.002636    
3336        	10          	5.283       	0.003437    	0.01034     	0.003158    
3340        	10          	5.295       	0.002859    	0.007567    	0.00337     
3344        	10          	5.298       	0.004263    	0.007285    	0.003724    
3348        	10          	5.303       	0.006621    	0.01082     	0.003868    
3352        	10          	5.355       	0.003515    	0.006659    	0.002231    
3356        	10          	5.29        	0.004214    	0.01008     	0.004053    
3360        	10          	5.332       	0.004453    	0.009644    	0.007397    
3364        	10          	5.278       	0.005337    	0.009203    	0.004848    
3368        	10          	5.258       	0.002909    	0.01104     	0.006082    
3372        	10          	5.263       	0.00337     	0.0102      	0.004241    
3376        	10          	5.245       	0.005581    	0.01184     	0.005847    
3380        	10          	5.258       	0.00354     	0.008429    	0.005235    
3384        	10          	5.24        	0.005157    	0.01016     	0.00463     
3388        	10          	5.307       	0.006234    	0.008991    	0.003546    
3392        	10          	5.263       	0.004694    	0.008351    	0.00455     
3396        	10          	5.212       	0.004712    	0.007816    	0.006718    
3400        	10          	5.197       	0.003571    	0.008959    	0.005154    
3404        	10          	5.213       	0.00315     	0.01103     	0.006863    
3408        	10          	5.307       	0.004557    	0.01094     	0.005668    
3412        	10          	5.255       	0.002665    	0.008399    	0.002221    
3416        	10          	5.273       	0.00611     	0.008331    	0.006429    
3420        	10          	5.31        	0.004863    	0.0112      	0.004578    
3424        	10          	5.275       	0.002608    	0.008349    	0.002196    
3428        	10          	5.293       	0.00646     	0.007526    	0.006172    
3432        	10          	5.225       	0.006057    	0.01013     	0.003114    
3436        	10          	5.22        	0.00507     	0.009131    	0.00668     
3440        	10          	5.235       	0.004605    	0.009527    	0.004358    
3444        	10          	5.198       	0.004687    	0.01047     	0.006119    
3448        	10          	5.248       	0.002678    	0.009506    	0.005902    
3452        	10          	5.192       	0.004532    	0.009749    	0.004279    
3456        	10          	5.192       	0.005035    	0.008463    	0.003443    
3460        	10          	5.282       	0.002334    	0.007739    	0.003836    
3464        	10          	5.207       	0.008482    	0.009902    	0.006049    
3468        	10          	5.235       	0.004698    	0.009358    	0.004463    
3472        	10          	5.275       	0.003911    	0.008206    	0.00387     
3476        	10          	5.255       	0.006106    	0.009299    	0.005836    
3480        	10          	5.297       	0.003456    	0.007785    	0.004111    
3484        	10          	5.277       	0.006569    	0.01239     	0.005316    
3488        	10          	5.285       	0.002767    	0.009394    	0.00527     
3492        	10          	5.305       	0.005502    	0.01186     	0.006049    
3496        	10          	5.182       	0.005431    	0.01054     	0.006368    
3500        	10          	5.178       	0.004871    	0.01106     	0.006772    
3504        	10          	5.222       	0.00427     	0.006864    	0.002877    
3508        	10          	5.217       	0.006727    	0.01239     	0.006576    
3512        	10          	5.18        	0.004313    	0.01025     	0.00474     
3516        	10          	5.188       	0.003672    	0.01309     	0.007173    
3520        	10          	5.25        	0.003097    	0.01067     	0.004754    
3524        	10          	5.19        	0.003141    	0.009032    	0.002609    
3528        	10          	5.163       	0.004843    	0.01116     	0.00604     
3532        	10          	5.153       	0.00527     	0.009372    	0.003738    
3536        	10          	5.182       	0.004244    	0.008066    	0.003593    
3540        	10          	5.163       	0.003844    	0.01125     	0.004293    
3544        	10          	5.178       	0.003283    	0.01063     	0.003355    
3548        	10          	5.14        	0.004257    	0.009749    	0.005037    
3552        	10          	5.168       	0.005365    	0.01097     	0.004155    
3556        	10          	5.143       	0.003593    	0.01147     	0.003599    
3560        	10          	5.16        	0.001913    	0.007231    	0.004217    
3564        	10          	5.19        	0.003617    	0.007293    	0.00398     
3568        	10          	5.168       	0.00473     	0.007774    	0.002281    
3572        	10          	5.15        	0.004097    	0.007539    	0.006225    
3576        	10          	5.158       	0.00286     	0.007935    	0.003684    
3580        	10          	5.192       	0.001673    	0.008329    	0.003017    
3584        	10          	5.188       	0.004286    	0.008395    	0.005473    
3588        	10          	5.157       	0.004579    	0.007979    	0.004652    
3592        	10          	5.137       	0.006054    	0.006588    	0.002445    
3596        	10          	5.168       	0.004542    	0.007415    	0.002807    
3600        	10          	5.187       	0.00569     	0.008961    	0.002928    
3604        	10          	5.233       	0.002684    	0.007387    	0.005245    
3608        	10          	5.113       	0.005683    	0.00967     	0.004496    
3612        	10          	5.165       	0.006047    	0.01011     	0.006647    
3616        	10          	5.145       	0.004108    	0.009676    	0.007793    
3620        	10          	5.187       	0.005578    	0.01135     	0.005838    
3624        	10          	5.143       	0.004601    	0.009854    	0.004271    
3628        	10          	5.155       	0.005346    	0.01144     	0.00612     
3632        	10          	5.192       	0.004195    	0.009487    	0.003951    
3636        	10          	5.185       	0.004642    	0.0121      	0.004821    
3640        	10          	5.212       	0.006012    	0.01178     	0.004882    
3644        	10          	5.16        	0.00306     	0.008894    	0.004402    
3648        	10          	5.127       	0.002809    	0.009872    	0.004464    
3652        	10          	5.128       	0.00431     	0.009581    	0.002549    
3656        	10          	5.153       	0.004377    	0.006452    	0.00279     
3660        	10          	5.193       	0.002803    	0.009005    	0.002981    
3664        	10          	5.14        	0.00559     	0.008532    	0.003255    
3668        	10          	5.167       	0.004973    	0.009901    	0.003299    
3672        	10          	5.138       	0.003217    	0.009238    	0.004402    
3676        	10          	5.125       	0.005069    	0.007376    	0.003994    
3680        	10          	5.147       	0.004118    	0.01304     	0.006724    
3684        	10          	5.162       	0.00581     	0.009908    	0.001384    
3688        	10          	5.183       	0.004782    	0.009241    	0.004341    
3692        	10          	5.19        	0.005297    	0.009332    	0.00436     
3696        	10          	5.187       	0.006854    	0.01142     	0.006347    
3700        	10          	5.142       	0.003373    	0.0101      	0.005117    
3704        	10          	5.215       	0.005544    	0.007725    	0.004275    
3708        	10          	5.218       	0.0009545   	0.00732     	0.003688    
3712        	10          	5.178       	0.003949    	0.009376    	0.004155    
3716        	10          	5.14        	0.002953    	0.00742     	0.004986    
3720        	10          	5.173       	0.004776    	0.009592    	0.002979    
3724        	10          	5.15        	0.002449    	0.008489    	0.003824    
3728        	10          	5.118       	0.002949    	0.006538    	0.002677    
3732        	10          	5.113       	0.004799    	0.008724    	0.004477    
3736        	10          	5.202       	0.00522     	0.01104     	0.003972    
3740        	10          	5.182       	0.004421    	0.007765    	0.005229    
3744        	10          	5.183       	0.004013    	0.009798    	0.002772    
3748        	10          	5.207       	0.003005    	0.007781    	0.005842    
3752        	10          	5.167       	0.002767    	0.007757    	0.003919    
3756        	10          	5.212       	0.00283     	0.007858    	0.003658    
3760        	10          	5.147       	0.00446     	0.007398    	0.003744    
3764        	10          	5.143       	0.006509    	0.01041     	0.004022    
3768        	10          	5.138       	0.005163    	0.007163    	0.002068    
3772        	10          	5.155       	0.005251    	0.008958    	0.002826    
3776        	10          	5.11        	0.006723    	0.008334    	0.002881    
3780        	10          	5.137       	0.004071    	0.007196    	0.002366    
3784        	10          	5.107       	0.003349    	0.01309     	0.005704    
3788        	10          	5.138       	0.003902    	0.01373     	0.003345    
3792        	10          	5.123       	0.002726    	0.005511    	0.004488    
3796        	10          	5.092       	0.004492    	0.009767    	0.002535    
3800        	10          	5.072       	0.005152    	0.008727    	0.005241    
3804        	10          	5.098       	0.004125    	0.0068      	0.004465    
3808        	10          	5.045       	0.00255     	0.007591    	0.004856    
3812        	10          	5.078       	0.004618    	0.008357    	0.002765    
3816        	10          	5.018       	0.003302    	0.01318     	0.004845    
3820        	10          	5.073       	0.00571     	0.01069     	0.004504    
3824        	10          	5.113       	0.005975    	0.01253     	0.004114    
3828        	10          	5.098       	0.005279    	0.012       	0.005102    
3832        	10          	5.043       	0.005107    	0.01171     	0.003973    
3836        	10          	5.1         	0.005118    	0.0137      	0.005584    
3840        	10          	5.113       	0.005908    	0.00868     	0.005051    
3844        	10          	5.112       	0.004199    	0.01112     	0.002563    
3848        	10          	5.158       	0.004741    	0.007927    	0.005486    
3852        	10          	5.113       	0.004189    	0.01003     	0.005335    
3856        	10          	5.095       	0.00696     	0.01409     	0.003806    
3860        	10          	5.128       	0.005381    	0.008576    	0.005054    
3864        	10          	5.103       	0.002673    	0.009385    	0.005974    
3868        	10          	5.173       	0.004771    	0.008695    	0.002447    
3872        	10          	5.167       	0.002484    	0.006879    	0.003801    
3876        	10          	5.12        	0.00177     	0.008772    	0.005442    
3880        	10          	5.108       	0.00605     	0.009919    	0.005198    
3884        	10          	5.137       	0.004349    	0.0101      	0.002153    
3888        	10          	5.09        	0.005426    	0.008794    	0.004547    
3892        	10          	5.078       	0.002068    	0.009808    	0.007919    
3896        	10          	5.083       	0.004873    	0.00973     	0.00492     
3900        	10          	5.118       	0.003779    	0.0103      	0.002304    
3904        	10          	5.097       	0.001646    	0.007062    	0.003129    
3908        	10          	5.132       	0.003013    	0.009363    	0.005267    
3912        	10          	5.092       	0.006462    	0.01147     	0.002432    
3916        	10          	5.13        	0.002054    	0.0103      	0.004061    
3920        	10          	5.092       	0.00488     	0.008268    	0.003606    
3924        	10          	5.045       	0.004673    	0.01201     	0.007564    
3928        	10          	5.118       	0.004476    	0.01097     	0.0071      
3932        	10          	5.09        	0.002705    	0.01004     	0.004542    
3936        	10          	5.113       	0.004751    	0.009148    	0.006057    
3940        	10          	5.087       	0.004628    	0.01186     	0.005389    
3944        	10          	5.112       	0.002823    	0.008851    	0.004404    
3948        	10          	5.133       	0.004106    	0.01233     	0.006692    
3952        	10          	5.155       	0.001879    	0.006975    	0.004296    
3956        	10          	5.098       	0.005364    	0.008211    	0.006133    
3960        	10          	5.132       	0.00288     	0.008557    	0.00429     
3964        	10          	5.093       	0.00422     	0.00821     	0.003046    
3968        	10          	5.067       	0.002777    	0.007844    	0.003157    
3972        	10          	5.067       	0.002811    	0.00897     	0.003948    
3976        	10          	5.102       	0.00395     	0.009401    	0.001618    
3980        	10          	5.042       	0.004393    	0.009891    	0.006261    
3984        	10          	5.12        	0.002382    	0.01209     	0.004076    
3988        	10          	5.108       	0.002795    	0.0076      	0.004112    
3992        	10          	5.073       	0.006746    	0.009415    	0.003617    
3996        	10          	5.063       	0.005588    	0.009298    	0.005455    
4000        	10          	5.07        	0.003547    	0.005972    	0.004171    
4004        	10          	5.025       	0.006121    	0.009346    	0.004384    
4008        	10          	4.997       	0.01127     	0.01778     	0.005989    
4012        	10          	4.988       	0.01131     	0.01482     	0.00285     
4016        	10          	4.963       	0.01735     	0.01868     	0.004418    
4020        	10          	4.903       	0.02415     	0.02277     	0.005421    
4024        	10          	4.933       	0.02526     	0.02617     	0.004086    
4028        	10          	4.908       	0.03032     	0.03157     	0.006737    
4032        	10          	4.862       	0.03364     	0.02858     	0.005019    
4036        	10          	4.883       	0.0334      	0.0338      	0.005373    
4040        	10          	4.805       	0.03497     	0.036       	0.003101    
4044        	10          	4.858       	0.04509     	0.04358     	0.004331    
4048        	10          	4.81        	0.04339     	0.04378     	0.009239    
4052        	10          	4.753       	0.04944     	0.04683     	0.009482    
4056        	10          	4.76        	0.04865     	0.04957     	0.01505     
4060        	10          	4.688       	0.05173     	0.0518      	0.01624     
4064        	10          	4.703       	0.05931     	0.05486     	0.02165     
4068        	10          	4.682       	0.06052     	0.06347     	0.02904     
4072        	10          	4.662       	0.05996     	0.06236     	0.02496     
4076        	10          	4.638       	0.0708      	0.06795     	0.03348     
4080        	10          	4.607       	0.06847     	0.06623     	0.03382     
4084        	10          	4.555       	0.07829     	0.074       	0.0388      
4088        	10          	4.56        	0.07399     	0.07316     	0.04529     
4092        	10          	4.532       	0.08089     	0.08236     	0.04517     
4096        	10          	4.538       	0.08157     	0.0826      	0.05365     
4100        	10          	4.47        	0.08877     	0.08911     	0.05542     
4104        	10          	4.477       	0.08189     	0.08639     	0.05666     
4108        	10          	4.413       	0.08546     	0.08925     	0.06423     
4112        	10          	4.44        	0.09618     	0.09751     	0.07231     
4116        	10          	4.35        	0.09777     	0.09549     	0.07497     
4120        	10          	4.372       	0.1013      	0.0991      	0.0699      
4124        	10          	4.375       	0.1015      	0.09753     	0.07578     
4128        	10          	4.363       	0.1061      	0.1059      	0.07878     
4132        	10          	4.385       	0.1101      	0.1097      	0.08127     
4136        	10          	4.383       	0.1126      	0.1101      	0.0846      
4140        	10          	4.33        	0.1169      	0.1137      	0.08565     
4144        	10          	4.307       	0.1272      	0.1182      	0.09411     
4148        	10          	4.323       	0.1268      	0.1208      	0.09486     
4152        	10          	4.302       	0.132       	0.1294      	0.09567     
4156        	10          	4.273       	0.1304      	0.125       	0.09954     
4160        	10          	4.29        	0.1325      	0.1315      	0.1015      
4164        	10          	4.238       	0.1298      	0.1353      	0.1054      
4168        	10          	4.232       	0.1419      	0.1418      	0.1134      
4172        	10          	4.237       	0.1453      	0.1424      	0.1123      
4176        	10          	4.242       	0.1444      	0.1441      	0.1203      
4180        	10          	4.213       	0.1374      	0.1437      	0.1146      
4184        	10          	4.232       	0.1504      	0.15        	0.1241      
4188        	10          	4.225       	0.1487      	0.1526      	0.1182      
4192        	10          	4.203       	0.1524      	0.1507      	0.1267      
4196        	10          	4.14        	0.1572      	0.1519      	0.125       
4200        	10          	4.147       	0.1595      	0.1556      	0.127       
4204        	10          	4.175       	0.1654      	0.1607      	0.1373      
4208        	10          	4.168       	0.1718      	0.1655      	0.1388      
4212        	10          	4.18        	0.1688      	0.1666      	0.1362      
4216        	10          	4.1         	0.176       	0.1735      	0.1423      
4220        	10          	4.133       	0.1763      	0.1718      	0.1393      
4224        	10          	4.11        	0.1817      	0.182       	0.153       
4228        	10          	4.1         	0.1812      	0.1767      	0.1534      
4232        	10          	4.062       	0.1847      	0.1822      	0.1525      
4236        	10          	4.02        	0.1838      	0.1852      	0.1594      
4240        	10          	4.073       	0.1769      	0.1791      	0.1528      
4244        	10          	4.028       	0.1837      	0.1862      	0.1555      
4248        	10          	4.035       	0.1787      	0.1853      	0.153       
4252        	10          	4.013       	0.1905      	0.185       	0.1568      
4256        	10          	4.04        	0.1873      	0.1833      	0.1649      
4260        	10          	3.948       	0.1982      	0.1988      	0.1633      
4264        	10          	3.987       	0.1924      	0.196       	0.1556      
4268        	10          	4.005       	0.1899      	0.1977      	0.161       
4272        	10          	3.967       	0.2006      	0.1901      	0.1667      
4276        	10          	3.988       	0.2022      	0.196       	0.1736      
4280        	10          	3.95        	0.2026      	0.2008      	0.1711      
4284        	10          	3.917       	0.2048      	0.1963      	0.1754      
4288        	10          	3.927       	0.2026      	0.2041      	0.1816      
4292        	10          	3.917       	0.2129      	0.2053      	0.1811      
4296        	10          	3.922       	0.2074      	0.2044      	0.1911      
4300        	10          	3.898       	0.2053      	0.2076      	0.1835      
4304        	10          	3.89        	0.2143      	0.2179      	0.1948      
4308        	10          	3.865       	0.213       	0.2165      	0.1887      
4312        	10          	3.897       	0.2209      	0.2158      	0.1898      
4316        	10          	3.837       	0.2159      	0.2189      	0.1949      
4320        	10          	3.892       	0.2211      	0.22        	0.189       
4324        	10          	3.828       	0.2236      	0.2198      	0.1968      
4328        	10          	3.783       	0.2254      	0.226       	0.2016      
4332        	10          	3.815       	0.2279      	0.2191      	0.2024      
4336        	10          	3.818       	0.2223      	0.2196      	0.2049      
4340        	10          	3.833       	0.2317      	0.2235      	0.2027      
4344        	10          	3.812       	0.2258      	0.2301      	0.209       
4348        	10          	3.792       	0.2264      	0.2297      	0.2093      
4352        	10          	3.823       	0.2352      	0.231       	0.2114      
4356        	10          	3.805       	0.2265      	0.2307      	0.2124      
4360        	10          	3.832       	0.2377      	0.2328      	0.2097      
4364        	10          	3.753       	0.2402      	0.2362      	0.2146      
4368        	10          	3.818       	0.2421      	0.2369      	0.2149      
4372        	10          	3.782       	0.2517      	0.2439      	0.2219      
4376        	10          	3.757       	0.2479      	0.246       	0.2239      
4380        	10          	3.772       	0.2473      	0.2418      	0.2252      
4384        	10          	3.798       	0.2519      	0.248       	0.2261      
4388        	10          	3.753       	0.257       	0.2465      	0.2267      
4392        	10          	3.795       	0.2634      	0.2484      	0.2287      
4396        	10          	3.727       	0.257       	0.2499      	0.2168      
4400        	10          	3.727       	0.2573      	0.2507      	0.226       
4404        	10          	3.74        	0.2575      	0.2533      	0.2256      
4408        	10          	3.71        	0.2597      	0.2568      	0.2319      
4412        	10          	3.73        	0.2547      	0.2512      	0.2258      
4416        	10          	3.728       	0.2552      	0.258       	0.2317      
4420        	10          	3.737       	0.2583      	0.2568      	0.2242      
4424        	10          	3.73        	0.2641      	0.2627      	0.2314      
4428        	10          	3.727       	0.2642      	0.2627      	0.2294      
4432        	10          	3.732       	0.2647      	0.2563      	0.2289      
4436        	10          	3.718       	0.2756      	0.2724      	0.2361      
4440        	10          	3.748       	0.2588      	0.2664      	0.2343      
4444        	10          	3.753       	0.2675      	0.2703      	0.2327      
4448        	10          	3.768       	0.2646      	0.2622      	0.2302      
4452        	10          	3.712       	0.2639      	0.2639      	0.2286      
4456        	10          	3.758       	0.2635      	0.2609      	0.2303      
4460        	10          	3.71        	0.2659      	0.263       	0.2354      
4464        	10          	3.768       	0.2731      	0.2714      	0.2371      
4468        	10          	3.723       	0.2716      	0.2761      	0.2367      
4472        	10          	3.73        	0.2702      	0.2761      	0.2388      
4476        	10          	3.73        	0.273       	0.2816      	0.242       
4480        	10          	3.723       	0.2812      	0.2833      	0.2439      
4484        	10          	3.717       	0.2827      	0.2856      	0.2482      
4488        	10          	3.728       	0.2816      	0.2849      	0.2484      
4492        	10          	3.677       	0.2902      	0.2851      	0.25        
4496        	10          	3.708       	0.2899      	0.2819      	0.253       
4500        	10          	3.692       	0.2837      	0.2816      	0.2522      
4504        	10          	3.667       	0.2901      	0.2908      	0.2485      
4508        	10          	3.66        	0.2952      	0.2933      	0.254       
4512        	10          	3.622       	0.2911      	0.2935      	0.2612      
4516        	10          	3.598       	0.2989      	0.2943      	0.2608      
4520        	10          	3.653       	0.282       	0.2918      	0.2537      
4524        	10          	3.652       	0.2899      	0.2962      	0.264       
4528        	10          	3.672       	0.291       	0.2959      	0.2579      
4532        	10          	3.64        	0.2957      	0.3032      	0.2643      
4536        	10          	3.625       	0.2965      	0.3037      	0.2626      
4540        	10          	3.633       	0.3004      	0.3066      	0.2634      
4544        	10          	3.608       	0.3014      	0.303       	0.2632      
4548        	10          	3.638       	0.3022      	0.3035      	0.2654      
4552        	10          	3.585       	0.3084      	0.3134      	0.2704      
4556        	10          	3.592       	0.3084      	0.3125      	0.273       
4560        	10          	3.598       	0.3123      	0.3097      	0.2697      
4564        	10          	3.613       	0.3081      	0.3081      	0.2814      
4568        	10          	3.637       	0.3044      	0.3071      	0.2679      
4572        	10          	3.615       	0.2973      	0.3035      	0.2688      
4576        	10          	3.6         	0.3049      	0.3086      	0.2779      
4580        	10          	3.558       	0.301       	0.3092      	0.27        
4584        	10          	3.55        	0.3031      	0.3156      	0.282       
4588        	10          	3.642       	0.2987      	0.3131      	0.2773      
4592        	10          	3.513       	0.3028      	0.3195      	0.2861      
4596        	10          	3.542       	0.3006      	0.3151      	0.2864      
4600        	10          	3.542       	0.2993      	0.3188      	0.277       
4604        	10          	3.51        	0.308       	0.3255      	0.2898      
4608        	10          	3.522       	0.2985      	0.3239      	0.2792      
4612        	10          	3.503       	0.3066      	0.3264      	0.2862      
4616        	10          	3.54        	0.3064      	0.3299      	0.2982      
4620        	10          	3.507       	0.3013      	0.3273      	0.2885      
4624        	10          	3.497       	0.3026      	0.3275      	0.2937      
4628        	10          	3.503       	0.3049      	0.3214      	0.2961      
4632        	10          	3.483       	0.3037      	0.3315      	0.2958      
4636        	10          	3.472       	0.3109      	0.3256      	0.3018      
4640        	10          	3.47        	0.3109      	0.3317      	0.2991      
4644        	10          	3.435       	0.3094      	0.3304      	0.3017      
4648        	10          	3.453       	0.3118      	0.3337      	0.2999      
4652        	10          	3.462       	0.3166      	0.3391      	0.3032      
4656        	10          	3.453       	0.3119      	0.3346      	0.3132      
4660        	10          	3.423       	0.3208      	0.34        	0.3147      
4664        	10          	3.43        	0.3182      	0.3385      	0.31        
4668        	10          	3.438       	0.3181      	0.3375      	0.3062      
4672        	10          	3.432       	0.3163      	0.3324      	0.3119      
4676        	10          	3.388       	0.3129      	0.347       	0.3144      
4680        	10          	3.407       	0.327       	0.3524      	0.3224      
4684        	10          	3.372       	0.3204      	0.3474      	0.3277      
4688        	10          	3.402       	0.3288      	0.3524      	0.3216      
4692        	10          	3.392       	0.3283      	0.3573      	0.3294      
4696        	10          	3.403       	0.3185      	0.3495      	0.3252      
4700        	10          	3.388       	0.3247      	0.351       	0.3167      
4704        	10          	3.413       	0.3215      	0.3523      	0.3246      
4708        	10          	3.387       	0.3258      	0.3583      	0.3181      
4712        	10          	3.433       	0.3213      	0.353       	0.3271      
4716        	10          	3.417       	0.3225      	0.3569      	0.3202      
4720        	10          	3.403       	0.3206      	0.3529      	0.3205      
4724        	10          	3.383       	0.3275      	0.3558      	0.3195      
4728        	10          	3.377       	0.3214      	0.3477      	0.3214      
4732        	10          	3.388       	0.3297      	0.3553      	0.322       
4736        	10          	3.388       	0.3252      	0.3574      	0.3221      
4740        	10          	3.423       	0.326       	0.3487      	0.3209      
4744        	10          	3.388       	0.3284      	0.3542      	0.3272      
4748        	10          	3.417       	0.324       	0.3558      	0.3259      
4752        	10          	3.398       	0.3262      	0.354       	0.3203      
4756        	10          	3.377       	0.3286      	0.354       	0.3265      
4760        	10          	3.383       	0.3318      	0.3543      	0.3263      
4764        	10          	3.408       	0.3322      	0.3595      	0.3279      
4768        	10          	3.368       	0.3249      	0.3503      	0.3294      
4772        	10          	3.395       	0.3332      	0.3584      	0.3314      
4776        	10          	3.387       	0.3307      	0.356       	0.332       
4780        	10          	3.415       	0.3326      	0.364       	0.34        
4784        	10          	3.403       	0.3382      	0.3625      	0.3361      
4788        	10          	3.42        	0.3334      	0.3644      	0.3287      
4792        	10          	3.432       	0.3408      	0.3669      	0.3374      
4796        	10          	3.412       	0.3462      	0.3722      	0.329       
4800        	10          	3.4         	0.3501      	0.3659      	0.3382      
4804        	10          	3.395       	0.353       	0.3713      	0.3382      
4808        	10          	3.405       	0.3423      	0.3703      	0.3374      
4812        	10          	3.393       	0.3496      	0.3781      	0.3315      
4816        	10          	3.383       	0.3407      	0.3738      	0.3385      
4820        	10          	3.387       	0.3552      	0.3765      	0.341       
4824        	10          	3.37        	0.3448      	0.3689      	0.3432      
4828        	10          	3.362       	0.3519      	0.3721      	0.337       
4832        	10          	3.342       	0.3539      	0.3656      	0.3385      
4836        	10          	3.41        	0.3513      	0.3672      	0.3423      
4840        	10          	3.367       	0.3581      	0.3695      	0.3429      
4844        	10          	3.368       	0.3615      	0.3681      	0.3413      
4848        	10          	3.417       	0.3442      	0.3577      	0.3376      
4852        	10          	3.385       	0.3531      	0.3708      	0.3403      
4856        	10          	3.392       	0.3586      	0.3754      	0.3478      
4860        	10          	3.392       	0.3602      	0.3752      	0.3551      
4864        	10          	3.343       	0.3593      	0.3711      	0.3478      
4868        	10          	3.387       	0.357       	0.3649      	0.3488      
4872        	10          	3.365       	0.3553      	0.3656      	0.3435      
4876        	10          	3.323       	0.3682      	0.3756      	0.3487      
4880        	10          	3.362       	0.3649      	0.3683      	0.3522      
4884        	10          	3.357       	0.3655      	0.3825      	0.3439      
4888        	10          	3.388       	0.3664      	0.3746      	0.3425      
4892        	10          	3.37        	0.3674      	0.3689      	0.3504      
4896        	10          	3.363       	0.3557      	0.3671      	0.344       
4900        	10          	3.392       	0.3705      	0.3717      	0.3465      
4904        	10          	3.345       	0.3596      	0.3678      	0.3462      
4908        	10          	3.327       	0.3692      	0.3768      	0.3554      
4912        	10          	3.307       	0.3684      	0.3848      	0.3592      
4916        	10          	3.333       	0.3634      	0.3809      	0.3548      
4920        	10          	3.35        	0.3685      	0.372       	0.3586      
4924        	10          	3.342       	0.3617      	0.3708      	0.3495      
4928        	10          	3.347       	0.362       	0.3691      	0.3548      
4932        	10          	3.313       	0.3714      	0.3807      	0.357       
4936        	10          	3.317       	0.3687      	0.3829      	0.359       
4940        	10          	3.305       	0.3692      	0.3829      	0.3557      
4944        	10          	3.322       	0.3633      	0.3807      	0.3596      
4948        	10          	3.312       	0.3698      	0.3817      	0.3587      
4952        	10          	3.34        	0.3674      	0.3773      	0.3553      
4956        	10          	3.298       	0.3741      	0.3905      	0.3591      
4960        	10          	3.295       	0.3695      	0.3886      	0.3593      
4964        	10          	3.34        	0.3718      	0.3926      	0.3672      
4968        	10          	3.312       	0.366       	0.3902      	0.3689      
4972        	10          	3.325       	0.3807      	0.391       	0.3642      
4976        	10          	3.282       	0.3754      	0.3883      	0.3661      
4980        	10          	3.323       	0.3711      	0.3859      	0.3638      
4984        	10          	3.3         	0.3802      	0.3913      	0.3701      
4988        	10          	3.297       	0.3774      	0.3832      	0.3631      
4992        	10          	3.323       	0.3756      	0.3872      	0.3683      
4996        	10          	3.362       	0.3843      	0.3917      	0.3668      
5000        	10          	3.343       	0.3801      	0.3849      	0.3683      
