generation  	alive.rpl   	n.adlt.rs   	n.adlt.fst.wc_p1-2	n.adlt.fst.wc_p1-3	n.adlt.fst.wc_p2-3
5           	10          	17.54       	0.01117     	0.01608     	0.0102      
10          	10          	16.25       	0.01755     	0.02981     	0.01669     
15          	10          	14.93       	0.02201     	0.03873     	0.01971     
20          	10          	14.18       	0.02201     	0.04233     	0.02154     
25          	10          	13.53       	0.02152     	0.04348     	0.0215      
30          	10          	12.91       	0.02172     	0.04658     	0.02347     
35          	10          	12.28       	0.0227      	0.04991     	0.02396     
40          	10          	11.76       	0.02458     	0.05082     	0.02135     
45          	10          	11.29       	0.02199     	0.04737     	0.02284     
50          	10          	10.82       	0.02551     	0.05108     	0.02292     
55          	10          	10.46       	0.02294     	0.05019     	0.02343     
60          	10          	10.01       	0.02248     	0.05152     	0.02791     
65          	10          	9.77        	0.02324     	0.04642     	0.02016     
70          	10          	9.458       	0.02072     	0.04659     	0.02208     
75          	10          	9.188       	0.02199     	0.04355     	0.02106     
80          	10          	8.893       	0.02144     	0.04613     	0.02032     
85          	10          	8.573       	0.02111     	0.04548     	0.02149     
90          	10          	8.347       	0.02228     	0.04708     	0.02254     
95          	10          	8.048       	0.01979     	0.04788     	0.02619     
100         	10          	7.865       	0.01947     	0.04551     	0.0242      
105         	10          	7.778       	0.02128     	0.04823     	0.01973     
110         	10          	7.543       	0.02367     	0.04742     	0.02551     
115         	10          	7.327       	0.0232      	0.04415     	0.02066     
120         	10          	7.267       	0.02274     	0.04631     	0.01694     
125         	10          	7.038       	0.0217      	0.04584     	0.02052     
130         	10          	6.905       	0.02141     	0.04429     	0.02373     
135         	10          	6.795       	0.02275     	0.04784     	0.02203     
140         	10          	6.617       	0.02234     	0.04876     	0.02513     
145         	10          	6.575       	0.02532     	0.04893     	0.02221     
150         	10          	6.417       	0.02247     	0.04942     	0.0214      
155         	10          	6.337       	0.02493     	0.0521      	0.02349     
160         	10          	6.307       	0.02176     	0.04631     	0.02411     
165         	10          	6.148       	0.02061     	0.04338     	0.02108     
170         	10          	6.002       	0.02185     	0.04868     	0.0234      
175         	10          	5.943       	0.02463     	0.05107     	0.0235      
180         	10          	5.873       	0.02251     	0.05198     	0.02509     
185         	10          	5.752       	0.02013     	0.04709     	0.02451     
190         	10          	5.677       	0.0241      	0.04911     	0.02383     
195         	10          	5.587       	0.0248      	0.04526     	0.02062     
200         	10          	5.502       	0.02297     	0.04488     	0.02124     
205         	10          	5.48        	0.02469     	0.04593     	0.0198      
210         	10          	5.393       	0.02112     	0.04183     	0.0205      
215         	10          	5.317       	0.02228     	0.04199     	0.02148     
220         	10          	5.247       	0.02644     	0.04825     	0.02064     
225         	10          	5.247       	0.01851     	0.04282     	0.02136     
230         	10          	5.175       	0.01912     	0.04447     	0.02384     
235         	10          	5.112       	0.02744     	0.04735     	0.02104     
240         	10          	5.097       	0.01792     	0.03942     	0.01839     
245         	10          	5.003       	0.02538     	0.04602     	0.02009     
250         	10          	4.927       	0.02431     	0.04241     	0.02091     
255         	10          	4.907       	0.02555     	0.04961     	0.02185     
260         	10          	4.877       	0.02245     	0.04376     	0.0195      
265         	10          	4.802       	0.02415     	0.04613     	0.01889     
270         	10          	4.693       	0.02228     	0.04841     	0.01931     
275         	10          	4.647       	0.02827     	0.05134     	0.02253     
280         	10          	4.632       	0.02915     	0.05215     	0.01975     
285         	10          	4.562       	0.02539     	0.04842     	0.02285     
290         	10          	4.572       	0.02527     	0.04737     	0.01982     
295         	10          	4.535       	0.02627     	0.04995     	0.02305     
300         	10          	4.44        	0.02149     	0.0496      	0.02066     
305         	10          	4.477       	0.02206     	0.04435     	0.02261     
310         	10          	4.385       	0.02291     	0.05019     	0.02011     
315         	10          	4.342       	0.0243      	0.04874     	0.02194     
320         	10          	4.267       	0.01994     	0.0511      	0.027       
325         	10          	4.163       	0.02541     	0.04922     	0.0239      
330         	10          	4.158       	0.0235      	0.05314     	0.02975     
335         	10          	4.105       	0.02549     	0.05395     	0.02915     
340         	10          	4.107       	0.0267      	0.04982     	0.02296     
345         	10          	4.087       	0.02121     	0.04198     	0.02126     
350         	10          	4.07        	0.02609     	0.04582     	0.01673     
355         	10          	4.027       	0.01817     	0.04367     	0.02559     
360         	10          	3.955       	0.02223     	0.04061     	0.01556     
365         	10          	3.937       	0.02372     	0.04511     	0.02232     
370         	10          	3.945       	0.02338     	0.05153     	0.02316     
375         	10          	3.882       	0.01911     	0.04097     	0.02188     
380         	10          	3.893       	0.0223      	0.03807     	0.0196      
385         	10          	3.837       	0.02169     	0.04543     	0.02047     
390         	10          	3.81        	0.02284     	0.04678     	0.02889     
395         	10          	3.798       	0.02294     	0.04635     	0.02065     
400         	10          	3.743       	0.03126     	0.05691     	0.02467     
405         	10          	3.738       	0.02475     	0.04519     	0.0257      
410         	10          	3.735       	0.02277     	0.04408     	0.01753     
415         	10          	3.69        	0.02513     	0.04944     	0.02014     
420         	10          	3.678       	0.02073     	0.04536     	0.02448     
425         	10          	3.637       	0.02001     	0.04234     	0.02353     
430         	10          	3.632       	0.0193      	0.04441     	0.01778     
435         	10          	3.602       	0.0209      	0.05048     	0.02374     
440         	10          	3.618       	0.02347     	0.04708     	0.02114     
445         	10          	3.567       	0.02263     	0.04316     	0.02606     
450         	10          	3.548       	0.01879     	0.04468     	0.01836     
455         	10          	3.555       	0.01989     	0.04038     	0.02105     
460         	10          	3.49        	0.02642     	0.04848     	0.0248      
465         	10          	3.487       	0.02384     	0.04773     	0.02462     
470         	10          	3.458       	0.01725     	0.05055     	0.02184     
475         	10          	3.48        	0.02391     	0.05321     	0.02132     
480         	10          	3.407       	0.023       	0.05566     	0.03231     
485         	10          	3.415       	0.02539     	0.0512      	0.02217     
490         	10          	3.435       	0.02678     	0.04666     	0.012       
495         	10          	3.382       	0.02693     	0.04591     	0.02202     
500         	10          	3.343       	0.01541     	0.03806     	0.02259     
505         	10          	3.338       	0.01936     	0.04296     	0.02029     
510         	10          	3.352       	0.01823     	0.0427      	0.01856     
515         	10          	3.312       	0.02008     	0.03964     	0.01903     
520         	10          	3.298       	0.02021     	0.04999     	0.02329     
525         	10          	3.258       	0.02214     	0.04417     	0.01824     
530         	10          	3.218       	0.02041     	0.04952     	0.02102     
535         	10          	3.232       	0.01542     	0.03994     	0.0252      
540         	10          	3.218       	0.01437     	0.03706     	0.01975     
545         	10          	3.202       	0.02248     	0.04337     	0.02559     
550         	10          	3.157       	0.02506     	0.04402     	0.02124     
555         	10          	3.178       	0.02043     	0.04219     	0.02026     
560         	10          	3.193       	0.01697     	0.03674     	0.02261     
565         	10          	3.187       	0.01841     	0.04509     	0.02392     
570         	10          	3.197       	0.02088     	0.04034     	0.02839     
575         	10          	3.148       	0.02452     	0.0426      	0.02293     
580         	10          	3.097       	0.02561     	0.04816     	0.02136     
585         	10          	3.13        	0.02058     	0.05775     	0.02605     
590         	10          	3.122       	0.02341     	0.04578     	0.02258     
595         	10          	3.083       	0.01622     	0.04413     	0.02486     
600         	10          	3.097       	0.02073     	0.0504      	0.01728     
605         	10          	3.117       	0.01952     	0.0493      	0.02297     
610         	10          	3.108       	0.02319     	0.05431     	0.02371     
615         	10          	3.077       	0.01843     	0.04661     	0.01928     
620         	10          	3.065       	0.02374     	0.0485      	0.0189      
625         	10          	3.033       	0.01916     	0.05124     	0.0251      
630         	10          	2.952       	0.01806     	0.0439      	0.02357     
635         	10          	2.993       	0.01943     	0.04712     	0.02571     
640         	10          	2.987       	0.0219      	0.03983     	0.02074     
645         	10          	2.99        	0.01946     	0.04704     	0.02085     
650         	10          	2.963       	0.02257     	0.04583     	0.02146     
655         	10          	2.943       	0.02383     	0.04694     	0.02229     
660         	10          	2.93        	0.02448     	0.04601     	0.02361     
665         	10          	2.943       	0.01501     	0.04366     	0.02218     
670         	10          	2.987       	0.02309     	0.04781     	0.02009     
675         	10          	2.99        	0.02046     	0.04002     	0.01936     
680         	10          	2.953       	0.01428     	0.03897     	0.02364     
685         	10          	2.948       	0.01934     	0.04038     	0.01517     
690         	10          	2.958       	0.01749     	0.04148     	0.02134     
695         	10          	2.957       	0.02022     	0.04134     	0.01825     
700         	10          	2.962       	0.0252      	0.0398      	0.017       
705         	10          	3.012       	0.02347     	0.04223     	0.02504     
710         	10          	3.023       	0.01425     	0.04468     	0.02086     
715         	10          	3           	0.02075     	0.04976     	0.0154      
720         	10          	3.02        	0.0265      	0.04784     	0.02065     
725         	10          	3           	0.02417     	0.04667     	0.02121     
730         	10          	2.963       	0.02907     	0.04858     	0.02706     
735         	10          	2.957       	0.02318     	0.04927     	0.01869     
740         	10          	2.933       	0.01773     	0.04994     	0.02441     
745         	10          	2.957       	0.02365     	0.04942     	0.02403     
750         	10          	2.965       	0.01994     	0.05197     	0.02494     
755         	10          	2.943       	0.02129     	0.04151     	0.0132      
760         	10          	2.915       	0.02209     	0.04464     	0.01809     
765         	10          	2.935       	0.02254     	0.0532      	0.02759     
770         	10          	2.877       	0.02123     	0.05153     	0.02809     
775         	10          	2.908       	0.01574     	0.04514     	0.01494     
780         	10          	2.908       	0.01923     	0.04269     	0.01942     
785         	10          	2.887       	0.02316     	0.04394     	0.01956     
790         	10          	2.875       	0.02388     	0.0472      	0.01613     
795         	10          	2.905       	0.02454     	0.04861     	0.01973     
800         	10          	2.843       	0.02297     	0.05071     	0.02441     
805         	10          	2.847       	0.0245      	0.05077     	0.02372     
810         	10          	2.847       	0.02901     	0.04745     	0.02278     
815         	10          	2.828       	0.02381     	0.05046     	0.02244     
820         	10          	2.828       	0.01529     	0.04732     	0.02433     
825         	10          	2.8         	0.01926     	0.0482      	0.02307     
830         	10          	2.812       	0.01942     	0.05256     	0.02457     
835         	10          	2.827       	0.02572     	0.05167     	0.02026     
840         	10          	2.803       	0.02272     	0.05096     	0.02059     
845         	10          	2.83        	0.01496     	0.0397      	0.01923     
850         	10          	2.805       	0.0206      	0.04234     	0.02        
855         	10          	2.815       	0.01778     	0.04407     	0.02052     
860         	10          	2.813       	0.01836     	0.04894     	0.0286      
865         	10          	2.783       	0.02819     	0.05477     	0.02273     
870         	10          	2.772       	0.02565     	0.05378     	0.02136     
875         	10          	2.74        	0.02049     	0.05782     	0.02306     
880         	10          	2.747       	0.02066     	0.06129     	0.03119     
885         	10          	2.787       	0.01888     	0.04266     	0.02675     
890         	10          	2.79        	0.02561     	0.05315     	0.02711     
895         	10          	2.798       	0.02242     	0.05698     	0.028       
900         	10          	2.797       	0.03142     	0.05916     	0.02413     
905         	10          	2.805       	0.02264     	0.0528      	0.01962     
910         	10          	2.793       	0.02254     	0.05209     	0.01871     
915         	10          	2.805       	0.01751     	0.0481      	0.02379     
920         	10          	2.777       	0.02235     	0.04723     	0.02047     
925         	10          	2.753       	0.02139     	0.05128     	0.03261     
930         	10          	2.765       	0.01975     	0.03799     	0.01737     
935         	10          	2.78        	0.0247      	0.05453     	0.02074     
940         	10          	2.782       	0.02117     	0.04827     	0.01936     
945         	10          	2.797       	0.01816     	0.03861     	0.02277     
950         	10          	2.793       	0.02177     	0.03422     	0.01751     
955         	10          	2.785       	0.01972     	0.03497     	0.01502     
960         	10          	2.763       	0.02186     	0.05111     	0.02389     
965         	10          	2.788       	0.01901     	0.05084     	0.02095     
970         	10          	2.772       	0.02052     	0.0457      	0.02052     
975         	10          	2.752       	0.02675     	0.05735     	0.02072     
980         	10          	2.737       	0.02573     	0.04812     	0.01952     
985         	10          	2.742       	0.01928     	0.04816     	0.02627     
990         	10          	2.742       	0.017       	0.03973     	0.01675     
995         	10          	2.732       	0.0202      	0.03783     	0.01795     
1000        	10          	2.727       	0.01743     	0.04472     	0.02743     
1005        	10          	2.765       	0.01366     	0.03386     	0.02066     
1010        	10          	2.743       	0.02        	0.03822     	0.0191      
1015        	10          	2.748       	0.0261      	0.04053     	0.01458     
1020        	10          	2.742       	0.02589     	0.04288     	0.02086     
1025        	10          	2.753       	0.01991     	0.04476     	0.0219      
1030        	10          	2.787       	0.02457     	0.04826     	0.02198     
1035        	10          	2.768       	0.01715     	0.0484      	0.01965     
1040        	10          	2.783       	0.01483     	0.04004     	0.02514     
1045        	10          	2.738       	0.01288     	0.0361      	0.02348     
1050        	10          	2.728       	0.02385     	0.04978     	0.02151     
1055        	10          	2.728       	0.02729     	0.05863     	0.02462     
1060        	10          	2.687       	0.03076     	0.05242     	0.01901     
1065        	10          	2.677       	0.02197     	0.04756     	0.0272      
1070        	10          	2.67        	0.02293     	0.05724     	0.0272      
1075        	10          	2.687       	0.01909     	0.04556     	0.01899     
1080        	10          	2.675       	0.0262      	0.04041     	0.02153     
1085        	10          	2.688       	0.01963     	0.04763     	0.0191      
1090        	10          	2.663       	0.02738     	0.04925     	0.02534     
1095        	10          	2.65        	0.02436     	0.04453     	0.01978     
1100        	10          	2.643       	0.0219      	0.04554     	0.02241     
1105        	10          	2.607       	0.02431     	0.05651     	0.03027     
1110        	10          	2.635       	0.02285     	0.04598     	0.02261     
1115        	10          	2.592       	0.01467     	0.04177     	0.01786     
1120        	10          	2.603       	0.0184      	0.03428     	0.01804     
1125        	10          	2.603       	0.02454     	0.04149     	0.01994     
1130        	10          	2.613       	0.01502     	0.03033     	0.01938     
1135        	10          	2.612       	0.01942     	0.0338      	0.01813     
1140        	10          	2.615       	0.02141     	0.03986     	0.02177     
1145        	10          	2.615       	0.01479     	0.03634     	0.01891     
1150        	10          	2.615       	0.0219      	0.05007     	0.02396     
1155        	10          	2.64        	0.01841     	0.04461     	0.02198     
1160        	10          	2.615       	0.02388     	0.03745     	0.0223      
1165        	10          	2.63        	0.02712     	0.04966     	0.03122     
1170        	10          	2.552       	0.02077     	0.05186     	0.03175     
1175        	10          	2.572       	0.02004     	0.05025     	0.02319     
1180        	10          	2.557       	0.02161     	0.04076     	0.02127     
1185        	10          	2.573       	0.01968     	0.04415     	0.02475     
1190        	10          	2.603       	0.01646     	0.03408     	0.01655     
1195        	10          	2.617       	0.01892     	0.04502     	0.02301     
1200        	10          	2.612       	0.0209      	0.04231     	0.02304     
1205        	10          	2.647       	0.02365     	0.05001     	0.02195     
1210        	10          	2.64        	0.02559     	0.04653     	0.02418     
1215        	10          	2.622       	0.02362     	0.05874     	0.03027     
1220        	10          	2.618       	0.02594     	0.04747     	0.02077     
1225        	10          	2.595       	0.02617     	0.0569      	0.03187     
1230        	10          	2.597       	0.01364     	0.04679     	0.02036     
1235        	10          	2.577       	0.01729     	0.04733     	0.02464     
1240        	10          	2.57        	0.02404     	0.04657     	0.02081     
1245        	10          	2.585       	0.02222     	0.04204     	0.01879     
1250        	10          	2.575       	0.01907     	0.04467     	0.02136     
1255        	10          	2.557       	0.01466     	0.03791     	0.0242      
1260        	10          	2.52        	0.02198     	0.04078     	0.02197     
1265        	10          	2.515       	0.01356     	0.04106     	0.02081     
1270        	10          	2.492       	0.01911     	0.04006     	0.02319     
1275        	10          	2.537       	0.01669     	0.0373      	0.01947     
1280        	10          	2.535       	0.01434     	0.03146     	0.01708     
1285        	10          	2.503       	0.02169     	0.03648     	0.02043     
1290        	10          	2.507       	0.02096     	0.03703     	0.02181     
1295        	10          	2.487       	0.01823     	0.04073     	0.02278     
1300        	10          	2.503       	0.02032     	0.04482     	0.01995     
1305        	10          	2.495       	0.02043     	0.04674     	0.02114     
1310        	10          	2.468       	0.0241      	0.04193     	0.02062     
1315        	10          	2.45        	0.0221      	0.04094     	0.02111     
1320        	10          	2.472       	0.0173      	0.04697     	0.02802     
1325        	10          	2.478       	0.01856     	0.04504     	0.02213     
1330        	10          	2.477       	0.01996     	0.04317     	0.02226     
1335        	10          	2.448       	0.03639     	0.05679     	0.02595     
1340        	10          	2.465       	0.0187      	0.04567     	0.02072     
1345        	10          	2.477       	0.02718     	0.05277     	0.02043     
1350        	10          	2.465       	0.02195     	0.04365     	0.02067     
1355        	10          	2.462       	0.02274     	0.03886     	0.01812     
1360        	10          	2.44        	0.01396     	0.0465      	0.01897     
1365        	10          	2.433       	0.01743     	0.04522     	0.01836     
1370        	10          	2.452       	0.02131     	0.04705     	0.02403     
1375        	10          	2.462       	0.0179      	0.04862     	0.01766     
1380        	10          	2.508       	0.02373     	0.04813     	0.0192      
1385        	10          	2.51        	0.02048     	0.03635     	0.02487     
1390        	10          	2.513       	0.02719     	0.04826     	0.02557     
1395        	10          	2.528       	0.01933     	0.05593     	0.02442     
1400        	10          	2.518       	0.02401     	0.04609     	0.02336     
1405        	10          	2.507       	0.02924     	0.06236     	0.02835     
1410        	10          	2.473       	0.02427     	0.06011     	0.02617     
1415        	10          	2.477       	0.02434     	0.05294     	0.02317     
1420        	10          	2.478       	0.01878     	0.04225     	0.02473     
1425        	10          	2.47        	0.02495     	0.05893     	0.02773     
1430        	10          	2.432       	0.02266     	0.06038     	0.02166     
1435        	10          	2.468       	0.02229     	0.04275     	0.01886     
1440        	10          	2.457       	0.01951     	0.04513     	0.0207      
1445        	10          	2.447       	0.02475     	0.04704     	0.02247     
1450        	10          	2.453       	0.02237     	0.04965     	0.02375     
1455        	10          	2.48        	0.02122     	0.0466      	0.02867     
1460        	10          	2.47        	0.02409     	0.04437     	0.02414     
1465        	10          	2.48        	0.01603     	0.03982     	0.01368     
1470        	10          	2.483       	0.02455     	0.04379     	0.01663     
1475        	10          	2.44        	0.02674     	0.0519      	0.01623     
1480        	10          	2.413       	0.02953     	0.05171     	0.02227     
1485        	10          	2.457       	0.03107     	0.05247     	0.01979     
1490        	10          	2.422       	0.01484     	0.04319     	0.02833     
1495        	10          	2.415       	0.01803     	0.03625     	0.01926     
1500        	10          	2.398       	0.01764     	0.03637     	0.02368     
1505        	10          	2.422       	0.02229     	0.0354      	0.02163     
1510        	10          	2.402       	0.02024     	0.03001     	0.01288     
1515        	10          	2.418       	0.02829     	0.03748     	0.01312     
1520        	10          	2.402       	0.02773     	0.03643     	0.0217      
1525        	10          	2.422       	0.0131      	0.03574     	0.01563     
1530        	10          	2.4         	0.01345     	0.04437     	0.02246     
1535        	10          	2.412       	0.02525     	0.04087     	0.0178      
1540        	10          	2.442       	0.01599     	0.03985     	0.01826     
1545        	10          	2.403       	0.0179      	0.036       	0.01458     
1550        	10          	2.445       	0.01679     	0.03569     	0.0201      
1555        	10          	2.455       	0.026       	0.04733     	0.01526     
1560        	10          	2.435       	0.02599     	0.04892     	0.02534     
1565        	10          	2.447       	0.02609     	0.05447     	0.02251     
1570        	10          	2.467       	0.01528     	0.04363     	0.02032     
1575        	10          	2.462       	0.02264     	0.05545     	0.02356     
1580        	10          	2.438       	0.02557     	0.04694     	0.02418     
1585        	10          	2.488       	0.007606    	0.03697     	0.01706     
1590        	10          	2.43        	0.02916     	0.0565      	0.01945     
1595        	10          	2.427       	0.01725     	0.03579     	0.01506     
1600        	10          	2.43        	0.01882     	0.05009     	0.02815     
1605        	10          	2.418       	0.018       	0.0423      	0.02995     
1610        	10          	2.433       	0.01641     	0.05292     	0.02081     
1615        	10          	2.413       	0.02112     	0.04972     	0.02692     
1620        	10          	2.425       	0.01991     	0.03912     	0.02011     
1625        	10          	2.437       	0.02544     	0.04024     	0.022       
1630        	10          	2.418       	0.02294     	0.04455     	0.01773     
1635        	10          	2.437       	0.01825     	0.03412     	0.01517     
1640        	10          	2.412       	0.02046     	0.03251     	0.01441     
1645        	10          	2.418       	0.02007     	0.03462     	0.02364     
1650        	10          	2.423       	0.0203      	0.03978     	0.01702     
1655        	10          	2.42        	0.02222     	0.03824     	0.01735     
1660        	10          	2.428       	0.01788     	0.04216     	0.02341     
1665        	10          	2.407       	0.02633     	0.03825     	0.02091     
1670        	10          	2.403       	0.02149     	0.04013     	0.01474     
1675        	10          	2.407       	0.02102     	0.04512     	0.01558     
1680        	10          	2.415       	0.01726     	0.04807     	0.02458     
1685        	10          	2.385       	0.02863     	0.05443     	0.01827     
1690        	10          	2.393       	0.02592     	0.05386     	0.02266     
1695        	10          	2.388       	0.02264     	0.06132     	0.02683     
1700        	10          	2.41        	0.0209      	0.04822     	0.02437     
1705        	10          	2.463       	0.02071     	0.04073     	0.0246      
1710        	10          	2.455       	0.02452     	0.04589     	0.0207      
1715        	10          	2.447       	0.0176      	0.04825     	0.01659     
1720        	10          	2.445       	0.01839     	0.04321     	0.01778     
1725        	10          	2.488       	0.02229     	0.0413      	0.01928     
1730        	10          	2.463       	0.01757     	0.03945     	0.0216      
1735        	10          	2.45        	0.02564     	0.0413      	0.01521     
1740        	10          	2.442       	0.02422     	0.04294     	0.01856     
1745        	10          	2.463       	0.02244     	0.05216     	0.02571     
1750        	10          	2.453       	0.02087     	0.0539      	0.02477     
1755        	10          	2.445       	0.01765     	0.03824     	0.01959     
1760        	10          	2.427       	0.018       	0.04576     	0.02697     
1765        	10          	2.448       	0.02126     	0.03861     	0.02188     
1770        	10          	2.457       	0.0213      	0.04227     	0.01753     
1775        	10          	2.448       	0.01611     	0.04084     	0.02394     
1780        	10          	2.492       	0.01315     	0.04529     	0.02009     
1785        	10          	2.462       	0.02293     	0.04892     	0.01775     
1790        	10          	2.512       	0.01968     	0.05554     	0.01988     
1795        	10          	2.512       	0.02068     	0.04827     	0.02272     
1800        	10          	2.518       	0.02402     	0.04907     	0.02248     
1805        	10          	2.502       	0.01584     	0.03686     	0.01438     
1810        	10          	2.458       	0.02348     	0.04687     	0.02547     
1815        	10          	2.505       	0.02239     	0.0483      	0.0206      
1820        	10          	2.457       	0.02464     	0.04876     	0.02742     
1825        	10          	2.462       	0.02577     	0.05669     	0.0263      
1830        	10          	2.473       	0.01698     	0.04638     	0.02352     
1835        	10          	2.467       	0.02383     	0.05205     	0.02489     
1840        	10          	2.488       	0.01778     	0.04092     	0.01711     
1845        	10          	2.498       	0.02382     	0.04203     	0.02162     
1850        	10          	2.513       	0.02577     	0.04452     	0.02062     
1855        	10          	2.49        	0.01839     	0.04421     	0.01827     
1860        	10          	2.508       	0.02054     	0.04805     	0.02044     
1865        	10          	2.515       	0.02516     	0.04562     	0.02143     
1870        	10          	2.488       	0.03048     	0.05237     	0.02474     
1875        	10          	2.498       	0.0227      	0.04641     	0.01623     
1880        	10          	2.5         	0.02424     	0.04746     	0.02069     
1885        	10          	2.485       	0.02177     	0.04917     	0.02232     
1890        	10          	2.498       	0.01677     	0.04257     	0.01713     
1895        	10          	2.495       	0.02066     	0.04928     	0.02309     
1900        	10          	2.478       	0.01679     	0.04308     	0.01488     
1905        	10          	2.475       	0.01969     	0.04845     	0.02244     
1910        	10          	2.458       	0.02111     	0.04681     	0.0215      
1915        	10          	2.46        	0.02433     	0.04918     	0.02656     
1920        	10          	2.505       	0.02099     	0.04509     	0.02754     
1925        	10          	2.472       	0.01816     	0.04615     	0.02241     
1930        	10          	2.47        	0.01952     	0.04931     	0.02513     
1935        	10          	2.412       	0.01823     	0.04328     	0.01573     
1940        	10          	2.443       	0.02514     	0.03835     	0.01763     
1945        	10          	2.473       	0.02336     	0.03491     	0.01594     
1950        	10          	2.422       	0.02523     	0.03986     	0.01615     
1955        	10          	2.428       	0.02312     	0.04023     	0.01472     
1960        	10          	2.383       	0.02511     	0.04421     	0.01861     
1965        	10          	2.387       	0.0188      	0.04266     	0.02006     
1970        	10          	2.413       	0.02375     	0.04191     	0.01795     
1975        	10          	2.4         	0.01849     	0.04251     	0.01748     
1980        	10          	2.39        	0.01662     	0.04411     	0.0238      
1985        	10          	2.378       	0.01896     	0.04982     	0.0226      
1990        	10          	2.372       	0.02374     	0.05127     	0.02233     
1995        	10          	2.34        	0.02152     	0.0555      	0.02275     
2000        	10          	2.362       	0.02252     	0.0506      	0.02465     
2005        	10          	2.382       	0.01728     	0.04598     	0.01919     
2010        	10          	2.392       	0.0225      	0.04775     	0.02079     
2015        	10          	2.375       	0.0216      	0.05088     	0.02779     
2020        	10          	2.437       	0.02399     	0.04303     	0.02496     
2025        	10          	2.412       	0.02097     	0.0435      	0.02299     
2030        	10          	2.367       	0.01731     	0.04294     	0.0227      
2035        	10          	2.38        	0.02157     	0.04119     	0.02416     
2040        	10          	2.368       	0.01881     	0.03753     	0.0282      
2045        	10          	2.367       	0.02785     	0.04904     	0.01946     
2050        	10          	2.372       	0.02569     	0.04343     	0.02185     
2055        	10          	2.397       	0.02413     	0.03724     	0.0153      
2060        	10          	2.407       	0.02127     	0.03967     	0.02474     
2065        	10          	2.405       	0.01572     	0.048       	0.02065     
2070        	10          	2.405       	0.02058     	0.03869     	0.02144     
2075        	10          	2.383       	0.02185     	0.04102     	0.01675     
2080        	10          	2.413       	0.02476     	0.0433      	0.01703     
2085        	10          	2.408       	0.02326     	0.05329     	0.02215     
2090        	10          	2.373       	0.02607     	0.04096     	0.01977     
2095        	10          	2.4         	0.01636     	0.03566     	0.01806     
2100        	10          	2.367       	0.01656     	0.03151     	0.01163     
2105        	10          	2.345       	0.02393     	0.04082     	0.01938     
2110        	10          	2.325       	0.02119     	0.03944     	0.01849     
2115        	10          	2.393       	0.02092     	0.04601     	0.02128     
2120        	10          	2.357       	0.02897     	0.04067     	0.01945     
2125        	10          	2.397       	0.01707     	0.04006     	0.02288     
2130        	10          	2.383       	0.01421     	0.03866     	0.02119     
2135        	10          	2.383       	0.02523     	0.04406     	0.01953     
2140        	10          	2.38        	0.0174      	0.03966     	0.01893     
2145        	10          	2.432       	0.02502     	0.04652     	0.0201      
2150        	10          	2.415       	0.02277     	0.05303     	0.02026     
2155        	10          	2.422       	0.0185      	0.04206     	0.01956     
2160        	10          	2.435       	0.02252     	0.049       	0.0194      
2165        	10          	2.447       	0.01641     	0.04794     	0.02645     
2170        	10          	2.458       	0.01575     	0.04476     	0.02795     
2175        	10          	2.445       	0.01668     	0.03999     	0.02209     
2180        	10          	2.438       	0.0152      	0.03574     	0.01396     
2185        	10          	2.443       	0.01884     	0.04372     	0.02385     
2190        	10          	2.457       	0.01681     	0.04145     	0.01897     
2195        	10          	2.502       	0.01327     	0.0384      	0.02287     
2200        	10          	2.49        	0.02141     	0.038       	0.02466     
2205        	10          	2.493       	0.0233      	0.05015     	0.02797     
2210        	10          	2.49        	0.0217      	0.0428      	0.01672     
2215        	10          	2.49        	0.01742     	0.04245     	0.01941     
2220        	10          	2.492       	0.01861     	0.04084     	0.02246     
2225        	10          	2.467       	0.01904     	0.03478     	0.01821     
2230        	10          	2.467       	0.02469     	0.0546      	0.02065     
2235        	10          	2.443       	0.01969     	0.05893     	0.03174     
2240        	10          	2.447       	0.02261     	0.05537     	0.02515     
2245        	10          	2.423       	0.01958     	0.05476     	0.0292      
2250        	10          	2.395       	0.02139     	0.05375     	0.0235      
2255        	10          	2.423       	0.01719     	0.0463      	0.02982     
2260        	10          	2.427       	0.01921     	0.04452     	0.02929     
2265        	10          	2.425       	0.01569     	0.04166     	0.01819     
2270        	10          	2.433       	0.02778     	0.04568     	0.01816     
2275        	10          	2.427       	0.01928     	0.04333     	0.02366     
2280        	10          	2.418       	0.02789     	0.04151     	0.02052     
2285        	10          	2.425       	0.01614     	0.0447      	0.02141     
2290        	10          	2.443       	0.02629     	0.05313     	0.02176     
2295        	10          	2.432       	0.0209      	0.04657     	0.0226      
2300        	10          	2.458       	0.02823     	0.0499      	0.01979     
2305        	10          	2.48        	0.02207     	0.04791     	0.02054     
2310        	10          	2.47        	0.02677     	0.05394     	0.02639     
2315        	10          	2.458       	0.02502     	0.04792     	0.01664     
2320        	10          	2.472       	0.02019     	0.05126     	0.01901     
2325        	10          	2.48        	0.02232     	0.0484      	0.01715     
2330        	10          	2.473       	0.02168     	0.0457      	0.02682     
2335        	10          	2.455       	0.02356     	0.04725     	0.02572     
2340        	10          	2.473       	0.01766     	0.04389     	0.0291      
2345        	10          	2.453       	0.01764     	0.04858     	0.02349     
2350        	10          	2.42        	0.0194      	0.04967     	0.02061     
2355        	10          	2.435       	0.02358     	0.04221     	0.02046     
2360        	10          	2.443       	0.01262     	0.05112     	0.02546     
2365        	10          	2.415       	0.01581     	0.04016     	0.0228      
2370        	10          	2.418       	0.01725     	0.03469     	0.01592     
2375        	10          	2.432       	0.0221      	0.03268     	0.02058     
2380        	10          	2.45        	0.01529     	0.04244     	0.02159     
2385        	10          	2.437       	0.01853     	0.04359     	0.01585     
2390        	10          	2.417       	0.0194      	0.05264     	0.02677     
2395        	10          	2.428       	0.02216     	0.04795     	0.02324     
2400        	10          	2.418       	0.02479     	0.04856     	0.01765     
2405        	10          	2.428       	0.0237      	0.05574     	0.02638     
2410        	10          	2.403       	0.02236     	0.05566     	0.02863     
2415        	10          	2.435       	0.0234      	0.0551      	0.02842     
2420        	10          	2.38        	0.02311     	0.05079     	0.02653     
2425        	10          	2.4         	0.0163      	0.0453      	0.01848     
2430        	10          	2.408       	0.02551     	0.03528     	0.01877     
2435        	10          	2.397       	0.01473     	0.03853     	0.01579     
2440        	10          	2.383       	0.01888     	0.03847     	0.02025     
2445        	10          	2.387       	0.01902     	0.04579     	0.02239     
2450        	10          	2.393       	0.01992     	0.04779     	0.01582     
2455        	10          	2.35        	0.02815     	0.04088     	0.02154     
2460        	10          	2.382       	0.02091     	0.03939     	0.02235     
2465        	10          	2.36        	0.0258      	0.04505     	0.02282     
2470        	10          	2.352       	0.02987     	0.0412      	0.01808     
2475        	10          	2.358       	0.01447     	0.03686     	0.01852     
2480        	10          	2.337       	0.02249     	0.04182     	0.01836     
2485        	10          	2.375       	0.02008     	0.0334      	0.01969     
2490        	10          	2.343       	0.01812     	0.04798     	0.02799     
2495        	10          	2.312       	0.02112     	0.04454     	0.01988     
2500        	10          	2.36        	0.01743     	0.03547     	0.02239     
2505        	10          	2.352       	0.0219      	0.04795     	0.02545     
2510        	10          	2.368       	0.02029     	0.04189     	0.02631     
2515        	10          	2.385       	0.02492     	0.03602     	0.01853     
2520        	10          	2.38        	0.02128     	0.04348     	0.01969     
2525        	10          	2.373       	0.02006     	0.03811     	0.01977     
2530        	10          	2.39        	0.02225     	0.04471     	0.01708     
2535        	10          	2.362       	0.02812     	0.04845     	0.02395     
2540        	10          	2.365       	0.02165     	0.04145     	0.02696     
2545        	10          	2.375       	0.02025     	0.05121     	0.01956     
2550        	10          	2.383       	0.02298     	0.04884     	0.0196      
2555        	10          	2.38        	0.02682     	0.04892     	0.02432     
2560        	10          	2.387       	0.02835     	0.04788     	0.01938     
2565        	10          	2.395       	0.01931     	0.04586     	0.02591     
2570        	10          	2.427       	0.01412     	0.0394      	0.0177      
2575        	10          	2.36        	0.02061     	0.04287     	0.02374     
2580        	10          	2.382       	0.02233     	0.042       	0.01899     
2585        	10          	2.362       	0.01811     	0.04475     	0.02008     
2590        	10          	2.372       	0.01282     	0.05159     	0.02726     
2595        	10          	2.427       	0.02516     	0.04786     	0.01734     
2600        	10          	2.42        	0.02042     	0.04214     	0.02243     
2605        	10          	2.395       	0.02056     	0.04206     	0.02212     
2610        	10          	2.373       	0.02129     	0.03426     	0.02088     
2615        	10          	2.343       	0.01268     	0.043       	0.02329     
2620        	10          	2.32        	0.02073     	0.04821     	0.02384     
2625        	10          	2.327       	0.01238     	0.04311     	0.02708     
2630        	10          	2.332       	0.02522     	0.04875     	0.02679     
2635        	10          	2.313       	0.02724     	0.0518      	0.03897     
2640        	10          	2.342       	0.02468     	0.05123     	0.01819     
2645        	10          	2.332       	0.02025     	0.04524     	0.02336     
2650        	10          	2.332       	0.02594     	0.04873     	0.02415     
2655        	10          	2.323       	0.02445     	0.04473     	0.0236      
2660        	10          	2.363       	0.01548     	0.0496      	0.02403     
2665        	10          	2.402       	0.01499     	0.04546     	0.02749     
2670        	10          	2.38        	0.02022     	0.03463     	0.02476     
2675        	10          	2.398       	0.025       	0.05103     	0.02012     
2680        	10          	2.393       	0.03036     	0.05315     	0.02563     
2685        	10          	2.372       	0.02181     	0.03932     	0.02376     
2690        	10          	2.353       	0.01839     	0.03552     	0.01811     
2695        	10          	2.348       	0.02929     	0.04619     	0.01828     
2700        	10          	2.357       	0.02389     	0.04795     	0.01704     
2705        	10          	2.348       	0.02542     	0.04955     	0.02288     
2710        	10          	2.41        	0.01705     	0.04423     	0.01667     
2715        	10          	2.393       	0.01589     	0.04269     	0.01638     
2720        	10          	2.37        	0.01438     	0.04286     	0.01812     
2725        	10          	2.345       	0.02317     	0.03863     	0.02015     
2730        	10          	2.332       	0.02092     	0.04066     	0.01978     
2735        	10          	2.35        	0.01641     	0.04433     	0.02263     
2740        	10          	2.33        	0.02854     	0.04412     	0.02329     
2745        	10          	2.38        	0.01913     	0.04723     	0.02194     
2750        	10          	2.39        	0.01506     	0.03795     	0.02172     
2755        	10          	2.355       	0.01955     	0.04141     	0.02553     
2760        	10          	2.373       	0.02092     	0.0437      	0.02516     
2765        	10          	2.337       	0.01652     	0.03981     	0.0191      
2770        	10          	2.337       	0.02338     	0.04371     	0.01973     
2775        	10          	2.315       	0.02589     	0.04366     	0.02203     
2780        	10          	2.312       	0.02244     	0.03986     	0.02024     
2785        	10          	2.315       	0.0253      	0.0509      	0.02035     
2790        	10          	2.308       	0.01954     	0.04511     	0.02475     
2795        	10          	2.33        	0.01692     	0.04187     	0.02665     
2800        	10          	2.333       	0.01903     	0.04453     	0.02271     
2805        	10          	2.3         	0.02093     	0.05256     	0.02726     
2810        	10          	2.348       	0.02019     	0.04482     	0.01956     
2815        	10          	2.363       	0.02344     	0.03632     	0.01261     
2820        	10          	2.352       	0.01745     	0.03493     	0.01283     
2825        	10          	2.332       	0.02435     	0.04997     	0.02113     
2830        	10          	2.345       	0.02464     	0.04774     	0.01614     
2835        	10          	2.333       	0.02034     	0.04533     	0.02058     
2840        	10          	2.347       	0.02768     	0.05309     	0.02336     
2845        	10          	2.363       	0.02743     	0.05248     	0.02388     
2850        	10          	2.378       	0.02481     	0.04522     	0.02425     
2855        	10          	2.365       	0.01553     	0.05273     	0.02633     
2860        	10          	2.347       	0.02765     	0.04786     	0.01699     
2865        	10          	2.363       	0.02192     	0.04542     	0.01587     
2870        	10          	2.39        	0.01787     	0.04382     	0.02296     
2875        	10          	2.397       	0.02099     	0.04946     	0.02233     
2880        	10          	2.403       	0.01978     	0.05023     	0.02668     
2885        	10          	2.38        	0.02281     	0.03976     	0.01583     
2890        	10          	2.437       	0.01628     	0.04695     	0.02174     
2895        	10          	2.4         	0.02023     	0.04442     	0.01884     
2900        	10          	2.392       	0.03213     	0.04557     	0.02203     
2905        	10          	2.402       	0.02407     	0.03857     	0.01852     
2910        	10          	2.4         	0.02032     	0.04373     	0.0227      
2915        	10          	2.378       	0.02555     	0.04158     	0.01784     
2920        	10          	2.38        	0.01532     	0.03411     	0.01443     
2925        	10          	2.407       	0.0178      	0.03881     	0.02234     
2930        	10          	2.432       	0.01161     	0.04625     	0.02544     
2935        	10          	2.407       	0.0173      	0.04711     	0.02131     
2940        	10          	2.415       	0.02391     	0.04793     	0.03119     
2945        	10          	2.368       	0.01934     	0.0494      	0.03068     
2950        	10          	2.363       	0.01895     	0.04904     	0.0237      
2955        	10          	2.363       	0.02328     	0.04989     	0.01676     
2960        	10          	2.377       	0.03189     	0.05518     	0.02017     
2965        	10          	2.37        	0.02075     	0.05039     	0.0204      
2970        	10          	2.385       	0.01984     	0.04309     	0.01836     
2975        	10          	2.375       	0.02392     	0.04287     	0.0196      
2980        	10          	2.395       	0.02321     	0.0404      	0.0172      
2985        	10          	2.373       	0.02446     	0.04606     	0.02108     
2990        	10          	2.393       	0.02004     	0.05601     	0.0213      
2995        	10          	2.422       	0.02607     	0.05489     	0.02362     
3000        	10          	2.373       	0.0249      	0.05196     	0.02093     
3005        	10          	2.405       	0.02586     	0.05176     	0.02708     
3010        	10          	2.407       	0.01838     	0.04088     	0.02557     
3015        	10          	2.39        	0.02548     	0.04592     	0.01749     
3020        	10          	2.407       	0.01809     	0.04985     	0.0279      
3025        	10          	2.405       	0.02156     	0.05059     	0.02534     
3030        	10          	2.378       	0.01189     	0.04738     	0.0271      
3035        	10          	2.41        	0.02181     	0.04769     	0.02703     
3040        	10          	2.403       	0.01365     	0.04701     	0.02408     
3045        	10          	2.432       	0.02274     	0.0446      	0.01913     
3050        	10          	2.443       	0.02789     	0.05549     	0.02038     
3055        	10          	2.47        	0.02496     	0.0445      	0.02476     
3060        	10          	2.458       	0.02358     	0.05025     	0.02854     
3065        	10          	2.427       	0.02261     	0.05398     	0.02806     
3070        	10          	2.42        	0.02048     	0.05344     	0.02691     
3075        	10          	2.387       	0.02147     	0.04907     	0.02453     
3080        	10          	2.432       	0.0244      	0.05816     	0.0255      
3085        	10          	2.445       	0.01853     	0.05139     	0.02336     
3090        	10          	2.453       	0.01596     	0.0507      	0.02123     
3095        	10          	2.478       	0.02251     	0.04174     	0.02188     
3100        	10          	2.442       	0.02644     	0.04727     	0.02144     
3105        	10          	2.463       	0.02597     	0.04649     	0.01439     
3110        	10          	2.457       	0.02705     	0.04836     	0.01755     
3115        	10          	2.433       	0.01926     	0.04419     	0.01705     
3120        	10          	2.425       	0.02535     	0.05996     	0.02155     
3125        	10          	2.432       	0.019       	0.05742     	0.0245      
3130        	10          	2.438       	0.02328     	0.04974     	0.03033     
3135        	10          	2.437       	0.02439     	0.0546      	0.03118     
3140        	10          	2.435       	0.02469     	0.05069     	0.02504     
3145        	10          	2.465       	0.01414     	0.03868     	0.02322     
3150        	10          	2.432       	0.02233     	0.04593     	0.01889     
3155        	10          	2.422       	0.02266     	0.058       	0.02787     
3160        	10          	2.422       	0.02424     	0.05508     	0.02492     
3165        	10          	2.442       	0.02166     	0.05638     	0.02662     
3170        	10          	2.442       	0.02724     	0.05044     	0.01882     
3175        	10          	2.46        	0.02123     	0.03848     	0.01936     
3180        	10          	2.45        	0.01701     	0.04827     	0.02104     
3185        	10          	2.467       	0.022       	0.04817     	0.0172      
3190        	10          	2.452       	0.02183     	0.04666     	0.01996     
3195        	10          	2.438       	0.0222      	0.0402      	0.02587     
3200        	10          	2.47        	0.02055     	0.04096     	0.02526     
3205        	10          	2.465       	0.01887     	0.05333     	0.02396     
3210        	10          	2.485       	0.02318     	0.03738     	0.01897     
3215        	10          	2.453       	0.02016     	0.04402     	0.02648     
3220        	10          	2.478       	0.02223     	0.04046     	0.02186     
3225        	10          	2.498       	0.02344     	0.03759     	0.01981     
3230        	10          	2.467       	0.02272     	0.03904     	0.01781     
3235        	10          	2.462       	0.03092     	0.05974     	0.02938     
3240        	10          	2.467       	0.02555     	0.0438      	0.01877     
3245        	10          	2.467       	0.02523     	0.05009     	0.02159     
3250        	10          	2.452       	0.017       	0.0429      	0.02122     
3255        	10          	2.428       	0.02626     	0.05336     	0.0244      
3260        	10          	2.42        	0.03132     	0.04793     	0.02136     
3265        	10          	2.395       	0.01694     	0.0499      	0.02033     
3270        	10          	2.402       	0.02299     	0.05406     	0.02836     
3275        	10          	2.415       	0.02691     	0.04243     	0.02216     
3280        	10          	2.383       	0.02127     	0.05114     	0.01777     
3285        	10          	2.378       	0.02942     	0.05711     	0.02124     
3290        	10          	2.368       	0.02744     	0.06139     	0.02309     
3295        	10          	2.39        	0.02507     	0.05055     	0.01876     
3300        	10          	2.392       	0.01612     	0.03753     	0.01103     
3305        	10          	2.363       	0.02354     	0.0504      	0.01657     
3310        	10          	2.4         	0.02148     	0.04222     	0.01992     
3315        	10          	2.42        	0.01791     	0.0438      	0.0187      
3320        	10          	2.378       	0.02218     	0.05362     	0.02391     
3325        	10          	2.42        	0.02643     	0.05363     	0.02074     
3330        	10          	2.41        	0.01427     	0.05162     	0.02902     
3335        	10          	2.402       	0.02047     	0.04812     	0.02878     
3340        	10          	2.407       	0.02197     	0.05065     	0.01909     
3345        	10          	2.382       	0.02073     	0.05211     	0.02281     
3350        	10          	2.367       	0.02063     	0.0464      	0.0194      
3355        	10          	2.353       	0.01832     	0.05056     	0.02611     
3360        	10          	2.398       	0.02006     	0.05031     	0.01953     
3365        	10          	2.423       	0.01528     	0.04693     	0.02022     
3370        	10          	2.405       	0.01532     	0.04442     	0.02616     
3375        	10          	2.395       	0.02664     	0.04576     	0.02389     
3380        	10          	2.373       	0.01824     	0.03999     	0.01795     
3385        	10          	2.427       	0.01804     	0.04051     	0.02103     
3390        	10          	2.422       	0.01972     	0.05156     	0.02181     
3395        	10          	2.427       	0.01796     	0.04415     	0.02323     
3400        	10          	2.442       	0.01622     	0.03948     	0.02035     
3405        	10          	2.455       	0.01437     	0.03486     	0.02191     
3410        	10          	2.428       	0.01804     	0.0357      	0.02116     
3415        	10          	2.43        	0.01781     	0.04865     	0.02519     
3420        	10          	2.445       	0.01613     	0.03676     	0.01948     
3425        	10          	2.422       	0.02512     	0.04501     	0.02035     
3430        	10          	2.43        	0.0182      	0.03697     	0.02848     
3435        	10          	2.47        	0.02447     	0.05456     	0.02083     
3440        	10          	2.482       	0.01929     	0.04518     	0.02043     
3445        	10          	2.433       	0.01707     	0.0481      	0.02135     
3450        	10          	2.453       	0.02174     	0.04628     	0.0237      
3455        	10          	2.435       	0.02629     	0.04943     	0.01924     
3460        	10          	2.448       	0.01498     	0.03436     	0.008701    
3465        	10          	2.422       	0.01723     	0.03208     	0.01708     
3470        	10          	2.392       	0.02043     	0.03975     	0.02434     
3475        	10          	2.418       	0.02339     	0.04552     	0.01739     
3480        	10          	2.412       	0.01836     	0.03869     	0.01775     
3485        	10          	2.418       	0.02451     	0.04336     	0.01881     
3490        	10          	2.452       	0.02006     	0.04005     	0.01552     
3495        	10          	2.405       	0.02015     	0.03528     	0.01972     
3500        	10          	2.395       	0.01948     	0.0384      	0.02253     
3505        	10          	2.378       	0.02272     	0.0502      	0.02064     
3510        	10          	2.407       	0.01551     	0.03831     	0.01941     
3515        	10          	2.393       	0.01588     	0.04737     	0.02378     
3520        	10          	2.385       	0.01984     	0.04536     	0.02233     
3525        	10          	2.413       	0.02127     	0.04559     	0.02238     
3530        	10          	2.393       	0.02368     	0.04468     	0.02215     
3535        	10          	2.417       	0.02742     	0.04544     	0.01798     
3540        	10          	2.388       	0.01876     	0.04686     	0.01778     
3545        	10          	2.373       	0.01529     	0.0404      	0.02335     
3550        	10          	2.383       	0.01312     	0.0423      	0.01989     
3555        	10          	2.392       	0.01952     	0.05261     	0.02201     
3560        	10          	2.382       	0.02095     	0.04814     	0.02451     
3565        	10          	2.405       	0.02584     	0.04819     	0.0209      
3570        	10          	2.4         	0.02756     	0.04515     	0.02065     
3575        	10          	2.392       	0.03216     	0.04838     	0.0178      
3580        	10          	2.383       	0.0246      	0.04413     	0.02161     
3585        	10          	2.372       	0.03106     	0.03518     	0.01802     
3590        	10          	2.403       	0.01881     	0.03596     	0.01988     
3595        	10          	2.425       	0.02257     	0.04687     	0.02301     
3600        	10          	2.433       	0.02618     	0.06145     	0.03145     
3605        	10          	2.417       	0.02258     	0.05103     	0.01516     
3610        	10          	2.382       	0.02319     	0.04904     	0.02101     
3615        	10          	2.363       	0.02401     	0.04335     	0.0199      
3620        	10          	2.413       	0.01507     	0.035       	0.01335     
3625        	10          	2.402       	0.0219      	0.05251     	0.02319     
3630        	10          	2.445       	0.02401     	0.05396     	0.02498     
3635        	10          	2.413       	0.02218     	0.05968     	0.02296     
3640        	10          	2.408       	0.02901     	0.06269     	0.02514     
3645        	10          	2.425       	0.01594     	0.06        	0.03002     
3650        	10          	2.422       	0.02192     	0.05408     	0.02566     
3655        	10          	2.377       	0.01552     	0.05085     	0.02757     
3660        	10          	2.38        	0.01893     	0.04196     	0.01422     
3665        	10          	2.368       	0.03078     	0.04977     	0.02807     
3670        	10          	2.368       	0.02867     	0.0439      	0.02227     
3675        	10          	2.36        	0.01694     	0.04686     	0.02331     
3680        	10          	2.382       	0.01932     	0.03814     	0.0155      
3685        	10          	2.387       	0.02577     	0.04117     	0.01185     
3690        	10          	2.377       	0.02471     	0.0444      	0.02564     
3695        	10          	2.4         	0.02376     	0.03456     	0.02127     
3700        	10          	2.41        	0.01679     	0.04128     	0.02981     
3705        	10          	2.387       	0.01725     	0.04641     	0.01911     
3710        	10          	2.353       	0.02063     	0.04452     	0.02372     
3715        	10          	2.36        	0.01509     	0.03668     	0.01807     
3720        	10          	2.347       	0.02172     	0.03828     	0.02106     
3725        	10          	2.337       	0.02292     	0.04973     	0.01995     
3730        	10          	2.37        	0.02266     	0.0419      	0.02698     
3735        	10          	2.373       	0.01957     	0.04782     	0.02068     
3740        	10          	2.348       	0.02178     	0.0509      	0.02103     
3745        	10          	2.388       	0.01775     	0.0478      	0.02523     
3750        	10          	2.403       	0.02219     	0.04362     	0.02478     
3755        	10          	2.412       	0.01896     	0.04725     	0.01934     
3760        	10          	2.438       	0.01937     	0.03627     	0.01896     
3765        	10          	2.418       	0.0232      	0.04456     	0.01818     
3770        	10          	2.392       	0.02701     	0.04486     	0.02642     
3775        	10          	2.407       	0.02725     	0.04455     	0.02462     
3780        	10          	2.378       	0.03336     	0.05354     	0.02293     
3785        	10          	2.417       	0.02596     	0.0446      	0.02116     
3790        	10          	2.407       	0.02366     	0.04473     	0.02005     
3795        	10          	2.43        	0.01854     	0.04669     	0.02401     
3800        	10          	2.377       	0.02412     	0.0515      	0.01462     
3805        	10          	2.388       	0.02217     	0.0508      	0.02232     
3810        	10          	2.392       	0.02984     	0.04457     	0.02213     
3815        	10          	2.41        	0.02148     	0.04836     	0.01745     
3820        	10          	2.4         	0.0263      	0.05312     	0.02056     
3825        	10          	2.442       	0.01913     	0.04546     	0.01601     
3830        	10          	2.412       	0.02927     	0.05097     	0.01945     
3835        	10          	2.415       	0.02312     	0.04212     	0.01669     
3840        	10          	2.39        	0.01996     	0.04166     	0.01599     
3845        	10          	2.427       	0.01688     	0.04832     	0.02981     
3850        	10          	2.385       	0.0146      	0.04537     	0.02984     
3855        	10          	2.35        	0.01615     	0.04471     	0.02462     
3860        	10          	2.368       	0.01685     	0.03945     	0.02284     
3865        	10          	2.335       	0.02201     	0.03436     	0.02322     
3870        	10          	2.398       	0.01926     	0.04084     	0.01821     
3875        	10          	2.39        	0.01772     	0.05145     	0.02553     
3880        	10          	2.412       	0.01827     	0.04148     	0.01846     
3885        	10          	2.43        	0.0203      	0.04548     	0.02645     
3890        	10          	2.397       	0.01911     	0.04738     	0.02527     
3895        	10          	2.385       	0.02639     	0.04996     	0.02523     
3900        	10          	2.388       	0.0231      	0.04092     	0.02067     
3905        	10          	2.39        	0.02081     	0.04843     	0.02627     
3910        	10          	2.43        	0.02753     	0.05348     	0.02293     
3915        	10          	2.412       	0.01883     	0.04872     	0.02762     
3920        	10          	2.392       	0.01955     	0.05174     	0.02087     
3925        	10          	2.408       	0.01803     	0.0495      	0.02384     
3930        	10          	2.388       	0.01929     	0.03969     	0.02207     
3935        	10          	2.377       	0.02285     	0.04636     	0.0262      
3940        	10          	2.412       	0.0232      	0.04357     	0.02329     
3945        	10          	2.408       	0.03283     	0.0561      	0.03164     
3950        	10          	2.377       	0.02153     	0.0431      	0.02111     
3955        	10          	2.407       	0.01713     	0.03169     	0.02282     
3960        	10          	2.367       	0.01756     	0.03795     	0.02527     
3965        	10          	2.377       	0.0178      	0.03532     	0.01844     
3970        	10          	2.348       	0.01901     	0.03292     	0.01851     
3975        	10          	2.333       	0.02914     	0.05043     	0.02623     
3980        	10          	2.377       	0.02048     	0.03658     	0.02158     
3985        	10          	2.358       	0.01362     	0.03526     	0.0201      
3990        	10          	2.39        	0.02391     	0.0451      	0.01361     
3995        	10          	2.405       	0.02194     	0.04292     	0.02216     
4000        	10          	2.39        	0.0169      	0.03048     	0.01877     
4005        	10          	2.403       	0.02019     	0.03847     	0.01898     
4010        	10          	2.418       	0.01911     	0.045       	0.02421     
4015        	10          	2.435       	0.01951     	0.03335     	0.0227      
4020        	10          	2.463       	0.01628     	0.03209     	0.01724     
4025        	10          	2.41        	0.02136     	0.03412     	0.01541     
4030        	10          	2.43        	0.02294     	0.04104     	0.02053     
4035        	10          	2.442       	0.01971     	0.03866     	0.0202      
4040        	10          	2.403       	0.02539     	0.05273     	0.02233     
4045        	10          	2.388       	0.01669     	0.0467      	0.02209     
4050        	10          	2.393       	0.01385     	0.05084     	0.02393     
4055        	10          	2.35        	0.01737     	0.04979     	0.02856     
4060        	10          	2.353       	0.0192      	0.04606     	0.02211     
4065        	10          	2.32        	0.01627     	0.04846     	0.02645     
4070        	10          	2.327       	0.02005     	0.0419      	0.02178     
4075        	10          	2.335       	0.02138     	0.03715     	0.02316     
4080        	10          	2.323       	0.01836     	0.02893     	0.02488     
4085        	10          	2.362       	0.01779     	0.03391     	0.02117     
4090        	10          	2.352       	0.02016     	0.0455      	0.02055     
4095        	10          	2.337       	0.017       	0.03614     	0.01626     
4100        	10          	2.325       	0.01822     	0.03538     	0.01978     
4105        	10          	2.348       	0.01903     	0.04026     	0.02323     
4110        	10          	2.322       	0.01982     	0.04664     	0.02349     
4115        	10          	2.348       	0.02072     	0.04422     	0.0227      
4120        	10          	2.377       	0.02128     	0.04618     	0.02234     
4125        	10          	2.36        	0.01889     	0.04893     	0.01897     
4130        	10          	2.325       	0.02409     	0.04606     	0.01539     
4135        	10          	2.38        	0.02682     	0.04149     	0.01948     
4140        	10          	2.342       	0.02686     	0.0455      	0.02226     
4145        	10          	2.358       	0.01789     	0.04196     	0.01853     
4150        	10          	2.317       	0.0107      	0.03568     	0.01612     
4155        	10          	2.338       	0.0169      	0.03635     	0.02026     
4160        	10          	2.318       	0.005982    	0.02901     	0.01473     
4165        	10          	2.328       	0.01723     	0.03029     	0.02109     
4170        	10          	2.363       	0.01138     	0.03996     	0.01644     
4175        	10          	2.332       	0.01695     	0.04454     	0.02007     
4180        	10          	2.358       	0.01915     	0.04894     	0.02834     
4185        	10          	2.353       	0.01786     	0.05099     	0.026       
4190        	10          	2.372       	0.02351     	0.0582      	0.02201     
4195        	10          	2.362       	0.02718     	0.05867     	0.01893     
4200        	10          	2.34        	0.03109     	0.05074     	0.02383     
4205        	10          	2.322       	0.02766     	0.05253     	0.02465     
4210        	10          	2.36        	0.01768     	0.04479     	0.02217     
4215        	10          	2.345       	0.02239     	0.0454      	0.01401     
4220        	10          	2.355       	0.0244      	0.05005     	0.02689     
4225        	10          	2.373       	0.029       	0.04622     	0.01944     
4230        	10          	2.325       	0.01622     	0.03905     	0.02197     
4235        	10          	2.337       	0.0214      	0.04098     	0.02185     
4240        	10          	2.34        	0.0225      	0.04998     	0.02111     
4245        	10          	2.363       	0.01741     	0.03965     	0.01413     
4250        	10          	2.323       	0.02049     	0.04152     	0.02194     
4255        	10          	2.373       	0.01847     	0.04237     	0.01955     
4260        	10          	2.405       	0.02005     	0.03902     	0.02516     
4265        	10          	2.397       	0.02201     	0.03794     	0.01951     
4270        	10          	2.402       	0.0194      	0.04489     	0.02197     
4275        	10          	2.395       	0.02423     	0.03705     	0.02564     
4280        	10          	2.387       	0.01857     	0.04301     	0.02558     
4285        	10          	2.37        	0.02297     	0.03391     	0.01691     
4290        	10          	2.368       	0.02362     	0.03952     	0.01566     
4295        	10          	2.357       	0.01601     	0.0327      	0.01785     
4300        	10          	2.358       	0.02125     	0.03727     	0.01485     
4305        	10          	2.403       	0.03151     	0.05754     	0.01869     
4310        	10          	2.363       	0.0309      	0.05012     	0.02483     
4315        	10          	2.375       	0.01982     	0.04144     	0.02025     
4320        	10          	2.392       	0.01742     	0.04271     	0.02089     
4325        	10          	2.352       	0.0204      	0.04765     	0.02719     
4330        	10          	2.372       	0.01519     	0.03589     	0.01795     
4335        	10          	2.352       	0.01979     	0.03802     	0.02689     
4340        	10          	2.338       	0.02745     	0.04585     	0.02922     
4345        	10          	2.335       	0.02161     	0.04594     	0.02808     
4350        	10          	2.333       	0.01797     	0.04454     	0.02692     
4355        	10          	2.338       	0.02062     	0.04837     	0.02248     
4360        	10          	2.347       	0.01839     	0.04142     	0.01999     
4365        	10          	2.348       	0.01851     	0.03807     	0.01649     
4370        	10          	2.31        	0.01517     	0.04029     	0.02636     
4375        	10          	2.328       	0.01525     	0.02862     	0.01278     
4380        	10          	2.32        	0.01884     	0.03488     	0.01923     
4385        	10          	2.307       	0.02093     	0.04452     	0.01864     
4390        	10          	2.295       	0.02376     	0.04456     	0.02322     
4395        	10          	2.283       	0.02559     	0.05884     	0.02067     
4400        	10          	2.323       	0.02183     	0.05516     	0.02215     
4405        	10          	2.318       	0.03216     	0.05327     	0.01374     
4410        	10          	2.34        	0.02048     	0.04881     	0.02206     
4415        	10          	2.33        	0.03484     	0.05371     	0.02228     
4420        	10          	2.348       	0.02387     	0.0548      	0.02111     
4425        	10          	2.32        	0.02803     	0.06363     	0.02517     
4430        	10          	2.312       	0.02929     	0.05617     	0.02145     
4435        	10          	2.317       	0.02758     	0.05027     	0.02912     
4440        	10          	2.318       	0.01849     	0.05515     	0.02964     
4445        	10          	2.363       	0.02523     	0.04853     	0.02134     
4450        	10          	2.342       	0.02683     	0.04402     	0.01959     
4455        	10          	2.34        	0.02315     	0.04086     	0.02633     
4460        	10          	2.398       	0.01906     	0.03971     	0.01692     
4465        	10          	2.343       	0.0209      	0.04995     	0.02004     
4470        	10          	2.333       	0.01826     	0.05215     	0.02422     
4475        	10          	2.338       	0.01706     	0.03705     	0.01853     
4480        	10          	2.372       	0.01331     	0.03664     	0.02148     
4485        	10          	2.343       	0.01969     	0.04905     	0.02322     
4490        	10          	2.377       	0.01927     	0.04403     	0.01712     
4495        	10          	2.327       	0.02014     	0.04592     	0.01663     
4500        	10          	2.32        	0.01463     	0.04292     	0.02154     
4505        	10          	2.307       	0.0234      	0.05545     	0.02127     
4510        	10          	2.337       	0.02038     	0.04846     	0.0176      
4515        	10          	2.315       	0.02161     	0.04681     	0.02299     
4520        	10          	2.318       	0.0201      	0.05384     	0.03149     
4525        	10          	2.29        	0.0249      	0.04766     	0.02485     
4530        	10          	2.313       	0.03136     	0.04834     	0.01876     
4535        	10          	2.332       	0.01935     	0.04389     	0.01972     
4540        	10          	2.343       	0.01973     	0.04369     	0.02189     
4545        	10          	2.35        	0.01751     	0.05193     	0.02168     
4550        	10          	2.325       	0.01902     	0.04297     	0.01459     
4555        	10          	2.317       	0.01834     	0.03997     	0.01908     
4560        	10          	2.315       	0.02314     	0.04117     	0.01643     
4565        	10          	2.332       	0.01965     	0.04993     	0.02728     
4570        	10          	2.333       	0.02156     	0.03746     	0.02229     
4575        	10          	2.335       	0.01288     	0.05065     	0.02969     
4580        	10          	2.308       	0.02295     	0.04332     	0.01641     
4585        	10          	2.293       	0.01652     	0.04348     	0.02486     
4590        	10          	2.32        	0.02578     	0.04569     	0.02426     
4595        	10          	2.322       	0.01904     	0.04364     	0.02381     
4600        	10          	2.328       	0.02457     	0.04595     	0.0211      
4605        	10          	2.318       	0.02009     	0.03779     	0.02414     
4610        	10          	2.342       	0.01922     	0.04731     	0.02531     
4615        	10          	2.373       	0.02402     	0.03933     	0.01496     
4620        	10          	2.358       	0.02235     	0.04796     	0.02794     
4625        	10          	2.372       	0.02155     	0.04989     	0.02765     
4630        	10          	2.393       	0.02465     	0.06386     	0.0301      
4635        	10          	2.385       	0.03052     	0.06364     	0.02377     
4640        	10          	2.402       	0.02261     	0.05102     	0.02595     
4645        	10          	2.382       	0.02138     	0.051       	0.0276      
4650        	10          	2.392       	0.01951     	0.03897     	0.02286     
4655        	10          	2.412       	0.01794     	0.04489     	0.02301     
4660        	10          	2.385       	0.02012     	0.03652     	0.01672     
4665        	10          	2.367       	0.01851     	0.05747     	0.02197     
4670        	10          	2.392       	0.02338     	0.0527      	0.02178     
4675        	10          	2.393       	0.02274     	0.04548     	0.01962     
4680        	10          	2.378       	0.0208      	0.04379     	0.0209      
4685        	10          	2.407       	0.01612     	0.03985     	0.01964     
4690        	10          	2.417       	0.01773     	0.03052     	0.01477     
4695        	10          	2.42        	0.01637     	0.0294      	0.01586     
4700        	10          	2.463       	0.01902     	0.03867     	0.01526     
4705        	10          	2.418       	0.02385     	0.05548     	0.0211      
4710        	10          	2.41        	0.02301     	0.04561     	0.01901     
4715        	10          	2.395       	0.0202      	0.04118     	0.01706     
4720        	10          	2.408       	0.02161     	0.04312     	0.02019     
4725        	10          	2.432       	0.01856     	0.04415     	0.01947     
4730        	10          	2.433       	0.01707     	0.03026     	0.01862     
4735        	10          	2.435       	0.02424     	0.04014     	0.02107     
4740        	10          	2.43        	0.03141     	0.04974     	0.02209     
4745        	10          	2.397       	0.02252     	0.05414     	0.01894     
4750        	10          	2.382       	0.02676     	0.04833     	0.02048     
4755        	10          	2.387       	0.01825     	0.06148     	0.02395     
4760        	10          	2.418       	0.01835     	0.039       	0.01908     
4765        	10          	2.417       	0.01936     	0.05015     	0.02223     
4770        	10          	2.448       	0.02642     	0.05031     	0.02858     
4775        	10          	2.442       	0.01956     	0.04125     	0.02051     
4780        	10          	2.463       	0.02546     	0.04655     	0.02141     
4785        	10          	2.432       	0.0261      	0.05013     	0.02039     
4790        	10          	2.468       	0.01956     	0.045       	0.01947     
4795        	10          	2.423       	0.01599     	0.05118     	0.02559     
4800        	10          	2.435       	0.02244     	0.04465     	0.02204     
4805        	10          	2.397       	0.0176      	0.04424     	0.01841     
4810        	10          	2.4         	0.0205      	0.04627     	0.02074     
4815        	10          	2.395       	0.02411     	0.04453     	0.01691     
4820        	10          	2.405       	0.02307     	0.05002     	0.02595     
4825        	10          	2.452       	0.02667     	0.05227     	0.02695     
4830        	10          	2.433       	0.01963     	0.05042     	0.02012     
4835        	10          	2.387       	0.02388     	0.04566     	0.01965     
4840        	10          	2.44        	0.02012     	0.04485     	0.02031     
4845        	10          	2.428       	0.02425     	0.05791     	0.02523     
4850        	10          	2.412       	0.02592     	0.05174     	0.01761     
4855        	10          	2.423       	0.02058     	0.05113     	0.02403     
4860        	10          	2.432       	0.02499     	0.05683     	0.0219      
4865        	10          	2.408       	0.02231     	0.05948     	0.02252     
4870        	10          	2.47        	0.02243     	0.04852     	0.02446     
4875        	10          	2.46        	0.01985     	0.05018     	0.02102     
4880        	10          	2.463       	0.02561     	0.05288     	0.02783     
4885        	10          	2.438       	0.02107     	0.04625     	0.02384     
4890        	10          	2.477       	0.02157     	0.04678     	0.01968     
4895        	10          	2.475       	0.02711     	0.04887     	0.01722     
4900        	10          	2.508       	0.02451     	0.05669     	0.02732     
4905        	10          	2.463       	0.01982     	0.05097     	0.02385     
4910        	10          	2.45        	0.02371     	0.05008     	0.028       
4915        	10          	2.482       	0.02628     	0.05197     	0.02117     
4920        	10          	2.503       	0.01682     	0.04409     	0.02092     
4925        	10          	2.482       	0.03051     	0.04932     	0.02103     
4930        	10          	2.44        	0.02044     	0.04401     	0.01986     
4935        	10          	2.448       	0.02366     	0.04818     	0.0202      
4940        	10          	2.443       	0.02003     	0.04735     	0.0218      
4945        	10          	2.417       	0.02844     	0.04521     	0.01975     
4950        	10          	2.427       	0.02369     	0.03689     	0.02212     
4955        	10          	2.392       	0.0194      	0.04281     	0.02512     
4960        	10          	2.417       	0.03278     	0.05649     	0.02419     
4965        	10          	2.443       	0.02731     	0.05081     	0.02132     
4970        	10          	2.438       	0.02447     	0.04159     	0.01861     
4975        	10          	2.443       	0.02266     	0.04416     	0.01899     
4980        	10          	2.425       	0.01629     	0.04451     	0.02033     
4985        	10          	2.43        	0.02107     	0.04277     	0.01522     
4990        	10          	2.432       	0.02072     	0.04826     	0.01677     
4995        	10          	2.422       	0.02171     	0.04488     	0.01942     
5000        	10          	2.43        	0.02616     	0.04701     	0.02021     
