generation  	alive.rpl   	n.adlt.rs   	n.adlt.fst.wc_p1-2	n.adlt.fst.wc_p1-3	n.adlt.fst.wc_p2-3
5           	10          	0.01689     	2.76e-06    	5.589e-06   	3.152e-06   
10          	10          	0.07758     	7.592e-06   	2.483e-05   	6.642e-06   
15          	10          	0.02572     	1.187e-05   	1.796e-05   	1.579e-05   
20          	10          	0.0194      	3.276e-05   	1.87e-05    	2.256e-05   
25          	10          	0.1246      	1.368e-05   	4.652e-05   	2.454e-05   
30          	10          	0.1298      	6.402e-05   	6.336e-05   	2.135e-05   
35          	10          	0.1419      	2.512e-05   	0.0001235   	3.435e-05   
40          	10          	0.06151     	6.945e-05   	0.0001435   	5.96e-05    
45          	10          	0.05489     	5.73e-06    	7.95e-05    	5.008e-05   
50          	10          	0.07571     	4.24e-05    	0.0001681   	2.422e-05   
55          	10          	0.05596     	3.954e-05   	5.445e-05   	1.442e-05   
60          	10          	0.1143      	2.133e-05   	7.036e-05   	3.188e-05   
65          	10          	0.08527     	1.976e-05   	7.298e-05   	3.936e-05   
70          	10          	0.08201     	4.63e-05    	6.732e-05   	5.23e-05    
75          	10          	0.07578     	3.373e-05   	0.0001437   	8.109e-05   
80          	10          	0.1101      	5.032e-05   	6.258e-05   	2.725e-05   
85          	10          	0.133       	2.768e-05   	2.518e-05   	2.583e-05   
90          	10          	0.1155      	2.193e-05   	5.959e-05   	4.205e-05   
95          	10          	0.06669     	7.902e-05   	0.0001637   	0.000109    
100         	10          	0.131       	9.198e-06   	8.618e-05   	7.002e-05   
105         	10          	0.171       	9.501e-05   	4.966e-05   	3.452e-05   
110         	10          	0.1225      	5.454e-05   	0.0001227   	4.86e-05    
115         	10          	0.1878      	3.446e-05   	8.072e-05   	2.91e-05    
120         	10          	0.1331      	4.57e-05    	9.361e-05   	4.665e-05   
125         	10          	0.1398      	3.984e-05   	7.89e-05    	6.538e-05   
130         	10          	0.1504      	5.756e-05   	0.0001053   	4.026e-05   
135         	10          	0.1841      	4.896e-05   	4.841e-05   	3.033e-05   
140         	10          	0.1603      	2.845e-05   	0.0001253   	8.704e-05   
145         	10          	0.09007     	4.81e-05    	0.0001611   	5.321e-05   
150         	10          	0.1118      	5.413e-05   	0.000145    	1.968e-05   
155         	10          	0.09038     	4.413e-05   	0.0001778   	6.06e-05    
160         	10          	0.1122      	5.49e-05    	9.452e-05   	0.0001356   
165         	10          	0.1055      	2.873e-05   	8.294e-05   	1.707e-05   
170         	10          	0.07786     	0.0001092   	0.0002204   	5.233e-05   
175         	10          	0.06823     	6.595e-05   	0.00015     	4.272e-05   
180         	10          	0.07701     	2.967e-05   	0.0001055   	7.037e-05   
185         	10          	0.1049      	3.989e-05   	0.0001882   	2.918e-05   
190         	10          	0.06918     	4.823e-05   	7.293e-05   	3.016e-05   
195         	10          	0.0561      	7.148e-05   	0.0001067   	3.974e-05   
200         	10          	0.07725     	3.7e-05     	0.000137    	2.298e-05   
205         	10          	0.07921     	7.814e-05   	0.0001003   	5.559e-05   
210         	10          	0.05562     	4.873e-05   	0.0001144   	6.339e-05   
215         	10          	0.05472     	6.902e-05   	8.111e-05   	6.401e-05   
220         	10          	0.06654     	8.778e-05   	7.953e-05   	5.813e-05   
225         	10          	0.05393     	5.22e-05    	8.315e-05   	2.591e-05   
230         	10          	0.05401     	5.863e-05   	0.0001785   	5.546e-05   
235         	10          	0.06295     	0.0002134   	0.0002579   	5.787e-05   
240         	10          	0.05482     	4.275e-05   	0.0001631   	5.693e-05   
245         	10          	0.04577     	9.447e-05   	0.0002783   	2.418e-05   
250         	10          	0.02579     	6.046e-05   	0.0001746   	3.643e-05   
255         	10          	0.0319      	2.974e-05   	0.0001063   	4.352e-05   
260         	10          	0.0449      	3.805e-05   	0.0001156   	3.965e-05   
265         	10          	0.03675     	9.768e-05   	4.766e-05   	5.039e-05   
270         	10          	0.04829     	4.833e-05   	0.0001281   	3.35e-05    
275         	10          	0.02371     	8.877e-05   	0.0002236   	5.723e-05   
280         	10          	0.02819     	0.0001563   	0.0001304   	5.306e-05   
285         	10          	0.03517     	8.186e-05   	0.0001232   	4.738e-05   
290         	10          	0.02073     	0.000129    	0.0001114   	6.999e-05   
295         	10          	0.02047     	4.426e-05   	9.96e-05    	6.663e-05   
300         	10          	0.02651     	0.0001249   	0.0003021   	0.0001034   
305         	10          	0.05329     	4.931e-05   	0.0002044   	0.00011     
310         	10          	0.05503     	6.955e-05   	0.0001574   	8.411e-05   
315         	10          	0.07024     	9.039e-05   	0.0001876   	6.204e-05   
320         	10          	0.08744     	7.686e-05   	0.0004343   	6.782e-05   
325         	10          	0.0846      	6.07e-05    	0.0001505   	5.577e-05   
330         	10          	0.08474     	7.035e-05   	0.0002496   	7.244e-05   
335         	10          	0.08445     	7.468e-05   	0.0001885   	0.0001354   
340         	10          	0.06462     	8.009e-05   	0.0002403   	2.961e-05   
345         	10          	0.07554     	0.0001235   	0.0001447   	6.997e-05   
350         	10          	0.06554     	0.0001258   	0.0001545   	4.125e-05   
355         	10          	0.07334     	0.0001001   	0.000166    	7.207e-05   
360         	10          	0.06461     	0.0001135   	7.279e-05   	3.14e-05    
365         	10          	0.0711      	0.000117    	0.0002499   	8.243e-05   
370         	10          	0.082       	0.0001173   	0.0003182   	0.0001026   
375         	10          	0.09319     	0.0001022   	0.0001573   	8.458e-05   
380         	10          	0.06568     	8.53e-05    	0.0001711   	7.786e-05   
385         	10          	0.06771     	8.399e-05   	5.825e-05   	9.135e-05   
390         	10          	0.07757     	8.902e-05   	0.0002777   	0.000117    
395         	10          	0.07275     	0.0001096   	0.000245    	0.0001029   
400         	10          	0.0344      	0.000169    	0.0005169   	8.038e-05   
405         	10          	0.05156     	8.562e-05   	0.0001162   	9.417e-05   
410         	10          	0.05091     	6.837e-05   	0.0002025   	4.53e-05    
415         	10          	0.05584     	5.383e-05   	0.0001525   	7.342e-05   
420         	10          	0.05134     	7.678e-05   	0.000109    	7.463e-05   
425         	10          	0.03882     	5.428e-05   	0.0001262   	0.0001166   
430         	10          	0.04891     	7.646e-05   	0.0002833   	6.694e-05   
435         	10          	0.0403      	6.011e-05   	0.0001447   	6.395e-05   
440         	10          	0.04447     	0.0001458   	0.0002304   	0.0001589   
445         	10          	0.03239     	0.0001364   	0.0001992   	0.0002495   
450         	10          	0.01891     	9.448e-05   	0.0002221   	2.957e-05   
455         	10          	0.02045     	0.0001781   	0.0003192   	2.798e-05   
460         	10          	0.02996     	0.0001168   	0.000476    	0.0001208   
465         	10          	0.02082     	5.959e-05   	0.0001532   	0.000153    
470         	10          	0.03551     	3.108e-05   	0.0001882   	4.403e-05   
475         	10          	0.02043     	0.0001831   	0.0004446   	0.0001529   
480         	10          	0.02429     	8.619e-05   	0.0003942   	0.0001755   
485         	10          	0.02086     	0.0001419   	0.0002065   	5.062e-05   
490         	10          	0.02319     	8.066e-05   	0.000215    	6.082e-05   
495         	10          	0.0303      	5.386e-05   	0.0002689   	6.389e-05   
500         	10          	0.01212     	3.585e-05   	9.56e-05    	0.0001196   
505         	10          	0.02445     	3.716e-05   	0.0002613   	6.023e-05   
510         	10          	0.03191     	0.0001045   	0.0001254   	0.000104    
515         	10          	0.03084     	9.167e-05   	0.0001432   	3.175e-05   
520         	10          	0.02808     	0.0001531   	0.0003026   	0.0001584   
525         	10          	0.0379      	7.404e-05   	0.000184    	6.486e-05   
530         	10          	0.0408      	0.0001297   	0.0004764   	0.000132    
535         	10          	0.01741     	0.0001689   	0.000173    	9.002e-05   
540         	10          	0.02836     	3.406e-05   	0.0002259   	9.823e-05   
545         	10          	0.03814     	8.84e-05    	0.0001842   	0.0001163   
550         	10          	0.03251     	7.671e-05   	0.0002512   	0.0001357   
555         	10          	0.02906     	4.11e-05    	0.0001034   	5.517e-05   
560         	10          	0.04212     	4.1e-05     	0.0002725   	5.225e-05   
565         	10          	0.03377     	8.497e-05   	0.000168    	0.0002043   
570         	10          	0.02843     	6.555e-05   	0.0001643   	7.581e-05   
575         	10          	0.02458     	6.967e-05   	0.0001817   	8.759e-05   
580         	10          	0.02249     	0.0001645   	0.0004872   	9.776e-05   
585         	10          	0.02604     	0.0001153   	0.0003263   	3.415e-05   
590         	10          	0.008892    	4.899e-05   	0.0002748   	8.459e-05   
595         	10          	0.01317     	9.139e-05   	7.561e-05   	9.523e-05   
600         	10          	0.01427     	0.0001036   	0.0003636   	4.184e-05   
605         	10          	0.02583     	9.082e-05   	0.0003844   	0.0001553   
610         	10          	0.01729     	0.0001726   	0.0007185   	4.263e-05   
615         	10          	0.01934     	3.658e-05   	0.0001177   	3.788e-05   
620         	10          	0.01414     	5.375e-05   	0.0003793   	6.605e-05   
625         	10          	0.02056     	8.189e-05   	0.0003565   	9.138e-05   
630         	10          	0.01886     	2.559e-05   	0.0002261   	8.993e-05   
635         	10          	0.01601     	5.887e-05   	0.0002864   	0.0001912   
640         	10          	0.01882     	0.0001238   	0.0003455   	3.374e-05   
645         	10          	0.02379     	9.66e-05    	0.000152    	0.0001244   
650         	10          	0.0196      	4.321e-05   	0.0002159   	0.0002044   
655         	10          	0.02007     	9.605e-05   	0.0003275   	0.0001151   
660         	10          	0.01321     	0.0001286   	0.0003434   	9.621e-05   
665         	10          	0.02034     	6.129e-05   	0.0001124   	1.862e-05   
670         	10          	0.03482     	8.636e-05   	0.0002505   	0.0001307   
675         	10          	0.02246     	5.868e-05   	0.0001345   	0.0001213   
680         	10          	0.01921     	0.000113    	0.0002045   	0.0001188   
685         	10          	0.03025     	0.000127    	0.0002379   	5.085e-05   
690         	10          	0.01829     	6.807e-05   	0.0003318   	0.0001202   
695         	10          	0.02246     	0.0002077   	0.0002102   	0.0002175   
700         	10          	0.02028     	0.0001317   	0.000151    	7.771e-05   
705         	10          	0.01923     	6.825e-05   	6.957e-05   	0.0002157   
710         	10          	0.01612     	0.0001214   	0.0003204   	9.255e-05   
715         	10          	0.01683     	5.969e-05   	0.0002606   	9.796e-05   
720         	10          	0.0191      	0.0001815   	0.0003966   	5.491e-05   
725         	10          	0.014       	0.0001558   	0.0001038   	8.194e-05   
730         	10          	0.0196      	0.0001112   	0.0003109   	0.0001408   
735         	10          	0.01779     	0.000164    	0.0001444   	4.236e-05   
740         	10          	0.02361     	3.283e-05   	0.0002079   	0.0001093   
745         	10          	0.01784     	0.0001      	0.0004806   	8.095e-05   
750         	10          	0.02986     	0.000106    	0.0002312   	9.12e-05    
755         	10          	0.03273     	8.714e-05   	0.0003158   	6.967e-05   
760         	10          	0.02447     	7.21e-05    	0.0001829   	4.403e-05   
765         	10          	0.0353      	0.000105    	0.0002077   	0.0001824   
770         	10          	0.02062     	0.0001095   	0.0002254   	0.0001412   
775         	10          	0.0459      	9.71e-05    	0.000146    	8.187e-05   
780         	10          	0.01818     	5.82e-05    	0.0001695   	5.325e-05   
785         	10          	0.02593     	0.0001015   	0.0002901   	3.79e-05    
790         	10          	0.02146     	0.000133    	0.0002703   	9.006e-05   
795         	10          	0.03495     	5.398e-05   	0.0001404   	6.816e-05   
800         	10          	0.01907     	0.0001858   	0.0002568   	0.0001072   
805         	10          	0.02616     	0.0001466   	0.0003417   	0.0001042   
810         	10          	0.02538     	0.0002174   	0.0002794   	8.666e-05   
815         	10          	0.02867     	4.92e-05    	0.000258    	8.768e-05   
820         	10          	0.03795     	6.466e-05   	0.0003288   	0.000111    
825         	10          	0.04383     	0.0001418   	0.0002534   	0.0001161   
830         	10          	0.03934     	4.817e-05   	0.0004904   	0.0001358   
835         	10          	0.04462     	6.215e-05   	5.258e-05   	8.141e-05   
840         	10          	0.03221     	0.0001056   	0.0004508   	7.462e-05   
845         	10          	0.02227     	6.371e-05   	0.0001403   	4.944e-05   
850         	10          	0.02672     	0.0001026   	3.785e-05   	0.0001025   
855         	10          	0.03475     	5.585e-05   	0.0003021   	8.81e-05    
860         	10          	0.0326      	7.478e-05   	0.0003074   	0.0002458   
865         	10          	0.04139     	0.0001255   	0.0001996   	0.0001333   
870         	10          	0.049       	0.0002758   	0.0005531   	7.395e-05   
875         	10          	0.04651     	5.26e-05    	0.0003303   	8.033e-05   
880         	10          	0.04654     	7.557e-05   	0.0002804   	0.000287    
885         	10          	0.03049     	0.000155    	0.0002123   	0.0001392   
890         	10          	0.02968     	7.955e-05   	0.0003259   	0.0001393   
895         	10          	0.0353      	0.0001421   	0.0001288   	9.394e-05   
900         	10          	0.02582     	0.0001996   	0.0002153   	0.0001065   
905         	10          	0.02367     	0.0001492   	0.0001642   	3.957e-05   
910         	10          	0.02734     	0.0001544   	0.0002648   	0.0001068   
915         	10          	0.02706     	0.0001256   	0.0001878   	8.213e-05   
920         	10          	0.01901     	7.886e-05   	0.0001935   	5.965e-05   
925         	10          	0.02127     	6.149e-05   	0.0001316   	8.916e-05   
930         	10          	0.02141     	5.772e-05   	0.0001505   	8.435e-05   
935         	10          	0.03221     	0.0002424   	0.0004383   	0.0001132   
940         	10          	0.02191     	2.102e-05   	0.0002716   	0.0002164   
945         	10          	0.0151      	4.836e-05   	0.0004648   	0.0002462   
950         	10          	0.02029     	8.325e-05   	0.0001788   	8.958e-05   
955         	10          	0.0253      	0.0001046   	0.00015     	4.373e-05   
960         	10          	0.02188     	7.209e-05   	0.0002628   	6.263e-05   
965         	10          	0.02184     	6.359e-05   	0.0003234   	5.672e-05   
970         	10          	0.02384     	8.864e-05   	0.0004289   	0.0001429   
975         	10          	0.01391     	0.0002075   	0.0004418   	4.754e-05   
980         	10          	0.01616     	0.0001708   	0.0006452   	0.0001948   
985         	10          	0.01879     	0.0001298   	0.0004104   	0.0001085   
990         	10          	0.01501     	8.335e-05   	0.0001084   	5.651e-05   
995         	10          	0.02025     	0.0001396   	0.0001355   	7.709e-05   
1000        	10          	0.0144      	9.318e-05   	0.0003306   	0.0002598   
1005        	10          	0.008692    	8.641e-05   	0.0001634   	0.0001233   
1010        	10          	0.01534     	0.0001111   	0.0002543   	5.028e-05   
1015        	10          	0.009303    	8.584e-05   	0.0001308   	7.467e-05   
1020        	10          	0.008792    	0.0001724   	0.0002772   	0.0001053   
1025        	10          	0.0176      	8.906e-05   	0.0006042   	0.0002015   
1030        	10          	0.01416     	0.0001381   	0.0002996   	0.0001816   
1035        	10          	0.009914    	0.0001162   	0.0001721   	0.0001717   
1040        	10          	0.008833    	6.703e-05   	0.0002141   	0.0002425   
1045        	10          	0.01478     	2.904e-05   	0.0001861   	0.0001929   
1050        	10          	0.01422     	4.496e-05   	0.0003198   	6.489e-05   
1055        	10          	0.013       	0.0001004   	0.0006983   	0.0001901   
1060        	10          	0.01571     	0.000139    	0.0004299   	5.247e-05   
1065        	10          	0.01579     	0.0001885   	0.0004967   	8.982e-05   
1070        	10          	0.0226      	0.0001142   	0.0004035   	0.0001096   
1075        	10          	0.01677     	0.0001381   	0.0003926   	0.0001432   
1080        	10          	0.01501     	9.124e-05   	0.0001272   	4.367e-05   
1085        	10          	0.02117     	0.0001591   	0.0003061   	8.818e-05   
1090        	10          	0.01954     	0.000142    	0.0004417   	0.0001336   
1095        	10          	0.02644     	0.0001441   	0.0003675   	0.0002083   
1100        	10          	0.02023     	0.0001285   	0.0002402   	0.0001547   
1105        	10          	0.02151     	0.0001172   	0.0003505   	0.0001085   
1110        	10          	0.01136     	8.464e-05   	0.0002181   	0.000181    
1115        	10          	0.01768     	5.309e-05   	0.0002031   	9.123e-05   
1120        	10          	0.01388     	5.999e-05   	0.0001677   	4.569e-05   
1125        	10          	0.02088     	0.0001502   	0.00053     	5.828e-05   
1130        	10          	0.02004     	6.93e-05    	0.0001825   	0.0001544   
1135        	10          	0.01422     	0.000131    	0.0001655   	0.00011     
1140        	10          	0.01547     	0.0001045   	0.0002997   	7.054e-05   
1145        	10          	0.01625     	7.517e-05   	0.0003112   	0.0001451   
1150        	10          	0.01436     	0.0001777   	0.0001917   	0.0001683   
1155        	10          	0.01957     	2.912e-05   	0.0002153   	0.0001424   
1160        	10          	0.01653     	0.0002117   	0.0003385   	0.0001607   
1165        	10          	0.02571     	0.0002505   	0.0002537   	9.798e-05   
1170        	10          	0.01758     	0.0001132   	0.0004441   	0.0003153   
1175        	10          	0.01906     	0.0001749   	0.0005875   	0.0002062   
1180        	10          	0.01401     	0.000109    	0.0002263   	0.0002526   
1185        	10          	0.02329     	0.0001267   	0.000421    	0.0001789   
1190        	10          	0.0156      	0.0001936   	0.0002446   	0.0001218   
1195        	10          	0.02172     	9.006e-05   	0.0002132   	0.0001064   
1200        	10          	0.01284     	0.0001428   	0.0003891   	9.342e-05   
1205        	10          	0.01043     	0.0001338   	0.0003401   	3.666e-05   
1210        	10          	0.009844    	0.0001247   	0.0002748   	9.422e-05   
1215        	10          	0.01017     	0.0001757   	0.0003739   	0.0001632   
1220        	10          	0.01236     	0.0001485   	0.000466    	0.0001154   
1225        	10          	0.01356     	0.00012     	0.0004631   	0.000548    
1230        	10          	0.02154     	7.489e-05   	0.0002651   	0.0001903   
1235        	10          	0.02196     	7.643e-05   	0.0002679   	0.0002488   
1240        	10          	0.0236      	0.0001529   	0.0004855   	0.0004302   
1245        	10          	0.02514     	0.0001926   	0.0003103   	0.0001118   
1250        	10          	0.02418     	0.0001085   	0.0002267   	9.928e-05   
1255        	10          	0.01734     	4.62e-05    	0.000188    	8.984e-05   
1260        	10          	0.03054     	0.0001278   	0.0003493   	0.0001634   
1265        	10          	0.02386     	6.685e-05   	0.0002705   	0.0001437   
1270        	10          	0.02379     	9.147e-05   	0.0003754   	9.784e-05   
1275        	10          	0.03199     	7.931e-05   	9.946e-05   	0.0001671   
1280        	10          	0.01914     	0.000152    	0.0001464   	0.0001314   
1285        	10          	0.03354     	0.0001519   	0.0003288   	0.0001236   
1290        	10          	0.03851     	0.0001686   	0.0003036   	0.0001053   
1295        	10          	0.02971     	8.933e-05   	0.0004669   	0.0001975   
1300        	10          	0.02982     	8.478e-05   	0.000427    	5.937e-05   
1305        	10          	0.02306     	0.0001503   	0.0002364   	0.0001596   
1310        	10          	0.02108     	7.165e-05   	0.00019     	8.407e-05   
1315        	10          	0.02306     	0.0001011   	0.0003999   	0.0001464   
1320        	10          	0.02606     	0.0001076   	0.000186    	9.153e-05   
1325        	10          	0.02689     	0.0002579   	0.0004519   	8.307e-05   
1330        	10          	0.01518     	0.0001492   	0.0001978   	0.0001352   
1335        	10          	0.01558     	0.0001978   	0.000225    	0.0001963   
1340        	10          	0.01153     	7.136e-05   	9.08e-05    	0.0001392   
1345        	10          	0.02173     	0.0002121   	0.0002846   	0.0001839   
1350        	10          	0.01908     	0.0001433   	0.0008996   	0.000537    
1355        	10          	0.01861     	0.0002328   	0.0006586   	0.0001286   
1360        	10          	0.02484     	4.446e-05   	0.0003563   	5.556e-05   
1365        	10          	0.02483     	0.0002002   	0.0008711   	0.0001867   
1370        	10          	0.02375     	8.85e-05    	0.0003314   	0.0001761   
1375        	10          	0.02339     	2.912e-05   	0.0003      	0.0001303   
1380        	10          	0.03007     	0.0001406   	0.0003411   	9.148e-05   
1385        	10          	0.01834     	0.0001792   	0.0001329   	7.475e-05   
1390        	10          	0.01254     	0.0002096   	0.0006297   	0.0003188   
1395        	10          	0.01467     	0.0001451   	0.0008758   	0.0002789   
1400        	10          	0.01414     	8.471e-05   	0.0005536   	0.0006115   
1405        	10          	0.0079      	0.0002272   	0.0005692   	0.0001224   
1410        	10          	0.01623     	8.906e-05   	0.001033    	0.0002021   
1415        	10          	0.01062     	0.0001113   	0.0002259   	0.0001159   
1420        	10          	0.01139     	8.491e-05   	0.0002032   	8.735e-05   
1425        	10          	0.02138     	0.0002102   	0.0006108   	0.0002821   
1430        	10          	0.02152     	0.0001199   	0.0004943   	0.0002548   
1435        	10          	0.02236     	0.0001398   	0.0001141   	8.406e-05   
1440        	10          	0.02179     	0.00017     	0.0004894   	0.0001788   
1445        	10          	0.04354     	0.0001739   	0.0001067   	7.865e-05   
1450        	10          	0.01993     	0.0002469   	0.0003034   	0.0001246   
1455        	10          	0.03932     	0.0001235   	0.0004676   	0.0001431   
1460        	10          	0.02143     	0.0002463   	0.0007134   	0.0001724   
1465        	10          	0.02949     	0.0001054   	0.0002447   	5.741e-05   
1470        	10          	0.02761     	0.0001012   	0.0001806   	5.084e-05   
1475        	10          	0.02829     	0.0002288   	0.0003181   	8.196e-05   
1480        	10          	0.01966     	0.0001955   	0.0006297   	6.284e-05   
1485        	10          	0.0264      	0.0004721   	0.0007309   	0.0001719   
1490        	10          	0.03006     	5.342e-05   	0.0004296   	0.0002155   
1495        	10          	0.04947     	0.0001549   	0.000567    	0.0001593   
1500        	10          	0.0483      	7.381e-05   	0.0002239   	0.0002326   
1505        	10          	0.05228     	0.0001369   	0.0001615   	8.624e-05   
1510        	10          	0.05397     	0.0001903   	3.503e-05   	6.636e-05   
1515        	10          	0.04464     	0.0001691   	0.0001953   	3.634e-05   
1520        	10          	0.04041     	0.0006301   	0.0001917   	0.0001035   
1525        	10          	0.05428     	0.0001093   	0.0001676   	8.005e-05   
1530        	10          	0.05656     	9.019e-05   	0.0004619   	0.0001137   
1535        	10          	0.03656     	6.776e-05   	0.0002851   	0.0002176   
1540        	10          	0.03207     	9.327e-05   	0.0002189   	0.0001188   
1545        	10          	0.03027     	7.296e-05   	0.0002272   	8.567e-05   
1550        	10          	0.02222     	3.575e-05   	0.0002032   	0.0001735   
1555        	10          	0.03667     	0.0001794   	0.0002534   	0.0001511   
1560        	10          	0.01508     	0.0001936   	0.0004359   	7.428e-05   
1565        	10          	0.02088     	0.0001493   	0.0004104   	0.0004157   
1570        	10          	0.01872     	4.5e-05     	0.0003016   	0.0001232   
1575        	10          	0.01528     	0.000133    	0.0002186   	0.0001308   
1580        	10          	0.01567     	0.0002075   	0.0002529   	0.0001612   
1585        	10          	0.01434     	6.605e-05   	0.0002928   	9.354e-05   
1590        	10          	0.007878    	0.0001872   	0.0001951   	8.055e-05   
1595        	10          	0.01918     	5.324e-05   	0.0001875   	8.088e-05   
1600        	10          	0.01438     	7.333e-05   	0.0003154   	0.0001746   
1605        	10          	0.01075     	9.38e-05    	0.0001872   	7e-05       
1610        	10          	0.01217     	7.135e-05   	0.0002534   	0.0001422   
1615        	10          	0.02093     	0.0002872   	0.0002986   	0.0001714   
1620        	10          	0.01663     	0.0001247   	0.0001661   	0.0001362   
1625        	10          	0.01616     	8.286e-05   	0.0002606   	0.0001129   
1630        	10          	0.02108     	0.0001677   	0.0002244   	0.0001542   
1635        	10          	0.02688     	7.951e-05   	0.0002646   	0.000309    
1640        	10          	0.03084     	0.0002044   	0.0002377   	5.637e-05   
1645        	10          	0.02914     	9.677e-05   	0.0004517   	0.0001533   
1650        	10          	0.02407     	8.814e-05   	0.0003769   	6.407e-05   
1655        	10          	0.02654     	7.391e-05   	0.000221    	0.0001564   
1660        	10          	0.02217     	4.036e-05   	0.0004279   	0.0001987   
1665        	10          	0.02518     	0.0001651   	0.0002852   	8.568e-05   
1670        	10          	0.02877     	9.269e-05   	0.0002334   	0.0001178   
1675        	10          	0.01418     	7.658e-05   	0.0001193   	0.0001231   
1680        	10          	0.01441     	4.72e-05    	0.0002664   	0.0002455   
1685        	10          	0.01475     	0.0001015   	0.0003011   	0.0001537   
1690        	10          	0.01579     	0.000145    	0.0003152   	0.000241    
1695        	10          	0.01356     	5.483e-05   	0.0004471   	0.000188    
1700        	10          	0.009178    	0.0001014   	0.0002976   	6.243e-05   
1705        	10          	0.009267    	0.0001924   	0.0001142   	0.0001513   
1710        	10          	0.01511     	0.0001945   	0.0001469   	9.98e-05    
1715        	10          	0.0191      	5.898e-05   	0.0002224   	6.147e-05   
1720        	10          	0.01378     	7.04e-05    	0.0002453   	6.683e-05   
1725        	10          	0.01984     	8.189e-05   	0.0001271   	0.0001252   
1730        	10          	0.02649     	0.0001017   	0.0004606   	0.0001658   
1735        	10          	0.0255      	0.0001864   	0.0001776   	5.475e-05   
1740        	10          	0.02485     	0.0001431   	0.0002363   	2.966e-05   
1745        	10          	0.0341      	0.0001775   	0.0006887   	0.0001275   
1750        	10          	0.02849     	0.0001236   	0.001048    	0.0003898   
1755        	10          	0.03173     	5.149e-05   	0.0003176   	0.0001135   
1760        	10          	0.03929     	0.0001278   	0.0003363   	0.0001965   
1765        	10          	0.02797     	5.849e-05   	0.0002328   	0.0002877   
1770        	10          	0.03829     	0.0001713   	0.00027     	3.593e-05   
1775        	10          	0.03069     	0.0001746   	0.0002386   	0.0001965   
1780        	10          	0.04118     	0.0001065   	0.0003134   	7.651e-05   
1785        	10          	0.02845     	0.0003434   	0.0003443   	4.174e-05   
1790        	10          	0.04306     	0.000133    	0.0004088   	0.0002076   
1795        	10          	0.04011     	8.052e-05   	0.0003083   	5.006e-05   
1800        	10          	0.03391     	0.0001429   	0.0001539   	0.0001177   
1805        	10          	0.03114     	4.372e-05   	0.0002286   	6.993e-05   
1810        	10          	0.03024     	0.0001574   	0.0004424   	0.0001875   
1815        	10          	0.02723     	8.989e-05   	0.0003665   	9.63e-05    
1820        	10          	0.03173     	0.0001653   	0.0001843   	0.0001741   
1825        	10          	0.0355      	0.000113    	0.0005187   	7.297e-05   
1830        	10          	0.02873     	0.0001673   	0.0005256   	0.0001875   
1835        	10          	0.02972     	0.0001708   	0.0006099   	0.0001331   
1840        	10          	0.03628     	0.0001066   	0.0002375   	0.0001242   
1845        	10          	0.02641     	0.0001825   	9.205e-05   	0.0001111   
1850        	10          	0.03404     	0.0003716   	0.0002957   	0.0002097   
1855        	10          	0.02768     	5.948e-05   	4.676e-05   	0.0001369   
1860        	10          	0.03818     	0.0001003   	0.0003547   	0.0001647   
1865        	10          	0.03486     	0.0001495   	0.0003041   	0.0001262   
1870        	10          	0.02939     	0.0002112   	0.0002651   	0.0001073   
1875        	10          	0.02575     	7.664e-05   	0.0003206   	6.548e-05   
1880        	10          	0.03056     	0.0001317   	0.000222    	0.0001173   
1885        	10          	0.03258     	0.0001013   	0.0004391   	0.0001502   
1890        	10          	0.01225     	0.0001338   	0.0002189   	5.503e-05   
1895        	10          	0.01778     	0.0001062   	0.0001075   	0.000101    
1900        	10          	0.03045     	0.0001227   	0.000241    	7.949e-05   
1905        	10          	0.01524     	0.0001252   	0.0002545   	0.0001211   
1910        	10          	0.01479     	0.0001245   	0.0002182   	0.0001091   
1915        	10          	0.01062     	0.0001577   	0.0001599   	8.083e-05   
1920        	10          	0.01895     	9.405e-05   	0.0003919   	0.0002684   
1925        	10          	0.01361     	3.342e-05   	0.0001773   	5.147e-05   
1930        	10          	0.0116      	0.0001184   	0.0005353   	0.000213    
1935        	10          	0.01661     	0.0001074   	0.0001644   	4.895e-05   
1940        	10          	0.01957     	0.0001367   	0.0002994   	3.377e-05   
1945        	10          	0.01734     	0.0001339   	0.0002231   	0.0001423   
1950        	10          	0.02089     	0.0001866   	0.000179    	3.734e-05   
1955        	10          	0.01356     	7.559e-05   	0.00021     	0.0001483   
1960        	10          	0.01661     	0.0001951   	0.0007752   	0.000146    
1965        	10          	0.01793     	0.0001772   	0.0006642   	4.606e-05   
1970        	10          	0.02032     	0.0001814   	0.0005674   	0.0001547   
1975        	10          	0.034       	0.0002008   	0.0005595   	8.588e-05   
1980        	10          	0.01857     	0.0001567   	0.0002136   	0.000115    
1985        	10          	0.02322     	0.0001083   	0.0007686   	0.0001579   
1990        	10          	0.02111     	0.0002146   	0.0002919   	8.588e-05   
1995        	10          	0.01279     	4.736e-05   	0.0001841   	0.0001134   
2000        	10          	0.01889     	0.0001957   	0.0006      	0.0002139   
2005        	10          	0.01541     	0.0001286   	0.0003547   	0.0002224   
2010        	10          	0.02385     	0.0001457   	0.0003709   	0.0001075   
2015        	10          	0.01518     	0.0002467   	0.0007067   	0.0001856   
2020        	10          	0.01899     	0.0001144   	0.0004836   	0.0001146   
2025        	10          	0.01217     	0.0001218   	0.0005248   	0.0001547   
2030        	10          	0.007667    	9.159e-05   	0.000244    	0.0002718   
2035        	10          	0.01921     	0.0001787   	0.0003288   	0.0001452   
2040        	10          	0.01358     	7.143e-05   	0.0003966   	0.000263    
2045        	10          	0.01272     	0.0001797   	0.0002063   	0.0001335   
2050        	10          	0.011       	8.097e-05   	0.0005179   	3.528e-05   
2055        	10          	0.01266     	0.0001738   	0.0003556   	0.0001638   
2060        	10          	0.01501     	4.922e-05   	0.0003679   	7.306e-05   
2065        	10          	0.01122     	3.007e-05   	0.0007466   	0.000192    
2070        	10          	0.01934     	0.000197    	0.0003278   	0.0001328   
2075        	10          	0.01722     	8.251e-05   	0.000417    	0.0001257   
2080        	10          	0.02904     	0.0003782   	0.0002031   	0.0001104   
2085        	10          	0.03863     	7.077e-05   	0.0003639   	0.0001226   
2090        	10          	0.02929     	0.0001217   	0.0001841   	0.0001681   
2095        	10          	0.03117     	2.789e-05   	0.0001877   	0.0001101   
2100        	10          	0.028       	9.902e-05   	0.0002239   	9.885e-05   
2105        	10          	0.03128     	0.0002353   	0.0003976   	0.0001127   
2110        	10          	0.01601     	0.000237    	0.0003119   	9.457e-05   
2115        	10          	0.03451     	0.0001664   	0.0002459   	6.274e-05   
2120        	10          	0.01996     	0.0003195   	0.0002234   	4.827e-05   
2125        	10          	0.02977     	0.000128    	0.0003391   	0.0001728   
2130        	10          	0.01967     	5.166e-05   	0.0003402   	0.0001642   
2135        	10          	0.033       	7.848e-05   	0.0003251   	0.0001149   
2140        	10          	0.0296      	3.821e-05   	0.0002275   	0.0002178   
2145        	10          	0.03025     	0.0002041   	0.0002077   	0.0001352   
2150        	10          	0.0208      	0.0001224   	0.0003021   	9.097e-05   
2155        	10          	0.01173     	0.0003237   	0.0005077   	5.848e-05   
2160        	10          	0.02386     	0.0001258   	0.0003464   	0.0001209   
2165        	10          	0.01921     	7.562e-05   	0.0003179   	0.0003029   
2170        	10          	0.02024     	0.0002028   	0.0005455   	0.000177    
2175        	10          	0.03067     	0.0001466   	0.0002905   	0.0001619   
2180        	10          	0.02311     	7.821e-05   	7.046e-05   	4.913e-05   
2185        	10          	0.03001     	6.557e-05   	0.0005287   	0.0001744   
2190        	10          	0.02757     	5.556e-05   	0.0001411   	3.143e-05   
2195        	10          	0.02947     	6.425e-05   	0.0001574   	0.0001301   
2200        	10          	0.02857     	0.0002929   	0.0003068   	0.0003407   
2205        	10          	0.02751     	0.0001702   	0.0006225   	0.0003172   
2210        	10          	0.03807     	0.000268    	0.000519    	6.438e-05   
2215        	10          	0.04246     	3.926e-05   	0.0006806   	0.0001099   
2220        	10          	0.03413     	0.0001205   	0.000416    	6.142e-05   
2225        	10          	0.03878     	0.0001332   	0.0001696   	0.0001061   
2230        	10          	0.04817     	0.0001157   	0.0004331   	6.226e-05   
2235        	10          	0.03118     	0.0002004   	0.0006857   	0.0003705   
2240        	10          	0.04771     	8.276e-05   	0.000392    	0.0003374   
2245        	10          	0.0344      	0.0001403   	0.0001756   	0.0001582   
2250        	10          	0.04889     	0.0001068   	0.000345    	0.0001604   
2255        	10          	0.04562     	7.5e-05     	0.0003056   	0.0001987   
2260        	10          	0.03901     	0.000115    	0.0003597   	0.0002493   
2265        	10          	0.04412     	6.47e-05    	0.0004402   	0.0001669   
2270        	10          	0.05294     	0.0002565   	0.0003865   	0.0001502   
2275        	10          	0.03812     	0.0001073   	0.0002536   	4.762e-05   
2280        	10          	0.03303     	0.0002285   	0.0005907   	0.0001061   
2285        	10          	0.03818     	5.636e-05   	0.0002496   	0.0001441   
2290        	10          	0.02834     	0.0001508   	0.0004605   	6.354e-05   
2295        	10          	0.04091     	4.031e-05   	0.0005159   	0.000244    
2300        	10          	0.03851     	0.0001417   	0.0002745   	0.0001902   
2305        	10          	0.02116     	0.0001069   	0.0003527   	9.994e-05   
2310        	10          	0.02304     	7.655e-05   	9.544e-05   	5.289e-05   
2315        	10          	0.02768     	0.0001224   	0.0003275   	6.44e-05    
2320        	10          	0.041       	0.0002257   	0.0008478   	0.0001678   
2325        	10          	0.02738     	8.996e-05   	0.0005718   	6.345e-05   
2330        	10          	0.02346     	0.0001683   	0.0004745   	0.0001372   
2335        	10          	0.01545     	0.0002139   	0.0003759   	9.304e-05   
2340        	10          	0.01834     	0.000109    	0.0001773   	0.0001265   
2345        	10          	0.02327     	7.754e-05   	0.0003356   	0.0001222   
2350        	10          	0.01471     	9.427e-05   	0.0002357   	0.0001665   
2355        	10          	0.0143      	0.0001627   	0.00041     	0.0001848   
2360        	10          	0.01223     	9.03e-05    	0.0004497   	0.0001743   
2365        	10          	0.01691     	0.0001407   	0.0001686   	0.0001698   
2370        	10          	0.01953     	0.0001059   	0.0003698   	7.251e-05   
2375        	10          	0.02253     	9.167e-05   	0.0001808   	0.0001325   
2380        	10          	0.01528     	7.165e-05   	0.0002435   	0.0001494   
2385        	10          	0.01877     	4.42e-05    	0.0002264   	0.0001031   
2390        	10          	0.01278     	0.0002192   	0.0008112   	0.000147    
2395        	10          	0.01467     	3.436e-05   	0.000454    	0.0001154   
2400        	10          	0.01819     	0.0002345   	0.001093    	0.0001452   
2405        	10          	0.01995     	0.0001358   	0.0006365   	0.0004324   
2410        	10          	0.008656    	0.00018     	0.0002952   	0.0003268   
2415        	10          	0.02058     	0.0001792   	0.000432    	0.0003484   
2420        	10          	0.02243     	8.755e-05   	0.0003124   	0.0002689   
2425        	10          	0.02194     	6.436e-05   	0.0004426   	0.0001761   
2430        	10          	0.01313     	0.0001256   	0.0006264   	2.93e-05    
2435        	10          	0.0086      	5.163e-05   	0.0002404   	5.604e-05   
2440        	10          	0.01522     	0.0001128   	0.0002617   	0.0001733   
2445        	10          	0.009489    	0.0001613   	0.0002854   	9.547e-05   
2450        	10          	0.01051     	0.0002302   	0.0003715   	7.384e-05   
2455        	10          	0.009722    	0.0004006   	0.0008439   	7.196e-05   
2460        	10          	0.01308     	0.0001181   	0.0001027   	0.0001346   
2465        	10          	0.01007     	4.402e-05   	0.0002748   	0.0001329   
2470        	10          	0.01202     	0.0002718   	0.0002209   	0.0001401   
2475        	10          	0.008514    	4.643e-05   	0.0002813   	0.0001172   
2480        	10          	0.01477     	0.0001952   	0.0002343   	5.886e-05   
2485        	10          	0.01251     	0.0001527   	0.0001743   	0.000193    
2490        	10          	0.01179     	0.0001519   	0.0001885   	8.119e-05   
2495        	10          	0.008225    	7.882e-05   	0.0003894   	0.0001001   
2500        	10          	0.0049      	9.643e-05   	0.0003148   	0.0002774   
2505        	10          	0.008247    	0.000183    	0.0005508   	0.0001107   
2510        	10          	0.004747    	0.000187    	0.0002612   	0.0001994   
2515        	10          	0.005025    	0.0002818   	0.0002879   	4.815e-05   
2520        	10          	0.01782     	0.0003879   	0.000814    	0.0001377   
2525        	10          	0.01268     	0.0001161   	0.0002256   	9.552e-05   
2530        	10          	0.01246     	0.0004404   	0.000437    	0.0002519   
2535        	10          	0.011       	0.0004442   	0.0004472   	0.0001348   
2540        	10          	0.01641     	9.551e-06   	5.489e-05   	0.0002381   
2545        	10          	0.02107     	0.0001158   	0.0004143   	6.648e-05   
2550        	10          	0.01489     	0.0001458   	0.0003378   	8.355e-05   
2555        	10          	0.01827     	0.0001605   	0.000484    	0.0001684   
2560        	10          	0.01821     	0.0002181   	0.0003054   	6.789e-05   
2565        	10          	0.01289     	9.715e-05   	0.000552    	0.0002755   
2570        	10          	0.009344    	3.673e-05   	0.0001088   	0.0001246   
2575        	10          	0.01029     	7.157e-05   	0.0002417   	0.0001181   
2580        	10          	0.01108     	0.0001387   	0.000311    	7.211e-05   
2585        	10          	0.01111     	0.0001182   	0.0002934   	0.000112    
2590        	10          	0.01789     	4.487e-05   	0.000129    	0.0001687   
2595        	10          	0.01496     	6.86e-05    	0.0001988   	0.0001531   
2600        	10          	0.02271     	0.0001443   	0.0002551   	0.0001984   
2605        	10          	0.02095     	0.0002853   	0.0003537   	6.876e-05   
2610        	10          	0.01923     	0.0001289   	0.0002839   	0.0001938   
2615        	10          	0.02973     	0.0001635   	0.0004004   	0.0001593   
2620        	10          	0.02593     	0.0001164   	0.0002135   	8.094e-05   
2625        	10          	0.02334     	8.003e-05   	0.0003548   	0.0002024   
2630        	10          	0.02636     	0.0001691   	0.0003908   	0.0002529   
2635        	10          	0.01677     	0.0002019   	0.000723    	0.001091    
2640        	10          	0.03001     	0.0001837   	0.0006603   	0.000357    
2645        	10          	0.02314     	8.071e-05   	0.0005397   	0.0003388   
2650        	10          	0.01975     	0.0002098   	0.0008028   	0.0001389   
2655        	10          	0.01318     	0.0001738   	0.0003458   	0.0003161   
2660        	10          	0.01771     	0.000188    	0.0004372   	0.000152    
2665        	10          	0.01125     	0.0001132   	0.00015     	0.0001626   
2670        	10          	0.01171     	0.0002198   	0.0002044   	0.0002412   
2675        	10          	0.01608     	0.0002047   	0.0007137   	0.0001044   
2680        	10          	0.01018     	0.0002261   	0.0006097   	0.0002081   
2685        	10          	0.01856     	0.0003048   	0.0001596   	8.213e-05   
2690        	10          	0.009489    	0.0001968   	8.594e-05   	0.0001166   
2695        	10          	0.01136     	0.0001524   	0.000295    	0.0001502   
2700        	10          	0.02157     	0.0001325   	0.0003002   	0.0001189   
2705        	10          	0.01086     	0.0002156   	0.0005609   	8.985e-05   
2710        	10          	0.03023     	8.539e-05   	0.0001426   	0.000115    
2715        	10          	0.02368     	0.0001668   	0.0001064   	4.56e-05    
2720        	10          	0.02488     	0.0001069   	0.000194    	0.0001041   
2725        	10          	0.02239     	7.819e-05   	0.0004722   	0.0001462   
2730        	10          	0.03941     	0.0001639   	0.0001563   	0.0002844   
2735        	10          	0.04528     	8.603e-05   	8.945e-05   	0.0001403   
2740        	10          	0.04254     	0.0001888   	0.0001786   	6.552e-05   
2745        	10          	0.03516     	0.0001223   	0.0001746   	6.377e-05   
2750        	10          	0.04012     	7.027e-05   	0.0002157   	0.000112    
2755        	10          	0.04228     	0.0001175   	0.0002652   	0.0001641   
2760        	10          	0.02401     	8.882e-05   	0.0001086   	0.000172    
2765        	10          	0.02332     	3.677e-05   	0.0001048   	0.000101    
2770        	10          	0.02032     	4.843e-05   	0.0001257   	0.0001075   
2775        	10          	0.01875     	8.142e-05   	0.0003092   	0.000114    
2780        	10          	0.02378     	0.0001786   	0.0002711   	0.0002295   
2785        	10          	0.02264     	0.0001061   	0.0001582   	8.573e-05   
2790        	10          	0.02007     	0.0001712   	0.000154    	0.0001291   
2795        	10          	0.02421     	0.0001938   	0.0002366   	0.000237    
2800        	10          	0.02083     	0.0001948   	0.0002155   	0.0001336   
2805        	10          	0.02883     	0.0001985   	0.000684    	0.0001522   
2810        	10          	0.02464     	0.0001509   	0.0004266   	0.0002976   
2815        	10          	0.0201      	0.0002703   	0.0005106   	2.827e-05   
2820        	10          	0.02814     	0.0002428   	0.0002663   	0.0001174   
2825        	10          	0.03236     	0.0001254   	0.0006073   	9.278e-05   
2830        	10          	0.02717     	8.243e-05   	0.001138    	8.819e-05   
2835        	10          	0.03028     	8.839e-05   	0.0003916   	0.0001145   
2840        	10          	0.03027     	0.0001964   	0.0003438   	0.0001083   
2845        	10          	0.0226      	0.0001171   	0.0005022   	0.0001372   
2850        	10          	0.02039     	0.0001422   	0.0005312   	0.0001752   
2855        	10          	0.02353     	0.0001444   	0.0004609   	0.000123    
2860        	10          	0.0216      	0.0001998   	0.0001899   	0.0001155   
2865        	10          	0.01532     	8.146e-05   	0.0002475   	6.743e-05   
2870        	10          	0.01573     	0.0001819   	0.0003281   	0.0002269   
2875        	10          	0.02638     	0.0002615   	0.0002719   	5.159e-05   
2880        	10          	0.02254     	6.915e-05   	0.0003      	6.643e-05   
2885        	10          	0.02954     	6.068e-05   	0.0002707   	0.0001733   
2890        	10          	0.03549     	7.016e-05   	0.0004315   	0.0003806   
2895        	10          	0.02194     	4.391e-05   	0.0001051   	0.0001068   
2900        	10          	0.02201     	0.0003706   	0.0001801   	0.0001498   
2905        	10          	0.03564     	0.0001823   	0.0002173   	9.517e-05   
2910        	10          	0.02361     	5.463e-05   	0.0004004   	7.263e-05   
2915        	10          	0.02306     	0.0002372   	0.0005468   	0.0001549   
2920        	10          	0.0256      	0.0001461   	0.0002558   	0.000199    
2925        	10          	0.01601     	0.0001786   	0.0004117   	0.0001094   
2930        	10          	0.03953     	4.569e-05   	0.0006458   	0.000294    
2935        	10          	0.03346     	6.036e-05   	0.0003243   	0.0002833   
2940        	10          	0.04358     	0.0001491   	0.0005092   	0.00014     
2945        	10          	0.03175     	0.0002095   	0.0003555   	0.000314    
2950        	10          	0.03004     	7.163e-05   	0.0001752   	0.0001031   
2955        	10          	0.03188     	9.544e-05   	0.0002705   	0.0001166   
2960        	10          	0.02684     	0.0001718   	0.0005031   	7.697e-05   
2965        	10          	0.02482     	9.417e-05   	0.0001542   	6.89e-05    
2970        	10          	0.02341     	5.148e-05   	0.0001322   	0.0001954   
2975        	10          	0.03168     	0.000101    	0.0003505   	0.0001094   
2980        	10          	0.02806     	0.0002435   	0.0003155   	0.0001385   
2985        	10          	0.03423     	0.0001797   	0.0005978   	0.0001871   
2990        	10          	0.04668     	0.0003439   	0.000203    	5.546e-05   
2995        	10          	0.04156     	0.0003475   	0.0001957   	0.00019     
3000        	10          	0.02912     	0.0001224   	0.0004328   	0.0001678   
3005        	10          	0.02834     	0.0001894   	0.0003793   	0.000282    
3010        	10          	0.04496     	8.8e-05     	0.0001509   	0.0002883   
3015        	10          	0.03734     	0.000176    	0.000418    	0.0001567   
3020        	10          	0.03251     	0.0001194   	0.0001502   	0.0002097   
3025        	10          	0.0235      	0.0001458   	0.0002755   	0.0001355   
3030        	10          	0.01139     	6.303e-05   	0.0002176   	0.0003012   
3035        	10          	0.01979     	0.0002322   	0.0001892   	0.0001172   
3040        	10          	0.01793     	5.122e-05   	0.0001713   	0.0001257   
3045        	10          	0.02419     	0.0001506   	0.000342    	0.0001281   
3050        	10          	0.01957     	0.000361    	0.0006526   	0.0002536   
3055        	10          	0.01604     	0.0002003   	0.0002434   	0.0001751   
3060        	10          	0.01601     	0.0002239   	0.0002124   	0.0002223   
3065        	10          	0.01262     	0.0001754   	0.0005189   	0.0004107   
3070        	10          	0.02049     	0.00011     	0.000465    	0.0001373   
3075        	10          	0.0251      	0.0001368   	0.0002676   	0.0001827   
3080        	10          	0.03664     	0.0002358   	0.0006377   	0.0003323   
3085        	10          	0.03128     	0.0001924   	0.0001559   	5.384e-05   
3090        	10          	0.02704     	0.0001177   	0.0003299   	0.0001048   
3095        	10          	0.01834     	0.0002107   	0.000175    	9.196e-05   
3100        	10          	0.02001     	0.0001929   	0.0003193   	0.0001936   
3105        	10          	0.02271     	0.000195    	0.0002995   	3.392e-05   
3110        	10          	0.02479     	0.0002798   	0.000362    	0.000128    
3115        	10          	0.03044     	8.286e-05   	0.0002582   	9.431e-05   
3120        	10          	0.02446     	0.000125    	0.0003701   	0.0002414   
3125        	10          	0.03069     	6.213e-05   	0.0006738   	0.0002301   
3130        	10          	0.024       	0.0001413   	0.0007837   	0.0002108   
3135        	10          	0.03782     	0.0002101   	0.0006196   	0.0004922   
3140        	10          	0.03191     	0.0001309   	0.0004166   	0.0001021   
3145        	10          	0.04119     	3.816e-05   	0.0003851   	0.0001366   
3150        	10          	0.05397     	0.0001605   	0.0002722   	0.0001205   
3155        	10          	0.03378     	0.0001049   	0.0006584   	0.0003695   
3160        	10          	0.03739     	0.000311    	0.0005037   	0.0001181   
3165        	10          	0.03862     	0.0001993   	0.0003438   	7.484e-05   
3170        	10          	0.03796     	0.0002113   	0.0004441   	0.0001044   
3175        	10          	0.04134     	0.0001216   	0.0001764   	0.0001108   
3180        	10          	0.02111     	8.612e-05   	0.0005819   	0.0002729   
3185        	10          	0.031       	0.0001297   	0.0005062   	2.086e-05   
3190        	10          	0.02608     	0.0002224   	0.0002444   	0.0001904   
3195        	10          	0.03661     	0.0003118   	0.0001937   	0.000128    
3200        	10          	0.02971     	0.0001584   	0.0003335   	0.0001329   
3205        	10          	0.02402     	4.8e-05     	0.0004735   	0.0002154   
3210        	10          	0.0308      	0.0002352   	0.0001238   	5.402e-05   
3215        	10          	0.02216     	7.801e-05   	0.0003303   	0.0003641   
3220        	10          	0.02034     	5.95e-05    	0.0001973   	0.0001906   
3225        	10          	0.02369     	0.000201    	0.0002919   	0.000148    
3230        	10          	0.0225      	0.0002055   	0.0002154   	0.0001178   
3235        	10          	0.04089     	0.0002753   	0.0006884   	0.0001505   
3240        	10          	0.0345      	0.0002802   	0.000371    	6.826e-05   
3245        	10          	0.03894     	0.0001126   	0.000639    	0.0001854   
3250        	10          	0.02697     	0.0001771   	0.0003491   	6.673e-05   
3255        	10          	0.01895     	0.0001169   	0.0002133   	0.0002743   
3260        	10          	0.03321     	0.0004146   	0.000305    	0.000199    
3265        	10          	0.02989     	5.767e-05   	0.0003935   	0.000243    
3270        	10          	0.02525     	0.0002018   	0.0006076   	0.0001043   
3275        	10          	0.03953     	0.0001736   	0.000434    	9.646e-05   
3280        	10          	0.02661     	0.0001178   	0.0006      	0.0001611   
3285        	10          	0.02606     	4.704e-05   	0.0002808   	0.0001358   
3290        	10          	0.03002     	0.0001241   	0.0007252   	0.0001329   
3295        	10          	0.02423     	0.0001754   	0.0003192   	6.245e-05   
3300        	10          	0.03179     	7.141e-05   	0.0004045   	8.713e-05   
3305        	10          	0.02588     	0.0003914   	0.0003176   	4.374e-05   
3310        	10          	0.0345      	8.776e-05   	0.000283    	0.0001722   
3315        	10          	0.03704     	0.0001025   	0.000273    	9.486e-05   
3320        	10          	0.03311     	0.0001639   	0.0005655   	6.169e-05   
3325        	10          	0.03688     	6.661e-05   	0.0002217   	0.0002208   
3330        	10          	0.03473     	9.133e-05   	0.0003417   	0.000194    
3335        	10          	0.03169     	0.0002125   	0.0003314   	0.0002419   
3340        	10          	0.02762     	0.0001086   	0.0003742   	0.0001545   
3345        	10          	0.02419     	4.875e-05   	0.0006123   	0.0002132   
3350        	10          	0.02194     	0.0001611   	0.0004314   	0.0002727   
3355        	10          	0.01871     	0.0001221   	0.0003367   	0.0003102   
3360        	10          	0.02441     	0.0001796   	0.0001972   	6.35e-05    
3365        	10          	0.02829     	7.87e-05    	0.000303    	6.005e-05   
3370        	10          	0.02122     	4.001e-05   	0.0001078   	0.0001234   
3375        	10          	0.02167     	0.0001087   	0.0003362   	0.000155    
3380        	10          	0.02107     	8.817e-05   	0.0001942   	0.000135    
3385        	10          	0.02134     	6.66e-05    	0.0001281   	0.0004548   
3390        	10          	0.02011     	0.0001095   	0.0002238   	0.0001214   
3395        	10          	0.0234      	0.0001721   	0.0005747   	0.0002015   
3400        	10          	0.02962     	4.672e-05   	0.0003219   	0.0001594   
3405        	10          	0.02267     	8.576e-05   	0.000147    	7.594e-05   
3410        	10          	0.02978     	7.859e-05   	0.0001893   	4.752e-05   
3415        	10          	0.03371     	0.0003598   	0.0003499   	0.0001235   
3420        	10          	0.024       	0.0001107   	0.0001995   	0.0001168   
3425        	10          	0.03467     	0.0001423   	8.238e-05   	7.613e-05   
3430        	10          	0.02716     	0.0001333   	0.0003117   	0.0001161   
3435        	10          	0.02799     	0.0001166   	0.0001531   	8.435e-05   
3440        	10          	0.03364     	0.0001155   	0.0008143   	5.808e-05   
3445        	10          	0.03689     	8.166e-05   	0.0006445   	0.0001978   
3450        	10          	0.04404     	0.0001068   	0.0002536   	8.834e-05   
3455        	10          	0.03669     	0.000174    	0.0002409   	0.0001152   
3460        	10          	0.04186     	8.849e-05   	0.000184    	5.228e-05   
3465        	10          	0.03161     	8.017e-05   	0.0002215   	0.0001204   
3470        	10          	0.03524     	5.229e-05   	0.0003187   	0.0004017   
3475        	10          	0.03086     	0.0001895   	0.0001119   	0.0001344   
3480        	10          	0.03617     	0.0001232   	0.0003426   	9.14e-05    
3485        	10          	0.0283      	0.0001793   	0.0002597   	0.0001537   
3490        	10          	0.02897     	0.0005408   	0.0006071   	5.622e-05   
3495        	10          	0.01456     	0.0002236   	0.0001771   	0.0002414   
3500        	10          	0.02222     	0.0001881   	0.0002907   	0.0001614   
3505        	10          	0.02067     	7.004e-05   	0.0001388   	0.0002457   
3510        	10          	0.01679     	7.759e-05   	0.0005113   	0.0001575   
3515        	10          	0.02823     	8.086e-05   	0.0005401   	0.0001789   
3520        	10          	0.03197     	8.367e-05   	0.0003185   	0.0002013   
3525        	10          	0.03366     	0.0001004   	0.0001441   	0.000208    
3530        	10          	0.03829     	0.0003256   	0.0002964   	0.0001008   
3535        	10          	0.037       	0.0004792   	0.0004663   	0.0001574   
3540        	10          	0.04034     	6.105e-05   	0.0004628   	4.141e-05   
3545        	10          	0.02657     	0.0001027   	0.0002659   	7.283e-05   
3550        	10          	0.03206     	4.638e-05   	0.0002718   	7.578e-05   
3555        	10          	0.04468     	0.0001649   	0.0005618   	0.0001266   
3560        	10          	0.03436     	3.777e-05   	0.0004993   	0.0001733   
3565        	10          	0.03139     	0.0003288   	0.0004596   	0.0002858   
3570        	10          	0.03622     	0.000131    	0.0002835   	8.417e-05   
3575        	10          	0.05363     	0.0002593   	7.55e-05    	0.0002242   
3580        	10          	0.05944     	0.000193    	0.0004447   	0.0001394   
3585        	10          	0.05828     	0.0001277   	0.0002932   	8.797e-05   
3590        	10          	0.06793     	0.0001254   	0.0003595   	0.0001931   
3595        	10          	0.06824     	8.994e-05   	0.0002987   	0.000241    
3600        	10          	0.06        	7.431e-05   	0.0002273   	0.0002222   
3605        	10          	0.05011     	0.000224    	0.0001      	0.0001039   
3610        	10          	0.04641     	0.0002496   	0.0004368   	0.0002567   
3615        	10          	0.0421      	0.0002834   	0.000362    	6.771e-05   
3620        	10          	0.03388     	9.02e-05    	0.000215    	0.0001184   
3625        	10          	0.04764     	8.546e-05   	0.0008366   	0.0001018   
3630        	10          	0.06389     	8.761e-05   	0.0004009   	5.225e-05   
3635        	10          	0.04238     	0.0002334   	0.0003255   	0.0001383   
3640        	10          	0.05157     	0.0001851   	0.0003676   	0.0002156   
3645        	10          	0.05724     	0.0001435   	0.00151     	0.0006024   
3650        	10          	0.05223     	0.0001474   	0.0005969   	0.0002359   
3655        	10          	0.05462     	0.0001083   	0.000176    	0.0001776   
3660        	10          	0.05799     	0.0001242   	0.0001943   	7.711e-05   
3665        	10          	0.05658     	0.0001598   	0.00022     	0.0001682   
3670        	10          	0.05847     	0.000126    	9.436e-05   	4.888e-05   
3675        	10          	0.05184     	6.902e-05   	0.000275    	0.0001717   
3680        	10          	0.0498      	0.0001077   	0.0004394   	2.981e-05   
3685        	10          	0.04566     	0.0001757   	0.0004059   	8.307e-05   
3690        	10          	0.0534      	8.858e-05   	8.54e-05    	6.631e-05   
3695        	10          	0.06167     	0.0002696   	0.0002123   	6.796e-05   
3700        	10          	0.06657     	6.91e-05    	0.0003724   	0.0001309   
3705        	10          	0.05171     	9.749e-05   	0.000214    	0.0001322   
3710        	10          	0.04221     	0.0001231   	0.0003016   	8.308e-05   
3715        	10          	0.02651     	0.000124    	0.0002192   	0.0001738   
3720        	10          	0.02393     	0.0001582   	0.0003999   	0.000163    
3725        	10          	0.02532     	0.0001281   	0.0004675   	0.0001423   
3730        	10          	0.04082     	0.0001461   	0.0003336   	0.0001724   
3735        	10          	0.03179     	7.672e-05   	0.000189    	0.0001125   
3740        	10          	0.04252     	8.835e-05   	0.0003369   	0.0001531   
3745        	10          	0.02606     	7.836e-05   	0.0003087   	0.0001561   
3750        	10          	0.02254     	5.173e-05   	0.0001308   	0.0001433   
3755        	10          	0.01589     	0.000187    	9.055e-05   	0.000161    
3760        	10          	0.02217     	7.781e-05   	0.0003888   	6.691e-05   
3765        	10          	0.02725     	0.0002546   	0.000497    	0.0001462   
3770        	10          	0.02351     	0.0001877   	0.0009877   	0.0001734   
3775        	10          	0.02012     	0.0002014   	0.0002381   	5.354e-05   
3780        	10          	0.02284     	0.0003086   	0.0006913   	0.0002064   
3785        	10          	0.02717     	0.0001315   	0.0001936   	6.684e-05   
3790        	10          	0.03012     	6.402e-05   	0.0002905   	0.0001845   
3795        	10          	0.02316     	7.322e-05   	0.0003401   	0.0002568   
3800        	10          	0.02346     	0.0002508   	0.0004569   	0.0001484   
3805        	10          	0.02056     	0.0002277   	0.0006289   	0.0002135   
3810        	10          	0.01479     	0.0001515   	0.0002846   	0.000153    
3815        	10          	0.02957     	0.0002087   	0.0001206   	4.63e-05    
3820        	10          	0.02344     	0.0003026   	0.0003171   	9.266e-05   
3825        	10          	0.02763     	6.881e-05   	0.0004857   	6.93e-05    
3830        	10          	0.03395     	0.0001011   	0.0004613   	0.0001672   
3835        	10          	0.03553     	0.0002866   	0.0003234   	9.964e-05   
3840        	10          	0.03884     	0.0001026   	0.0002137   	0.0001075   
3845        	10          	0.0479      	0.0001257   	0.0005379   	0.0002414   
3850        	10          	0.03575     	8.65e-05    	0.000297    	0.0001922   
3855        	10          	0.029       	0.0001321   	0.0004562   	0.0002063   
3860        	10          	0.0333      	0.0001106   	0.0001514   	0.0001171   
3865        	10          	0.03408     	6.956e-05   	0.0001322   	9.519e-05   
3870        	10          	0.02736     	7.904e-05   	0.0002071   	4.446e-05   
3875        	10          	0.03307     	9.876e-05   	0.0002553   	0.0001171   
3880        	10          	0.0405      	0.0002777   	0.0004043   	8.855e-05   
3885        	10          	0.03754     	0.000237    	0.0004016   	0.0001333   
3890        	10          	0.03749     	9.707e-05   	0.0002523   	0.0002165   
3895        	10          	0.03586     	0.0002243   	0.000261    	9.236e-05   
3900        	10          	0.02561     	4.958e-05   	0.0002291   	9.772e-05   
3905        	10          	0.03851     	3.597e-05   	9.896e-05   	0.0001851   
3910        	10          	0.04743     	0.0001352   	0.0002604   	0.0002326   
3915        	10          	0.04795     	0.0001334   	0.0009125   	0.0001135   
3920        	10          	0.05063     	6.773e-05   	0.0002177   	0.0001621   
3925        	10          	0.07118     	8.476e-05   	0.0002951   	0.0001634   
3930        	10          	0.055       	8.205e-05   	0.0004501   	0.0001022   
3935        	10          	0.03829     	0.0001469   	0.0004067   	0.0001603   
3940        	10          	0.04545     	9.447e-05   	0.0003774   	8.218e-05   
3945        	10          	0.05368     	0.0001943   	0.0007603   	0.000187    
3950        	10          	0.05207     	7.876e-05   	0.000363    	0.000131    
3955        	10          	0.05234     	8.633e-05   	6.842e-05   	0.000135    
3960        	10          	0.04217     	0.0001736   	0.0002193   	0.0001895   
3965        	10          	0.04184     	0.0001055   	0.0001762   	0.0001426   
3970        	10          	0.03341     	0.0001444   	0.0001878   	0.0001131   
3975        	10          	0.02756     	0.000132    	0.0006396   	0.0002581   
3980        	10          	0.03634     	0.0001528   	0.0001262   	8.329e-05   
3985        	10          	0.03179     	0.0001127   	0.0001688   	0.0001982   
3990        	10          	0.04146     	0.0001591   	0.0006301   	6.564e-05   
3995        	10          	0.02384     	0.0002155   	0.0003002   	9.228e-05   
4000        	10          	0.03646     	2.89e-05    	0.0003688   	0.0001357   
4005        	10          	0.02849     	0.0001396   	0.0003289   	9.354e-05   
4010        	10          	0.02353     	0.0002007   	0.0003184   	0.000113    
4015        	10          	0.02641     	0.0001242   	0.0002145   	0.0001538   
4020        	10          	0.02916     	0.0001487   	0.0002927   	7.995e-05   
4025        	10          	0.02501     	0.0002444   	0.0001791   	7.807e-05   
4030        	10          	0.01499     	0.0001233   	0.000288    	8.877e-05   
4035        	10          	0.02007     	0.0001844   	0.0001522   	0.0001207   
4040        	10          	0.03638     	6.524e-05   	0.0005571   	0.0002704   
4045        	10          	0.02823     	0.0001212   	0.0008388   	0.0002097   
4050        	10          	0.01723     	9.157e-05   	0.0003748   	0.0001002   
4055        	10          	0.01822     	2.789e-05   	0.0004856   	0.0003943   
4060        	10          	0.02227     	4.808e-05   	0.000104    	5.244e-05   
4065        	10          	0.02332     	7.907e-05   	0.000297    	9.302e-05   
4070        	10          	0.02184     	4.24e-05    	0.0003501   	0.0001345   
4075        	10          	0.01303     	0.0001177   	0.0001854   	0.0001593   
4080        	10          	0.01912     	7.132e-05   	0.0001561   	0.0002302   
4085        	10          	0.01317     	3.858e-05   	9.653e-05   	0.0001059   
4090        	10          	0.009303    	0.0001189   	0.0004594   	0.0002229   
4095        	10          	0.0176      	7.671e-05   	0.0001584   	7.279e-05   
4100        	10          	0.01579     	9.594e-05   	0.0003339   	6.588e-05   
4105        	10          	0.01364     	9.415e-05   	0.0002508   	0.0003011   
4110        	10          	0.007225    	5.987e-05   	7.063e-05   	0.000197    
4115        	10          	0.01469     	0.0001995   	0.0003698   	0.0001457   
4120        	10          	0.01884     	0.0001288   	0.000336    	0.0002075   
4125        	10          	0.009844    	6.841e-05   	0.0004064   	0.0001524   
4130        	10          	0.004069    	0.0001365   	0.0007026   	0.0001863   
4135        	10          	0.01593     	0.0001729   	0.0004027   	0.000143    
4140        	10          	0.006292    	0.0002373   	0.0003126   	7.482e-05   
4145        	10          	0.01235     	0.0001069   	0.0002581   	3.749e-05   
4150        	10          	0.01622     	9.179e-05   	0.0001798   	0.0001174   
4155        	10          	0.008281    	0.0001004   	0.0002898   	0.0002075   
4160        	10          	0.006358    	3.126e-05   	0.0001214   	0.0001383   
4165        	10          	0.01295     	0.0001278   	0.0001881   	0.0001545   
4170        	10          	0.01443     	7.117e-05   	9.842e-05   	5.023e-05   
4175        	10          	0.01086     	7.991e-05   	0.0002657   	9.659e-05   
4180        	10          	0.01429     	0.0002362   	0.0001087   	0.0002622   
4185        	10          	0.01171     	0.0004186   	0.0005577   	0.0003401   
4190        	10          	0.009836    	0.0001031   	0.000349    	6.481e-05   
4195        	10          	0.01489     	0.0001242   	0.0003586   	0.0001783   
4200        	10          	0.01134     	0.000237    	0.0003408   	9.266e-05   
4205        	10          	0.01078     	0.0002948   	0.0005633   	0.0001357   
4210        	10          	0.01201     	0.0001961   	0.0003123   	9.858e-05   
4215        	10          	0.01817     	0.0001094   	0.0006099   	8.937e-05   
4220        	10          	0.01495     	0.0001431   	0.0002169   	0.0002078   
4225        	10          	0.0124      	8.657e-05   	0.0001969   	0.0001384   
4230        	10          	0.01135     	4.955e-05   	0.0002876   	0.0002156   
4235        	10          	0.02371     	0.0002507   	0.0003923   	0.0001499   
4240        	10          	0.01857     	0.0001344   	0.001035    	0.0001685   
4245        	10          	0.02171     	0.0001677   	0.0002605   	3.573e-05   
4250        	10          	0.01757     	0.0001643   	0.000296    	0.0001654   
4255        	10          	0.02723     	0.00013     	0.0004703   	0.0001098   
4260        	10          	0.01756     	8.871e-05   	0.0002289   	0.0001805   
4265        	10          	0.02438     	0.0001526   	6.597e-05   	9.772e-05   
4270        	10          	0.02258     	0.0001151   	0.0002993   	0.0001266   
4275        	10          	0.01178     	0.0001919   	0.0003088   	0.000205    
4280        	10          	0.02349     	8.228e-05   	0.0002337   	9.126e-05   
4285        	10          	0.01449     	7.018e-05   	0.0001836   	0.0001581   
4290        	10          	0.01897     	8.591e-05   	0.0003874   	6.317e-05   
4295        	10          	0.01084     	0.0001098   	0.0003641   	0.0001635   
4300        	10          	0.01296     	7.199e-05   	0.0003038   	0.0001211   
4305        	10          	0.02393     	0.0003164   	0.0006105   	0.000166    
4310        	10          	0.01754     	0.0002131   	0.0004901   	0.0001036   
4315        	10          	0.01063     	0.0002025   	0.0002267   	8.481e-05   
4320        	10          	0.02501     	7.823e-05   	0.0004236   	0.0001495   
4325        	10          	0.02414     	0.000107    	0.0004977   	0.0004055   
4330        	10          	0.01945     	0.0001138   	0.0003134   	5.826e-05   
4335        	10          	0.02602     	0.000131    	0.0004547   	0.0003652   
4340        	10          	0.02772     	0.0002527   	0.0003707   	0.0002794   
4345        	10          	0.03547     	5.701e-05   	0.000139    	0.0001544   
4350        	10          	0.03983     	0.0001713   	0.0002248   	0.0001197   
4355        	10          	0.03456     	9.739e-05   	0.0002988   	0.0002263   
4360        	10          	0.04343     	0.000186    	0.0003845   	0.0002199   
4365        	10          	0.04291     	2.498e-05   	4.83e-05    	8.842e-05   
4370        	10          	0.04479     	0.0001927   	0.0002033   	0.0002365   
4375        	10          	0.04945     	0.0001104   	0.0002508   	6.507e-05   
4380        	10          	0.04821     	0.0001675   	0.0004111   	0.0001755   
4385        	10          	0.04351     	0.0001448   	0.0003395   	4.126e-05   
4390        	10          	0.05111     	0.0003969   	0.0007178   	0.0002827   
4395        	10          	0.04572     	0.0003618   	0.0009697   	0.0001708   
4400        	10          	0.04257     	0.0003213   	0.0007346   	6.802e-05   
4405        	10          	0.05464     	0.0001471   	0.0004802   	0.0001032   
4410        	10          	0.05668     	0.000291    	0.0006446   	0.0001271   
4415        	10          	0.0586      	0.0003117   	0.0006827   	0.0001074   
4420        	10          	0.05769     	0.0004341   	0.00071     	0.0001628   
4425        	10          	0.03966     	0.0001471   	0.000557    	0.0001372   
4430        	10          	0.041       	0.0002506   	0.0007265   	0.0001482   
4435        	10          	0.02639     	0.0001342   	0.0005054   	0.0002166   
4440        	10          	0.03608     	0.0001463   	0.0002514   	0.0002934   
4445        	10          	0.0316      	0.0001079   	0.0001848   	8.843e-05   
4450        	10          	0.03118     	0.000285    	0.0006259   	0.0001753   
4455        	10          	0.02273     	9.093e-05   	0.0001498   	0.0002138   
4460        	10          	0.02086     	9.546e-05   	0.0004493   	8.077e-05   
4465        	10          	0.0204      	0.000291    	0.0005036   	5.637e-05   
4470        	10          	0.02439     	0.000198    	0.0002271   	0.0001512   
4475        	10          	0.03506     	7.793e-05   	0.0001883   	0.0001367   
4480        	10          	0.037       	8.596e-05   	0.0002895   	9.701e-05   
4485        	10          	0.03612     	0.0002043   	0.0008314   	0.0001432   
4490        	10          	0.04046     	0.00018     	0.0007563   	7.681e-05   
4495        	10          	0.02884     	0.0001201   	0.0003331   	0.0001042   
4500        	10          	0.02166     	4.909e-05   	0.0003653   	0.0001033   
4505        	10          	0.03546     	0.0001576   	0.0005761   	0.0001091   
4510        	10          	0.02099     	0.0001994   	0.0004352   	5.368e-05   
4515        	10          	0.03619     	0.0001419   	0.0001916   	0.0001124   
4520        	10          	0.03303     	7.822e-05   	0.0009704   	0.0004853   
4525        	10          	0.04296     	0.000252    	0.0003856   	0.0001854   
4530        	10          	0.04432     	3.393e-05   	0.0005508   	0.0002259   
4535        	10          	0.03541     	0.0001839   	0.0004455   	3.462e-05   
4540        	10          	0.0379      	0.0001932   	0.0001733   	0.000121    
4545        	10          	0.04244     	0.0001467   	0.0006685   	0.0001662   
4550        	10          	0.05429     	0.0001057   	0.0001914   	5.193e-05   
4555        	10          	0.05194     	0.0001739   	0.0001804   	6.874e-05   
4560        	10          	0.05675     	0.0001391   	0.0005949   	0.0001778   
4565        	10          	0.04002     	8.732e-05   	0.0006282   	0.0002224   
4570        	10          	0.03861     	0.0002026   	0.000312    	0.0001017   
4575        	10          	0.04941     	5.224e-05   	0.0006645   	0.0002947   
4580        	10          	0.04257     	5.424e-05   	0.000302    	0.0002243   
4585        	10          	0.03807     	7.458e-05   	0.0004329   	0.0002318   
4590        	10          	0.05427     	4.679e-05   	9.931e-05   	5.841e-05   
4595        	10          	0.03967     	7.35e-05    	0.0001843   	0.0001171   
4600        	10          	0.0415      	0.0001163   	0.0003087   	0.0001443   
4605        	10          	0.04402     	0.0001449   	0.0001518   	0.0001232   
4610        	10          	0.04479     	0.0002246   	0.0003063   	0.000168    
4615        	10          	0.02846     	0.000127    	0.0002501   	5.316e-05   
4620        	10          	0.05279     	0.0001474   	0.000337    	0.0002317   
4625        	10          	0.045       	0.0001185   	0.0003668   	0.0001416   
4630        	10          	0.05518     	0.0002463   	0.000416    	0.0002446   
4635        	10          	0.05419     	0.0001439   	0.001276    	0.0002034   
4640        	10          	0.05725     	0.0001269   	0.0002802   	0.0002679   
4645        	10          	0.04175     	0.000153    	0.0003427   	0.0001492   
4650        	10          	0.04007     	0.0001383   	0.0003237   	0.0001216   
4655        	10          	0.03834     	0.0001071   	0.0001957   	0.0002106   
4660        	10          	0.03914     	0.00022     	0.0002358   	0.0001189   
4665        	10          	0.03456     	0.0001529   	0.0003881   	0.0001457   
4670        	10          	0.04907     	8.24e-05    	9.693e-05   	7.779e-05   
4675        	10          	0.03862     	0.0001894   	0.0002849   	9.486e-05   
4680        	10          	0.04361     	0.0002573   	0.0001926   	0.0001114   
4685        	10          	0.03173     	6.023e-05   	8.128e-05   	0.0001085   
4690        	10          	0.04417     	8.859e-05   	0.0001659   	0.0001302   
4695        	10          	0.03788     	4.14e-05    	0.0001364   	7.135e-05   
4700        	10          	0.04382     	9.379e-05   	0.000308    	2.408e-05   
4705        	10          	0.04158     	0.0002675   	0.0007966   	0.0001438   
4710        	10          	0.04362     	0.0001489   	0.0003275   	0.0002248   
4715        	10          	0.042       	0.0001265   	5.299e-05   	0.0001391   
4720        	10          	0.04607     	0.0001031   	0.0001191   	0.0001852   
4725        	10          	0.04469     	0.0002025   	0.0002503   	0.0001707   
4730        	10          	0.05311     	0.0001063   	0.0001494   	8.926e-05   
4735        	10          	0.05191     	8.336e-05   	0.0005429   	0.000252    
4740        	10          	0.05277     	0.0002947   	0.0001114   	0.0001755   
4745        	10          	0.07249     	0.0001601   	0.0004783   	0.0002146   
4750        	10          	0.06747     	0.0003037   	0.0005535   	0.000351    
4755        	10          	0.05104     	0.0001283   	0.000422    	0.0003728   
4760        	10          	0.05652     	0.0001443   	0.0003209   	0.0001374   
4765        	10          	0.04167     	0.0001213   	0.0005943   	0.0001527   
4770        	10          	0.04064     	0.0002326   	0.0001866   	0.0003078   
4775        	10          	0.04512     	5.423e-05   	7.143e-05   	0.000151    
4780        	10          	0.02732     	0.000147    	0.0001547   	0.000106    
4785        	10          	0.02714     	6.366e-05   	0.0006858   	8.487e-05   
4790        	10          	0.02797     	0.0001159   	0.0001549   	7.587e-05   
4795        	10          	0.02151     	6.158e-05   	0.0005255   	0.0001296   
4800        	10          	0.0198      	3.808e-05   	0.0001359   	5.03e-05    
4805        	10          	0.02543     	7.267e-05   	0.000186    	8.314e-05   
4810        	10          	0.02717     	9.944e-05   	0.0002141   	9.629e-05   
4815        	10          	0.02167     	0.0002046   	0.0001231   	4.622e-05   
4820        	10          	0.02817     	0.000114    	0.0002237   	0.0001367   
4825        	10          	0.02147     	0.0001141   	0.0006508   	0.0001144   
4830        	10          	0.03528     	0.0002149   	0.0005246   	4.593e-05   
4835        	10          	0.02477     	0.0002638   	0.0003689   	4.075e-05   
4840        	10          	0.03568     	4.813e-05   	0.000307    	9.91e-05    
4845        	10          	0.02267     	0.0002065   	0.0003501   	0.0001078   
4850        	10          	0.02339     	0.0001666   	0.0003543   	9.573e-05   
4855        	10          	0.02873     	0.0001771   	0.0003675   	0.0001306   
4860        	10          	0.02947     	0.000119    	0.0002753   	4.664e-05   
4865        	10          	0.0249      	7.261e-05   	0.0002591   	0.0001133   
4870        	10          	0.02988     	3.234e-05   	0.0001898   	0.000206    
4875        	10          	0.03096     	7.026e-05   	0.0001841   	7.594e-05   
4880        	10          	0.02304     	9.294e-05   	0.0003174   	0.0001031   
4885        	10          	0.03239     	0.0001106   	0.0002638   	0.0001146   
4890        	10          	0.03357     	0.0001127   	0.0002516   	0.0001188   
4895        	10          	0.03229     	0.0001605   	0.0002595   	0.0002094   
4900        	10          	0.04746     	0.0001155   	0.0003556   	0.0001315   
4905        	10          	0.03643     	8.126e-05   	0.0001197   	5.292e-05   
4910        	10          	0.04322     	0.0001372   	0.0002881   	0.0001467   
4915        	10          	0.03002     	0.0001835   	0.000608    	0.0001112   
4920        	10          	0.03932     	6.388e-05   	0.0003448   	0.0001806   
4925        	10          	0.04236     	7.772e-05   	0.0003141   	0.0001734   
4930        	10          	0.04246     	7.421e-05   	0.0004786   	5.91e-05    
4935        	10          	0.03791     	0.0001139   	0.0003344   	7.402e-05   
4940        	10          	0.02573     	0.0001239   	0.0004073   	6.062e-05   
4945        	10          	0.04006     	0.0001487   	0.0005572   	5.088e-05   
4950        	10          	0.02179     	0.0002032   	0.0003611   	0.0001072   
4955        	10          	0.03374     	9.134e-05   	0.0002812   	0.0002504   
4960        	10          	0.03961     	0.0001192   	0.0004792   	0.0002272   
4965        	10          	0.03629     	0.0001147   	0.0004908   	0.000173    
4970        	10          	0.03511     	0.0001597   	0.00024     	0.0001737   
4975        	10          	0.03507     	0.0001611   	0.0002976   	0.0001915   
4980        	10          	0.03018     	8.677e-05   	0.0004289   	0.0002175   
4985        	10          	0.03227     	0.0001167   	0.0002961   	1.604e-05   
4990        	10          	0.03869     	0.0002928   	0.0006434   	0.000131    
4995        	10          	0.04667     	0.0003006   	0.0002434   	4.123e-05   
5000        	10          	0.04466     	0.0001484   	0.0004334   	9.807e-05   
