generation  	alive.rpl   	n.adlt.rs   	n.adlt.fst.wc_p1-2	n.adlt.fst.wc_p1-3	n.adlt.fst.wc_p2-3
5           	10          	18.21       	0.00798     	0.009479    	0.008185    
10          	10          	17.16       	0.01471     	0.01857     	0.0159      
15          	10          	16.39       	0.01844     	0.0265      	0.02057     
20          	10          	15.73       	0.02121     	0.03186     	0.02147     
25          	10          	15.34       	0.02458     	0.0393      	0.02316     
30          	10          	14.94       	0.02264     	0.0416      	0.02453     
35          	10          	14.58       	0.02454     	0.04473     	0.02403     
40          	10          	14.06       	0.02521     	0.04875     	0.02731     
45          	10          	13.62       	0.0274      	0.05168     	0.0258      
50          	10          	13.36       	0.0267      	0.05346     	0.02779     
55          	10          	13.13       	0.02607     	0.05405     	0.02795     
60          	10          	12.76       	0.02889     	0.05478     	0.02736     
65          	10          	12.34       	0.02714     	0.05582     	0.03041     
70          	10          	12.18       	0.02786     	0.05496     	0.02776     
75          	10          	11.85       	0.02613     	0.05598     	0.02985     
80          	10          	11.68       	0.02693     	0.05722     	0.03078     
85          	10          	11.45       	0.02449     	0.05663     	0.0299      
90          	10          	11.27       	0.02604     	0.05959     	0.03225     
95          	10          	11.13       	0.02869     	0.0598      	0.02876     
100         	10          	10.88       	0.02803     	0.061       	0.03116     
105         	10          	10.74       	0.03052     	0.05934     	0.02598     
110         	10          	10.57       	0.02669     	0.05794     	0.02952     
115         	10          	10.31       	0.02774     	0.06096     	0.03078     
120         	10          	10.21       	0.03356     	0.06447     	0.03093     
125         	10          	10.11       	0.02992     	0.06253     	0.0297      
130         	10          	9.913       	0.03184     	0.06455     	0.02958     
135         	10          	9.743       	0.03452     	0.06363     	0.02988     
140         	10          	9.693       	0.03056     	0.0609      	0.02929     
145         	10          	9.548       	0.02678     	0.06206     	0.03046     
150         	10          	9.338       	0.02793     	0.06381     	0.03183     
155         	10          	9.212       	0.03263     	0.06431     	0.03133     
160         	10          	9.13        	0.03174     	0.06204     	0.02613     
165         	10          	9.107       	0.0295      	0.06073     	0.02889     
170         	10          	8.94        	0.02938     	0.05828     	0.03023     
175         	10          	8.868       	0.02761     	0.05523     	0.02863     
180         	10          	8.738       	0.03089     	0.06033     	0.02944     
185         	10          	8.558       	0.03256     	0.05692     	0.02746     
190         	10          	8.572       	0.0283      	0.05682     	0.02957     
195         	10          	8.443       	0.02852     	0.06339     	0.03122     
200         	10          	8.372       	0.02563     	0.0586      	0.02881     
205         	10          	8.282       	0.02838     	0.05633     	0.02992     
210         	10          	8.115       	0.02724     	0.05733     	0.03086     
215         	10          	8.028       	0.02769     	0.0607      	0.03139     
220         	10          	7.952       	0.0294      	0.06102     	0.03124     
225         	10          	7.888       	0.02389     	0.06071     	0.02895     
230         	10          	7.808       	0.02508     	0.05981     	0.03238     
235         	10          	7.713       	0.03208     	0.06115     	0.03362     
240         	10          	7.618       	0.02948     	0.05617     	0.02889     
245         	10          	7.527       	0.03083     	0.05646     	0.02698     
250         	10          	7.377       	0.03078     	0.05823     	0.02858     
255         	10          	7.313       	0.03051     	0.06244     	0.02991     
260         	10          	7.305       	0.03047     	0.05933     	0.02935     
265         	10          	7.273       	0.03382     	0.06381     	0.02676     
270         	10          	7.225       	0.02952     	0.06176     	0.03191     
275         	10          	7.213       	0.02466     	0.05563     	0.03063     
280         	10          	7.138       	0.02961     	0.06129     	0.02786     
285         	10          	7.103       	0.02562     	0.05113     	0.02388     
290         	10          	7.118       	0.02336     	0.05233     	0.02641     
295         	10          	6.988       	0.03141     	0.05714     	0.02483     
300         	10          	6.973       	0.02706     	0.05443     	0.03022     
305         	10          	6.865       	0.02827     	0.05608     	0.03246     
310         	10          	6.813       	0.0284      	0.05205     	0.02992     
315         	10          	6.803       	0.02404     	0.0535      	0.03453     
320         	10          	6.702       	0.02541     	0.05507     	0.03109     
325         	10          	6.698       	0.02702     	0.05586     	0.03035     
330         	10          	6.672       	0.02555     	0.05115     	0.02912     
335         	10          	6.618       	0.02682     	0.05778     	0.0311      
340         	10          	6.577       	0.0271      	0.05557     	0.03312     
345         	10          	6.543       	0.0276      	0.05457     	0.02733     
350         	10          	6.535       	0.02495     	0.0491      	0.02433     
355         	10          	6.42        	0.02183     	0.05325     	0.02977     
360         	10          	6.353       	0.03051     	0.05649     	0.02902     
365         	10          	6.362       	0.02297     	0.05414     	0.02964     
370         	10          	6.287       	0.02521     	0.05603     	0.03146     
375         	10          	6.3         	0.02724     	0.05627     	0.02727     
380         	10          	6.255       	0.02566     	0.05087     	0.02923     
385         	10          	6.198       	0.02422     	0.05934     	0.03059     
390         	10          	6.185       	0.02907     	0.06293     	0.03034     
395         	10          	6.15        	0.02896     	0.05446     	0.02702     
400         	10          	6.075       	0.02754     	0.06063     	0.02585     
405         	10          	6.077       	0.03045     	0.06046     	0.02693     
410         	10          	6.043       	0.03266     	0.06169     	0.02806     
415         	10          	6.025       	0.03502     	0.05993     	0.02384     
420         	10          	5.977       	0.03128     	0.06672     	0.03092     
425         	10          	5.882       	0.02968     	0.06151     	0.0349      
430         	10          	5.92        	0.02759     	0.05941     	0.02877     
435         	10          	5.848       	0.02769     	0.05805     	0.02984     
440         	10          	5.827       	0.0258      	0.05526     	0.02707     
445         	10          	5.83        	0.02635     	0.05291     	0.02684     
450         	10          	5.803       	0.02296     	0.05042     	0.0273      
455         	10          	5.727       	0.02945     	0.05828     	0.03059     
460         	10          	5.71        	0.02948     	0.06269     	0.03032     
465         	10          	5.677       	0.02757     	0.05398     	0.02329     
470         	10          	5.642       	0.02785     	0.051       	0.02846     
475         	10          	5.637       	0.03051     	0.06088     	0.0282      
480         	10          	5.56        	0.02854     	0.06042     	0.02924     
485         	10          	5.565       	0.02778     	0.06209     	0.03052     
490         	10          	5.517       	0.02492     	0.05855     	0.0288      
495         	10          	5.452       	0.02493     	0.05579     	0.03341     
500         	10          	5.458       	0.02559     	0.05581     	0.02958     
505         	10          	5.447       	0.02638     	0.06243     	0.0372      
510         	10          	5.422       	0.02877     	0.05989     	0.02621     
515         	10          	5.44        	0.02732     	0.05737     	0.02611     
520         	10          	5.403       	0.03081     	0.05579     	0.02745     
525         	10          	5.388       	0.03273     	0.05536     	0.02617     
530         	10          	5.352       	0.03291     	0.05317     	0.02345     
535         	10          	5.335       	0.03227     	0.05944     	0.02597     
540         	10          	5.377       	0.02951     	0.05576     	0.02725     
545         	10          	5.295       	0.02614     	0.0577      	0.03005     
550         	10          	5.31        	0.02914     	0.05168     	0.02776     
555         	10          	5.265       	0.02522     	0.05382     	0.02841     
560         	10          	5.263       	0.02523     	0.05664     	0.02912     
565         	10          	5.252       	0.02798     	0.055       	0.02915     
570         	10          	5.227       	0.02843     	0.06119     	0.02885     
575         	10          	5.202       	0.02992     	0.05519     	0.02479     
580         	10          	5.202       	0.03079     	0.06297     	0.02791     
585         	10          	5.22        	0.02652     	0.05518     	0.02905     
590         	10          	5.153       	0.03069     	0.05854     	0.03068     
595         	10          	5.17        	0.03077     	0.05691     	0.02861     
600         	10          	5.122       	0.02758     	0.05697     	0.0293      
605         	10          	5.113       	0.02306     	0.05708     	0.02974     
610         	10          	5.078       	0.02473     	0.06043     	0.03125     
615         	10          	5.028       	0.02381     	0.05448     	0.02794     
620         	10          	4.973       	0.02769     	0.05955     	0.02959     
625         	10          	4.947       	0.02953     	0.05654     	0.03261     
630         	10          	4.973       	0.02625     	0.05231     	0.02731     
635         	10          	4.923       	0.03108     	0.0592      	0.02933     
640         	10          	4.917       	0.02518     	0.05106     	0.02662     
645         	10          	4.895       	0.0276      	0.05264     	0.02755     
650         	10          	4.9         	0.02689     	0.05199     	0.02572     
655         	10          	4.882       	0.0253      	0.04956     	0.02368     
660         	10          	4.812       	0.02702     	0.0516      	0.03143     
665         	10          	4.777       	0.0333      	0.05492     	0.02849     
670         	10          	4.728       	0.0299      	0.06202     	0.03059     
675         	10          	4.793       	0.03247     	0.05974     	0.02644     
680         	10          	4.703       	0.03385     	0.06285     	0.02541     
685         	10          	4.697       	0.02681     	0.05678     	0.02915     
690         	10          	4.65        	0.02849     	0.05843     	0.02952     
695         	10          	4.662       	0.02698     	0.06163     	0.02631     
700         	10          	4.615       	0.02708     	0.05806     	0.02999     
705         	10          	4.675       	0.02632     	0.05057     	0.02885     
710         	10          	4.598       	0.02485     	0.05207     	0.02547     
715         	10          	4.61        	0.02933     	0.056       	0.02614     
720         	10          	4.533       	0.02895     	0.06412     	0.03073     
725         	10          	4.592       	0.0266      	0.05508     	0.02799     
730         	10          	4.593       	0.02497     	0.06019     	0.03336     
735         	10          	4.548       	0.02325     	0.06007     	0.03889     
740         	10          	4.585       	0.02622     	0.05715     	0.03524     
745         	10          	4.578       	0.02563     	0.06348     	0.03654     
750         	10          	4.57        	0.02849     	0.05663     	0.02981     
755         	10          	4.525       	0.0337      	0.05838     	0.02978     
760         	10          	4.583       	0.0313      	0.06341     	0.03267     
765         	10          	4.535       	0.03417     	0.06356     	0.03066     
770         	10          	4.528       	0.03193     	0.06105     	0.03141     
775         	10          	4.565       	0.02619     	0.05993     	0.03083     
780         	10          	4.527       	0.02776     	0.06121     	0.03079     
785         	10          	4.525       	0.02825     	0.06183     	0.03116     
790         	10          	4.495       	0.02884     	0.06439     	0.03578     
795         	10          	4.537       	0.02821     	0.05352     	0.0316      
800         	10          	4.462       	0.02855     	0.0569      	0.02668     
805         	10          	4.45        	0.02615     	0.05135     	0.02393     
810         	10          	4.448       	0.0284      	0.04894     	0.02238     
815         	10          	4.448       	0.03074     	0.05891     	0.02584     
820         	10          	4.48        	0.03287     	0.05753     	0.02931     
825         	10          	4.447       	0.02424     	0.05915     	0.02831     
830         	10          	4.445       	0.02748     	0.05983     	0.02598     
835         	10          	4.39        	0.0231      	0.05592     	0.02655     
840         	10          	4.348       	0.02739     	0.05478     	0.02865     
845         	10          	4.353       	0.0282      	0.06537     	0.03067     
850         	10          	4.36        	0.02994     	0.05658     	0.03095     
855         	10          	4.34        	0.03056     	0.05686     	0.02987     
860         	10          	4.337       	0.02973     	0.05926     	0.02664     
865         	10          	4.36        	0.02277     	0.05265     	0.02676     
870         	10          	4.398       	0.02973     	0.05979     	0.03793     
875         	10          	4.363       	0.027       	0.06292     	0.03722     
880         	10          	4.32        	0.02772     	0.05898     	0.03107     
885         	10          	4.312       	0.02903     	0.06036     	0.03645     
890         	10          	4.367       	0.02547     	0.0601      	0.03181     
895         	10          	4.295       	0.02789     	0.05706     	0.02885     
900         	10          	4.28        	0.03097     	0.06146     	0.03119     
905         	10          	4.245       	0.03098     	0.06553     	0.02892     
910         	10          	4.288       	0.03111     	0.05833     	0.02881     
915         	10          	4.235       	0.02972     	0.06005     	0.02898     
920         	10          	4.233       	0.03163     	0.05688     	0.02793     
925         	10          	4.282       	0.02791     	0.05639     	0.02823     
930         	10          	4.272       	0.02523     	0.05657     	0.03056     
935         	10          	4.207       	0.02643     	0.05205     	0.02765     
940         	10          	4.21        	0.02882     	0.06016     	0.03057     
945         	10          	4.16        	0.03032     	0.05789     	0.02974     
950         	10          	4.15        	0.03087     	0.05925     	0.02611     
955         	10          	4.148       	0.03222     	0.0504      	0.03049     
960         	10          	4.13        	0.02595     	0.05613     	0.02573     
965         	10          	4.16        	0.02784     	0.05949     	0.02579     
970         	10          	4.135       	0.02964     	0.05822     	0.02228     
975         	10          	4.078       	0.03479     	0.06076     	0.0294      
980         	10          	4.13        	0.03148     	0.06459     	0.02719     
985         	10          	4.083       	0.03407     	0.05967     	0.0312      
990         	10          	4.087       	0.0275      	0.05903     	0.02995     
995         	10          	4.098       	0.02231     	0.05935     	0.0317      
1000        	10          	4.148       	0.02789     	0.05856     	0.02557     
1005        	10          	4.11        	0.02752     	0.06251     	0.02894     
1010        	10          	4.11        	0.03069     	0.06168     	0.02805     
1015        	10          	4.108       	0.03142     	0.06672     	0.02931     
1020        	10          	4.1         	0.02938     	0.06321     	0.02943     
1025        	10          	4.055       	0.02909     	0.06139     	0.02955     
1030        	10          	4.062       	0.02743     	0.06203     	0.03324     
1035        	10          	4.027       	0.0292      	0.06319     	0.03193     
1040        	10          	3.992       	0.02633     	0.0559      	0.02197     
1045        	10          	4.052       	0.03131     	0.06017     	0.02575     
1050        	10          	4.012       	0.03064     	0.05879     	0.02845     
1055        	10          	4.04        	0.03057     	0.06328     	0.02687     
1060        	10          	4.005       	0.03718     	0.0652      	0.02887     
1065        	10          	4.035       	0.03067     	0.06072     	0.0278      
1070        	10          	3.985       	0.03308     	0.06626     	0.03185     
1075        	10          	4.042       	0.03486     	0.06772     	0.03119     
1080        	10          	4           	0.02698     	0.0611      	0.02826     
1085        	10          	3.968       	0.03494     	0.05814     	0.02733     
1090        	10          	3.997       	0.02854     	0.05321     	0.02494     
1095        	10          	3.955       	0.03097     	0.05376     	0.02402     
1100        	10          	3.947       	0.03143     	0.05458     	0.02795     
1105        	10          	3.943       	0.02937     	0.05522     	0.02904     
1110        	10          	3.947       	0.02989     	0.04898     	0.02992     
1115        	10          	3.928       	0.03104     	0.04664     	0.02632     
1120        	10          	3.92        	0.02755     	0.0541      	0.03174     
1125        	10          	3.938       	0.02626     	0.05662     	0.03121     
1130        	10          	3.97        	0.02903     	0.05973     	0.02967     
1135        	10          	3.943       	0.02778     	0.05814     	0.0291      
1140        	10          	3.928       	0.02415     	0.05466     	0.02788     
1145        	10          	3.927       	0.02609     	0.04975     	0.03068     
1150        	10          	3.908       	0.02424     	0.04385     	0.02734     
1155        	10          	3.943       	0.02456     	0.04378     	0.0228      
1160        	10          	3.917       	0.02781     	0.0497      	0.02366     
1165        	10          	3.892       	0.02838     	0.05404     	0.02883     
1170        	10          	3.893       	0.02796     	0.05388     	0.02213     
1175        	10          	3.868       	0.02847     	0.05417     	0.02819     
1180        	10          	3.878       	0.02503     	0.05318     	0.0264      
1185        	10          	3.853       	0.02981     	0.05689     	0.02999     
1190        	10          	3.873       	0.02109     	0.05563     	0.03274     
1195        	10          	3.838       	0.02753     	0.05325     	0.02838     
1200        	10          	3.785       	0.02172     	0.05284     	0.03071     
1205        	10          	3.82        	0.02397     	0.05351     	0.02722     
1210        	10          	3.818       	0.02536     	0.06034     	0.03256     
1215        	10          	3.838       	0.02148     	0.05908     	0.02875     
1220        	10          	3.81        	0.02941     	0.05684     	0.03022     
1225        	10          	3.827       	0.02732     	0.06054     	0.03569     
1230        	10          	3.868       	0.0249      	0.05784     	0.02857     
1235        	10          	3.89        	0.02512     	0.05211     	0.02579     
1240        	10          	3.858       	0.03198     	0.06024     	0.0225      
1245        	10          	3.855       	0.02451     	0.05898     	0.03001     
1250        	10          	3.848       	0.03073     	0.05589     	0.03074     
1255        	10          	3.8         	0.03083     	0.05856     	0.03381     
1260        	10          	3.782       	0.03106     	0.05518     	0.02483     
1265        	10          	3.757       	0.02808     	0.06308     	0.03184     
1270        	10          	3.758       	0.02566     	0.0556      	0.03271     
1275        	10          	3.708       	0.03391     	0.06743     	0.03171     
1280        	10          	3.728       	0.0277      	0.05809     	0.02959     
1285        	10          	3.713       	0.03255     	0.06048     	0.03496     
1290        	10          	3.737       	0.03051     	0.05716     	0.0284      
1295        	10          	3.748       	0.02705     	0.05761     	0.02812     
1300        	10          	3.707       	0.02936     	0.06274     	0.03433     
1305        	10          	3.718       	0.03498     	0.06689     	0.03081     
1310        	10          	3.767       	0.03122     	0.05891     	0.02635     
1315        	10          	3.735       	0.02159     	0.0623      	0.03488     
1320        	10          	3.758       	0.02747     	0.06775     	0.02825     
1325        	10          	3.737       	0.03059     	0.06093     	0.02742     
1330        	10          	3.642       	0.02757     	0.06368     	0.03578     
1335        	10          	3.693       	0.02643     	0.05813     	0.03931     
1340        	10          	3.73        	0.02762     	0.0555      	0.03212     
1345        	10          	3.69        	0.02376     	0.05757     	0.0369      
1350        	10          	3.73        	0.02991     	0.06208     	0.03061     
1355        	10          	3.71        	0.03577     	0.06357     	0.03068     
1360        	10          	3.65        	0.03166     	0.06241     	0.0319      
1365        	10          	3.695       	0.02845     	0.06033     	0.02912     
1370        	10          	3.685       	0.03096     	0.06924     	0.03251     
1375        	10          	3.685       	0.03045     	0.05681     	0.03009     
1380        	10          	3.665       	0.02516     	0.05042     	0.02544     
1385        	10          	3.683       	0.03305     	0.06302     	0.03107     
1390        	10          	3.672       	0.02078     	0.06075     	0.03361     
1395        	10          	3.707       	0.02396     	0.05422     	0.03022     
1400        	10          	3.712       	0.02445     	0.06328     	0.03552     
1405        	10          	3.722       	0.01825     	0.04752     	0.03121     
1410        	10          	3.685       	0.02704     	0.05581     	0.03418     
1415        	10          	3.66        	0.02674     	0.05871     	0.0317      
1420        	10          	3.692       	0.02859     	0.05699     	0.02826     
1425        	10          	3.695       	0.02551     	0.05637     	0.02851     
1430        	10          	3.665       	0.0259      	0.05679     	0.02913     
1435        	10          	3.672       	0.02829     	0.05365     	0.02673     
1440        	10          	3.653       	0.02819     	0.05774     	0.02922     
1445        	10          	3.658       	0.02613     	0.05876     	0.0328      
1450        	10          	3.632       	0.02532     	0.05598     	0.02877     
1455        	10          	3.647       	0.03164     	0.05319     	0.03027     
1460        	10          	3.618       	0.03376     	0.05175     	0.02548     
1465        	10          	3.618       	0.02591     	0.04975     	0.02695     
1470        	10          	3.628       	0.02992     	0.06119     	0.02913     
1475        	10          	3.63        	0.01919     	0.04957     	0.03185     
1480        	10          	3.573       	0.02502     	0.05241     	0.03232     
1485        	10          	3.592       	0.02755     	0.06003     	0.03139     
1490        	10          	3.585       	0.02791     	0.06483     	0.03839     
1495        	10          	3.608       	0.02677     	0.06634     	0.03543     
1500        	10          	3.608       	0.02974     	0.0647      	0.02901     
1505        	10          	3.628       	0.0277      	0.06788     	0.03296     
1510        	10          	3.578       	0.02417     	0.05335     	0.02817     
1515        	10          	3.583       	0.02736     	0.05649     	0.02835     
1520        	10          	3.578       	0.03214     	0.05577     	0.02881     
1525        	10          	3.572       	0.03196     	0.05517     	0.02648     
1530        	10          	3.557       	0.03358     	0.05627     	0.03167     
1535        	10          	3.6         	0.02428     	0.05454     	0.0233      
1540        	10          	3.582       	0.02992     	0.04992     	0.02531     
1545        	10          	3.577       	0.02903     	0.05349     	0.03145     
1550        	10          	3.55        	0.02394     	0.05412     	0.02888     
1555        	10          	3.517       	0.02712     	0.04934     	0.0265      
1560        	10          	3.57        	0.02715     	0.05097     	0.02933     
1565        	10          	3.542       	0.02356     	0.05814     	0.02693     
1570        	10          	3.537       	0.02678     	0.05727     	0.0303      
1575        	10          	3.508       	0.02507     	0.05051     	0.02806     
1580        	10          	3.475       	0.02318     	0.05231     	0.02694     
1585        	10          	3.483       	0.03009     	0.06171     	0.03248     
1590        	10          	3.5         	0.03151     	0.06052     	0.03054     
1595        	10          	3.488       	0.02642     	0.05844     	0.03185     
1600        	10          	3.518       	0.02822     	0.05569     	0.0264      
1605        	10          	3.507       	0.03314     	0.06494     	0.03529     
1610        	10          	3.463       	0.03046     	0.061       	0.02736     
1615        	10          	3.492       	0.02728     	0.0613      	0.03067     
1620        	10          	3.53        	0.02805     	0.05353     	0.02875     
1625        	10          	3.533       	0.03016     	0.0626      	0.03487     
1630        	10          	3.557       	0.03245     	0.06862     	0.03222     
1635        	10          	3.513       	0.02934     	0.06114     	0.0297      
1640        	10          	3.508       	0.02813     	0.06564     	0.02953     
1645        	10          	3.557       	0.02828     	0.06445     	0.02936     
1650        	10          	3.507       	0.02578     	0.05336     	0.02786     
1655        	10          	3.493       	0.02937     	0.05312     	0.03293     
1660        	10          	3.48        	0.02957     	0.05786     	0.02947     
1665        	10          	3.502       	0.02772     	0.0584      	0.02917     
1670        	10          	3.49        	0.02513     	0.05576     	0.02257     
1675        	10          	3.505       	0.0284      	0.05467     	0.02762     
1680        	10          	3.478       	0.02864     	0.05759     	0.0291      
1685        	10          	3.45        	0.02711     	0.06086     	0.034       
1690        	10          	3.453       	0.0298      	0.05851     	0.03303     
1695        	10          	3.502       	0.03005     	0.05116     	0.03138     
1700        	10          	3.49        	0.02625     	0.05901     	0.03061     
1705        	10          	3.462       	0.03571     	0.05643     	0.03139     
1710        	10          	3.453       	0.03265     	0.05625     	0.03047     
1715        	10          	3.448       	0.02569     	0.05157     	0.03222     
1720        	10          	3.447       	0.0282      	0.05338     	0.0354      
1725        	10          	3.487       	0.02919     	0.05754     	0.03316     
1730        	10          	3.46        	0.03021     	0.05958     	0.03479     
1735        	10          	3.495       	0.02301     	0.05232     	0.02368     
1740        	10          	3.478       	0.02153     	0.05114     	0.0265      
1745        	10          	3.475       	0.02478     	0.0529      	0.03162     
1750        	10          	3.49        	0.02552     	0.04944     	0.02552     
1755        	10          	3.453       	0.02162     	0.05133     	0.02376     
1760        	10          	3.453       	0.02368     	0.04099     	0.02307     
1765        	10          	3.453       	0.02509     	0.0508      	0.02396     
1770        	10          	3.387       	0.03884     	0.0637      	0.02994     
1775        	10          	3.443       	0.02394     	0.04894     	0.0245      
1780        	10          	3.425       	0.0318      	0.06499     	0.03388     
1785        	10          	3.462       	0.02907     	0.06006     	0.0296      
1790        	10          	3.452       	0.02947     	0.06139     	0.0303      
1795        	10          	3.427       	0.02846     	0.05961     	0.03427     
1800        	10          	3.425       	0.0317      	0.05861     	0.03174     
1805        	10          	3.388       	0.03266     	0.06267     	0.03049     
1810        	10          	3.417       	0.02402     	0.05271     	0.02446     
1815        	10          	3.36        	0.03259     	0.06131     	0.03114     
1820        	10          	3.377       	0.029       	0.05291     	0.02649     
1825        	10          	3.368       	0.03036     	0.05515     	0.02453     
1830        	10          	3.427       	0.02069     	0.04553     	0.02451     
1835        	10          	3.41        	0.02178     	0.04659     	0.02243     
1840        	10          	3.413       	0.0286      	0.05704     	0.02644     
1845        	10          	3.393       	0.02578     	0.05405     	0.03122     
1850        	10          	3.402       	0.02365     	0.05395     	0.03048     
1855        	10          	3.395       	0.02821     	0.04806     	0.02845     
1860        	10          	3.402       	0.03472     	0.05889     	0.0278      
1865        	10          	3.403       	0.03085     	0.06358     	0.02925     
1870        	10          	3.377       	0.03227     	0.06413     	0.02909     
1875        	10          	3.353       	0.03038     	0.04779     	0.02972     
1880        	10          	3.372       	0.02922     	0.05643     	0.02522     
1885        	10          	3.393       	0.02821     	0.06099     	0.02631     
1890        	10          	3.4         	0.0257      	0.05417     	0.03555     
1895        	10          	3.372       	0.02781     	0.0632      	0.0331      
1900        	10          	3.382       	0.03344     	0.0564      	0.02802     
1905        	10          	3.417       	0.02839     	0.06259     	0.03189     
1910        	10          	3.407       	0.02964     	0.06489     	0.03535     
1915        	10          	3.423       	0.02971     	0.05454     	0.02626     
1920        	10          	3.407       	0.03528     	0.05949     	0.02814     
1925        	10          	3.425       	0.02547     	0.05814     	0.029       
1930        	10          	3.405       	0.03665     	0.06519     	0.02709     
1935        	10          	3.415       	0.03249     	0.07053     	0.03333     
1940        	10          	3.437       	0.03847     	0.06708     	0.02906     
1945        	10          	3.413       	0.03033     	0.06652     	0.02563     
1950        	10          	3.397       	0.03391     	0.0686      	0.02851     
1955        	10          	3.428       	0.02622     	0.05671     	0.02698     
1960        	10          	3.442       	0.02681     	0.05819     	0.02752     
1965        	10          	3.458       	0.03308     	0.0579      	0.02454     
1970        	10          	3.395       	0.02787     	0.04859     	0.02481     
1975        	10          	3.422       	0.02955     	0.04995     	0.0226      
1980        	10          	3.405       	0.0262      	0.05053     	0.02704     
1985        	10          	3.48        	0.01954     	0.04269     	0.02251     
1990        	10          	3.397       	0.02719     	0.05356     	0.0273      
1995        	10          	3.405       	0.0235      	0.05211     	0.02602     
2000        	10          	3.41        	0.02533     	0.04891     	0.02411     
2005        	10          	3.427       	0.02475     	0.05282     	0.02486     
2010        	10          	3.407       	0.02376     	0.06119     	0.03188     
2015        	10          	3.42        	0.02466     	0.0521      	0.02581     
2020        	10          	3.398       	0.02972     	0.05706     	0.02743     
2025        	10          	3.44        	0.02097     	0.05323     	0.02948     
2030        	10          	3.428       	0.0229      	0.05854     	0.02609     
2035        	10          	3.388       	0.02677     	0.05882     	0.02413     
2040        	10          	3.408       	0.0264      	0.05735     	0.03079     
2045        	10          	3.377       	0.02546     	0.0525      	0.02415     
2050        	10          	3.398       	0.03166     	0.05462     	0.02705     
2055        	10          	3.402       	0.03136     	0.06508     	0.02766     
2060        	10          	3.35        	0.03068     	0.06172     	0.02883     
2065        	10          	3.348       	0.03488     	0.05669     	0.02406     
2070        	10          	3.375       	0.03561     	0.05128     	0.02731     
2075        	10          	3.387       	0.0323      	0.05127     	0.02422     
2080        	10          	3.353       	0.03266     	0.05478     	0.02383     
2085        	10          	3.395       	0.03601     	0.06227     	0.02793     
2090        	10          	3.383       	0.03096     	0.05445     	0.02604     
2095        	10          	3.395       	0.02737     	0.05587     	0.02851     
2100        	10          	3.427       	0.0301      	0.05209     	0.02528     
2105        	10          	3.383       	0.02975     	0.05717     	0.02367     
2110        	10          	3.398       	0.02709     	0.05695     	0.02862     
2115        	10          	3.367       	0.02954     	0.06113     	0.03021     
2120        	10          	3.363       	0.0301      	0.06336     	0.03556     
2125        	10          	3.347       	0.02758     	0.05565     	0.03725     
2130        	10          	3.358       	0.02942     	0.05017     	0.02697     
2135        	10          	3.317       	0.02797     	0.06459     	0.03126     
2140        	10          	3.327       	0.02512     	0.05713     	0.03517     
2145        	10          	3.357       	0.0282      	0.06006     	0.031       
2150        	10          	3.345       	0.03049     	0.05637     	0.03528     
2155        	10          	3.337       	0.03066     	0.06046     	0.03221     
2160        	10          	3.403       	0.02468     	0.04888     	0.02444     
2165        	10          	3.38        	0.03024     	0.04346     	0.02397     
2170        	10          	3.383       	0.02996     	0.0582      	0.02745     
2175        	10          	3.387       	0.02866     	0.0513      	0.02325     
2180        	10          	3.335       	0.03023     	0.05786     	0.02624     
2185        	10          	3.365       	0.02769     	0.05248     	0.02886     
2190        	10          	3.39        	0.02902     	0.05196     	0.02774     
2195        	10          	3.35        	0.02822     	0.0551      	0.02384     
2200        	10          	3.312       	0.0318      	0.06211     	0.0304      
2205        	10          	3.337       	0.02761     	0.05213     	0.03078     
2210        	10          	3.358       	0.02457     	0.05611     	0.02478     
2215        	10          	3.337       	0.0274      	0.06081     	0.03031     
2220        	10          	3.298       	0.03323     	0.06823     	0.03247     
2225        	10          	3.285       	0.03207     	0.06121     	0.02646     
2230        	10          	3.295       	0.03416     	0.06084     	0.02622     
2235        	10          	3.355       	0.02676     	0.05572     	0.03009     
2240        	10          	3.335       	0.03502     	0.07341     	0.03049     
2245        	10          	3.367       	0.03579     	0.06909     	0.02732     
2250        	10          	3.332       	0.0306      	0.06084     	0.02861     
2255        	10          	3.273       	0.02879     	0.06074     	0.03689     
2260        	10          	3.272       	0.02819     	0.05987     	0.02867     
2265        	10          	3.297       	0.02877     	0.05864     	0.02746     
2270        	10          	3.32        	0.0243      	0.04949     	0.02667     
2275        	10          	3.32        	0.02302     	0.04491     	0.02436     
2280        	10          	3.332       	0.02879     	0.05421     	0.02846     
2285        	10          	3.298       	0.03029     	0.05392     	0.02838     
2290        	10          	3.332       	0.03068     	0.05624     	0.03038     
2295        	10          	3.353       	0.03236     	0.06056     	0.02888     
2300        	10          	3.298       	0.03127     	0.05519     	0.02089     
2305        	10          	3.313       	0.02632     	0.05332     	0.02973     
2310        	10          	3.338       	0.02327     	0.05476     	0.03675     
2315        	10          	3.327       	0.02866     	0.04983     	0.02627     
2320        	10          	3.28        	0.0285      	0.05772     	0.03563     
2325        	10          	3.305       	0.02332     	0.05155     	0.03326     
2330        	10          	3.303       	0.02175     	0.04908     	0.03069     
2335        	10          	3.315       	0.02794     	0.0518      	0.03195     
2340        	10          	3.273       	0.02649     	0.0529      	0.02951     
2345        	10          	3.305       	0.02834     	0.06215     	0.0316      
2350        	10          	3.3         	0.02856     	0.06539     	0.0273      
2355        	10          	3.265       	0.02702     	0.06161     	0.02625     
2360        	10          	3.287       	0.03315     	0.06418     	0.03173     
2365        	10          	3.32        	0.02845     	0.07012     	0.03264     
2370        	10          	3.258       	0.03734     	0.05607     	0.03186     
2375        	10          	3.287       	0.02866     	0.06028     	0.02986     
2380        	10          	3.292       	0.02457     	0.06635     	0.03384     
2385        	10          	3.265       	0.02435     	0.0614      	0.02618     
2390        	10          	3.28        	0.03227     	0.06548     	0.03211     
2395        	10          	3.263       	0.02783     	0.05814     	0.02852     
2400        	10          	3.255       	0.02921     	0.04771     	0.0297      
2405        	10          	3.293       	0.02971     	0.05628     	0.0273      
2410        	10          	3.29        	0.02391     	0.05134     	0.02554     
2415        	10          	3.232       	0.03004     	0.0551      	0.02927     
2420        	10          	3.255       	0.03224     	0.06217     	0.03507     
2425        	10          	3.222       	0.03235     	0.06161     	0.03032     
2430        	10          	3.228       	0.03571     	0.05756     	0.02922     
2435        	10          	3.28        	0.02448     	0.05374     	0.02942     
2440        	10          	3.253       	0.0321      	0.05349     	0.03024     
2445        	10          	3.258       	0.03167     	0.05192     	0.02749     
2450        	10          	3.233       	0.03172     	0.0575      	0.03358     
2455        	10          	3.267       	0.03212     	0.05539     	0.03434     
2460        	10          	3.253       	0.03329     	0.05884     	0.03127     
2465        	10          	3.263       	0.02492     	0.05056     	0.02875     
2470        	10          	3.245       	0.02844     	0.05641     	0.02976     
2475        	10          	3.258       	0.02425     	0.04907     	0.02695     
2480        	10          	3.26        	0.02341     	0.05145     	0.02437     
2485        	10          	3.27        	0.02611     	0.04754     	0.0232      
2490        	10          	3.237       	0.0265      	0.04578     	0.02034     
2495        	10          	3.247       	0.02478     	0.05064     	0.02328     
2500        	10          	3.238       	0.025       	0.05021     	0.02549     
2505        	10          	3.208       	0.03162     	0.05448     	0.02735     
2510        	10          	3.247       	0.02633     	0.04916     	0.02379     
2515        	10          	3.233       	0.02865     	0.0505      	0.01914     
2520        	10          	3.235       	0.02549     	0.04387     	0.02293     
2525        	10          	3.248       	0.02653     	0.0515      	0.02871     
2530        	10          	3.243       	0.02338     	0.0501      	0.03254     
2535        	10          	3.238       	0.02406     	0.04354     	0.0285      
2540        	10          	3.213       	0.02491     	0.04752     	0.02841     
2545        	10          	3.248       	0.02908     	0.05436     	0.03806     
2550        	10          	3.262       	0.02166     	0.05042     	0.02482     
2555        	10          	3.21        	0.0288      	0.04948     	0.02418     
2560        	10          	3.225       	0.03086     	0.04444     	0.02078     
2565        	10          	3.215       	0.03189     	0.05202     	0.02623     
2570        	10          	3.24        	0.02956     	0.05111     	0.02302     
2575        	10          	3.223       	0.02723     	0.05008     	0.03165     
2580        	10          	3.223       	0.02544     	0.05115     	0.03272     
2585        	10          	3.25        	0.02061     	0.04609     	0.0248      
2590        	10          	3.262       	0.02542     	0.05553     	0.0238      
2595        	10          	3.265       	0.02553     	0.0463      	0.02348     
2600        	10          	3.263       	0.02139     	0.05361     	0.02991     
2605        	10          	3.247       	0.02443     	0.04845     	0.02994     
2610        	10          	3.26        	0.02337     	0.05003     	0.02576     
2615        	10          	3.243       	0.02273     	0.05043     	0.03167     
2620        	10          	3.22        	0.02283     	0.0474      	0.02538     
2625        	10          	3.178       	0.02908     	0.05509     	0.03151     
2630        	10          	3.243       	0.03261     	0.04916     	0.03178     
2635        	10          	3.255       	0.02536     	0.05059     	0.02569     
2640        	10          	3.222       	0.02987     	0.0477      	0.02628     
2645        	10          	3.228       	0.02378     	0.05668     	0.03106     
2650        	10          	3.217       	0.0248      	0.06366     	0.03222     
2655        	10          	3.232       	0.03138     	0.06098     	0.02664     
2660        	10          	3.215       	0.02429     	0.0612      	0.0248      
2665        	10          	3.237       	0.02744     	0.06659     	0.03084     
2670        	10          	3.238       	0.03476     	0.06981     	0.03489     
2675        	10          	3.288       	0.03422     	0.06287     	0.02943     
2680        	10          	3.295       	0.03515     	0.06151     	0.02868     
2685        	10          	3.267       	0.02666     	0.06154     	0.03787     
2690        	10          	3.268       	0.02924     	0.06151     	0.02841     
2695        	10          	3.247       	0.02775     	0.05344     	0.03055     
2700        	10          	3.257       	0.02678     	0.05506     	0.03268     
2705        	10          	3.275       	0.02521     	0.06393     	0.03426     
2710        	10          	3.243       	0.02919     	0.06018     	0.02904     
2715        	10          	3.245       	0.02547     	0.05716     	0.0291      
2720        	10          	3.257       	0.02685     	0.0604      	0.02973     
2725        	10          	3.222       	0.0279      	0.05626     	0.03413     
2730        	10          	3.228       	0.02666     	0.05735     	0.02761     
2735        	10          	3.258       	0.02385     	0.06224     	0.02898     
2740        	10          	3.27        	0.02867     	0.06016     	0.028       
2745        	10          	3.22        	0.02889     	0.05695     	0.02941     
2750        	10          	3.235       	0.03155     	0.06134     	0.03103     
2755        	10          	3.255       	0.03227     	0.06007     	0.02635     
2760        	10          	3.24        	0.03283     	0.06015     	0.03066     
2765        	10          	3.26        	0.03221     	0.06418     	0.02802     
2770        	10          	3.283       	0.03347     	0.06558     	0.03026     
2775        	10          	3.255       	0.02452     	0.05869     	0.03221     
2780        	10          	3.285       	0.02825     	0.05981     	0.03279     
2785        	10          	3.275       	0.03098     	0.05382     	0.02639     
2790        	10          	3.28        	0.0293      	0.04163     	0.01847     
2795        	10          	3.257       	0.03007     	0.05024     	0.02349     
2800        	10          	3.233       	0.02782     	0.05067     	0.0219      
2805        	10          	3.288       	0.02551     	0.04462     	0.02399     
2810        	10          	3.235       	0.02237     	0.05327     	0.02423     
2815        	10          	3.257       	0.02286     	0.05514     	0.02684     
2820        	10          	3.225       	0.03129     	0.04661     	0.02467     
2825        	10          	3.283       	0.03109     	0.05577     	0.03068     
2830        	10          	3.29        	0.03485     	0.05688     	0.02499     
2835        	10          	3.302       	0.03217     	0.05715     	0.02797     
2840        	10          	3.253       	0.02725     	0.05245     	0.02833     
2845        	10          	3.282       	0.03024     	0.07226     	0.04264     
2850        	10          	3.252       	0.02966     	0.06174     	0.03304     
2855        	10          	3.257       	0.02744     	0.05867     	0.03011     
2860        	10          	3.255       	0.02458     	0.05312     	0.02466     
2865        	10          	3.252       	0.0356      	0.05792     	0.02494     
2870        	10          	3.248       	0.02893     	0.06125     	0.02948     
2875        	10          	3.222       	0.02918     	0.05211     	0.03009     
2880        	10          	3.243       	0.02391     	0.04866     	0.02836     
2885        	10          	3.247       	0.02943     	0.06158     	0.02718     
2890        	10          	3.247       	0.02785     	0.05741     	0.02648     
2895        	10          	3.288       	0.03182     	0.04897     	0.02583     
2900        	10          	3.25        	0.03878     	0.0543      	0.0319      
2905        	10          	3.327       	0.02813     	0.05336     	0.02473     
2910        	10          	3.247       	0.03186     	0.05245     	0.02734     
2915        	10          	3.28        	0.02536     	0.05176     	0.0229      
2920        	10          	3.273       	0.02559     	0.04781     	0.02772     
2925        	10          	3.232       	0.02205     	0.05046     	0.02768     
2930        	10          	3.228       	0.01772     	0.04701     	0.02635     
2935        	10          	3.217       	0.02788     	0.04785     	0.02566     
2940        	10          	3.223       	0.02043     	0.05372     	0.02479     
2945        	10          	3.253       	0.02319     	0.05981     	0.03144     
2950        	10          	3.163       	0.02554     	0.05638     	0.03384     
2955        	10          	3.217       	0.02413     	0.05121     	0.02998     
2960        	10          	3.223       	0.02351     	0.05137     	0.02779     
2965        	10          	3.192       	0.03066     	0.05626     	0.03028     
2970        	10          	3.177       	0.02349     	0.05352     	0.02726     
2975        	10          	3.165       	0.0288      	0.05498     	0.02555     
2980        	10          	3.16        	0.02872     	0.05347     	0.02739     
2985        	10          	3.16        	0.03242     	0.06184     	0.02999     
2990        	10          	3.148       	0.02574     	0.05895     	0.02511     
2995        	10          	3.172       	0.02739     	0.06021     	0.03208     
3000        	10          	3.203       	0.02999     	0.06282     	0.02842     
3005        	10          	3.183       	0.0327      	0.06416     	0.02582     
3010        	10          	3.183       	0.02904     	0.05724     	0.02038     
3015        	10          	3.157       	0.03027     	0.06393     	0.02966     
3020        	10          	3.15        	0.02889     	0.05823     	0.02179     
3025        	10          	3.168       	0.02885     	0.06003     	0.02784     
3030        	10          	3.157       	0.0201      	0.05772     	0.03138     
3035        	10          	3.167       	0.0293      	0.05948     	0.03461     
3040        	10          	3.173       	0.02752     	0.05625     	0.02814     
3045        	10          	3.135       	0.03414     	0.05883     	0.02529     
3050        	10          	3.158       	0.02672     	0.05527     	0.0244      
3055        	10          	3.205       	0.02349     	0.05428     	0.02638     
3060        	10          	3.183       	0.02753     	0.06071     	0.02659     
3065        	10          	3.167       	0.02474     	0.0568      	0.02747     
3070        	10          	3.142       	0.02896     	0.0596      	0.02926     
3075        	10          	3.152       	0.02792     	0.0536      	0.02788     
3080        	10          	3.143       	0.03046     	0.05862     	0.03177     
3085        	10          	3.122       	0.02732     	0.06557     	0.03166     
3090        	10          	3.127       	0.02578     	0.06778     	0.03453     
3095        	10          	3.102       	0.02763     	0.05792     	0.02733     
3100        	10          	3.12        	0.02892     	0.06287     	0.03088     
3105        	10          	3.128       	0.02979     	0.06036     	0.02851     
3110        	10          	3.132       	0.03372     	0.05619     	0.03088     
3115        	10          	3.115       	0.03041     	0.05793     	0.03474     
3120        	10          	3.113       	0.02762     	0.05461     	0.02491     
3125        	10          	3.135       	0.02686     	0.05047     	0.02736     
3130        	10          	3.135       	0.03208     	0.0477      	0.03036     
3135        	10          	3.143       	0.02462     	0.04631     	0.02773     
3140        	10          	3.11        	0.02644     	0.05052     	0.02842     
3145        	10          	3.102       	0.02568     	0.05495     	0.02978     
3150        	10          	3.117       	0.02803     	0.05001     	0.02595     
3155        	10          	3.138       	0.03104     	0.04867     	0.02695     
3160        	10          	3.143       	0.02759     	0.05558     	0.03281     
3165        	10          	3.158       	0.02882     	0.04919     	0.03558     
3170        	10          	3.165       	0.03008     	0.04969     	0.02631     
3175        	10          	3.132       	0.03239     	0.0485      	0.02844     
3180        	10          	3.137       	0.02824     	0.05568     	0.02863     
3185        	10          	3.153       	0.02836     	0.05809     	0.02466     
3190        	10          	3.157       	0.03254     	0.0608      	0.03059     
3195        	10          	3.137       	0.03274     	0.06241     	0.0316      
3200        	10          	3.153       	0.0295      	0.054       	0.02456     
3205        	10          	3.163       	0.03169     	0.06395     	0.02605     
3210        	10          	3.112       	0.03383     	0.06354     	0.02852     
3215        	10          	3.122       	0.03975     	0.05977     	0.03105     
3220        	10          	3.165       	0.0321      	0.05881     	0.02817     
3225        	10          	3.157       	0.03109     	0.05793     	0.02734     
3230        	10          	3.137       	0.03133     	0.0556      	0.02969     
3235        	10          	3.148       	0.03254     	0.05961     	0.02387     
3240        	10          	3.128       	0.03238     	0.06099     	0.02846     
3245        	10          	3.158       	0.03571     	0.05437     	0.02529     
3250        	10          	3.112       	0.03391     	0.06044     	0.02815     
3255        	10          	3.112       	0.03607     	0.05953     	0.02758     
3260        	10          	3.098       	0.03364     	0.05358     	0.02817     
3265        	10          	3.138       	0.02941     	0.05824     	0.02545     
3270        	10          	3.112       	0.02771     	0.06378     	0.03123     
3275        	10          	3.107       	0.02813     	0.04918     	0.0217      
3280        	10          	3.14        	0.0348      	0.05741     	0.02941     
3285        	10          	3.112       	0.02998     	0.05817     	0.02982     
3290        	10          	3.13        	0.03539     	0.05764     	0.02786     
3295        	10          	3.075       	0.03207     	0.06882     	0.03093     
3300        	10          	3.068       	0.03273     	0.06316     	0.02958     
3305        	10          	3.122       	0.02743     	0.05889     	0.02824     
3310        	10          	3.112       	0.03633     	0.05807     	0.02787     
3315        	10          	3.085       	0.0375      	0.06554     	0.0276      
3320        	10          	3.083       	0.0407      	0.06487     	0.02684     
3325        	10          	3.103       	0.03737     	0.06756     	0.02501     
3330        	10          	3.053       	0.03698     	0.05626     	0.03277     
3335        	10          	3.055       	0.03339     	0.05714     	0.02803     
3340        	10          	3.097       	0.03239     	0.06501     	0.02823     
3345        	10          	3.065       	0.03468     	0.07231     	0.03626     
3350        	10          	3.077       	0.0297      	0.05868     	0.0245      
3355        	10          	3.097       	0.02929     	0.06453     	0.02975     
3360        	10          	3.058       	0.02801     	0.05955     	0.02807     
3365        	10          	3.115       	0.03336     	0.0636      	0.03375     
3370        	10          	3.082       	0.03408     	0.06119     	0.03402     
3375        	10          	3.107       	0.03094     	0.05857     	0.03002     
3380        	10          	3.103       	0.0351      	0.06342     	0.02905     
3385        	10          	3.12        	0.02504     	0.05156     	0.02798     
3390        	10          	3.072       	0.02598     	0.06154     	0.03494     
3395        	10          	3.115       	0.02361     	0.05789     	0.02631     
3400        	10          	3.143       	0.02762     	0.05627     	0.03038     
3405        	10          	3.115       	0.02055     	0.05536     	0.02629     
3410        	10          	3.048       	0.03208     	0.06069     	0.02472     
3415        	10          	3.118       	0.02156     	0.05632     	0.02519     
3420        	10          	3.095       	0.0275      	0.05492     	0.02364     
3425        	10          	3.135       	0.02547     	0.05572     	0.02728     
3430        	10          	3.107       	0.01736     	0.05614     	0.02763     
3435        	10          	3.155       	0.02032     	0.0517      	0.02324     
3440        	10          	3.103       	0.02799     	0.05781     	0.03631     
3445        	10          	3.08        	0.02162     	0.05925     	0.03548     
3450        	10          	3.088       	0.03087     	0.05845     	0.03102     
3455        	10          	3.107       	0.03257     	0.06441     	0.02772     
3460        	10          	3.098       	0.03094     	0.0596      	0.03392     
3465        	10          	3.115       	0.02685     	0.06235     	0.02884     
3470        	10          	3.088       	0.02703     	0.0571      	0.03293     
3475        	10          	3.062       	0.03411     	0.05809     	0.02306     
3480        	10          	3.072       	0.02871     	0.0542      	0.0256      
3485        	10          	3.083       	0.02903     	0.05451     	0.02281     
3490        	10          	3.087       	0.02513     	0.04826     	0.02527     
3495        	10          	3.11        	0.02693     	0.05404     	0.0294      
3500        	10          	3.103       	0.03184     	0.05468     	0.02528     
3505        	10          	3.083       	0.02732     	0.0524      	0.0199      
3510        	10          	3.118       	0.02865     	0.05833     	0.02333     
3515        	10          	3.057       	0.03398     	0.05238     	0.02667     
3520        	10          	3.057       	0.03267     	0.05859     	0.02081     
3525        	10          	3.058       	0.02919     	0.06016     	0.03353     
3530        	10          	3.057       	0.02958     	0.05934     	0.03072     
3535        	10          	3.07        	0.03323     	0.05677     	0.02294     
3540        	10          	3.115       	0.03206     	0.06189     	0.02296     
3545        	10          	3.072       	0.03479     	0.05961     	0.02583     
3550        	10          	3.113       	0.0332      	0.05925     	0.02387     
3555        	10          	3.105       	0.04233     	0.06389     	0.02257     
3560        	10          	3.1         	0.02712     	0.05639     	0.0275      
3565        	10          	3.075       	0.03197     	0.04994     	0.02992     
3570        	10          	3.087       	0.03255     	0.05105     	0.03053     
3575        	10          	3.082       	0.03624     	0.05814     	0.02804     
3580        	10          	3.073       	0.03172     	0.05544     	0.02286     
3585        	10          	3.07        	0.03421     	0.06175     	0.02909     
3590        	10          	3.058       	0.04375     	0.06255     	0.03022     
3595        	10          	3.092       	0.02958     	0.05446     	0.02408     
3600        	10          	3.112       	0.02702     	0.04875     	0.02566     
3605        	10          	3.098       	0.02852     	0.05506     	0.02471     
3610        	10          	3.072       	0.03084     	0.05457     	0.03065     
3615        	10          	3.165       	0.03593     	0.06107     	0.03118     
3620        	10          	3.098       	0.02664     	0.05355     	0.03076     
3625        	10          	3.128       	0.02862     	0.05929     	0.03025     
3630        	10          	3.105       	0.02197     	0.05639     	0.02742     
3635        	10          	3.145       	0.02515     	0.05104     	0.02839     
3640        	10          	3.105       	0.02173     	0.04869     	0.02563     
3645        	10          	3.142       	0.02803     	0.05434     	0.02729     
3650        	10          	3.103       	0.02501     	0.0541      	0.02638     
3655        	10          	3.102       	0.02864     	0.05319     	0.03071     
3660        	10          	3.147       	0.02292     	0.05081     	0.02716     
3665        	10          	3.155       	0.02686     	0.05537     	0.03124     
3670        	10          	3.118       	0.0257      	0.06017     	0.03196     
3675        	10          	3.14        	0.0294      	0.05302     	0.02113     
3680        	10          	3.17        	0.03274     	0.0649      	0.02731     
3685        	10          	3.117       	0.03223     	0.05818     	0.02832     
3690        	10          	3.142       	0.02789     	0.06601     	0.03213     
3695        	10          	3.145       	0.02518     	0.0557      	0.02661     
3700        	10          	3.132       	0.02117     	0.05443     	0.02956     
3705        	10          	3.182       	0.02519     	0.05167     	0.02785     
3710        	10          	3.105       	0.03059     	0.06002     	0.02907     
3715        	10          	3.132       	0.02635     	0.05357     	0.02558     
3720        	10          	3.148       	0.02397     	0.05418     	0.02598     
3725        	10          	3.142       	0.0279      	0.05084     	0.0236      
3730        	10          	3.142       	0.02968     	0.06263     	0.02115     
3735        	10          	3.18        	0.03532     	0.05689     	0.02639     
3740        	10          	3.137       	0.03178     	0.06407     	0.02786     
3745        	10          	3.185       	0.03031     	0.06267     	0.02969     
3750        	10          	3.18        	0.03303     	0.0641      	0.02784     
3755        	10          	3.182       	0.02836     	0.06109     	0.03214     
3760        	10          	3.178       	0.03028     	0.05462     	0.02508     
3765        	10          	3.192       	0.03459     	0.05908     	0.02897     
3770        	10          	3.163       	0.03263     	0.0599      	0.03365     
3775        	10          	3.185       	0.02375     	0.05306     	0.03207     
3780        	10          	3.19        	0.02508     	0.05786     	0.03337     
3785        	10          	3.208       	0.03371     	0.05314     	0.03481     
3790        	10          	3.132       	0.03418     	0.05946     	0.03382     
3795        	10          	3.172       	0.02975     	0.05355     	0.03019     
3800        	10          	3.175       	0.02811     	0.05382     	0.02762     
3805        	10          	3.162       	0.03085     	0.05686     	0.02907     
3810        	10          	3.167       	0.03108     	0.06131     	0.02633     
3815        	10          	3.148       	0.02976     	0.0604      	0.02689     
3820        	10          	3.168       	0.03245     	0.05119     	0.02408     
3825        	10          	3.155       	0.03049     	0.05497     	0.02262     
3830        	10          	3.142       	0.03139     	0.05835     	0.02582     
3835        	10          	3.108       	0.03239     	0.05598     	0.0244      
3840        	10          	3.132       	0.02522     	0.05863     	0.02628     
3845        	10          	3.132       	0.02788     	0.05313     	0.02835     
3850        	10          	3.163       	0.03047     	0.05768     	0.02503     
3855        	10          	3.162       	0.0287      	0.05309     	0.02321     
3860        	10          	3.145       	0.02991     	0.05725     	0.02864     
3865        	10          	3.155       	0.02312     	0.05522     	0.0243      
3870        	10          	3.135       	0.02699     	0.05531     	0.0224      
3875        	10          	3.137       	0.03147     	0.05924     	0.02795     
3880        	10          	3.13        	0.02541     	0.05475     	0.02762     
3885        	10          	3.122       	0.02931     	0.06712     	0.03017     
3890        	10          	3.14        	0.03008     	0.05528     	0.02858     
3895        	10          	3.127       	0.03081     	0.05322     	0.0272      
3900        	10          	3.137       	0.02931     	0.06039     	0.03108     
3905        	10          	3.143       	0.03098     	0.05074     	0.0263      
3910        	10          	3.122       	0.02686     	0.05221     	0.02555     
3915        	10          	3.08        	0.03232     	0.05486     	0.02648     
3920        	10          	3.078       	0.03146     	0.0512      	0.0216      
3925        	10          	3.148       	0.02498     	0.05669     	0.02502     
3930        	10          	3.178       	0.02436     	0.05421     	0.02497     
3935        	10          	3.138       	0.02583     	0.05907     	0.02532     
3940        	10          	3.147       	0.02848     	0.06676     	0.02747     
3945        	10          	3.177       	0.02653     	0.05823     	0.03144     
3950        	10          	3.157       	0.02347     	0.05653     	0.0327      
3955        	10          	3.12        	0.03297     	0.06841     	0.03221     
3960        	10          	3.195       	0.02699     	0.06167     	0.02846     
3965        	10          	3.213       	0.03164     	0.06543     	0.02759     
3970        	10          	3.168       	0.0335      	0.05927     	0.02756     
3975        	10          	3.15        	0.03274     	0.05631     	0.03345     
3980        	10          	3.163       	0.03341     	0.05692     	0.03158     
3985        	10          	3.182       	0.0265      	0.05744     	0.03052     
3990        	10          	3.208       	0.02397     	0.05027     	0.02759     
3995        	10          	3.197       	0.02961     	0.06437     	0.034       
4000        	10          	3.2         	0.02635     	0.05073     	0.02756     
4005        	10          	3.173       	0.03892     	0.06622     	0.02989     
4010        	10          	3.13        	0.04338     	0.06108     	0.03224     
4015        	10          	3.097       	0.05882     	0.07229     	0.03062     
4020        	10          	3.103       	0.05654     	0.06954     	0.01947     
4025        	10          	3.115       	0.06446     	0.07927     	0.03165     
4030        	10          	3.11        	0.07435     	0.08497     	0.02945     
4035        	10          	3.108       	0.08131     	0.0906      	0.03026     
4040        	10          	3.052       	0.09384     	0.1013      	0.03116     
4045        	10          	3.033       	0.1036      	0.1103      	0.03112     
4050        	10          	3.012       	0.1161      	0.1235      	0.03803     
4055        	10          	2.99        	0.1256      	0.1249      	0.0528      
4060        	10          	2.947       	0.1338      	0.1414      	0.06175     
4065        	10          	2.925       	0.1486      	0.1457      	0.07884     
4070        	10          	2.88        	0.1601      	0.1568      	0.08285     
4075        	10          	2.853       	0.1663      	0.1627      	0.09013     
4080        	10          	2.83        	0.1808      	0.1707      	0.1077      
4085        	10          	2.815       	0.1886      	0.179       	0.1142      
4090        	10          	2.832       	0.1868      	0.177       	0.1192      
4095        	10          	2.79        	0.2015      	0.1895      	0.1319      
4100        	10          	2.8         	0.2093      	0.2027      	0.1404      
4105        	10          	2.752       	0.2149      	0.2124      	0.1587      
4110        	10          	2.758       	0.2201      	0.2132      	0.177       
4115        	10          	2.72        	0.227       	0.225       	0.1805      
4120        	10          	2.742       	0.2321      	0.2241      	0.1831      
4125        	10          	2.69        	0.2471      	0.2362      	0.1933      
4130        	10          	2.668       	0.239       	0.2438      	0.1937      
4135        	10          	2.65        	0.2583      	0.2385      	0.1947      
4140        	10          	2.68        	0.2516      	0.2496      	0.2087      
4145        	10          	2.658       	0.2596      	0.2574      	0.214       
4150        	10          	2.663       	0.2682      	0.2545      	0.2243      
4155        	10          	2.647       	0.2696      	0.2824      	0.238       
4160        	10          	2.618       	0.2788      	0.279       	0.2256      
4165        	10          	2.603       	0.2869      	0.29        	0.2597      
4170        	10          	2.62        	0.2839      	0.2985      	0.2558      
4175        	10          	2.617       	0.2892      	0.2991      	0.2627      
4180        	10          	2.593       	0.2917      	0.2969      	0.2548      
4185        	10          	2.56        	0.3062      	0.3132      	0.263       
4190        	10          	2.538       	0.3106      	0.3304      	0.2859      
4195        	10          	2.555       	0.3146      	0.3236      	0.2723      
4200        	10          	2.522       	0.3249      	0.3229      	0.2879      
4205        	10          	2.523       	0.3276      	0.3286      	0.2933      
4210        	10          	2.512       	0.3304      	0.3306      	0.299       
4215        	10          	2.503       	0.3384      	0.3357      	0.3032      
4220        	10          	2.52        	0.3463      	0.3305      	0.2985      
4225        	10          	2.465       	0.3611      	0.3492      	0.3135      
4230        	10          	2.488       	0.3669      	0.3438      	0.3127      
4235        	10          	2.487       	0.3657      	0.3687      	0.3204      
4240        	10          	2.455       	0.3769      	0.3591      	0.3216      
4245        	10          	2.462       	0.3727      	0.3737      	0.3311      
4250        	10          	2.415       	0.3817      	0.3727      	0.3404      
4255        	10          	2.423       	0.3816      	0.3795      	0.3412      
4260        	10          	2.43        	0.3958      	0.3959      	0.358       
4265        	10          	2.43        	0.3959      	0.391       	0.3668      
4270        	10          	2.408       	0.4094      	0.406       	0.3684      
4275        	10          	2.405       	0.4037      	0.4095      	0.3811      
4280        	10          	2.407       	0.4091      	0.4121      	0.3922      
4285        	10          	2.4         	0.4185      	0.423       	0.3923      
4290        	10          	2.41        	0.418       	0.4338      	0.3968      
4295        	10          	2.412       	0.4212      	0.4259      	0.4003      
4300        	10          	2.388       	0.4313      	0.446       	0.4113      
4305        	10          	2.397       	0.4351      	0.4376      	0.4078      
4310        	10          	2.408       	0.4405      	0.4412      	0.4178      
4315        	10          	2.428       	0.4477      	0.4466      	0.4128      
4320        	10          	2.398       	0.447       	0.4398      	0.4123      
4325        	10          	2.388       	0.4441      	0.4461      	0.4215      
4330        	10          	2.34        	0.4496      	0.441       	0.4297      
4335        	10          	2.33        	0.4504      	0.431       	0.4271      
4340        	10          	2.355       	0.4543      	0.4379      	0.4281      
4345        	10          	2.362       	0.4464      	0.4375      	0.4334      
4350        	10          	2.368       	0.4495      	0.4409      	0.4299      
4355        	10          	2.36        	0.4458      	0.4382      	0.4381      
4360        	10          	2.36        	0.4572      	0.4388      	0.4357      
4365        	10          	2.357       	0.4656      	0.4379      	0.4385      
4370        	10          	2.388       	0.4562      	0.439       	0.4471      
4375        	10          	2.348       	0.4695      	0.4469      	0.4422      
4380        	10          	2.373       	0.463       	0.4416      	0.4417      
4385        	10          	2.352       	0.4616      	0.4391      	0.431       
4390        	10          	2.348       	0.4733      	0.4415      	0.4479      
4395        	10          	2.39        	0.4637      	0.435       	0.4454      
4400        	10          	2.408       	0.4704      	0.4461      	0.4412      
4405        	10          	2.388       	0.4728      	0.4423      	0.4452      
4410        	10          	2.365       	0.4778      	0.4408      	0.4516      
4415        	10          	2.383       	0.4717      	0.4416      	0.4513      
4420        	10          	2.383       	0.4765      	0.4419      	0.4496      
4425        	10          	2.402       	0.4823      	0.4443      	0.4576      
4430        	10          	2.375       	0.4911      	0.4525      	0.4726      
4435        	10          	2.375       	0.4877      	0.4509      	0.4664      
4440        	10          	2.377       	0.4879      	0.4646      	0.4809      
4445        	10          	2.363       	0.4931      	0.4633      	0.488       
4450        	10          	2.332       	0.4952      	0.4763      	0.4915      
4455        	10          	2.343       	0.4938      	0.4611      	0.4835      
4460        	10          	2.372       	0.4942      	0.467       	0.4849      
4465        	10          	2.34        	0.4975      	0.4743      	0.4877      
4470        	10          	2.357       	0.4951      	0.4616      	0.4952      
4475        	10          	2.315       	0.5087      	0.472       	0.506       
4480        	10          	2.305       	0.4968      	0.4647      	0.5029      
4485        	10          	2.332       	0.4938      	0.4589      	0.4989      
4490        	10          	2.342       	0.5046      	0.4782      	0.5049      
4495        	10          	2.317       	0.5015      	0.4694      	0.4947      
4500        	10          	2.32        	0.502       	0.4819      	0.5021      
4505        	10          	2.308       	0.5079      	0.4801      	0.5053      
4510        	10          	2.308       	0.512       	0.4781      	0.5012      
4515        	10          	2.29        	0.5215      	0.491       	0.515       
4520        	10          	2.29        	0.4995      	0.474       	0.502       
4525        	10          	2.323       	0.5122      	0.4777      	0.5076      
4530        	10          	2.322       	0.5196      	0.4777      	0.5078      
4535        	10          	2.338       	0.5144      	0.4762      	0.5052      
4540        	10          	2.312       	0.519       	0.4723      	0.5079      
4545        	10          	2.337       	0.5229      	0.4741      	0.5156      
4550        	10          	2.312       	0.5046      	0.4619      	0.5063      
4555        	10          	2.348       	0.5128      	0.4614      	0.5135      
4560        	10          	2.307       	0.5215      	0.469       	0.5212      
4565        	10          	2.307       	0.5349      	0.4826      	0.5196      
4570        	10          	2.287       	0.5344      	0.4799      	0.53        
4575        	10          	2.3         	0.5332      	0.4806      	0.5265      
4580        	10          	2.28        	0.5345      	0.485       	0.5166      
4585        	10          	2.282       	0.5406      	0.4886      	0.5214      
4590        	10          	2.27        	0.5409      	0.4856      	0.5249      
4595        	10          	2.295       	0.5448      	0.4852      	0.5191      
4600        	10          	2.275       	0.5491      	0.5012      	0.5238      
4605        	10          	2.245       	0.5482      	0.5029      	0.5223      
4610        	10          	2.227       	0.5543      	0.5023      	0.5339      
4615        	10          	2.233       	0.557       	0.5095      	0.5322      
4620        	10          	2.243       	0.5546      	0.5048      	0.5272      
4625        	10          	2.252       	0.5509      	0.5029      	0.5256      
4630        	10          	2.25        	0.556       	0.509       	0.5384      
4635        	10          	2.247       	0.562       	0.5069      	0.5367      
4640        	10          	2.235       	0.5533      	0.5012      	0.5331      
4645        	10          	2.243       	0.5489      	0.507       	0.5309      
4650        	10          	2.237       	0.556       	0.5113      	0.5345      
4655        	10          	2.228       	0.5637      	0.5153      	0.5445      
4660        	10          	2.268       	0.5526      	0.5121      	0.5361      
4665        	10          	2.262       	0.5484      	0.5151      	0.5395      
4670        	10          	2.285       	0.5388      	0.5169      	0.5353      
4675        	10          	2.27        	0.5535      	0.521       	0.5448      
4680        	10          	2.275       	0.5445      	0.5194      	0.5408      
4685        	10          	2.262       	0.5504      	0.5274      	0.5361      
4690        	10          	2.253       	0.55        	0.5249      	0.537       
4695        	10          	2.265       	0.5454      	0.5246      	0.5418      
4700        	10          	2.232       	0.5512      	0.5301      	0.538       
4705        	10          	2.248       	0.556       	0.5334      	0.5447      
4710        	10          	2.285       	0.5534      	0.5278      	0.5397      
4715        	10          	2.232       	0.5637      	0.5382      	0.5472      
4720        	10          	2.258       	0.5545      	0.534       	0.551       
4725        	10          	2.273       	0.5525      	0.5363      	0.5443      
4730        	10          	2.253       	0.5601      	0.5445      	0.5542      
4735        	10          	2.28        	0.557       	0.5497      	0.5588      
4740        	10          	2.277       	0.5672      	0.5436      	0.5609      
4745        	10          	2.26        	0.5738      	0.5567      	0.5715      
4750        	10          	2.232       	0.5732      	0.5482      	0.5615      
4755        	10          	2.267       	0.5673      	0.5495      	0.5635      
4760        	10          	2.235       	0.574       	0.551       	0.5661      
4765        	10          	2.255       	0.5665      	0.5456      	0.5638      
4770        	10          	2.243       	0.5659      	0.5452      	0.5625      
4775        	10          	2.223       	0.5676      	0.5342      	0.5646      
4780        	10          	2.237       	0.5674      	0.5416      	0.5668      
4785        	10          	2.248       	0.5784      	0.5508      	0.5702      
4790        	10          	2.273       	0.5877      	0.5526      	0.5687      
4795        	10          	2.25        	0.5817      	0.5493      	0.5719      
4800        	10          	2.243       	0.5789      	0.5461      	0.5681      
4805        	10          	2.287       	0.5819      	0.5415      	0.5654      
4810        	10          	2.27        	0.5842      	0.5463      	0.5719      
4815        	10          	2.24        	0.5891      	0.5464      	0.5836      
4820        	10          	2.267       	0.585       	0.5487      	0.573       
4825        	10          	2.238       	0.5833      	0.5444      	0.5823      
4830        	10          	2.205       	0.5884      	0.553       	0.5789      
4835        	10          	2.212       	0.5914      	0.5508      	0.5846      
4840        	10          	2.197       	0.592       	0.5565      	0.5875      
4845        	10          	2.215       	0.5893      	0.5489      	0.5861      
4850        	10          	2.217       	0.5994      	0.553       	0.5862      
4855        	10          	2.192       	0.5935      	0.5544      	0.579       
4860        	10          	2.182       	0.5927      	0.5607      	0.5861      
4865        	10          	2.203       	0.597       	0.5608      	0.5845      
4870        	10          	2.21        	0.6022      	0.5614      	0.5852      
4875        	10          	2.18        	0.6117      	0.5645      	0.592       
4880        	10          	2.162       	0.6199      	0.5752      	0.6022      
4885        	10          	2.167       	0.6173      	0.571       	0.5949      
4890        	10          	2.177       	0.6202      	0.569       	0.5985      
4895        	10          	2.208       	0.6196      	0.5659      	0.5935      
4900        	10          	2.217       	0.6213      	0.5654      	0.5979      
4905        	10          	2.198       	0.6163      	0.5678      	0.6015      
4910        	10          	2.192       	0.6184      	0.5696      	0.6022      
4915        	10          	2.185       	0.6144      	0.5685      	0.5978      
4920        	10          	2.192       	0.6146      	0.575       	0.6051      
4925        	10          	2.153       	0.6206      	0.572       	0.6006      
4930        	10          	2.158       	0.6212      	0.5807      	0.6022      
4935        	10          	2.175       	0.6179      	0.5836      	0.6003      
4940        	10          	2.172       	0.6261      	0.5819      	0.6019      
4945        	10          	2.16        	0.6178      	0.5875      	0.5983      
4950        	10          	2.16        	0.6174      	0.5875      	0.5907      
4955        	10          	2.155       	0.6193      	0.5827      	0.6019      
4960        	10          	2.17        	0.6164      	0.5837      	0.5954      
4965        	10          	2.152       	0.6196      	0.5936      	0.5972      
4970        	10          	2.137       	0.6057      	0.5812      	0.5929      
4975        	10          	2.162       	0.5996      	0.5762      	0.5911      
4980        	10          	2.167       	0.6006      	0.5823      	0.599       
4985        	10          	2.155       	0.605       	0.5844      	0.5902      
4990        	10          	2.138       	0.5987      	0.5834      	0.5842      
4995        	10          	2.168       	0.6047      	0.5781      	0.5884      
5000        	10          	2.18        	0.6029      	0.5886      	0.5872      
