generation  	alive.rpl   	n.adlt.rs   	n.adlt.fst.wc_p1-2	n.adlt.fst.wc_p1-3	n.adlt.fst.wc_p2-3
5           	10          	0.0381      	5.341e-06   	6.981e-06   	1.035e-05   
10          	10          	0.06428     	1.625e-06   	6.818e-06   	2.993e-06   
15          	10          	0.0794      	9.111e-06   	5.997e-06   	9.164e-06   
20          	10          	0.03391     	1.857e-05   	1.034e-05   	1.244e-05   
25          	10          	0.06529     	3.16e-05    	3.534e-05   	2.024e-05   
30          	10          	0.0511      	9.3e-06     	1.427e-05   	1.533e-05   
35          	10          	0.09299     	5.059e-05   	5.828e-05   	1.362e-05   
40          	10          	0.04429     	3.015e-05   	6.917e-05   	4.73e-05    
45          	10          	0.06045     	1.856e-05   	3.317e-05   	1.292e-05   
50          	10          	0.1178      	3.834e-05   	2.804e-05   	1.268e-05   
55          	10          	0.06869     	1.249e-05   	3.569e-05   	3.205e-05   
60          	10          	0.095       	1.506e-05   	1.639e-05   	1.293e-05   
65          	10          	0.1569      	2.998e-05   	4.536e-05   	4.554e-05   
70          	10          	0.02967     	5.841e-05   	5.605e-05   	4.626e-05   
75          	10          	0.1292      	2.584e-05   	6.423e-05   	2.81e-05    
80          	10          	0.1051      	3.455e-05   	6.877e-05   	4.166e-05   
85          	10          	0.06461     	6.32e-06    	1.915e-05   	3.488e-05   
90          	10          	0.05464     	1.415e-05   	4.532e-05   	6.896e-05   
95          	10          	0.06099     	2.775e-05   	2.634e-05   	3.075e-05   
100         	10          	0.04401     	2.881e-05   	9.781e-05   	5.371e-05   
105         	10          	0.05649     	6.235e-05   	6.718e-05   	1.663e-05   
110         	10          	0.1006      	2.089e-05   	4.746e-05   	1.974e-05   
115         	10          	0.03534     	1.646e-05   	0.00015     	4.173e-05   
120         	10          	0.05107     	3.601e-05   	0.0001352   	3.667e-05   
125         	10          	0.05636     	4.431e-05   	5.514e-05   	2.339e-05   
130         	10          	0.1064      	7.279e-05   	0.000166    	2.243e-05   
135         	10          	0.04357     	1.621e-05   	7.556e-05   	5.915e-05   
140         	10          	0.06468     	4.003e-05   	7.67e-05    	7.913e-05   
145         	10          	0.07408     	3.353e-05   	0.0001066   	9.1e-05     
150         	10          	0.08778     	4.023e-05   	0.0001022   	6.523e-05   
155         	10          	0.02711     	7.863e-05   	0.0001029   	3.896e-05   
160         	10          	0.0641      	5.512e-05   	7.94e-05    	2.009e-05   
165         	10          	0.04712     	4.271e-05   	5.688e-05   	1.184e-05   
170         	10          	0.09329     	8.709e-05   	8.669e-05   	2.48e-05    
175         	10          	0.08052     	2.414e-05   	1.923e-05   	3.69e-05    
180         	10          	0.08511     	2.655e-05   	7.813e-05   	6.04e-05    
185         	10          	0.02496     	6.275e-05   	4.057e-05   	5.083e-05   
190         	10          	0.06395     	3.131e-05   	7.53e-05    	1.329e-05   
195         	10          	0.04896     	7.951e-05   	9.728e-05   	4.712e-05   
200         	10          	0.06173     	7.14e-05    	5.041e-05   	7.071e-05   
205         	10          	0.0683      	6.789e-05   	4.108e-05   	7.293e-05   
210         	10          	0.0643      	6.54e-05    	1.731e-05   	4.568e-05   
215         	10          	0.07095     	5.45e-05    	8.17e-05    	5.615e-05   
220         	10          	0.05047     	3.686e-05   	0.0001244   	3.374e-05   
225         	10          	0.03028     	1.934e-05   	0.0001237   	6.935e-05   
230         	10          	0.06524     	2.737e-05   	0.0001635   	4.686e-05   
235         	10          	0.1029      	6.141e-05   	0.0001322   	6.371e-05   
240         	10          	0.05852     	4.62e-05    	0.0001556   	7.798e-05   
245         	10          	0.1018      	2.762e-05   	0.0001327   	5.284e-05   
250         	10          	0.08034     	3.2e-05     	0.0001292   	9.988e-05   
255         	10          	0.09666     	2.986e-05   	0.0001003   	5.811e-05   
260         	10          	0.07689     	8.244e-05   	7.7e-05     	5.231e-05   
265         	10          	0.07557     	7.082e-05   	8.964e-05   	6.066e-05   
270         	10          	0.08801     	6.036e-05   	0.0001575   	8.732e-05   
275         	10          	0.03699     	5.679e-05   	4.411e-05   	6.559e-05   
280         	10          	0.05634     	3.529e-05   	0.0001204   	7.728e-05   
285         	10          	0.03693     	3.646e-05   	0.0001058   	6.422e-05   
290         	10          	0.05147     	2.188e-05   	4.885e-05   	7.997e-05   
295         	10          	0.06734     	4.636e-05   	6.656e-05   	2.331e-05   
300         	10          	0.03523     	3.352e-05   	3.426e-05   	5.963e-05   
305         	10          	0.04019     	2.803e-05   	7.389e-05   	3.526e-05   
310         	10          	0.03243     	3.855e-05   	6.493e-05   	4.394e-05   
315         	10          	0.04516     	2.877e-05   	0.0001614   	6.489e-05   
320         	10          	0.03536     	3.518e-05   	0.0001434   	5.869e-05   
325         	10          	0.04419     	8.215e-05   	0.0001341   	0.0001072   
330         	10          	0.01889     	4.606e-05   	0.0001019   	5.987e-05   
335         	10          	0.05269     	6.912e-05   	0.0002114   	0.0001334   
340         	10          	0.05673     	0.0001069   	0.0001885   	0.0001134   
345         	10          	0.04301     	3.642e-05   	6.503e-05   	7.631e-05   
350         	10          	0.04358     	2.971e-05   	6.372e-05   	1.479e-05   
355         	10          	0.03543     	7.974e-05   	0.0001155   	0.0001168   
360         	10          	0.05193     	7.289e-05   	0.0003086   	0.0001111   
365         	10          	0.0285      	4.126e-05   	0.0001421   	3.58e-05    
370         	10          	0.04149     	5.605e-05   	5.441e-05   	6.032e-05   
375         	10          	0.04089     	3.811e-05   	2.163e-05   	4.582e-05   
380         	10          	0.04034     	5.083e-05   	7.778e-05   	6.603e-05   
385         	10          	0.07502     	3.094e-05   	5.471e-05   	3.462e-05   
390         	10          	0.07436     	8.194e-05   	0.0001737   	5.896e-05   
395         	10          	0.03794     	5.836e-05   	0.0001374   	1.961e-05   
400         	10          	0.0434      	4.27e-05    	0.0001256   	0.0001292   
405         	10          	0.04951     	7.746e-05   	0.0001195   	3.059e-05   
410         	10          	0.0579      	1.75e-05    	5.262e-05   	3.873e-05   
415         	10          	0.04074     	0.0001038   	9.717e-05   	3.483e-05   
420         	10          	0.06418     	5.472e-05   	0.0001898   	7.503e-05   
425         	10          	0.03619     	6.261e-05   	7.303e-05   	3.579e-05   
430         	10          	0.1005      	9.877e-05   	8.589e-05   	2.703e-05   
435         	10          	0.05997     	7.902e-05   	0.0001789   	5.563e-05   
440         	10          	0.07323     	6.513e-05   	5.989e-05   	9.986e-05   
445         	10          	0.03921     	0.0001039   	0.0001098   	4.572e-05   
450         	10          	0.04749     	4.347e-05   	0.0001025   	4.744e-05   
455         	10          	0.04234     	3.243e-05   	0.0001078   	4.615e-05   
460         	10          	0.05768     	6.387e-05   	0.0001784   	0.0001526   
465         	10          	0.03784     	9.421e-05   	9.502e-05   	3.686e-05   
470         	10          	0.06607     	6.72e-05    	0.00014     	4.962e-05   
475         	10          	0.07104     	8.462e-05   	0.0001635   	7.775e-05   
480         	10          	0.08079     	0.000104    	0.000173    	6.522e-05   
485         	10          	0.06803     	0.0001048   	9.21e-05    	5.842e-05   
490         	10          	0.1076      	5.376e-05   	0.0001418   	8.023e-05   
495         	10          	0.09458     	6.25e-05    	0.000181    	8.849e-05   
500         	10          	0.1047      	3.601e-05   	0.0001327   	5.837e-05   
505         	10          	0.1055      	2.657e-05   	0.0001988   	6.08e-05    
510         	10          	0.07995     	2.855e-05   	0.0001543   	3.074e-05   
515         	10          	0.06951     	5.072e-05   	0.0001537   	5.247e-05   
520         	10          	0.06393     	0.00013     	0.0002496   	5.309e-05   
525         	10          	0.03973     	9.364e-05   	0.0001239   	4.142e-05   
530         	10          	0.04525     	8.221e-05   	0.0001379   	3.517e-05   
535         	10          	0.04625     	5.796e-05   	0.0001343   	3.978e-05   
540         	10          	0.06484     	4.962e-05   	0.0001187   	3.501e-05   
545         	10          	0.05373     	9.123e-06   	6.873e-05   	5.68e-05    
550         	10          	0.08362     	0.0001188   	0.0001159   	5.357e-05   
555         	10          	0.04269     	9.427e-05   	0.000123    	0.0001386   
560         	10          	0.05199     	3.75e-05    	0.0001109   	8.429e-05   
565         	10          	0.04125     	7.368e-05   	8.571e-05   	3.217e-05   
570         	10          	0.04634     	5.224e-05   	0.0002997   	0.0001331   
575         	10          	0.04108     	0.0001357   	0.0003865   	7.686e-05   
580         	10          	0.03508     	0.0001324   	0.0003541   	0.0001304   
585         	10          	0.03804     	7.879e-05   	0.0001477   	3.858e-05   
590         	10          	0.02332     	0.0001387   	0.0003204   	7.602e-05   
595         	10          	0.06377     	4.095e-05   	0.0002729   	0.0001796   
600         	10          	0.02345     	7.815e-05   	0.0002081   	8.474e-05   
605         	10          	0.03093     	5.272e-05   	0.0003994   	0.0001244   
610         	10          	0.02434     	8.256e-05   	0.0001746   	6.281e-05   
615         	10          	0.01984     	4.792e-05   	0.0001756   	0.0001069   
620         	10          	0.04284     	5.64e-05    	0.0001514   	9.782e-05   
625         	10          	0.03854     	2.837e-05   	0.0002143   	9.654e-05   
630         	10          	0.03123     	6.039e-05   	9.498e-05   	3.241e-05   
635         	10          	0.04851     	0.0001092   	0.0001664   	7.844e-05   
640         	10          	0.04433     	3.432e-05   	3.756e-05   	3.785e-05   
645         	10          	0.07961     	0.000123    	0.0002117   	0.0001522   
650         	10          	0.03872     	7.57e-05    	9.118e-05   	6.342e-05   
655         	10          	0.02803     	2.703e-05   	0.0002268   	3.334e-05   
660         	10          	0.02839     	3.035e-05   	9.699e-05   	5.829e-05   
665         	10          	0.0264      	0.0001128   	7.156e-05   	7.161e-05   
670         	10          	0.007058    	1.813e-05   	0.0001439   	8.057e-05   
675         	10          	0.01873     	9.738e-05   	0.0001704   	2.676e-05   
680         	10          	0.02093     	0.0001237   	0.0001955   	3.898e-05   
685         	10          	0.02121     	2.409e-05   	0.0001797   	0.0002493   
690         	10          	0.02256     	8.439e-05   	0.000258    	0.0001576   
695         	10          	0.01117     	0.0001451   	0.0001088   	5.409e-05   
700         	10          	0.01525     	8.119e-05   	0.0001481   	6.6e-05     
705         	10          	0.03963     	0.000155    	0.0001529   	8.782e-05   
710         	10          	0.02908     	5.872e-05   	0.0002855   	0.0001056   
715         	10          	0.03873     	6.34e-05    	0.0001965   	0.0002193   
720         	10          	0.02072     	4.573e-05   	0.0001995   	5.468e-05   
725         	10          	0.02768     	8.514e-05   	0.0001194   	6.298e-05   
730         	10          	0.03562     	9.602e-05   	0.0002568   	6.262e-05   
735         	10          	0.03319     	6.259e-05   	0.0001256   	0.0001961   
740         	10          	0.02008     	4.142e-05   	0.0002676   	9.862e-05   
745         	10          	0.02034     	6.734e-05   	0.0003816   	0.0001434   
750         	10          	0.02532     	8.835e-05   	0.0002396   	0.0001072   
755         	10          	0.02096     	4.48e-05    	0.0003693   	3.018e-05   
760         	10          	0.02728     	0.000115    	0.0002568   	0.0001068   
765         	10          	0.03491     	0.0001189   	0.0002566   	5.353e-05   
770         	10          	0.01689     	0.0001451   	0.0001204   	3.047e-05   
775         	10          	0.03191     	0.000281    	0.0005471   	9.172e-05   
780         	10          	0.02629     	8.475e-05   	0.000249    	0.0001451   
785         	10          	0.02613     	7.935e-05   	0.0002462   	4.268e-05   
790         	10          	0.05372     	0.0001418   	6.736e-05   	2.756e-05   
795         	10          	0.04093     	0.0001215   	0.0001199   	7.737e-05   
800         	10          	0.031       	9.464e-05   	0.0001671   	8.965e-05   
805         	10          	0.03794     	6.417e-05   	0.0001101   	7.719e-05   
810         	10          	0.03397     	2.626e-05   	0.0001164   	9.771e-05   
815         	10          	0.04964     	8.543e-05   	0.0001269   	0.0001069   
820         	10          	0.04288     	4.674e-05   	0.0001275   	9.047e-05   
825         	10          	0.04382     	4.806e-05   	0.0001511   	3.71e-05    
830         	10          	0.04672     	0.0001097   	0.0001866   	5.836e-05   
835         	10          	0.05801     	6.901e-05   	0.0001348   	7.855e-05   
840         	10          	0.05558     	6.412e-05   	0.0002535   	7.687e-05   
845         	10          	0.0736      	0.0001048   	0.0002166   	0.0001556   
850         	10          	0.07662     	5.298e-05   	8.913e-05   	5.323e-05   
855         	10          	0.07673     	6.119e-05   	0.0002246   	5.611e-05   
860         	10          	0.09116     	9.156e-05   	0.0001057   	3.987e-05   
865         	10          	0.07346     	4.53e-05    	0.0001498   	5.156e-05   
870         	10          	0.06191     	7.511e-05   	0.0001414   	0.0001964   
875         	10          	0.09432     	8.6e-05     	0.0001046   	4.041e-05   
880         	10          	0.08771     	0.0001057   	0.0001756   	9.016e-05   
885         	10          	0.0755      	5.003e-05   	0.0001096   	5.892e-05   
890         	10          	0.09039     	7.78e-05    	0.0003037   	0.0001462   
895         	10          	0.06161     	8.961e-05   	0.0001354   	4.448e-05   
900         	10          	0.08282     	0.0001224   	0.0001803   	0.0001031   
905         	10          	0.08628     	0.0001202   	0.0002561   	4.814e-05   
910         	10          	0.09089     	0.0001516   	0.0001861   	8.607e-05   
915         	10          	0.05286     	9.118e-05   	0.000133    	5.961e-05   
920         	10          	0.06417     	4.316e-05   	0.0002958   	6.94e-05    
925         	10          	0.03886     	2.716e-05   	0.0004408   	0.0001098   
930         	10          	0.04878     	8.62e-05    	0.0004055   	0.0001928   
935         	10          	0.05607     	6.67e-05    	0.0004842   	2.915e-05   
940         	10          	0.03968     	0.0001591   	0.0002803   	9.785e-05   
945         	10          	0.05379     	6.45e-05    	0.0002006   	0.0001155   
950         	10          	0.04633     	0.0001305   	0.0002984   	5.157e-05   
955         	10          	0.0443      	8.97e-05    	0.0002186   	0.0001084   
960         	10          	0.04693     	4.928e-05   	0.0002501   	9.245e-05   
965         	10          	0.0294      	7.769e-05   	0.0001832   	5.412e-05   
970         	10          	0.03497     	9.645e-05   	0.0002836   	4.583e-05   
975         	10          	0.02989     	9.506e-05   	0.00022     	8.282e-05   
980         	10          	0.05004     	4.082e-05   	0.0001312   	4.11e-05    
985         	10          	0.05233     	9.184e-05   	0.0004301   	0.0001633   
990         	10          	0.04127     	6.397e-05   	0.0003964   	0.0001712   
995         	10          	0.06497     	3.543e-05   	0.0002969   	9.195e-05   
1000        	10          	0.05519     	0.0001017   	0.0001969   	8.453e-05   
1005        	10          	0.05251     	9.246e-05   	9.169e-05   	5.687e-05   
1010        	10          	0.06096     	5.003e-05   	0.0002388   	5.806e-05   
1015        	10          	0.05235     	7.107e-05   	5.235e-05   	7.851e-05   
1020        	10          	0.07228     	2.291e-05   	0.0003912   	9.217e-05   
1025        	10          	0.064       	4.84e-05    	0.0001893   	0.0001352   
1030        	10          	0.045       	8.441e-05   	0.0002382   	0.0001319   
1035        	10          	0.07379     	6.578e-05   	0.0005119   	0.0001784   
1040        	10          	0.0339      	8.33e-05    	0.0001281   	6.495e-05   
1045        	10          	0.02786     	0.0001593   	0.0005288   	5.299e-05   
1050        	10          	0.04272     	0.0001058   	0.0001907   	5.954e-05   
1055        	10          	0.05212     	0.0001033   	0.000226    	7.159e-05   
1060        	10          	0.03739     	7.525e-05   	0.0002555   	0.0001421   
1065        	10          	0.04247     	6.743e-05   	0.0003627   	0.0001074   
1070        	10          	0.05214     	5.377e-05   	0.0001863   	0.00014     
1075        	10          	0.05113     	0.0002224   	0.0002292   	7.587e-05   
1080        	10          	0.04739     	0.0001297   	0.0001282   	9.616e-05   
1085        	10          	0.04347     	0.0001171   	0.0001102   	0.0001038   
1090        	10          	0.05221     	7.655e-05   	8.105e-05   	8.385e-05   
1095        	10          	0.05461     	0.0001021   	0.0001954   	0.0001154   
1100        	10          	0.04377     	5.878e-05   	0.0001104   	8.259e-05   
1105        	10          	0.04957     	4.389e-05   	0.0001626   	8.551e-05   
1110        	10          	0.05916     	0.0001311   	0.0001114   	5.101e-05   
1115        	10          	0.02367     	0.0001255   	0.0003309   	0.0001291   
1120        	10          	0.04254     	6.128e-05   	0.0002956   	0.0001177   
1125        	10          	0.04767     	6.166e-05   	0.0001378   	2.665e-05   
1130        	10          	0.03893     	8.078e-05   	0.0001664   	0.0001696   
1135        	10          	0.04057     	6.293e-05   	0.0001668   	0.0001594   
1140        	10          	0.036       	6.504e-05   	0.0001284   	5.045e-05   
1145        	10          	0.02479     	8.918e-05   	0.0001168   	0.0001205   
1150        	10          	0.04435     	3.498e-05   	0.0001028   	4.099e-05   
1155        	10          	0.04068     	6.611e-05   	0.0001503   	0.0001001   
1160        	10          	0.05122     	0.0001388   	0.0003442   	6.636e-05   
1165        	10          	0.04168     	5.289e-05   	0.000494    	8.274e-05   
1170        	10          	0.03718     	3.089e-05   	0.0002926   	0.0001394   
1175        	10          	0.0228      	4.864e-05   	0.000178    	0.0001767   
1180        	10          	0.02561     	3.811e-05   	0.0002902   	0.0001084   
1185        	10          	0.03682     	0.0001029   	0.0002313   	3.094e-05   
1190        	10          	0.04368     	7.565e-05   	0.0001619   	0.0001418   
1195        	10          	0.03228     	8.594e-05   	0.0002686   	0.0001159   
1200        	10          	0.02336     	6.636e-05   	0.0002258   	0.0001402   
1205        	10          	0.03043     	7.511e-05   	0.0001342   	2.636e-05   
1210        	10          	0.02697     	5.669e-05   	0.0002255   	8.788e-05   
1215        	10          	0.03339     	3.711e-05   	0.0003398   	7.89e-05    
1220        	10          	0.04707     	0.0001357   	0.0001778   	0.0001616   
1225        	10          	0.03268     	2.17e-05    	0.0003861   	7.049e-05   
1230        	10          	0.04036     	4.831e-05   	0.0004696   	7.267e-05   
1235        	10          	0.06023     	0.0001262   	0.0005486   	7.701e-05   
1240        	10          	0.03201     	0.0001679   	0.0001901   	8.842e-05   
1245        	10          	0.04284     	8.452e-05   	0.0001635   	2.953e-05   
1250        	10          	0.05241     	9.825e-05   	0.0001358   	3.05e-05    
1255        	10          	0.02683     	0.0001207   	0.0001767   	0.0001318   
1260        	10          	0.02869     	7.031e-05   	0.0002263   	4.566e-05   
1265        	10          	0.02834     	6.968e-05   	0.0001981   	9.201e-05   
1270        	10          	0.03851     	6.601e-05   	0.0003061   	8.969e-05   
1275        	10          	0.0334      	0.000196    	0.0002054   	6.193e-05   
1280        	10          	0.01739     	2.08e-05    	0.0001601   	0.0001003   
1285        	10          	0.02643     	9.574e-05   	0.0002274   	0.0002931   
1290        	10          	0.03238     	7.491e-05   	0.0001701   	0.0001265   
1295        	10          	0.02847     	4.845e-05   	0.0001245   	3.321e-05   
1300        	10          	0.03151     	6.841e-05   	0.0001941   	9.229e-05   
1305        	10          	0.01664     	0.000119    	0.0003922   	0.000174    
1310        	10          	0.01417     	0.0001782   	0.0002567   	5.931e-05   
1315        	10          	0.03041     	8.265e-05   	0.000261    	4.509e-05   
1320        	10          	0.02607     	0.0001309   	0.0001611   	8.978e-05   
1325        	10          	0.01877     	0.0001837   	0.0002144   	0.0001797   
1330        	10          	0.03163     	0.0001573   	0.0002803   	0.0001586   
1335        	10          	0.02357     	6.71e-05    	5.356e-05   	5.824e-05   
1340        	10          	0.03638     	0.0001022   	0.0001197   	0.0001422   
1345        	10          	0.0449      	6.71e-05    	0.0002789   	0.0002241   
1350        	10          	0.04966     	0.0001596   	0.0002142   	6.636e-05   
1355        	10          	0.03796     	0.0002629   	0.0003822   	0.0002416   
1360        	10          	0.0375      	0.0001257   	0.0002411   	0.0001006   
1365        	10          	0.02961     	8.092e-05   	0.0002308   	2.741e-05   
1370        	10          	0.03497     	7.938e-05   	0.0004932   	0.000109    
1375        	10          	0.01769     	6.678e-05   	0.0002695   	8.099e-05   
1380        	10          	0.02886     	8.897e-05   	0.0001826   	0.0001747   
1385        	10          	0.01783     	6.694e-05   	0.0001473   	9.952e-05   
1390        	10          	0.03372     	4.791e-05   	0.0001503   	0.0001358   
1395        	10          	0.03001     	0.0001204   	9.343e-05   	0.000181    
1400        	10          	0.04072     	0.0001057   	0.0002912   	7.22e-05    
1405        	10          	0.04828     	7.03e-05    	0.0001508   	8.763e-05   
1410        	10          	0.02658     	9.507e-05   	0.0001239   	0.0001784   
1415        	10          	0.04418     	0.0001772   	0.0001207   	0.0002021   
1420        	10          	0.03901     	7.865e-05   	0.0002556   	0.000138    
1425        	10          	0.04261     	0.0001246   	0.0001235   	0.0001709   
1430        	10          	0.0218      	7.721e-05   	0.0001617   	0.0001202   
1435        	10          	0.03434     	0.0001909   	0.0001663   	0.0001023   
1440        	10          	0.02432     	7.242e-05   	0.0003286   	0.0001062   
1445        	10          	0.03229     	0.0001006   	0.000552    	8.781e-05   
1450        	10          	0.02569     	0.0001673   	0.0004103   	0.0001525   
1455        	10          	0.02488     	0.00017     	0.0003237   	0.0001387   
1460        	10          	0.02919     	0.000161    	0.0002293   	4.293e-05   
1465        	10          	0.03491     	6.042e-05   	0.0001871   	0.000102    
1470        	10          	0.02989     	8.04e-05    	9.856e-05   	0.0001451   
1475        	10          	0.0251      	8.882e-05   	0.0001801   	0.0001951   
1480        	10          	0.0274      	0.0001685   	0.0001468   	0.0001882   
1485        	10          	0.03096     	6.039e-05   	0.0001051   	9.998e-05   
1490        	10          	0.01864     	8.525e-05   	0.0003132   	0.0001264   
1495        	10          	0.02318     	0.0001194   	0.0001617   	0.0001382   
1500        	10          	0.0174      	6.357e-05   	0.0001476   	6.661e-05   
1505        	10          	0.025       	0.0001889   	0.0003952   	0.0001547   
1510        	10          	0.017       	0.0001487   	0.0001251   	5.416e-05   
1515        	10          	0.0205      	0.0003262   	0.0002481   	7.265e-05   
1520        	10          	0.03189     	0.0001903   	0.0002252   	0.0002166   
1525        	10          	0.02845     	0.0002204   	0.0002951   	4.485e-05   
1530        	10          	0.02251     	0.0001692   	0.0002609   	6.749e-05   
1535        	10          	0.03017     	4.249e-05   	0.0001098   	5.176e-05   
1540        	10          	0.03341     	9.514e-05   	0.0002032   	8.51e-05    
1545        	10          	0.02679     	9.377e-05   	0.0002052   	0.0003177   
1550        	10          	0.02994     	0.0001358   	0.0003706   	0.000206    
1555        	10          	0.02589     	8.481e-05   	0.000116    	7.861e-05   
1560        	10          	0.01749     	7.315e-05   	0.0001571   	8.69e-05    
1565        	10          	0.02346     	0.0001794   	0.0003522   	4.634e-05   
1570        	10          	0.01593     	0.0001779   	0.000269    	0.000143    
1575        	10          	0.01846     	1.398e-05   	0.0001371   	9.956e-05   
1580        	10          	0.03018     	8.318e-05   	0.0001947   	0.0001195   
1585        	10          	0.02561     	0.0001593   	0.0005127   	0.000176    
1590        	10          	0.01878     	0.000177    	0.0002612   	0.0001335   
1595        	10          	0.014       	0.0001851   	0.0003045   	0.0001304   
1600        	10          	0.0148      	0.0001599   	0.0003925   	0.0002019   
1605        	10          	0.02407     	0.0001212   	0.0003026   	0.0002007   
1610        	10          	0.01599     	6.616e-05   	0.0007296   	0.0003525   
1615        	10          	0.01146     	5.764e-05   	0.0004137   	0.0001866   
1620        	10          	0.01366     	7.118e-05   	0.0004486   	0.000125    
1625        	10          	0.01044     	4.85e-05    	0.0006758   	0.0002011   
1630        	10          	0.01212     	0.0002181   	0.0007149   	0.0002838   
1635        	10          	0.009878    	6.445e-05   	0.0006201   	0.0001495   
1640        	10          	0.006403    	2.947e-05   	0.0006939   	0.0002742   
1645        	10          	0.008678    	6.949e-05   	0.0001857   	0.0001279   
1650        	10          	0.006789    	0.0001812   	0.0003988   	5.05e-05    
1655        	10          	0.02623     	9.644e-05   	0.0002139   	0.0001309   
1660        	10          	0.02549     	8.31e-05    	8.754e-05   	9.504e-05   
1665        	10          	0.01741     	0.0002878   	4.341e-05   	5.728e-05   
1670        	10          	0.02762     	8.45e-05    	0.0003618   	0.0001273   
1675        	10          	0.02461     	6.962e-05   	0.0003652   	8.765e-05   
1680        	10          	0.02861     	0.0001309   	5.592e-05   	0.0002127   
1685        	10          	0.02572     	0.0001592   	0.0001397   	0.0001209   
1690        	10          	0.03104     	0.0001268   	0.000214    	0.0001338   
1695        	10          	0.03708     	8.05e-05    	0.0002303   	9.415e-05   
1700        	10          	0.0204      	4.965e-05   	0.0001743   	0.0001309   
1705        	10          	0.03806     	0.0002368   	0.0002045   	0.0001652   
1710        	10          	0.03604     	0.0002321   	0.0002224   	0.0001114   
1715        	10          	0.03636     	7.356e-05   	9.295e-05   	6.031e-05   
1720        	10          	0.02777     	0.0001359   	7.407e-05   	0.0002372   
1725        	10          	0.02871     	3.88e-05    	0.0001177   	0.0002667   
1730        	10          	0.0539      	9.322e-05   	0.0002253   	8.348e-05   
1735        	10          	0.04295     	8.249e-05   	0.000196    	6.873e-05   
1740        	10          	0.03989     	2.547e-05   	0.0001165   	4.602e-05   
1745        	10          	0.04207     	7.712e-05   	0.0001584   	0.0001189   
1750        	10          	0.03329     	0.000102    	0.0002271   	0.0001093   
1755        	10          	0.04782     	0.0001525   	0.0002035   	0.0001183   
1760        	10          	0.0526      	0.0001392   	4.337e-05   	9.264e-05   
1765        	10          	0.04671     	3.605e-05   	3.85e-05    	0.0001323   
1770        	10          	0.0471      	0.0001268   	0.0003392   	7.324e-05   
1775        	10          	0.04179     	3.001e-05   	0.0002455   	0.0001654   
1780        	10          	0.03807     	9.818e-05   	0.000385    	4.121e-05   
1785        	10          	0.05689     	7.907e-05   	0.0004467   	0.0001032   
1790        	10          	0.04586     	0.0002145   	0.0003188   	0.0001711   
1795        	10          	0.04057     	0.0001216   	0.0003046   	9.958e-05   
1800        	10          	0.01985     	0.0001045   	0.000236    	6.86e-05    
1805        	10          	0.02573     	0.0003444   	0.000382    	7.839e-05   
1810        	10          	0.04267     	0.0002      	0.0002214   	6.176e-05   
1815        	10          	0.03123     	0.0001842   	0.0004094   	0.0001044   
1820        	10          	0.03423     	0.0003044   	0.000483    	0.0001446   
1825        	10          	0.04136     	4.41e-05    	0.0003388   	7.953e-05   
1830        	10          	0.04723     	0.0001434   	0.000147    	0.0001114   
1835        	10          	0.03218     	0.0001106   	0.0001132   	3.772e-05   
1840        	10          	0.02138     	4.484e-05   	0.0001363   	6.853e-05   
1845        	10          	0.03384     	9.167e-05   	0.0002923   	8.855e-05   
1850        	10          	0.03736     	0.000106    	0.0004033   	0.0002077   
1855        	10          	0.02967     	0.0001112   	0.0003641   	7.235e-05   
1860        	10          	0.02536     	8.7e-05     	0.0001971   	0.0001564   
1865        	10          	0.02532     	0.0001064   	0.0001925   	9.09e-05    
1870        	10          	0.04418     	0.0001876   	0.0001953   	0.0001369   
1875        	10          	0.03127     	0.0001041   	0.0002855   	0.0001699   
1880        	10          	0.02806     	8.357e-05   	0.0001936   	0.0001034   
1885        	10          	0.02134     	9.132e-05   	0.000412    	0.000211    
1890        	10          	0.02506     	8.348e-05   	0.0002197   	0.000136    
1895        	10          	0.01378     	0.0001247   	0.0003711   	0.0001085   
1900        	10          	0.02914     	6.052e-05   	0.0001867   	0.0001495   
1905        	10          	0.03789     	0.0001912   	0.00022     	0.0001153   
1910        	10          	0.01996     	0.0001501   	0.0006336   	4.809e-05   
1915        	10          	0.03284     	0.0001284   	0.0003016   	5.819e-05   
1920        	10          	0.02768     	0.0002831   	0.0003283   	9.633e-05   
1925        	10          	0.02624     	0.0001192   	0.0002757   	8.13e-05    
1930        	10          	0.02172     	0.000171    	0.0002421   	7.616e-05   
1935        	10          	0.02969     	5.976e-05   	0.0003678   	0.0001246   
1940        	10          	0.0236      	0.0001342   	0.000147    	0.0001337   
1945        	10          	0.02538     	6.615e-05   	0.0001831   	3.18e-05    
1950        	10          	0.0361      	0.0001483   	9.092e-05   	6.944e-05   
1955        	10          	0.02756     	0.0001974   	0.0003757   	0.0001658   
1960        	10          	0.04707     	5.486e-05   	0.0002896   	9.023e-05   
1965        	10          	0.01624     	0.0002583   	0.00032     	0.0001556   
1970        	10          	0.009558    	0.0001038   	0.0001772   	9.646e-05   
1975        	10          	0.01678     	0.0001693   	0.0001346   	8.717e-05   
1980        	10          	0.01011     	5.635e-05   	0.0001291   	0.0001141   
1985        	10          	0.01366     	7.204e-05   	0.0001302   	9.741e-05   
1990        	10          	0.01866     	0.0001367   	0.0002452   	4.304e-05   
1995        	10          	0.02395     	0.0001697   	0.0004471   	0.0001619   
2000        	10          	0.01923     	4.738e-05   	8.416e-05   	6.186e-05   
2005        	10          	0.0144      	0.0001097   	0.0001935   	5.081e-05   
2010        	10          	0.008011    	0.0001299   	0.0002305   	3.378e-05   
2015        	10          	0.01999     	9.633e-05   	9.081e-05   	0.000142    
2020        	10          	0.008747    	0.000148    	0.0002804   	0.0001388   
2025        	10          	0.0139      	5.117e-05   	0.0002567   	4.546e-05   
2030        	10          	0.01339     	5.645e-05   	0.0004056   	7.863e-05   
2035        	10          	0.02122     	0.0001752   	0.0003313   	8.815e-05   
2040        	10          	0.02018     	0.000216    	0.0005272   	0.0001246   
2045        	10          	0.01968     	0.0001112   	0.0002975   	7.184e-05   
2050        	10          	0.01797     	0.0001426   	0.0002334   	9.309e-05   
2055        	10          	0.01569     	0.0001042   	0.0003374   	0.0001198   
2060        	10          	0.03094     	0.0001995   	0.0002677   	7.896e-05   
2065        	10          	0.02802     	0.0002747   	0.0001663   	8.467e-05   
2070        	10          	0.03101     	0.00027     	0.0003936   	0.0001058   
2075        	10          	0.01838     	3.765e-05   	0.0006043   	6.969e-05   
2080        	10          	0.01882     	6.589e-05   	0.0001404   	0.0001057   
2085        	10          	0.03023     	0.0001011   	0.0003727   	0.0001348   
2090        	10          	0.03961     	0.0001098   	0.0001216   	3.965e-05   
2095        	10          	0.03834     	7.565e-05   	0.0003959   	0.0001432   
2100        	10          	0.03873     	8.316e-05   	0.0002988   	0.0001577   
2105        	10          	0.0325      	4.914e-05   	0.0002461   	7.791e-05   
2110        	10          	0.02169     	8.46e-05    	0.0002675   	0.0001249   
2115        	10          	0.02694     	0.0001096   	0.0002696   	0.0001897   
2120        	10          	0.0271      	8.362e-05   	0.0002117   	0.0001387   
2125        	10          	0.02521     	8.464e-05   	0.0001683   	0.0001199   
2130        	10          	0.02374     	0.0001866   	0.0002368   	0.000164    
2135        	10          	0.03094     	4.119e-05   	0.0002202   	9.023e-05   
2140        	10          	0.03768     	0.0002506   	0.0002831   	7.102e-05   
2145        	10          	0.02723     	7.583e-05   	0.0002493   	6.2e-05     
2150        	10          	0.02756     	0.0002009   	9.868e-05   	3.733e-05   
2155        	10          	0.02804     	0.0001668   	0.0001797   	0.000138    
2160        	10          	0.02282     	4.633e-05   	0.0001806   	8.475e-05   
2165        	10          	0.02104     	7.507e-05   	0.0001818   	0.0001227   
2170        	10          	0.02922     	0.0001827   	0.0004534   	0.0001202   
2175        	10          	0.03454     	9.239e-05   	0.0003286   	0.0001919   
2180        	10          	0.03141     	0.0002015   	0.0003981   	8.746e-05   
2185        	10          	0.02419     	0.0001408   	0.0001709   	0.000138    
2190        	10          	0.03512     	9.316e-05   	0.000275    	0.0001974   
2195        	10          	0.02822     	0.0001636   	0.0004907   	7.91e-05    
2200        	10          	0.02489     	9.847e-05   	0.0004439   	0.0001726   
2205        	10          	0.01871     	0.0001177   	0.000382    	0.00024     
2210        	10          	0.03346     	6.595e-05   	0.0002234   	4.197e-05   
2215        	10          	0.0376      	8.364e-05   	0.0003704   	8.239e-05   
2220        	10          	0.03247     	0.0001999   	0.0002329   	0.0002859   
2225        	10          	0.03358     	6.17e-05    	0.0002765   	7.855e-05   
2230        	10          	0.03128     	9.401e-05   	0.0001019   	9.93e-05    
2235        	10          	0.03423     	0.0001327   	0.0002421   	8.164e-05   
2240        	10          	0.03541     	0.0001184   	0.0005004   	0.0001085   
2245        	10          	0.043       	0.0002164   	0.0003933   	4.425e-05   
2250        	10          	0.02697     	0.0001041   	0.0003279   	0.0001125   
2255        	10          	0.03001     	0.0002451   	0.0005748   	0.0001777   
2260        	10          	0.03095     	0.0001986   	0.0004386   	0.0001958   
2265        	10          	0.0331      	9.519e-05   	0.0004861   	0.0001754   
2270        	10          	0.0436      	5.338e-05   	0.0001666   	0.0001105   
2275        	10          	0.03888     	6.451e-05   	0.0002187   	6.984e-05   
2280        	10          	0.04525     	0.0001144   	0.0001064   	6.533e-05   
2285        	10          	0.04214     	0.0001424   	4.463e-05   	0.0002589   
2290        	10          	0.02764     	0.0001197   	0.0002464   	0.0001542   
2295        	10          	0.04188     	9.6e-05     	0.0002722   	0.0001342   
2300        	10          	0.03741     	0.000314    	0.0002475   	3.823e-05   
2305        	10          	0.03343     	6.119e-05   	7.857e-05   	8.365e-05   
2310        	10          	0.05361     	6.095e-05   	0.0001435   	0.0003175   
2315        	10          	0.03446     	0.0001112   	0.0001569   	3.898e-05   
2320        	10          	0.02466     	8.622e-05   	0.0002764   	8.425e-05   
2325        	10          	0.0385      	1.755e-05   	0.0002326   	0.0001158   
2330        	10          	0.03593     	6.23e-05    	0.0003555   	0.0001018   
2335        	10          	0.02969     	3.247e-05   	0.000117    	9.301e-05   
2340        	10          	0.03968     	0.0001803   	0.0004829   	0.0001058   
2345        	10          	0.03556     	5.174e-05   	0.0003634   	0.0001406   
2350        	10          	0.02767     	8.212e-05   	0.0004022   	7.512e-05   
2355        	10          	0.04147     	0.0002718   	0.0001899   	0.0001411   
2360        	10          	0.03454     	0.0003611   	0.0004729   	7.443e-05   
2365        	10          	0.03554     	0.0001592   	0.0001713   	1.868e-05   
2370        	10          	0.03362     	0.000134    	0.0002243   	0.0002337   
2375        	10          	0.02582     	9.246e-05   	0.0003832   	0.0001395   
2380        	10          	0.02324     	0.0001567   	0.0001054   	0.0002527   
2385        	10          	0.01569     	0.0001378   	0.0001865   	9.22e-05    
2390        	10          	0.02966     	0.0001844   	0.0001794   	0.0001513   
2395        	10          	0.02438     	3.869e-05   	0.0001385   	0.0001496   
2400        	10          	0.02356     	0.0001105   	0.0001749   	0.0001213   
2405        	10          	0.01596     	0.0002903   	0.0003471   	9.896e-05   
2410        	10          	0.01396     	9.386e-05   	0.0002886   	4.801e-05   
2415        	10          	0.008192    	7.873e-05   	0.0002541   	5.728e-05   
2420        	10          	0.009947    	0.0001757   	0.0002589   	0.0001828   
2425        	10          	0.01095     	0.0001269   	0.0005708   	0.0002228   
2430        	10          	0.006614    	9.356e-05   	0.0001249   	0.0001231   
2435        	10          	0.01327     	0.0001894   	0.0001909   	6.431e-05   
2440        	10          	0.01304     	0.0002427   	0.0001649   	0.0001012   
2445        	10          	0.02057     	3.999e-05   	0.0002443   	0.0001904   
2450        	10          	0.01622     	7.94e-05    	0.0002215   	0.0003515   
2455        	10          	0.028       	0.0001978   	0.0002471   	0.00028     
2460        	10          	0.02488     	0.0001796   	7.492e-05   	8.177e-05   
2465        	10          	0.01177     	8.62e-05    	0.000266    	0.0001005   
2470        	10          	0.0255      	0.0001083   	0.0004207   	0.0001244   
2475        	10          	0.02546     	9.465e-05   	0.0002312   	0.0001007   
2480        	10          	0.01862     	5.553e-05   	0.0002425   	6.533e-05   
2485        	10          	0.02166     	4.188e-05   	0.000228    	8.008e-05   
2490        	10          	0.01782     	0.0001624   	0.0002541   	0.0001429   
2495        	10          	0.0256      	9.718e-05   	0.0002694   	7.59e-05    
2500        	10          	0.02039     	0.0001377   	0.0003446   	1.541e-05   
2505        	10          	0.01812     	0.0001162   	0.000104    	5.181e-05   
2510        	10          	0.02249     	6.986e-05   	0.0004045   	7.068e-05   
2515        	10          	0.0285      	5.884e-05   	0.0001854   	3.77e-05    
2520        	10          	0.0233      	0.0001028   	0.0002798   	5.728e-05   
2525        	10          	0.03236     	6.587e-05   	0.0001293   	0.0001946   
2530        	10          	0.02962     	3.285e-05   	0.0001171   	9.071e-05   
2535        	10          	0.02934     	0.0001158   	0.0002319   	0.0001646   
2540        	10          	0.03299     	0.0001131   	0.0002997   	0.0001783   
2545        	10          	0.03097     	5.665e-05   	0.0001831   	0.0006024   
2550        	10          	0.04578     	3.916e-05   	0.0003986   	0.0001205   
2555        	10          	0.02984     	5.63e-05    	0.0002989   	7.523e-05   
2560        	10          	0.01935     	5.29e-05    	0.0004101   	0.0001094   
2565        	10          	0.02258     	0.0001241   	0.0009061   	0.0001199   
2570        	10          	0.02396     	0.0001234   	0.0006021   	0.0001224   
2575        	10          	0.01623     	0.0001816   	0.0003318   	0.00012     
2580        	10          	0.03007     	9.298e-05   	0.0003878   	6.595e-05   
2585        	10          	0.01656     	4.209e-05   	0.0003049   	0.0002408   
2590        	10          	0.028       	3.802e-05   	0.0003057   	4.604e-05   
2595        	10          	0.02291     	0.0001133   	0.0001813   	7.685e-05   
2600        	10          	0.01788     	8.171e-05   	0.0002509   	7.677e-05   
2605        	10          	0.0081      	6.763e-05   	0.0002301   	0.0001129   
2610        	10          	0.02784     	9.667e-05   	0.0002149   	8.812e-05   
2615        	10          	0.0194      	5.881e-05   	0.0001711   	0.0001349   
2620        	10          	0.008767    	6.846e-05   	0.0002583   	0.0001136   
2625        	10          	0.0135      	0.0001657   	0.0002452   	0.0001645   
2630        	10          	0.02357     	0.0001229   	0.0002379   	0.0001614   
2635        	10          	0.02256     	0.000146    	0.0001742   	0.0001426   
2640        	10          	0.0105      	9.062e-05   	0.0002884   	8.439e-05   
2645        	10          	0.02773     	3.224e-05   	0.0003779   	0.0001868   
2650        	10          	0.01233     	0.0001609   	0.000155    	0.0002211   
2655        	10          	0.02336     	8.021e-05   	0.0001254   	0.0001727   
2660        	10          	0.02369     	2.407e-05   	0.0003478   	0.0001591   
2665        	10          	0.01899     	0.0001184   	0.0001905   	6.95e-05    
2670        	10          	0.01761     	8.114e-05   	0.00034     	0.0002848   
2675        	10          	0.009281    	6.643e-05   	9.604e-05   	4.735e-05   
2680        	10          	0.01939     	0.000213    	0.0004687   	0.0002328   
2685        	10          	0.01489     	0.0001068   	0.0003437   	0.0001539   
2690        	10          	0.01664     	0.0001381   	0.0005891   	0.0001265   
2695        	10          	0.02671     	0.0001373   	0.0005591   	0.0003233   
2700        	10          	0.01468     	0.0001062   	0.0003769   	9.791e-05   
2705        	10          	0.01707     	0.0001663   	0.0005817   	0.0001953   
2710        	10          	0.02384     	0.0001087   	0.0004637   	9.088e-05   
2715        	10          	0.01467     	0.0001168   	0.0002067   	0.000162    
2720        	10          	0.02684     	9.912e-05   	0.0002869   	0.0001009   
2725        	10          	0.024       	0.0002714   	0.0003984   	0.0001529   
2730        	10          	0.02289     	7.145e-05   	0.0002465   	0.0001117   
2735        	10          	0.02229     	5.348e-05   	0.0003211   	5.879e-05   
2740        	10          	0.02866     	6.565e-05   	0.0002383   	6.898e-05   
2745        	10          	0.03599     	7.388e-05   	0.0002638   	4.675e-05   
2750        	10          	0.0333      	0.000149    	0.0007882   	9.308e-05   
2755        	10          	0.03195     	0.0001858   	0.0003931   	0.000104    
2760        	10          	0.02857     	0.0001531   	0.0001446   	0.0001279   
2765        	10          	0.03562     	0.0001112   	0.0003756   	7.766e-05   
2770        	10          	0.02617     	7.878e-05   	0.0007325   	7.648e-05   
2775        	10          	0.03667     	6.574e-05   	0.0001423   	0.0001069   
2780        	10          	0.03414     	5.894e-05   	0.0002741   	0.0001444   
2785        	10          	0.03007     	6.538e-05   	0.0001055   	0.0001278   
2790        	10          	0.02954     	0.0001081   	0.0001247   	5.48e-05    
2795        	10          	0.03996     	0.00019     	0.0001396   	2.82e-05    
2800        	10          	0.04011     	6.923e-05   	0.0003222   	5.815e-05   
2805        	10          	0.04061     	0.0001077   	0.0002348   	2.147e-05   
2810        	10          	0.02947     	0.000194    	0.0006284   	6.989e-05   
2815        	10          	0.02834     	2.575e-05   	0.0001209   	0.0001793   
2820        	10          	0.03568     	8.633e-05   	0.0002316   	9.503e-05   
2825        	10          	0.02511     	6.504e-05   	0.0003412   	0.0001643   
2830        	10          	0.02868     	7.438e-05   	0.0001993   	0.000143    
2835        	10          	0.0283      	0.0001609   	0.0002125   	8.04e-05    
2840        	10          	0.03454     	7.217e-05   	0.0001847   	0.0001007   
2845        	10          	0.04591     	0.0002911   	0.0005287   	0.0005309   
2850        	10          	0.04136     	0.0001541   	0.000553    	0.0001429   
2855        	10          	0.03218     	0.0001329   	0.0001835   	8.534e-05   
2860        	10          	0.04528     	4.666e-05   	0.0001378   	0.0001695   
2865        	10          	0.04514     	9.779e-05   	0.0001477   	6.911e-05   
2870        	10          	0.0493      	0.0002302   	0.0004117   	4.655e-05   
2875        	10          	0.04023     	0.0002478   	0.000321    	3.686e-05   
2880        	10          	0.03073     	0.000117    	0.0003398   	0.0001572   
2885        	10          	0.03827     	0.0001179   	0.0003842   	6.793e-05   
2890        	10          	0.03966     	0.0001643   	0.0007572   	0.0002218   
2895        	10          	0.03395     	9.655e-05   	0.0002984   	0.0001138   
2900        	10          	0.03956     	0.0002786   	0.0001444   	0.0001856   
2905        	10          	0.02968     	0.0001058   	0.0001623   	0.0001152   
2910        	10          	0.04021     	0.0001371   	0.0003971   	4.151e-05   
2915        	10          	0.02466     	0.0001598   	0.0004041   	8.892e-05   
2920        	10          	0.0239      	8.912e-05   	0.0002432   	9.685e-05   
2925        	10          	0.03169     	0.0001565   	0.0001407   	0.0001695   
2930        	10          	0.03634     	4.659e-05   	0.000274    	0.0002171   
2935        	10          	0.0325      	0.0004473   	0.0002465   	7.683e-05   
2940        	10          	0.03418     	0.0001204   	0.0001751   	0.0001886   
2945        	10          	0.03877     	0.0001643   	0.0004205   	0.0001613   
2950        	10          	0.02616     	0.000168    	0.0002695   	0.0002405   
2955        	10          	0.02889     	0.0001179   	0.0004234   	0.0001052   
2960        	10          	0.0174      	8.413e-05   	0.0002746   	0.0001806   
2965        	10          	0.03385     	7.897e-05   	0.0006714   	0.0001786   
2970        	10          	0.02707     	6.903e-05   	0.0002385   	9.743e-05   
2975        	10          	0.03997     	7.346e-05   	0.0006814   	0.0001853   
2980        	10          	0.02996     	0.0001757   	0.0005237   	0.000139    
2985        	10          	0.02157     	0.0001002   	0.0008419   	0.0001668   
2990        	10          	0.03097     	4.243e-05   	0.0004451   	7.666e-05   
2995        	10          	0.03017     	9.596e-05   	0.0006988   	0.0001989   
3000        	10          	0.03004     	0.0001378   	0.0003777   	0.0001044   
3005        	10          	0.02472     	0.0002386   	0.0005677   	0.0001973   
3010        	10          	0.04589     	7.033e-05   	0.0002044   	7.502e-05   
3015        	10          	0.0359      	0.0002377   	0.0002018   	0.0001533   
3020        	10          	0.03783     	7.249e-05   	0.000323    	7.481e-05   
3025        	10          	0.04236     	9.188e-05   	9.355e-05   	6.908e-05   
3030        	10          	0.03557     	4.288e-05   	0.0002747   	0.0001517   
3035        	10          	0.03644     	5.467e-05   	0.000296    	0.0001813   
3040        	10          	0.03329     	0.0001044   	0.0001713   	3.557e-05   
3045        	10          	0.03108     	0.000156    	0.0004015   	8.138e-05   
3050        	10          	0.02963     	0.0002147   	0.0005661   	0.000126    
3055        	10          	0.02123     	0.0001184   	0.0005518   	0.0001327   
3060        	10          	0.013       	7.412e-05   	0.0001363   	0.0001265   
3065        	10          	0.01617     	0.0001737   	0.0001363   	0.0001256   
3070        	10          	0.01901     	0.0002077   	0.0002057   	0.0002348   
3075        	10          	0.02302     	0.000135    	0.0001394   	3.326e-05   
3080        	10          	0.02218     	0.000321    	0.0001925   	6.378e-05   
3085        	10          	0.01545     	0.0001505   	0.0004556   	0.0001201   
3090        	10          	0.02057     	7.921e-05   	0.0001416   	7.102e-05   
3095        	10          	0.01641     	9.814e-05   	0.0003337   	9.912e-05   
3100        	10          	0.01432     	9.284e-05   	0.0005613   	0.0001431   
3105        	10          	0.01417     	0.0001482   	0.0002445   	6.75e-05    
3110        	10          	0.02158     	9.704e-05   	0.0002747   	9.933e-05   
3115        	10          	0.02047     	0.0001279   	0.0001778   	0.0001719   
3120        	10          	0.03349     	8.176e-05   	0.000155    	5.967e-05   
3125        	10          	0.02586     	8.367e-05   	0.0001188   	0.0001169   
3130        	10          	0.02125     	0.0002378   	0.0001501   	5.394e-05   
3135        	10          	0.02368     	8.314e-05   	0.0001769   	7.001e-05   
3140        	10          	0.02562     	9.278e-05   	0.0001489   	0.0001009   
3145        	10          	0.03497     	0.000191    	0.0001115   	9.595e-05   
3150        	10          	0.01972     	0.0001066   	0.0004337   	0.0001712   
3155        	10          	0.01772     	0.0001056   	0.0001471   	5.372e-05   
3160        	10          	0.02612     	0.0001191   	0.0001529   	2.851e-05   
3165        	10          	0.02685     	6.326e-05   	0.0001589   	7.873e-05   
3170        	10          	0.03569     	0.0001852   	0.0002262   	6.159e-05   
3175        	10          	0.0268      	0.0001392   	0.0002753   	0.0001806   
3180        	10          	0.02671     	0.0001872   	0.0002281   	8.248e-05   
3185        	10          	0.0296      	9.437e-05   	0.0001589   	8.646e-05   
3190        	10          	0.0289      	0.0001567   	0.0003299   	0.0002425   
3195        	10          	0.02427     	0.0003433   	0.0003167   	0.0002433   
3200        	10          	0.02882     	0.0002169   	0.0004459   	0.0001884   
3205        	10          	0.02721     	0.0001682   	0.0003472   	0.0002322   
3210        	10          	0.02045     	0.0001291   	0.000361    	3.2e-05     
3215        	10          	0.02228     	0.0001858   	0.0005971   	0.0004172   
3220        	10          	0.02503     	0.0001541   	0.0005303   	0.0003292   
3225        	10          	0.03046     	0.0001779   	0.0004619   	0.0002483   
3230        	10          	0.02371     	0.0001942   	0.0003732   	0.0002244   
3235        	10          	0.02252     	0.0001524   	0.0003062   	0.0001709   
3240        	10          	0.02006     	0.0001515   	0.0003287   	7.997e-05   
3245        	10          	0.02485     	0.0002561   	0.0002797   	9.034e-05   
3250        	10          	0.03428     	0.000103    	0.0002556   	0.000188    
3255        	10          	0.03478     	0.0001786   	0.0003423   	8.282e-05   
3260        	10          	0.03119     	0.0001537   	0.0002618   	0.0002237   
3265        	10          	0.02056     	0.000127    	0.0003992   	0.0001033   
3270        	10          	0.02784     	0.0001324   	0.0005811   	7.91e-05    
3275        	10          	0.02029     	4.457e-05   	0.0004829   	0.0001245   
3280        	10          	0.01923     	8.561e-05   	0.0001799   	5.199e-05   
3285        	10          	0.01367     	0.0001009   	0.0001672   	7.715e-05   
3290        	10          	0.01554     	7.734e-05   	0.0001488   	0.0001593   
3295        	10          	0.01896     	0.0001357   	0.0001943   	3.593e-05   
3300        	10          	0.02491     	0.0001309   	0.000197    	0.0002058   
3305        	10          	0.02245     	0.0001793   	0.0002372   	4.681e-05   
3310        	10          	0.0155      	0.0001571   	0.0003756   	7.412e-05   
3315        	10          	0.02275     	0.0001029   	0.0001907   	0.0001288   
3320        	10          	0.01522     	0.0002075   	0.0002447   	0.0001624   
3325        	10          	0.01749     	4.894e-05   	0.000159    	0.0002317   
3330        	10          	0.02788     	0.0001049   	0.000253    	0.0002336   
3335        	10          	0.02556     	0.0001978   	0.0003173   	9.732e-05   
3340        	10          	0.02654     	0.0002382   	0.0002584   	0.0001408   
3345        	10          	0.03286     	0.0001213   	0.000654    	0.0004222   
3350        	10          	0.03668     	5.652e-05   	8.561e-05   	0.0001574   
3355        	10          	0.03349     	0.000125    	0.0002949   	8.234e-05   
3360        	10          	0.02918     	8.029e-05   	0.0002332   	6.818e-05   
3365        	10          	0.03353     	0.0001439   	0.0003968   	0.0001964   
3370        	10          	0.03619     	0.0001614   	0.0004878   	0.000151    
3375        	10          	0.03579     	0.0001496   	0.0002437   	0.0001161   
3380        	10          	0.02682     	0.0001307   	0.0003663   	6.789e-05   
3385        	10          	0.03643     	9.355e-05   	0.0002894   	0.0001406   
3390        	10          	0.02934     	0.0001299   	0.0006429   	0.0001679   
3395        	10          	0.04402     	3.418e-05   	0.0002461   	0.000106    
3400        	10          	0.02757     	7.1e-05     	0.0002571   	0.0001229   
3405        	10          	0.04541     	4.815e-05   	0.0002356   	6.101e-05   
3410        	10          	0.03558     	0.0001688   	0.0002676   	0.0001515   
3415        	10          	0.0333      	7.394e-05   	0.0002475   	0.0001854   
3420        	10          	0.04511     	7.47e-05    	0.0001626   	0.0001522   
3425        	10          	0.04091     	0.0001965   	0.0001218   	0.0001228   
3430        	10          	0.04296     	0.0001668   	0.000483    	9.836e-05   
3435        	10          	0.0455      	8.707e-05   	0.0002852   	0.0001469   
3440        	10          	0.04638     	7.509e-05   	0.0003353   	0.0001088   
3445        	10          	0.04838     	5.972e-05   	0.0003556   	9.946e-05   
3450        	10          	0.05445     	8.489e-05   	0.0002809   	0.0001202   
3455        	10          	0.03557     	0.0001419   	0.0002069   	7.619e-05   
3460        	10          	0.0308      	0.0002142   	0.0001855   	0.0001678   
3465        	10          	0.03791     	0.0001312   	0.0002719   	0.0001438   
3470        	10          	0.02595     	7.519e-05   	0.000145    	0.0002289   
3475        	10          	0.027       	0.0001663   	0.0001992   	0.0001154   
3480        	10          	0.04434     	0.0003281   	0.0003444   	0.0002021   
3485        	10          	0.03994     	0.0001024   	0.0002722   	8.019e-05   
3490        	10          	0.0246      	0.0002312   	0.0002992   	7.384e-05   
3495        	10          	0.03584     	0.0001031   	0.0001096   	0.0001701   
3500        	10          	0.02471     	0.0001427   	0.0001472   	0.0001099   
3505        	10          	0.03233     	0.0001749   	0.0003175   	0.0001911   
3510        	10          	0.03447     	0.0002187   	0.0007646   	8.448e-05   
3515        	10          	0.03312     	0.0001349   	0.0003057   	9.119e-05   
3520        	10          	0.02523     	9.738e-05   	0.0005804   	0.0001241   
3525        	10          	0.0209      	8.264e-05   	0.0005646   	0.0002597   
3530        	10          	0.02196     	0.0002961   	0.0006677   	0.0002488   
3535        	10          	0.02577     	0.0001645   	0.0003201   	0.0001512   
3540        	10          	0.02325     	0.0002025   	0.0002565   	0.0002462   
3545        	10          	0.02089     	0.0001916   	0.0003794   	0.0001963   
3550        	10          	0.01943     	0.0001225   	0.0002087   	0.00013     
3555        	10          	0.02917     	0.0001485   	0.0002037   	6.811e-05   
3560        	10          	0.01678     	0.0001101   	0.0002003   	0.0001349   
3565        	10          	0.02518     	0.0001048   	0.0001303   	0.000121    
3570        	10          	0.03166     	0.0001314   	0.0002171   	0.0001006   
3575        	10          	0.03003     	0.0002834   	0.0002009   	7.002e-05   
3580        	10          	0.01779     	0.0002288   	0.0003382   	5.635e-05   
3585        	10          	0.02499     	0.0001404   	0.0005505   	0.0001489   
3590        	10          	0.02079     	0.0002857   	0.0002682   	8.447e-05   
3595        	10          	0.0274      	8.126e-05   	0.0001395   	8.677e-05   
3600        	10          	0.01867     	8.041e-05   	0.0001904   	0.0001318   
3605        	10          	0.03675     	0.0001818   	0.0001988   	7.573e-05   
3610        	10          	0.0365      	0.0001294   	0.0002167   	5.273e-05   
3615        	10          	0.03552     	0.000286    	0.0001391   	0.0001515   
3620        	10          	0.03391     	0.0001946   	0.0001688   	0.0001206   
3625        	10          	0.02956     	5.96e-05    	0.0002952   	8.699e-05   
3630        	10          	0.03667     	8.822e-05   	0.0003217   	0.000164    
3635        	10          	0.03011     	7.82e-05    	0.0001662   	9.001e-05   
3640        	10          	0.02528     	0.000107    	7.31e-05    	6.268e-05   
3645        	10          	0.03501     	7.954e-05   	0.0002198   	0.0001687   
3650        	10          	0.04382     	0.000154    	0.0001507   	0.000113    
3655        	10          	0.04214     	0.0001539   	0.0002455   	9.688e-05   
3660        	10          	0.0431      	0.0001331   	0.0002305   	0.0001126   
3665        	10          	0.03089     	0.0001818   	0.0003222   	0.0001878   
3670        	10          	0.04647     	0.0001017   	7.856e-05   	0.0001054   
3675        	10          	0.05496     	0.0001469   	0.000285    	4.703e-05   
3680        	10          	0.03054     	9.96e-05    	0.0002186   	8.014e-05   
3685        	10          	0.02406     	5.664e-05   	0.0001271   	4.591e-05   
3690        	10          	0.02974     	6.103e-05   	0.0002326   	2.42e-05    
3695        	10          	0.03539     	0.0001264   	0.0003314   	9.974e-05   
3700        	10          	0.01758     	4.953e-05   	0.0001266   	0.0001527   
3705        	10          	0.0243      	0.0001122   	0.0002284   	6.808e-05   
3710        	10          	0.02506     	0.0001348   	0.0003454   	0.0002181   
3715        	10          	0.01397     	0.0001622   	0.0001385   	8.911e-05   
3720        	10          	0.02264     	2.041e-05   	0.0002728   	8.294e-05   
3725        	10          	0.02635     	0.0001272   	0.0003489   	5.853e-05   
3730        	10          	0.04296     	0.0001073   	0.0003639   	2.334e-05   
3735        	10          	0.04977     	0.0002657   	0.0003066   	0.000105    
3740        	10          	0.02577     	0.000208    	0.0003585   	0.0001282   
3745        	10          	0.01636     	0.0001584   	0.0004847   	0.0001709   
3750        	10          	0.02388     	0.0002016   	0.0002445   	0.0001596   
3755        	10          	0.02558     	0.0001021   	0.0002504   	5.143e-05   
3760        	10          	0.035       	7.931e-05   	0.0004509   	0.0001487   
3765        	10          	0.02524     	7.977e-05   	0.0006557   	8.531e-05   
3770        	10          	0.03071     	5.452e-05   	0.0002129   	0.0001087   
3775        	10          	0.01814     	6.574e-05   	0.0001337   	0.000117    
3780        	10          	0.02701     	4.559e-05   	0.0001857   	0.0001194   
3785        	10          	0.02701     	0.0001928   	0.0001143   	0.0002082   
3790        	10          	0.01819     	0.0001605   	0.0001123   	6.855e-05   
3795        	10          	0.01889     	0.0001204   	0.0003708   	4.985e-05   
3800        	10          	0.02224     	6.819e-05   	0.0001717   	0.0001389   
3805        	10          	0.02434     	9.362e-05   	0.0002372   	0.0001274   
3810        	10          	0.02428     	0.0001735   	0.00056     	6.27e-05    
3815        	10          	0.03247     	0.0001024   	0.0002947   	0.000171    
3820        	10          	0.03008     	0.0001213   	0.0001763   	7.77e-05    
3825        	10          	0.01667     	0.0002556   	0.0001532   	7.028e-05   
3830        	10          	0.03168     	0.0001415   	0.000182    	0.0002092   
3835        	10          	0.0159      	9.79e-05    	9.714e-05   	0.0001453   
3840        	10          	0.02519     	0.0001135   	0.0002298   	0.0001129   
3845        	10          	0.02253     	0.0001532   	0.0001453   	0.0001088   
3850        	10          	0.03543     	9.685e-05   	0.0003554   	5.351e-05   
3855        	10          	0.03261     	0.0001017   	0.0001113   	7.733e-05   
3860        	10          	0.04061     	0.0001016   	0.0001827   	0.0001331   
3865        	10          	0.03284     	3.003e-05   	0.000165    	4.744e-05   
3870        	10          	0.01953     	8.944e-05   	0.0001023   	5.528e-05   
3875        	10          	0.03388     	0.0001232   	0.0002416   	6.024e-05   
3880        	10          	0.03666     	0.0001996   	0.000229    	9.992e-05   
3885        	10          	0.04134     	0.0003244   	0.0002244   	0.0001152   
3890        	10          	0.02851     	5.057e-05   	5.534e-05   	9.905e-05   
3895        	10          	0.03751     	9.056e-05   	0.0001788   	4.119e-05   
3900        	10          	0.02877     	0.000173    	0.0003838   	8.408e-05   
3905        	10          	0.02012     	0.0001165   	0.0001574   	2.541e-05   
3910        	10          	0.02961     	2.269e-05   	0.0003192   	8.401e-05   
3915        	10          	0.03349     	6.518e-05   	0.0002555   	4.811e-05   
3920        	10          	0.01961     	4.427e-05   	0.0002632   	5.98e-05    
3925        	10          	0.02491     	0.0001145   	0.0002097   	5.66e-05    
3930        	10          	0.02867     	7.283e-05   	0.0002173   	6.291e-05   
3935        	10          	0.03578     	0.0001082   	0.0001606   	0.0001394   
3940        	10          	0.01582     	0.0001031   	0.0002298   	0.0002237   
3945        	10          	0.03012     	0.0001268   	0.0001433   	0.0001329   
3950        	10          	0.01529     	0.0001662   	0.0003114   	0.0002223   
3955        	10          	0.01499     	0.000135    	0.0001879   	0.0001206   
3960        	10          	0.01289     	6.234e-05   	0.0004029   	0.0001005   
3965        	10          	0.02254     	0.0001482   	0.0003792   	0.0001409   
3970        	10          	0.01947     	0.0002085   	0.000339    	0.0001046   
3975        	10          	0.01344     	8.729e-05   	0.0002665   	0.0002169   
3980        	10          	0.02121     	0.0001269   	0.0002441   	6.483e-05   
3985        	10          	0.02308     	8.274e-05   	0.0001883   	7.633e-05   
3990        	10          	0.02568     	4.76e-05    	0.0002315   	9.237e-05   
3995        	10          	0.0186      	0.0001637   	0.0001189   	0.0001318   
4000        	10          	0.01828     	9.572e-05   	0.0004035   	0.0001767   
4005        	10          	0.0244      	0.0001512   	0.0002435   	0.0001234   
4010        	10          	0.01732     	0.0001314   	0.0002831   	0.0001449   
4015        	10          	0.01704     	0.0002894   	0.0003438   	8.562e-05   
4020        	10          	0.02054     	0.0003255   	0.000337    	2.018e-05   
4025        	10          	0.02364     	0.0002997   	0.0002098   	0.0001153   
4030        	10          	0.02457     	0.0003077   	0.0006154   	7.958e-05   
4035        	10          	0.02474     	0.0002229   	0.0003152   	5.882e-05   
4040        	10          	0.01808     	0.0004937   	0.0004625   	6.725e-05   
4045        	10          	0.02056     	0.0006356   	0.0009081   	5.154e-05   
4050        	10          	0.02711     	0.0006582   	0.0009284   	0.0001715   
4055        	10          	0.0239      	0.0007783   	0.001037    	0.000141    
4060        	10          	0.02582     	0.0006873   	0.0008126   	0.0003208   
4065        	10          	0.02112     	0.00025     	0.0005766   	0.0003165   
4070        	10          	0.0211      	0.0004148   	0.0009704   	0.0003556   
4075        	10          	0.03088     	0.0009714   	0.001303    	0.0004883   
4080        	10          	0.03343     	0.0007386   	0.002337    	0.000551    
4085        	10          	0.02258     	0.001001    	0.002745    	0.0007782   
4090        	10          	0.02658     	0.0004376   	0.0021      	0.0007659   
4095        	10          	0.02518     	0.00042     	0.003029    	0.0008269   
4100        	10          	0.02561     	0.0004616   	0.001907    	0.0009403   
4105        	10          	0.03119     	0.0009243   	0.00262     	0.001333    
4110        	10          	0.01396     	0.001134    	0.003552    	0.002273    
4115        	10          	0.02332     	0.001278    	0.003102    	0.001655    
4120        	10          	0.01668     	0.001861    	0.003666    	0.001784    
4125        	10          	0.01357     	0.001817    	0.002643    	0.001496    
4130        	10          	0.01747     	0.002403    	0.003473    	0.00254     
4135        	10          	0.02206     	0.00209     	0.003803    	0.001805    
4140        	10          	0.01516     	0.002506    	0.003705    	0.002715    
4145        	10          	0.02085     	0.001852    	0.003843    	0.003054    
4150        	10          	0.01554     	0.002983    	0.004053    	0.00353     
4155        	10          	0.02377     	0.004262    	0.004818    	0.002618    
4160        	10          	0.02864     	0.003587    	0.004109    	0.002137    
4165        	10          	0.03438     	0.002181    	0.002038    	0.00192     
4170        	10          	0.02643     	0.002819    	0.003184    	0.002385    
4175        	10          	0.01606     	0.002922    	0.003153    	0.002667    
4180        	10          	0.01729     	0.002278    	0.003281    	0.002193    
4185        	10          	0.01879     	0.002164    	0.002515    	0.002388    
4190        	10          	0.01822     	0.00287     	0.005703    	0.003212    
4195        	10          	0.01611     	0.002247    	0.00288     	0.003507    
4200        	10          	0.01995     	0.002066    	0.004384    	0.004006    
4205        	10          	0.0174      	0.002842    	0.003717    	0.00565     
4210        	10          	0.01295     	0.003183    	0.003247    	0.006018    
4215        	10          	0.01299     	0.003363    	0.005037    	0.005172    
4220        	10          	0.01316     	0.003407    	0.005072    	0.006343    
4225        	10          	0.01569     	0.004516    	0.004007    	0.006433    
4230        	10          	0.01967     	0.003301    	0.003691    	0.006662    
4235        	10          	0.01399     	0.003764    	0.003106    	0.006395    
4240        	10          	0.02217     	0.003326    	0.003821    	0.004983    
4245        	10          	0.02061     	0.003577    	0.001914    	0.005484    
4250        	10          	0.02147     	0.00391     	0.003357    	0.006151    
4255        	10          	0.01879     	0.004384    	0.00219     	0.005212    
4260        	10          	0.01116     	0.004455    	0.0022      	0.006468    
4265        	10          	0.02254     	0.004177    	0.00197     	0.008718    
4270        	10          	0.02113     	0.0041      	0.002367    	0.009039    
4275        	10          	0.01639     	0.003934    	0.002351    	0.008349    
4280        	10          	0.0104      	0.003458    	0.003145    	0.007684    
4285        	10          	0.02117     	0.003221    	0.004178    	0.006957    
4290        	10          	0.01846     	0.002931    	0.003375    	0.007017    
4295        	10          	0.01845     	0.003635    	0.003409    	0.006926    
4300        	10          	0.01106     	0.003088    	0.004782    	0.007991    
4305        	10          	0.01366     	0.00244     	0.003838    	0.008455    
4310        	10          	0.01862     	0.001304    	0.004261    	0.007381    
4315        	10          	0.0205      	0.002052    	0.00409     	0.006809    
4320        	10          	0.02697     	0.001653    	0.003562    	0.006276    
4325        	10          	0.0265      	0.001675    	0.003028    	0.006776    
4330        	10          	0.0149      	0.002175    	0.002646    	0.007059    
4335        	10          	0.01632     	0.001914    	0.004769    	0.006692    
4340        	10          	0.015       	0.001008    	0.003801    	0.007008    
4345        	10          	0.01322     	0.001687    	0.003763    	0.006653    
4350        	10          	0.01141     	0.001462    	0.003901    	0.006662    
4355        	10          	0.008622    	0.002608    	0.003595    	0.006735    
4360        	10          	0.005678    	0.002547    	0.00226     	0.007267    
4365        	10          	0.008344    	0.002857    	0.002319    	0.006897    
4370        	10          	0.006614    	0.003276    	0.00218     	0.00769     
4375        	10          	0.01025     	0.004274    	0.00254     	0.00803     
4380        	10          	0.01418     	0.003514    	0.002258    	0.007987    
4385        	10          	0.009469    	0.004204    	0.001941    	0.007168    
4390        	10          	0.01441     	0.00603     	0.002191    	0.009896    
4395        	10          	0.01334     	0.00583     	0.00187     	0.009501    
4400        	10          	0.0134      	0.006052    	0.003244    	0.01045     
4405        	10          	0.01539     	0.004999    	0.00259     	0.01032     
4410        	10          	0.02552     	0.00682     	0.00153     	0.01219     
4415        	10          	0.02578     	0.006169    	0.002831    	0.01048     
4420        	10          	0.02022     	0.005582    	0.003137    	0.01079     
4425        	10          	0.02025     	0.006042    	0.00344     	0.01311     
4430        	10          	0.01579     	0.00412     	0.002905    	0.008942    
4435        	10          	0.01612     	0.003827    	0.004233    	0.008525    
4440        	10          	0.02046     	0.004647    	0.00369     	0.00907     
4445        	10          	0.0196      	0.006365    	0.006265    	0.008426    
4450        	10          	0.02164     	0.008633    	0.0047      	0.008109    
4455        	10          	0.01884     	0.00643     	0.004787    	0.008238    
4460        	10          	0.02161     	0.006423    	0.004698    	0.007981    
4465        	10          	0.01662     	0.006752    	0.00485     	0.009613    
4470        	10          	0.02118     	0.006552    	0.00548     	0.009402    
4475        	10          	0.02619     	0.005472    	0.005636    	0.009804    
4480        	10          	0.02211     	0.006174    	0.005112    	0.01022     
4485        	10          	0.01614     	0.005469    	0.004946    	0.00862     
4490        	10          	0.01762     	0.006629    	0.003528    	0.01038     
4495        	10          	0.01661     	0.006499    	0.004463    	0.009739    
4500        	10          	0.01721     	0.00606     	0.003009    	0.01025     
4505        	10          	0.01424     	0.005647    	0.003214    	0.01022     
4510        	10          	0.01618     	0.005295    	0.00237     	0.008529    
4515        	10          	0.01362     	0.00485     	0.001826    	0.007031    
4520        	10          	0.01201     	0.005349    	0.003646    	0.007363    
4525        	10          	0.009067    	0.005364    	0.002636    	0.004935    
4530        	10          	0.009114    	0.005984    	0.003216    	0.004875    
4535        	10          	0.01534     	0.005313    	0.003165    	0.004771    
4540        	10          	0.01206     	0.004669    	0.003802    	0.003857    
4545        	10          	0.01327     	0.005335    	0.004056    	0.005248    
4550        	10          	0.009003    	0.004911    	0.003798    	0.004766    
4555        	10          	0.01347     	0.004286    	0.00391     	0.003778    
4560        	10          	0.01112     	0.004575    	0.001661    	0.002997    
4565        	10          	0.0084      	0.003962    	0.002963    	0.004418    
4570        	10          	0.005211    	0.004288    	0.003054    	0.003593    
4575        	10          	0.01639     	0.002836    	0.003474    	0.003219    
4580        	10          	0.01138     	0.003228    	0.002074    	0.003876    
4585        	10          	0.007969    	0.003155    	0.003058    	0.004289    
4590        	10          	0.0161      	0.004264    	0.003112    	0.002625    
4595        	10          	0.02334     	0.006182    	0.004517    	0.003271    
4600        	10          	0.0119      	0.00664     	0.004575    	0.003853    
4605        	10          	0.01234     	0.007331    	0.002737    	0.00334     
4610        	10          	0.007733    	0.007123    	0.004456    	0.004622    
4615        	10          	0.01411     	0.006964    	0.005821    	0.004782    
4620        	10          	0.01062     	0.004867    	0.005757    	0.004374    
4625        	10          	0.01797     	0.007948    	0.005833    	0.004613    
4630        	10          	0.01167     	0.006722    	0.00676     	0.005686    
4635        	10          	0.005656    	0.00659     	0.00581     	0.004866    
4640        	10          	0.005358    	0.005347    	0.004843    	0.00584     
4645        	10          	0.007178    	0.007072    	0.006353    	0.006506    
4650        	10          	0.001711    	0.004502    	0.005499    	0.005901    
4655        	10          	0.008669    	0.002751    	0.003851    	0.006121    
4660        	10          	0.008136    	0.003491    	0.0049      	0.006371    
4665        	10          	0.006114    	0.003692    	0.004668    	0.006328    
4670        	10          	0.006858    	0.006105    	0.003996    	0.005179    
4675        	10          	0.008878    	0.004762    	0.003833    	0.006355    
4680        	10          	0.007903    	0.004895    	0.004278    	0.006642    
4685        	10          	0.007169    	0.006097    	0.004512    	0.006441    
4690        	10          	0.007656    	0.008007    	0.004827    	0.008398    
4695        	10          	0.007969    	0.007874    	0.006085    	0.008575    
4700        	10          	0.006081    	0.008365    	0.005347    	0.008169    
4705        	10          	0.005136    	0.006716    	0.005044    	0.007784    
4710        	10          	0.005747    	0.006704    	0.005333    	0.007667    
4715        	10          	0.01041     	0.007859    	0.004302    	0.007158    
4720        	10          	0.01318     	0.008906    	0.006297    	0.008454    
4725        	10          	0.009067    	0.00881     	0.005826    	0.008204    
4730        	10          	0.006267    	0.008178    	0.004648    	0.006893    
4735        	10          	0.01421     	0.007628    	0.003317    	0.006905    
4740        	10          	0.008344    	0.008451    	0.005899    	0.006951    
4745        	10          	0.01596     	0.008298    	0.004929    	0.008053    
4750        	10          	0.01469     	0.009838    	0.005717    	0.006526    
4755        	10          	0.01506     	0.00751     	0.006118    	0.006419    
4760        	10          	0.01147     	0.006471    	0.005187    	0.005497    
4765        	10          	0.01722     	0.006927    	0.005628    	0.005927    
4770        	10          	0.01768     	0.009038    	0.005091    	0.006086    
4775        	10          	0.01718     	0.01062     	0.004931    	0.007044    
4780        	10          	0.01232     	0.008235    	0.005924    	0.006768    
4785        	10          	0.009581    	0.008598    	0.005472    	0.006123    
4790        	10          	0.0204      	0.007004    	0.006073    	0.007183    
4795        	10          	0.01206     	0.006864    	0.004811    	0.007914    
4800        	10          	0.01768     	0.00808     	0.004902    	0.007549    
4805        	10          	0.01377     	0.006559    	0.006157    	0.006311    
4810        	10          	0.01371     	0.006106    	0.007307    	0.005092    
4815        	10          	0.01757     	0.00609     	0.005745    	0.00419     
4820        	10          	0.009944    	0.006034    	0.005647    	0.00458     
4825        	10          	0.01406     	0.006351    	0.005657    	0.004611    
4830        	10          	0.0155      	0.00648     	0.005001    	0.005141    
4835        	10          	0.01023     	0.004837    	0.004035    	0.002818    
4840        	10          	0.0091      	0.004385    	0.003382    	0.003702    
4845        	10          	0.01369     	0.00433     	0.005168    	0.003052    
4850        	10          	0.01322     	0.003997    	0.004698    	0.003028    
4855        	10          	0.009847    	0.004921    	0.006142    	0.003693    
4860        	10          	0.01219     	0.006446    	0.005829    	0.004382    
4865        	10          	0.01454     	0.003197    	0.004696    	0.003513    
4870        	10          	0.006122    	0.004522    	0.004228    	0.002828    
4875        	10          	0.01377     	0.005413    	0.00433     	0.00363     
4880        	10          	0.01189     	0.005613    	0.004767    	0.003085    
4885        	10          	0.0175      	0.005605    	0.004239    	0.003205    
4890        	10          	0.007567    	0.005466    	0.005442    	0.00345     
4895        	10          	0.0114      	0.006089    	0.00494     	0.003793    
4900        	10          	0.01794     	0.00535     	0.004443    	0.003996    
4905        	10          	0.008914    	0.005249    	0.004498    	0.005377    
4910        	10          	0.01068     	0.003635    	0.00468     	0.006234    
4915        	10          	0.006414    	0.004676    	0.005054    	0.005149    
4920        	10          	0.005069    	0.004917    	0.00504     	0.006       
4925        	10          	0.01082     	0.004257    	0.005098    	0.006359    
4930        	10          	0.007625    	0.003877    	0.004205    	0.006431    
4935        	10          	0.006514    	0.003968    	0.004262    	0.005532    
4940        	10          	0.005447    	0.002643    	0.003654    	0.006726    
4945        	10          	0.009233    	0.001887    	0.002772    	0.007192    
4950        	10          	0.01301     	0.002231    	0.004004    	0.006527    
4955        	10          	0.008614    	0.002347    	0.005597    	0.007182    
4960        	10          	0.01282     	0.002012    	0.005635    	0.007738    
4965        	10          	0.005803    	0.003099    	0.004302    	0.006494    
4970        	10          	0.009433    	0.003029    	0.005633    	0.006017    
4975        	10          	0.01022     	0.003034    	0.006114    	0.006381    
4980        	10          	0.012       	0.002501    	0.004742    	0.008086    
4985        	10          	0.009003    	0.002784    	0.00635     	0.006305    
4990        	10          	0.006114    	0.002172    	0.005708    	0.004983    
4995        	10          	0.005803    	0.001603    	0.006304    	0.005185    
5000        	10          	0.008544    	0.002132    	0.007355    	0.005419    
