generation  	alive.rpl   	n.adlt.rs   	n.adlt.fst.wc_p1-2	n.adlt.fst.wc_p1-3	n.adlt.fst.wc_p2-3
5           	10          	0.01536     	1.226e-05   	1.391e-05   	9.265e-06   
10          	10          	0.06883     	1.112e-05   	1.61e-05    	9.035e-06   
15          	10          	0.08245     	2.378e-05   	5.031e-05   	2.467e-05   
20          	10          	0.1079      	2.591e-05   	7.67e-05    	2.94e-05    
25          	10          	0.08279     	4.717e-05   	0.0001138   	2.304e-05   
30          	10          	0.09193     	2.229e-05   	4.667e-05   	5.36e-05    
35          	10          	0.1275      	5.201e-05   	3.614e-05   	1.941e-05   
40          	10          	0.1772      	6.165e-05   	5.806e-05   	1.703e-05   
45          	10          	0.139       	1.152e-05   	4.266e-05   	4.513e-05   
50          	10          	0.1203      	2.13e-05    	9.875e-05   	2.76e-05    
55          	10          	0.1414      	3.588e-05   	3.833e-05   	4.214e-05   
60          	10          	0.0591      	3.556e-05   	4.207e-05   	6.293e-05   
65          	10          	0.1611      	6.554e-05   	8.184e-05   	2.506e-05   
70          	10          	0.104       	3.049e-05   	8.155e-05   	2.625e-05   
75          	10          	0.1508      	5.996e-05   	7.495e-05   	2.778e-05   
80          	10          	0.2223      	2.219e-05   	4.233e-05   	2.824e-05   
85          	10          	0.1654      	3.546e-05   	6.676e-05   	1.451e-05   
90          	10          	0.1805      	1.813e-05   	8.589e-05   	4.759e-05   
95          	10          	0.1542      	2.868e-05   	9.481e-05   	5.418e-05   
100         	10          	0.1425      	4.369e-05   	5.909e-05   	3.609e-05   
105         	10          	0.09768     	8.648e-05   	0.0001358   	4.187e-05   
110         	10          	0.1278      	6.128e-05   	4.479e-05   	2.293e-05   
115         	10          	0.1862      	7.945e-05   	6.407e-05   	6.78e-05    
120         	10          	0.1671      	1.901e-05   	6.102e-05   	3.709e-05   
125         	10          	0.09462     	2.556e-05   	5.905e-05   	2.259e-05   
130         	10          	0.1325      	4.236e-05   	0.0001004   	1.448e-05   
135         	10          	0.09958     	4.41e-05    	0.0003335   	7.714e-05   
140         	10          	0.1101      	2.081e-05   	0.0002749   	2.958e-05   
145         	10          	0.0864      	2.771e-05   	0.0001211   	3.712e-05   
150         	10          	0.1271      	0.0001226   	0.0001125   	0.0001033   
155         	10          	0.08251     	4.576e-05   	0.0001871   	8.526e-05   
160         	10          	0.04677     	4.603e-05   	0.0001346   	6.572e-05   
165         	10          	0.06367     	6.731e-05   	6.462e-05   	4.762e-05   
170         	10          	0.04979     	9.917e-05   	0.000174    	6.427e-05   
175         	10          	0.07257     	0.0001387   	0.0003008   	6.833e-05   
180         	10          	0.06967     	9.904e-05   	0.0001812   	5.957e-05   
185         	10          	0.06786     	4.056e-05   	2.632e-05   	1.863e-05   
190         	10          	0.04184     	2.976e-05   	2.624e-05   	1.636e-05   
195         	10          	0.04178     	5.667e-05   	8e-05       	2.851e-05   
200         	10          	0.03125     	7.615e-05   	0.0001153   	7.122e-05   
205         	10          	0.04229     	3.48e-05    	0.000157    	0.0001082   
210         	10          	0.05241     	4.57e-05    	0.000115    	1.261e-05   
215         	10          	0.07456     	2.761e-05   	8.353e-05   	2.513e-05   
220         	10          	0.07114     	3.624e-05   	0.0001473   	0.0001393   
225         	10          	0.08        	1.55e-05    	0.0002145   	2.242e-05   
230         	10          	0.06901     	0.0001169   	0.0001372   	3.553e-05   
235         	10          	0.07897     	9.535e-05   	0.0001697   	4.601e-05   
240         	10          	0.07907     	5.437e-05   	0.0001273   	0.000128    
245         	10          	0.0705      	3.977e-05   	0.0002306   	9.366e-05   
250         	10          	0.04991     	3.374e-05   	8.801e-05   	4.273e-05   
255         	10          	0.08736     	8.91e-05    	0.0001082   	4.135e-05   
260         	10          	0.04597     	3.527e-05   	0.0001629   	4.948e-05   
265         	10          	0.0715      	0.000145    	0.0003251   	6.251e-05   
270         	10          	0.06968     	3.462e-05   	3.16e-05    	3.281e-05   
275         	10          	0.04262     	3.489e-05   	6.464e-05   	8.604e-05   
280         	10          	0.04863     	2.259e-05   	8.771e-05   	4.28e-05    
285         	10          	0.0343      	0.0001764   	8.703e-05   	9.721e-05   
290         	10          	0.04672     	9.419e-05   	0.0002331   	0.0002162   
295         	10          	0.03658     	6.302e-05   	0.0001215   	7.174e-05   
300         	10          	0.03268     	6.343e-05   	9.897e-05   	1.83e-05    
305         	10          	0.05573     	4.196e-05   	0.0001728   	7.985e-05   
310         	10          	0.04157     	9.279e-05   	6.015e-05   	5.773e-05   
315         	10          	0.04502     	5.99e-05    	4.965e-05   	7.22e-05    
320         	10          	0.07814     	4.465e-05   	0.000104    	3.837e-05   
325         	10          	0.06377     	3.504e-05   	0.0001608   	0.0001196   
330         	10          	0.05384     	6.222e-05   	9.166e-05   	0.0001453   
335         	10          	0.04834     	2.046e-05   	0.0001126   	4.844e-05   
340         	10          	0.05888     	6.817e-05   	0.0002877   	7.569e-05   
345         	10          	0.07122     	0.0001401   	0.0003707   	0.0001414   
350         	10          	0.05223     	8.445e-05   	0.0002388   	0.0002806   
355         	10          	0.06661     	0.0002025   	0.0002578   	9.217e-05   
360         	10          	0.07445     	8.453e-05   	0.0001158   	0.0001024   
365         	10          	0.0775      	6.579e-05   	0.0001681   	0.0001174   
370         	10          	0.09971     	0.0001071   	0.0002266   	3.952e-05   
375         	10          	0.07422     	4.045e-05   	0.0001275   	7.054e-05   
380         	10          	0.1066      	0.0001656   	0.00011     	6.015e-05   
385         	10          	0.06707     	3.28e-05    	9.901e-05   	4.066e-05   
390         	10          	0.09968     	4.24e-05    	0.0001306   	6.786e-05   
395         	10          	0.07423     	3.748e-05   	7.056e-05   	5.631e-05   
400         	10          	0.08657     	4.655e-05   	0.0001411   	0.0001326   
405         	10          	0.09895     	5.297e-05   	0.000194    	2.402e-05   
410         	10          	0.1251      	0.0001148   	0.0003677   	0.0001157   
415         	10          	0.1239      	0.0001663   	0.0002526   	5.956e-05   
420         	10          	0.08418     	8.45e-05    	0.0001504   	7.864e-05   
425         	10          	0.08891     	5.082e-05   	0.0001897   	0.0001475   
430         	10          	0.1049      	3.716e-05   	0.000117    	6.202e-05   
435         	10          	0.06733     	0.0001812   	0.0001515   	0.0001032   
440         	10          	0.0799      	5.325e-05   	0.0001563   	7.159e-05   
445         	10          	0.09801     	4.65e-05    	0.0001396   	6.948e-05   
450         	10          	0.07123     	8.497e-05   	8.579e-05   	0.0001602   
455         	10          	0.09506     	4.267e-05   	0.0001935   	0.0001768   
460         	10          	0.07483     	3.673e-05   	0.0002268   	6.45e-05    
465         	10          	0.07788     	0.0001044   	0.0001204   	0.0001005   
470         	10          	0.07732     	0.0001489   	0.0002597   	1.729e-05   
475         	10          	0.06127     	7.659e-05   	0.0001452   	5.925e-05   
480         	10          	0.06002     	2.785e-05   	0.000237    	0.0001231   
485         	10          	0.05321     	6.015e-05   	0.0002218   	0.0001      
490         	10          	0.08129     	5.628e-05   	0.0002558   	0.0001738   
495         	10          	0.05935     	0.000174    	0.0003172   	3.234e-05   
500         	10          	0.06743     	5.442e-05   	0.0001192   	0.0001286   
505         	10          	0.07119     	0.0001363   	0.0001607   	0.0001101   
510         	10          	0.05893     	0.0001014   	0.000311    	0.0002405   
515         	10          	0.04739     	5.299e-05   	0.0003529   	7.062e-05   
520         	10          	0.05954     	0.0001284   	5.894e-05   	0.0001098   
525         	10          	0.07603     	3.798e-05   	9.18e-05    	4.669e-05   
530         	10          	0.04679     	6.635e-05   	0.0002016   	9.465e-05   
535         	10          	0.04045     	8.352e-05   	0.0002127   	0.0001038   
540         	10          	0.06621     	6.397e-05   	0.000277    	0.0001237   
545         	10          	0.07262     	9.113e-05   	5.657e-05   	3.491e-05   
550         	10          	0.06546     	8.393e-05   	0.0002374   	4.487e-05   
555         	10          	0.0469      	0.0001626   	0.0003835   	8.422e-05   
560         	10          	0.05888     	7.524e-05   	5.687e-05   	0.0001709   
565         	10          	0.04256     	7.918e-05   	0.0001317   	0.000125    
570         	10          	0.04251     	9.247e-05   	0.0003161   	0.0001135   
575         	10          	0.04222     	4.784e-05   	9.65e-05    	8.903e-05   
580         	10          	0.05836     	4.852e-05   	0.0001347   	4.202e-05   
585         	10          	0.03154     	7.753e-05   	0.0002237   	9.541e-05   
590         	10          	0.04482     	0.000228    	0.0002563   	3.676e-05   
595         	10          	0.05067     	0.0001845   	0.000458    	8.72e-05    
600         	10          	0.047       	6.293e-05   	0.0005935   	0.0001041   
605         	10          	0.05532     	6.501e-05   	0.00052     	0.0001122   
610         	10          	0.05507     	5.207e-05   	0.0002791   	0.0002239   
615         	10          	0.05125     	0.0001543   	0.0003536   	8.323e-05   
620         	10          	0.05833     	8.375e-05   	0.0001049   	5.765e-05   
625         	10          	0.05374     	3.86e-05    	0.0001646   	0.0001163   
630         	10          	0.05438     	8.4e-05     	0.0002412   	0.0001199   
635         	10          	0.04618     	4.215e-05   	8.862e-05   	9.805e-05   
640         	10          	0.04696     	5.84e-05    	0.0001325   	7.61e-05    
645         	10          	0.03619     	5.105e-05   	0.000385    	6.588e-05   
650         	10          	0.0366      	0.0001064   	0.0003862   	0.0001236   
655         	10          	0.03251     	6.572e-05   	0.0003719   	0.000124    
660         	10          	0.05575     	4.459e-05   	7.32e-05    	3.26e-05    
665         	10          	0.05869     	3.229e-05   	0.0001614   	4.905e-05   
670         	10          	0.03857     	6.633e-05   	0.000154    	0.0001139   
675         	10          	0.04275     	0.0002467   	0.0002698   	0.0002273   
680         	10          	0.05463     	0.0003879   	0.0001515   	0.0002334   
685         	10          	0.04908     	8.071e-05   	0.0002348   	9.405e-05   
690         	10          	0.04967     	2.226e-05   	0.0001188   	3.223e-05   
695         	10          	0.0555      	5.818e-05   	0.000164    	8.419e-05   
700         	10          	0.05597     	0.0001873   	0.00022     	8.511e-05   
705         	10          	0.06667     	7.203e-05   	0.0001491   	5.465e-05   
710         	10          	0.06267     	9.17e-05    	0.0003329   	0.0001582   
715         	10          	0.05689     	9.578e-05   	0.0002507   	8.307e-05   
720         	10          	0.06822     	8.222e-05   	8.607e-05   	4.732e-05   
725         	10          	0.07332     	3.897e-05   	0.0002207   	0.0001394   
730         	10          	0.05596     	9.421e-05   	0.0001425   	6.724e-05   
735         	10          	0.04189     	0.0001437   	0.0002745   	0.0001428   
740         	10          	0.04516     	0.0001053   	0.0002707   	6.794e-05   
745         	10          	0.05716     	9.47e-05    	0.0003635   	0.0001304   
750         	10          	0.05506     	0.0001291   	0.0005325   	0.000119    
755         	10          	0.06068     	3.361e-05   	0.0001797   	2.351e-05   
760         	10          	0.05339     	0.0001272   	0.0002507   	8.52e-05    
765         	10          	0.06027     	0.0001461   	0.0002392   	0.000102    
770         	10          	0.05622     	7.468e-05   	0.0003958   	8.485e-05   
775         	10          	0.05688     	8.521e-05   	0.0003091   	0.0001109   
780         	10          	0.06584     	5.128e-05   	0.0001587   	8.374e-05   
785         	10          	0.05361     	6.884e-05   	0.0002175   	7.752e-05   
790         	10          	0.06022     	0.0002069   	0.0001783   	9.858e-05   
795         	10          	0.06151     	9.831e-05   	0.0004739   	9.032e-05   
800         	10          	0.04589     	8.633e-05   	0.0003201   	8.635e-05   
805         	10          	0.06157     	0.0001796   	0.00059     	0.0002171   
810         	10          	0.07649     	0.000168    	0.0002876   	9.668e-05   
815         	10          	0.08988     	0.0001474   	0.0002348   	3.054e-05   
820         	10          	0.08243     	9.241e-05   	0.0002739   	0.0001613   
825         	10          	0.05793     	0.000185    	0.0002409   	0.0001182   
830         	10          	0.07469     	0.0001687   	0.000477    	9.548e-05   
835         	10          	0.06951     	0.0002554   	0.0001479   	0.0001321   
840         	10          	0.07675     	6.298e-05   	0.0001209   	8.926e-05   
845         	10          	0.1106      	8.518e-05   	0.0001561   	9.788e-05   
850         	10          	0.115       	2.729e-05   	0.0001059   	6.158e-05   
855         	10          	0.1067      	0.0001248   	0.0001008   	0.0002337   
860         	10          	0.09128     	5.625e-05   	0.0002196   	0.000144    
865         	10          	0.08641     	0.0001406   	0.0001536   	0.0001712   
870         	10          	0.08561     	9.898e-05   	0.0001686   	8.215e-05   
875         	10          	0.05745     	7.253e-05   	0.0001468   	0.0001479   
880         	10          	0.05506     	0.0001387   	0.0002194   	0.0002061   
885         	10          	0.07195     	0.0001035   	0.0002535   	0.0001157   
890         	10          	0.07208     	0.0001124   	0.0003762   	0.0001262   
895         	10          	0.05566     	8.965e-05   	0.0002379   	0.0002342   
900         	10          	0.0389      	7.994e-05   	0.0002455   	7.102e-05   
905         	10          	0.05307     	7.185e-05   	0.0003852   	8.043e-05   
910         	10          	0.04707     	0.0001202   	0.0003305   	5.491e-05   
915         	10          	0.04138     	6.846e-05   	0.0001235   	4.821e-05   
920         	10          	0.05011     	0.0001373   	0.0004935   	0.0001218   
925         	10          	0.05519     	9.936e-05   	0.0001992   	5.529e-05   
930         	10          	0.06306     	0.000135    	0.000619    	0.0001815   
935         	10          	0.0526      	5.753e-05   	0.0007951   	0.0002351   
940         	10          	0.06138     	0.0001135   	0.0004409   	7.149e-05   
945         	10          	0.07196     	8.362e-05   	0.0005101   	5.541e-05   
950         	10          	0.07671     	8.032e-05   	0.0005457   	0.0001226   
955         	10          	0.05514     	0.0002125   	0.0003039   	7.193e-05   
960         	10          	0.07407     	0.0001052   	0.0001985   	8.143e-05   
965         	10          	0.05821     	7.83e-05    	0.0003699   	3.382e-05   
970         	10          	0.05321     	6.166e-05   	0.0004485   	0.0001899   
975         	10          	0.06586     	8.417e-05   	0.0003127   	0.000217    
980         	10          	0.07157     	0.0002061   	0.0004348   	0.0001055   
985         	10          	0.04796     	0.0001835   	0.0002547   	6.444e-05   
990         	10          	0.04157     	5.579e-05   	0.000264    	7.476e-05   
995         	10          	0.02539     	8.407e-05   	0.0003597   	0.0001644   
1000        	10          	0.0313      	8.36e-05    	7.166e-05   	0.0001572   
1005        	10          	0.02897     	0.0001281   	0.0002091   	0.0001043   
1010        	10          	0.03928     	7.501e-05   	0.0001082   	5.861e-05   
1015        	10          	0.03766     	2.776e-05   	0.0004295   	0.0002427   
1020        	10          	0.05151     	6.639e-05   	0.0003056   	0.0001341   
1025        	10          	0.0434      	0.0002079   	0.0006755   	0.0002532   
1030        	10          	0.04745     	9.683e-05   	0.0005969   	7.529e-05   
1035        	10          	0.0399      	6.174e-05   	0.0002479   	7.886e-05   
1040        	10          	0.039       	7.682e-05   	0.0001229   	9.17e-05    
1045        	10          	0.04269     	0.0001748   	0.0002028   	9.315e-05   
1050        	10          	0.04278     	4.988e-05   	0.0002695   	7.817e-05   
1055        	10          	0.04484     	0.000174    	0.0002904   	0.00016     
1060        	10          	0.06404     	9.133e-05   	8.394e-05   	4.367e-05   
1065        	10          	0.07529     	0.0001303   	0.0002583   	0.0001036   
1070        	10          	0.0524      	0.0001035   	0.0003736   	5.932e-05   
1075        	10          	0.05372     	0.0001688   	0.0002459   	5.899e-05   
1080        	10          	0.05199     	0.0001864   	0.0003759   	3.222e-05   
1085        	10          	0.05854     	0.0001759   	0.0003857   	0.000167    
1090        	10          	0.0419      	7.058e-05   	0.0002311   	0.0001063   
1095        	10          	0.05225     	6.072e-05   	0.0001438   	9.521e-05   
1100        	10          	0.04021     	0.000103    	0.0001445   	0.0001859   
1105        	10          	0.04546     	0.0001128   	0.0002907   	8.446e-05   
1110        	10          	0.0353      	6.231e-05   	0.0009104   	0.0002424   
1115        	10          	0.04196     	0.0002084   	0.0003837   	0.0001475   
1120        	10          	0.03678     	8.078e-05   	0.0003376   	0.0001546   
1125        	10          	0.05234     	0.0001049   	0.0002599   	0.0001657   
1130        	10          	0.04808     	3.705e-05   	9.294e-05   	9.884e-05   
1135        	10          	0.0365      	0.0001029   	0.0004819   	0.000173    
1140        	10          	0.02673     	0.0001193   	0.000461    	0.0002353   
1145        	10          	0.03108     	0.0001655   	0.0003117   	4.406e-05   
1150        	10          	0.02461     	7.02e-05    	0.0002039   	6.477e-05   
1155        	10          	0.03017     	6.683e-05   	0.0002825   	0.000108    
1160        	10          	0.03073     	0.0001115   	0.0001611   	8.198e-05   
1165        	10          	0.03007     	0.0001683   	0.0003408   	0.0001954   
1170        	10          	0.03443     	8.165e-05   	0.000406    	0.0001987   
1175        	10          	0.04118     	0.0002904   	0.0002687   	0.0001215   
1180        	10          	0.04334     	5.31e-05    	0.0003193   	0.0001344   
1185        	10          	0.03495     	0.0001134   	0.0003647   	0.0003094   
1190        	10          	0.03234     	0.0001209   	0.0002497   	9.144e-05   
1195        	10          	0.03297     	0.000213    	0.0002445   	2.283e-05   
1200        	10          	0.02536     	3.735e-05   	0.0002175   	2.771e-05   
1205        	10          	0.03666     	0.0001353   	0.000332    	0.0001203   
1210        	10          	0.03025     	4.92e-05    	0.000226    	0.0001701   
1215        	10          	0.03914     	0.0001078   	0.0002145   	9.977e-05   
1220        	10          	0.05693     	5.843e-05   	0.0001795   	0.0001065   
1225        	10          	0.04316     	0.000224    	0.0002457   	0.0002686   
1230        	10          	0.03511     	0.0001188   	0.0003744   	0.0003289   
1235        	10          	0.04179     	0.0002762   	0.0002361   	8.867e-05   
1240        	10          	0.0263      	0.0001224   	7.8e-05     	5.659e-05   
1245        	10          	0.03468     	0.0001575   	0.0003848   	0.0002149   
1250        	10          	0.03764     	0.0001013   	0.0002241   	8.115e-05   
1255        	10          	0.03566     	0.0001077   	0.0004553   	0.0001164   
1260        	10          	0.03579     	6.374e-05   	0.0001146   	6.547e-05   
1265        	10          	0.0395      	0.0002115   	0.0002232   	9.364e-05   
1270        	10          	0.04273     	0.0001285   	0.0002936   	7.744e-05   
1275        	10          	0.03638     	0.0001676   	0.0005846   	0.0002031   
1280        	10          	0.03906     	9.626e-05   	0.0005949   	6.829e-05   
1285        	10          	0.0354      	0.000148    	0.0002642   	9.419e-05   
1290        	10          	0.04069     	0.0001153   	0.0003364   	0.0003049   
1295        	10          	0.04023     	8.774e-05   	0.0005173   	0.0001173   
1300        	10          	0.04484     	5.384e-05   	7.993e-05   	8.693e-05   
1305        	10          	0.04607     	0.0001302   	0.0001535   	0.0002211   
1310        	10          	0.03419     	9.138e-05   	0.0005305   	0.0001121   
1315        	10          	0.04369     	4.876e-05   	0.0001717   	0.0001017   
1320        	10          	0.03307     	4.695e-05   	0.0002223   	0.0001902   
1325        	10          	0.03556     	0.000155    	0.0006298   	0.0001466   
1330        	10          	0.02712     	0.000103    	0.0003551   	6.3e-05     
1335        	10          	0.03044     	0.0002953   	0.0003864   	6.092e-05   
1340        	10          	0.02234     	7.558e-05   	0.0003343   	9.512e-05   
1345        	10          	0.02744     	0.0002289   	0.0002142   	8.104e-05   
1350        	10          	0.01941     	0.0001164   	3.156e-05   	6.834e-05   
1355        	10          	0.02179     	8.813e-05   	0.0002615   	6.216e-05   
1360        	10          	0.02067     	0.0001644   	0.0002615   	8.206e-05   
1365        	10          	0.02177     	0.0002027   	0.0005292   	9.162e-05   
1370        	10          	0.02923     	6.172e-05   	0.0005805   	0.0001764   
1375        	10          	0.04746     	0.0002207   	0.0001683   	0.0001003   
1380        	10          	0.03358     	9.049e-05   	0.0001888   	0.0001076   
1385        	10          	0.0395      	0.0001266   	0.0005055   	7.227e-05   
1390        	10          	0.04847     	0.000135    	0.0002249   	7.474e-05   
1395        	10          	0.03988     	9.53e-05    	0.0001906   	9.767e-05   
1400        	10          	0.035       	0.0001931   	0.0002912   	0.0001154   
1405        	10          	0.03266     	0.0001063   	0.0001255   	0.0001142   
1410        	10          	0.02588     	0.0001427   	0.0002281   	0.0001503   
1415        	10          	0.02934     	0.0001747   	0.0002089   	0.0001896   
1420        	10          	0.01454     	0.000206    	0.0003607   	9.224e-05   
1425        	10          	0.02146     	0.000175    	0.0002552   	5.566e-05   
1430        	10          	0.01969     	6.343e-05   	0.0003719   	0.0002547   
1435        	10          	0.02368     	6.811e-05   	0.0002506   	8.784e-05   
1440        	10          	0.01895     	0.0001214   	0.0001392   	0.0001471   
1445        	10          	0.02138     	0.0001228   	0.0002247   	6.727e-05   
1450        	10          	0.02551     	0.0001319   	0.0004229   	0.0002825   
1455        	10          	0.0166      	5.245e-05   	0.000133    	8.607e-05   
1460        	10          	0.02562     	0.0001984   	0.0003225   	7.256e-05   
1465        	10          	0.01693     	8.08e-05    	0.0002738   	0.0003528   
1470        	10          	0.02157     	7.622e-05   	0.0001766   	0.0001231   
1475        	10          	0.02311     	0.0001513   	0.0002568   	0.0001183   
1480        	10          	0.01822     	8.804e-05   	0.0002618   	8.392e-05   
1485        	10          	0.03293     	0.0003524   	0.0004598   	0.0002243   
1490        	10          	0.02951     	0.0002086   	0.0003978   	5.935e-05   
1495        	10          	0.02364     	9.889e-05   	0.000463    	8.623e-05   
1500        	10          	0.0176      	5.282e-05   	0.0003564   	9.949e-05   
1505        	10          	0.02485     	9.121e-05   	0.0001468   	0.0002661   
1510        	10          	0.02462     	0.0001465   	0.0005185   	0.0001858   
1515        	10          	0.03646     	4.996e-05   	0.0001427   	7.423e-05   
1520        	10          	0.02849     	0.0001239   	0.0005045   	0.0001007   
1525        	10          	0.01972     	0.0001666   	0.0002785   	4.993e-05   
1530        	10          	0.02329     	4.812e-05   	0.000394    	0.0001318   
1535        	10          	0.03318     	0.0001527   	0.0002094   	0.0001943   
1540        	10          	0.02922     	0.0001556   	0.0003206   	0.0001132   
1545        	10          	0.02195     	7.683e-05   	0.0002688   	9.725e-05   
1550        	10          	0.04011     	0.0002818   	0.0006513   	0.0001158   
1555        	10          	0.0339      	0.0001779   	0.0004271   	0.0003001   
1560        	10          	0.03889     	0.0001217   	0.0004141   	0.0002237   
1565        	10          	0.03217     	0.0001939   	0.0003177   	0.0001151   
1570        	10          	0.02673     	0.0001407   	0.0001641   	0.0001034   
1575        	10          	0.02467     	0.000175    	0.0004776   	0.0001373   
1580        	10          	0.02968     	6.214e-05   	0.0001977   	0.0001135   
1585        	10          	0.0356      	0.0002112   	0.0003535   	3.44e-05    
1590        	10          	0.0295      	4.568e-05   	0.0003202   	0.0001998   
1595        	10          	0.0245      	0.0001753   	0.0005891   	6.648e-05   
1600        	10          	0.0213      	0.0002602   	0.0003481   	9.219e-05   
1605        	10          	0.02617     	0.0001279   	6.487e-05   	0.0004594   
1610        	10          	0.02347     	7.557e-05   	0.0002503   	0.000257    
1615        	10          	0.03388     	0.0001214   	0.0002975   	0.000121    
1620        	10          	0.02129     	0.0001632   	0.0003005   	0.00016     
1625        	10          	0.01889     	0.0001344   	0.0004075   	9.538e-05   
1630        	10          	0.03182     	0.0001821   	0.0004104   	0.0001719   
1635        	10          	0.02004     	0.0002576   	0.0004591   	0.0001404   
1640        	10          	0.02783     	0.0002821   	0.0003795   	0.0001166   
1645        	10          	0.02766     	0.0001237   	0.0001957   	0.0001868   
1650        	10          	0.02588     	0.0001557   	0.0003098   	6.334e-05   
1655        	10          	0.03282     	5.394e-05   	0.0002545   	8.401e-05   
1660        	10          	0.04267     	0.0004916   	0.0004618   	0.0001339   
1665        	10          	0.04817     	0.0002142   	0.0004519   	0.0002152   
1670        	10          	0.05218     	0.0005654   	0.0003413   	0.0001594   
1675        	10          	0.06428     	0.0001612   	0.0001501   	0.0001562   
1680        	10          	0.06207     	0.0004642   	0.0002664   	0.0003798   
1685        	10          	0.04356     	6.845e-05   	0.0002474   	0.0002289   
1690        	10          	0.05023     	0.000135    	0.000419    	0.0002037   
1695        	10          	0.04669     	7.668e-05   	0.0008894   	0.0004189   
1700        	10          	0.03101     	0.0002662   	0.0001814   	0.0001055   
1705        	10          	0.02817     	9.417e-05   	0.0004621   	0.0001217   
1710        	10          	0.03666     	7.159e-05   	0.0005675   	0.000148    
1715        	10          	0.03101     	8.81e-05    	0.0003354   	5.062e-05   
1720        	10          	0.03632     	5.16e-05    	0.0002501   	5.195e-05   
1725        	10          	0.03128     	0.0001342   	0.0001194   	0.0001311   
1730        	10          	0.04686     	7.621e-05   	0.0002626   	9.032e-05   
1735        	10          	0.03395     	7.205e-05   	0.0003671   	0.0001766   
1740        	10          	0.03445     	0.0001278   	0.0004824   	0.0001311   
1745        	10          	0.02397     	4.202e-05   	0.000226    	0.0001094   
1750        	10          	0.02558     	8.347e-05   	0.0001604   	0.0001559   
1755        	10          	0.02104     	6.549e-05   	0.000366    	0.0002434   
1760        	10          	0.01379     	0.0001284   	0.0002006   	0.000181    
1765        	10          	0.0256      	0.0001127   	0.0002306   	0.0001857   
1770        	10          	0.03475     	0.0001032   	0.0003038   	7.513e-05   
1775        	10          	0.03586     	0.00034     	0.0002384   	6.817e-05   
1780        	10          	0.01893     	9.274e-05   	0.0001122   	0.0001234   
1785        	10          	0.02207     	9.949e-05   	0.0004006   	0.0002536   
1790        	10          	0.02894     	0.0001649   	0.0002042   	0.0001425   
1795        	10          	0.0251      	0.0001667   	0.0004674   	0.0001502   
1800        	10          	0.03007     	0.0001465   	0.0001316   	7.443e-05   
1805        	10          	0.02827     	0.0002133   	0.0005215   	0.0002384   
1810        	10          	0.03234     	9.304e-05   	4.832e-05   	0.0001649   
1815        	10          	0.03834     	0.0002238   	0.0002368   	5.927e-05   
1820        	10          	0.05091     	8.402e-05   	0.0003374   	0.0001925   
1825        	10          	0.03996     	5.539e-05   	0.0002838   	7.469e-05   
1830        	10          	0.04147     	0.0001903   	0.0004287   	0.0001375   
1835        	10          	0.05014     	0.0001597   	0.0004096   	6.288e-05   
1840        	10          	0.046       	0.0001205   	0.0002267   	0.0001186   
1845        	10          	0.03273     	0.0001903   	0.0002694   	0.0001632   
1850        	10          	0.04978     	0.0001259   	0.0001811   	0.000101    
1855        	10          	0.04884     	8.159e-05   	0.0003003   	6.329e-05   
1860        	10          	0.05662     	5.79e-05    	0.0004489   	5.161e-05   
1865        	10          	0.06372     	9.765e-05   	0.0003839   	0.0001331   
1870        	10          	0.03846     	0.0001586   	0.0001194   	7.972e-05   
1875        	10          	0.04199     	0.0002822   	0.0004257   	0.000148    
1880        	10          	0.04157     	0.0002258   	0.0003633   	0.0001287   
1885        	10          	0.03022     	0.0001693   	0.0003821   	0.000157    
1890        	10          	0.03393     	0.0001567   	0.0002587   	0.0001906   
1895        	10          	0.03377     	5.046e-05   	0.0002657   	0.0001364   
1900        	10          	0.03404     	0.0001322   	0.0002683   	0.0001364   
1905        	10          	0.0318      	0.0002277   	0.0002391   	0.0001345   
1910        	10          	0.01894     	0.0002468   	0.0004851   	0.0001435   
1915        	10          	0.03428     	0.0003564   	0.0003631   	0.0002399   
1920        	10          	0.03091     	0.000173    	0.0003673   	0.0002107   
1925        	10          	0.04029     	0.0001023   	0.0002759   	0.0001004   
1930        	10          	0.04979     	9.08e-05    	0.000513    	8.078e-05   
1935        	10          	0.03834     	0.0001436   	0.0004928   	0.0003142   
1940        	10          	0.0349      	9.839e-05   	0.0001548   	0.0001239   
1945        	10          	0.0295      	0.0001013   	0.0001381   	0.0001063   
1950        	10          	0.03249     	5.353e-05   	0.0002224   	0.0001892   
1955        	10          	0.03802     	0.0001134   	0.0003497   	0.0002841   
1960        	10          	0.02471     	0.0001074   	0.0003282   	0.0002283   
1965        	10          	0.02779     	0.0001163   	0.0004273   	0.0001626   
1970        	10          	0.03391     	0.000157    	0.0002781   	0.0003006   
1975        	10          	0.02986     	0.0001078   	0.0001239   	8.942e-05   
1980        	10          	0.02123     	0.0002272   	0.0004283   	9.948e-05   
1985        	10          	0.02799     	0.0002515   	0.0003262   	0.0001415   
1990        	10          	0.03028     	0.0001281   	0.0003791   	0.0001883   
1995        	10          	0.02838     	0.0001785   	0.0002281   	8.515e-05   
2000        	10          	0.03299     	0.0001602   	0.0003194   	9.665e-05   
2005        	10          	0.04217     	9.437e-05   	7.232e-05   	0.0002485   
2010        	10          	0.02784     	8.536e-05   	0.0001162   	0.0001603   
2015        	10          	0.02925     	7.489e-05   	0.0004134   	9.943e-05   
2020        	10          	0.01632     	0.0002085   	0.0003086   	8.993e-05   
2025        	10          	0.02734     	0.0001589   	0.000331    	0.0001014   
2030        	10          	0.02721     	8.605e-05   	0.0003339   	5.288e-05   
2035        	10          	0.03279     	0.0001167   	0.0003678   	0.0001136   
2040        	10          	0.02027     	8.135e-05   	0.0005361   	0.0001468   
2045        	10          	0.01768     	0.0002054   	0.0003865   	0.0002001   
2050        	10          	0.01956     	0.000305    	0.0005147   	0.0001865   
2055        	10          	0.0301      	7.522e-05   	6.233e-05   	0.0001716   
2060        	10          	0.02568     	0.0001442   	0.000348    	0.000119    
2065        	10          	0.03074     	8.586e-05   	0.0007624   	0.0003082   
2070        	10          	0.02252     	8.768e-05   	0.0003538   	0.0004053   
2075        	10          	0.0219      	5.872e-05   	0.0002247   	8.853e-05   
2080        	10          	0.02249     	9.888e-05   	0.0001855   	0.0001498   
2085        	10          	0.02766     	2.958e-05   	0.0004288   	0.0001066   
2090        	10          	0.01928     	0.0001804   	0.0003131   	0.0002005   
2095        	10          	0.02991     	0.0001582   	0.0006711   	0.0003322   
2100        	10          	0.02506     	0.0001463   	0.0005074   	9.563e-05   
2105        	10          	0.02782     	0.000245    	0.0006666   	7.609e-05   
2110        	10          	0.0301      	0.0003609   	0.0006463   	0.0002852   
2115        	10          	0.03879     	0.0001297   	0.0006955   	0.0001985   
2120        	10          	0.03638     	0.0003227   	0.0005235   	0.0001014   
2125        	10          	0.023       	0.0003313   	0.0001295   	0.0001218   
2130        	10          	0.02552     	9.129e-05   	0.0001908   	0.0002439   
2135        	10          	0.02168     	0.000267    	0.001109    	0.0002359   
2140        	10          	0.02661     	7.355e-05   	0.0002445   	9.098e-05   
2145        	10          	0.03888     	0.000226    	0.0006912   	0.0001762   
2150        	10          	0.02023     	5.795e-05   	0.0002877   	0.0001814   
2155        	10          	0.02196     	7.188e-05   	0.0004281   	0.0001853   
2160        	10          	0.02675     	9.336e-05   	0.0003057   	8.148e-05   
2165        	10          	0.01774     	0.0002656   	0.00034     	8.571e-05   
2170        	10          	0.02082     	0.000155    	0.0004113   	0.0001934   
2175        	10          	0.02029     	0.0001299   	0.0002514   	0.0003281   
2180        	10          	0.02639     	0.000195    	0.000239    	7.873e-05   
2185        	10          	0.02879     	0.0002446   	0.0002872   	0.0001023   
2190        	10          	0.02486     	0.0002303   	0.0004382   	0.00021     
2195        	10          	0.03168     	0.0002078   	0.000343    	0.0003691   
2200        	10          	0.01496     	0.0001704   	0.0001294   	0.000301    
2205        	10          	0.01403     	0.000157    	0.0006364   	0.0001207   
2210        	10          	0.02094     	0.0001823   	0.0008201   	0.0001305   
2215        	10          	0.01186     	0.0002006   	0.0008653   	0.0003645   
2220        	10          	0.023       	0.0002895   	0.0003153   	0.0001675   
2225        	10          	0.01408     	0.0001494   	0.0004359   	0.0001264   
2230        	10          	0.03316     	0.0003515   	0.0002996   	0.000184    
2235        	10          	0.03468     	0.0004111   	0.000292    	9.209e-05   
2240        	10          	0.0301      	0.0002178   	0.0006117   	0.0001729   
2245        	10          	0.02734     	9.738e-05   	0.000238    	3.218e-05   
2250        	10          	0.02351     	9.463e-05   	0.0007195   	0.000197    
2255        	10          	0.0166      	5.637e-05   	0.0001179   	0.0001122   
2260        	10          	0.0194      	6.825e-05   	0.0002169   	0.0001001   
2265        	10          	0.01784     	0.0001607   	0.0003552   	0.0002806   
2270        	10          	0.02435     	9.677e-05   	0.000143    	0.0001384   
2275        	10          	0.01267     	0.0001355   	0.0001567   	8.712e-05   
2280        	10          	0.02311     	0.0001716   	0.0001266   	0.0001005   
2285        	10          	0.02296     	0.0001427   	0.0001319   	7.952e-05   
2290        	10          	0.03079     	0.0001099   	0.000405    	7.038e-05   
2295        	10          	0.02771     	0.0001803   	0.000272    	0.0001209   
2300        	10          	0.02014     	2.392e-05   	0.0001906   	0.0001573   
2305        	10          	0.01794     	0.0001836   	0.0002634   	0.0001774   
2310        	10          	0.01706     	0.0001357   	0.0007891   	0.0002274   
2315        	10          	0.01764     	4.771e-05   	0.0001905   	0.0001586   
2320        	10          	0.01596     	0.0001261   	0.0003489   	0.0001553   
2325        	10          	0.01582     	0.0001007   	0.0002142   	0.0002794   
2330        	10          	0.02418     	8.741e-05   	0.0004088   	0.0002018   
2335        	10          	0.01641     	9.937e-05   	0.0001359   	9.081e-05   
2340        	10          	0.02233     	4.969e-05   	0.0003892   	8.131e-05   
2345        	10          	0.02878     	3.827e-05   	0.0005799   	0.000185    
2350        	10          	0.02789     	8.975e-05   	0.000395    	5.329e-05   
2355        	10          	0.02954     	0.0002823   	0.0006282   	0.0002333   
2360        	10          	0.02284     	9.111e-05   	0.0003196   	3.753e-05   
2365        	10          	0.02034     	0.0001066   	0.0005585   	0.0003311   
2370        	10          	0.01458     	6.848e-05   	0.0004377   	9.958e-05   
2375        	10          	0.02414     	4.593e-05   	0.0002111   	4.471e-05   
2380        	10          	0.01864     	0.0001724   	0.0006731   	0.000178    
2385        	10          	0.02704     	0.0001474   	0.0001681   	9.095e-05   
2390        	10          	0.01447     	8.036e-05   	0.0003425   	0.0001374   
2395        	10          	0.0184      	0.0001758   	0.0001848   	0.0001825   
2400        	10          	0.02554     	0.0002439   	0.0002098   	0.0002752   
2405        	10          	0.03024     	5.743e-05   	0.0004925   	0.0001523   
2410        	10          	0.02052     	1.695e-05   	0.0002307   	9.999e-05   
2415        	10          	0.01324     	0.0001568   	0.000159    	9.426e-05   
2420        	10          	0.01719     	0.0001045   	0.0001281   	3.85e-05    
2425        	10          	0.02178     	8.977e-05   	0.0003779   	7.3e-05     
2430        	10          	0.01184     	0.000195    	0.0002301   	0.0001347   
2435        	10          	0.01786     	0.000184    	0.0004351   	8.162e-05   
2440        	10          	0.01433     	0.000193    	0.0006961   	0.0001365   
2445        	10          	0.02383     	0.0001499   	0.0002569   	6.928e-05   
2450        	10          	0.022       	0.0002111   	9.044e-05   	8.391e-05   
2455        	10          	0.02188     	7.459e-05   	8.848e-05   	0.0001087   
2460        	10          	0.03157     	7.826e-05   	0.0002866   	0.0002378   
2465        	10          	0.0276      	5.87e-05    	6.423e-05   	7.696e-05   
2470        	10          	0.02977     	0.0002476   	0.0002826   	9.192e-05   
2475        	10          	0.02989     	0.0002692   	0.00062     	0.0002068   
2480        	10          	0.03278     	0.0001745   	0.0001313   	4.384e-05   
2485        	10          	0.03049     	6.222e-05   	0.00011     	0.0001942   
2490        	10          	0.02794     	0.0001846   	0.0001699   	0.0001369   
2495        	10          	0.04328     	3.108e-05   	0.0003596   	0.0001813   
2500        	10          	0.03751     	0.0001259   	0.000605    	0.0001622   
2505        	10          	0.03271     	0.0001638   	0.000534    	0.0002969   
2510        	10          	0.02783     	0.0001233   	0.0002643   	0.0001572   
2515        	10          	0.03074     	9.574e-05   	0.0001958   	0.0001206   
2520        	10          	0.04156     	0.0001122   	0.0002449   	9.517e-05   
2525        	10          	0.03991     	0.0002016   	0.0004823   	5.538e-05   
2530        	10          	0.02453     	0.0001857   	9.124e-05   	0.0002565   
2535        	10          	0.0214      	9.996e-05   	0.0001358   	0.0001912   
2540        	10          	0.01572     	0.0002772   	0.000208    	0.0001464   
2545        	10          	0.02923     	9.523e-05   	0.0003601   	0.0002253   
2550        	10          	0.02473     	0.0002552   	0.0003117   	0.0002669   
2555        	10          	0.02138     	1.898e-05   	0.000265    	0.000116    
2560        	10          	0.02914     	7.132e-05   	0.0003954   	6.759e-05   
2565        	10          	0.02457     	5.033e-05   	0.0002426   	6.156e-05   
2570        	10          	0.0249      	3.544e-05   	0.0003133   	0.0001143   
2575        	10          	0.02554     	0.0001093   	0.0004553   	6.33e-05    
2580        	10          	0.03722     	0.0001972   	0.0001912   	0.000137    
2585        	10          	0.03335     	0.000258    	0.0003133   	8.494e-05   
2590        	10          	0.02682     	0.0001732   	0.0004746   	6.785e-05   
2595        	10          	0.02466     	0.0001137   	0.0002036   	0.0001571   
2600        	10          	0.02357     	0.0002028   	0.0003496   	0.0001313   
2605        	10          	0.01557     	0.0001557   	0.0004999   	0.0002235   
2610        	10          	0.0145      	0.0001003   	0.0005085   	0.0001861   
2615        	10          	0.01533     	0.0001523   	0.0002845   	0.0001862   
2620        	10          	0.01368     	0.0001153   	0.0002977   	0.0002147   
2625        	10          	0.01471     	0.0001158   	0.0002046   	5.088e-05   
2630        	10          	0.01282     	0.0001198   	0.0003927   	0.0002114   
2635        	10          	0.01222     	0.0001649   	0.0003347   	3.757e-05   
2640        	10          	0.01928     	6.36e-05    	0.0002724   	6.762e-05   
2645        	10          	0.0189      	0.0001393   	0.0007833   	6.687e-05   
2650        	10          	0.02799     	0.0001646   	0.0002483   	5.596e-05   
2655        	10          	0.01874     	7.854e-05   	0.0001529   	5.675e-05   
2660        	10          	0.01682     	8.999e-05   	0.0004269   	8.086e-05   
2665        	10          	0.02633     	0.0002224   	0.0003704   	0.000257    
2670        	10          	0.0169      	7.33e-05    	0.0003132   	5.571e-05   
2675        	10          	0.02094     	0.0001964   	0.0002066   	0.0001548   
2680        	10          	0.02032     	0.000266    	0.0001725   	0.0001506   
2685        	10          	0.02622     	0.0001005   	0.0005271   	0.0003322   
2690        	10          	0.01167     	0.0001644   	0.0005314   	0.0002343   
2695        	10          	0.03356     	0.0001687   	0.0008809   	0.0002256   
2700        	10          	0.0314      	6.652e-05   	0.0002949   	7.778e-05   
2705        	10          	0.04516     	5.825e-05   	0.0001008   	0.0001255   
2710        	10          	0.03939     	9.543e-05   	0.0003262   	9.444e-05   
2715        	10          	0.03762     	0.0001788   	0.0001876   	7.208e-05   
2720        	10          	0.02507     	0.0003257   	0.0003119   	4.715e-05   
2725        	10          	0.02696     	4.833e-05   	0.0002702   	7.856e-05   
2730        	10          	0.02556     	4.072e-05   	0.0003491   	0.0001191   
2735        	10          	0.0268      	0.0001972   	0.0004527   	0.0001617   
2740        	10          	0.02475     	0.0001179   	0.0002472   	0.0001012   
2745        	10          	0.02334     	2.933e-05   	0.0004632   	0.0001183   
2750        	10          	0.03156     	0.0002519   	0.000274    	8.423e-05   
2755        	10          	0.0236      	7.358e-05   	0.0001515   	0.0001445   
2760        	10          	0.02993     	0.0001444   	0.0004137   	0.0001024   
2765        	10          	0.02107     	0.0001282   	0.0002419   	0.0001518   
2770        	10          	0.02251     	0.0002496   	0.000199    	0.0001921   
2775        	10          	0.02438     	0.0001812   	0.000129    	0.0002012   
2780        	10          	0.02396     	0.000124    	0.0002971   	7.116e-05   
2785        	10          	0.02123     	7.863e-05   	0.0005513   	0.0001236   
2790        	10          	0.03634     	0.0001033   	0.0004809   	0.0001654   
2795        	10          	0.02678     	0.00013     	0.0001799   	0.0001252   
2800        	10          	0.02129     	0.0002717   	0.0003245   	0.0001646   
2805        	10          	0.01296     	0.0001691   	0.0001363   	0.000217    
2810        	10          	0.01858     	0.00013     	0.0003006   	2.753e-05   
2815        	10          	0.03736     	0.000116    	5.294e-05   	0.0002979   
2820        	10          	0.02406     	0.000172    	0.0001527   	0.0001378   
2825        	10          	0.02421     	8.014e-05   	0.0003127   	0.0001436   
2830        	10          	0.03866     	0.0001854   	0.0002005   	0.0001193   
2835        	10          	0.02208     	1.166e-05   	0.0001486   	0.0001557   
2840        	10          	0.02739     	0.0001738   	0.0003552   	0.0001751   
2845        	10          	0.0276      	0.0001021   	0.0002066   	0.0001509   
2850        	10          	0.0395      	5.636e-05   	0.0002494   	3.781e-05   
2855        	10          	0.02654     	0.000162    	0.0003251   	8.453e-05   
2860        	10          	0.03827     	0.0002117   	0.0005901   	0.000256    
2865        	10          	0.02716     	0.0001196   	0.0004454   	7.548e-05   
2870        	10          	0.03154     	7.22e-05    	0.0002904   	0.000248    
2875        	10          	0.02513     	7.047e-05   	0.000241    	9.541e-05   
2880        	10          	0.02143     	7.597e-05   	0.0002907   	0.0001452   
2885        	10          	0.02536     	5.59e-05    	0.000206    	0.0001239   
2890        	10          	0.0161      	8.418e-05   	0.0001032   	7.139e-05   
2895        	10          	0.02017     	0.000142    	0.0001968   	0.0001067   
2900        	10          	0.02062     	0.0002129   	0.0007073   	0.0001703   
2905        	10          	0.01207     	5.24e-05    	0.0002955   	9.35e-05    
2910        	10          	0.02157     	4.227e-05   	0.0008742   	0.0002843   
2915        	10          	0.01556     	0.0002009   	0.0008244   	0.0002003   
2920        	10          	0.01971     	8.528e-05   	0.0001695   	0.0001277   
2925        	10          	0.02107     	0.0001571   	0.0003298   	0.0001567   
2930        	10          	0.01663     	0.0003735   	0.0006399   	0.0001511   
2935        	10          	0.02066     	8.01e-05    	0.0003148   	0.0002143   
2940        	10          	0.01769     	0.0001721   	0.0003434   	0.0001142   
2945        	10          	0.02629     	0.000119    	0.0004663   	0.0001596   
2950        	10          	0.0229      	0.000143    	0.0002903   	0.0001358   
2955        	10          	0.02619     	7.339e-05   	0.0004653   	0.0001616   
2960        	10          	0.01641     	0.0001476   	0.0002292   	4.464e-05   
2965        	10          	0.0184      	0.000174    	0.0002054   	8.807e-05   
2970        	10          	0.03211     	0.000193    	0.0003968   	0.0002502   
2975        	10          	0.02511     	0.000117    	0.0003461   	0.0002108   
2980        	10          	0.02584     	0.0001689   	0.0001048   	0.0001165   
2985        	10          	0.03001     	0.0001303   	0.0002162   	0.0001943   
2990        	10          	0.03569     	0.0001115   	0.0002869   	0.0001675   
2995        	10          	0.0228      	7.363e-05   	0.0001505   	0.0001183   
3000        	10          	0.03232     	9.481e-05   	0.0001947   	0.0001396   
3005        	10          	0.04393     	0.0001774   	0.0001737   	9.864e-05   
3010        	10          	0.03957     	0.0001335   	0.0003519   	6.214e-05   
3015        	10          	0.02764     	0.0001513   	0.0003153   	0.0001811   
3020        	10          	0.03736     	0.0001578   	0.0003066   	0.0001242   
3025        	10          	0.03791     	0.0001103   	0.0005419   	0.0001247   
3030        	10          	0.03696     	0.0002561   	0.0002683   	6.624e-05   
3035        	10          	0.03888     	7.61e-05    	0.0003846   	0.000173    
3040        	10          	0.02075     	9.183e-05   	0.0003689   	0.0002147   
3045        	10          	0.0165      	0.0001646   	0.0002268   	0.000283    
3050        	10          	0.02969     	0.0001888   	0.0001565   	0.000246    
3055        	10          	0.02779     	7.801e-05   	0.0001762   	0.0001041   
3060        	10          	0.02485     	7.881e-05   	0.0002152   	4.946e-05   
3065        	10          	0.01797     	0.0001335   	0.0002895   	0.0001222   
3070        	10          	0.01551     	0.000114    	0.0001837   	4.557e-05   
3075        	10          	0.02099     	0.0001479   	0.0002293   	0.0001952   
3080        	10          	0.02003     	6.328e-05   	0.0003049   	7.256e-05   
3085        	10          	0.02379     	8.075e-05   	0.0008058   	0.0002567   
3090        	10          	0.02807     	3.398e-05   	0.0003172   	0.0001978   
3095        	10          	0.02661     	8.084e-05   	0.0002004   	8.49e-05    
3100        	10          	0.02239     	8.43e-05    	0.000369    	0.0002468   
3105        	10          	0.02708     	0.0002484   	0.0003028   	0.0001422   
3110        	10          	0.01975     	0.0003023   	0.0004824   	0.000177    
3115        	10          	0.01997     	6.343e-05   	0.0006459   	0.0002457   
3120        	10          	0.02928     	0.0002988   	0.000576    	0.0001378   
3125        	10          	0.02472     	9.513e-05   	0.0003407   	0.0001161   
3130        	10          	0.03072     	0.0003399   	0.0007005   	0.0003037   
3135        	10          	0.02927     	9.163e-05   	0.0002688   	0.0001388   
3140        	10          	0.03686     	0.0002007   	0.0007472   	0.0001805   
3145        	10          	0.04034     	0.0003218   	0.0007394   	0.0001789   
3150        	10          	0.03062     	0.0001331   	0.00031     	0.0001505   
3155        	10          	0.02072     	0.0001924   	0.0002408   	3.236e-05   
3160        	10          	0.01939     	5.268e-05   	0.0002481   	3.805e-05   
3165        	10          	0.01654     	0.0002458   	0.0002712   	5.234e-05   
3170        	10          	0.02147     	0.0001006   	0.0005268   	5.864e-05   
3175        	10          	0.03682     	0.0001602   	0.000163    	0.0001614   
3180        	10          	0.03258     	0.0001573   	0.0002725   	0.0001646   
3185        	10          	0.03434     	9.249e-05   	0.0001518   	0.0002634   
3190        	10          	0.02677     	0.0002553   	0.0001996   	0.0001304   
3195        	10          	0.02261     	0.0002488   	0.0007016   	9.004e-05   
3200        	10          	0.02356     	0.0002145   	0.0003331   	0.0002289   
3205        	10          	0.02447     	0.0001099   	0.0006756   	0.0004162   
3210        	10          	0.02118     	0.0002244   	0.0005551   	0.0001462   
3215        	10          	0.02206     	0.0001251   	0.0005406   	7.857e-05   
3220        	10          	0.03108     	0.0001855   	0.0002432   	0.000135    
3225        	10          	0.0339      	0.0001176   	0.0002599   	6.419e-05   
3230        	10          	0.02878     	0.0001022   	0.0001661   	0.0001865   
3235        	10          	0.02534     	6.05e-05    	0.0002883   	0.000145    
3240        	10          	0.02935     	8.025e-05   	0.0004354   	0.0002486   
3245        	10          	0.02393     	0.0001535   	8.087e-05   	0.0001177   
3250        	10          	0.02856     	8.015e-05   	0.0002261   	7.397e-05   
3255        	10          	0.04444     	8.483e-05   	0.000121    	7.505e-05   
3260        	10          	0.02853     	5.756e-05   	0.000293    	0.0001187   
3265        	10          	0.03123     	0.0001524   	0.0003191   	7.859e-05   
3270        	10          	0.04267     	0.0003068   	0.0003225   	0.0002325   
3275        	10          	0.02407     	0.0001707   	0.0002043   	0.0001409   
3280        	10          	0.0309      	0.0001394   	0.0001617   	0.0002338   
3285        	10          	0.03222     	7.428e-05   	0.0002112   	8.551e-05   
3290        	10          	0.02541     	0.0001896   	0.0003321   	0.0001552   
3295        	10          	0.04393     	5.664e-05   	0.0003652   	0.0003675   
3300        	10          	0.04025     	0.0001084   	0.00041     	0.000114    
3305        	10          	0.03493     	0.0003972   	0.0001425   	0.0001623   
3310        	10          	0.04149     	0.0001459   	0.001042    	0.0001241   
3315        	10          	0.04097     	9.814e-05   	0.0004971   	0.0001849   
3320        	10          	0.03508     	0.000161    	0.000363    	0.0001012   
3325        	10          	0.02875     	6.732e-05   	4.358e-05   	8.785e-05   
3330        	10          	0.03269     	8.811e-05   	0.0006063   	0.0001478   
3335        	10          	0.02527     	0.0001144   	0.001153    	0.0001256   
3340        	10          	0.03656     	0.0001222   	0.0003914   	0.0001707   
3345        	10          	0.02811     	0.0001413   	0.0001732   	0.0001058   
3350        	10          	0.02347     	8.817e-05   	0.0002967   	0.0001455   
3355        	10          	0.036       	0.0001227   	9.99e-05    	0.00014     
3360        	10          	0.04528     	0.0002237   	0.0006781   	0.0001615   
3365        	10          	0.02901     	7.26e-05    	0.0003792   	9.391e-05   
3370        	10          	0.01864     	0.0001511   	0.0001314   	0.0001434   
3375        	10          	0.02507     	0.0001072   	0.0003141   	8.626e-05   
3380        	10          	0.037       	0.0001287   	0.0006426   	0.0002713   
3385        	10          	0.02295     	0.000147    	0.0003114   	9.336e-05   
3390        	10          	0.02252     	0.0001649   	0.0003012   	0.0001186   
3395        	10          	0.02601     	9.109e-05   	0.0003329   	0.0001248   
3400        	10          	0.02757     	0.0001359   	0.0003535   	4.034e-05   
3405        	10          	0.0175      	0.0001548   	0.0004646   	8.554e-05   
3410        	10          	0.02943     	8.904e-05   	0.0005506   	0.0001492   
3415        	10          	0.02625     	0.0001122   	0.00029     	0.0002492   
3420        	10          	0.01134     	0.0001565   	9.461e-05   	0.0002588   
3425        	10          	0.02129     	9.848e-05   	0.000222    	5.461e-05   
3430        	10          	0.02006     	0.0001062   	0.0003689   	0.000115    
3435        	10          	0.01067     	0.0001687   	0.0003358   	0.0001358   
3440        	10          	0.01904     	0.0001181   	0.0002063   	0.0001529   
3445        	10          	0.01851     	0.0002479   	0.0002658   	7.808e-05   
3450        	10          	0.02307     	8.749e-05   	0.0003423   	0.000131    
3455        	10          	0.0169      	0.0001688   	0.0002455   	0.0001059   
3460        	10          	0.02196     	8.151e-05   	0.0002694   	0.000103    
3465        	10          	0.02228     	6.999e-05   	0.0005389   	0.0001056   
3470        	10          	0.031       	0.0001787   	0.0002891   	6.641e-05   
3475        	10          	0.03172     	6.542e-05   	0.0002178   	0.0001068   
3480        	10          	0.03404     	9.108e-05   	0.0001961   	0.0001202   
3485        	10          	0.0368      	0.0001696   	0.0002612   	0.0001207   
3490        	10          	0.0308      	8.95e-05    	0.0003998   	5.602e-05   
3495        	10          	0.03724     	0.0002526   	0.0002527   	0.0001028   
3500        	10          	0.039       	0.0002445   	7.856e-05   	5.311e-05   
3505        	10          	0.03528     	9.512e-05   	0.0002571   	0.0002781   
3510        	10          	0.0294      	5.174e-05   	0.0002432   	7.879e-05   
3515        	10          	0.03034     	0.0002375   	0.0003927   	9.5e-05     
3520        	10          	0.03489     	7.969e-05   	0.0005677   	7.985e-05   
3525        	10          	0.02125     	1.98e-05    	0.0004858   	0.0001038   
3530        	10          	0.02401     	0.0002148   	0.0003142   	0.0001677   
3535        	10          	0.01844     	0.0002678   	0.0001286   	9.11e-05    
3540        	10          	0.01723     	0.0001463   	6.764e-05   	0.0001627   
3545        	10          	0.02229     	8.67e-05    	0.0001686   	0.0001902   
3550        	10          	0.02243     	7.246e-05   	0.0002381   	9.691e-05   
3555        	10          	0.01768     	0.0001519   	0.0005379   	0.0001437   
3560        	10          	0.01561     	0.0001251   	0.0007863   	0.0001172   
3565        	10          	0.01651     	0.0001803   	0.0005809   	0.0004126   
3570        	10          	0.02056     	0.0001382   	0.0002025   	0.0001278   
3575        	10          	0.01996     	0.0002019   	0.0003827   	5.06e-05    
3580        	10          	0.01849     	0.0001077   	0.0004218   	0.0002021   
3585        	10          	0.01734     	0.0001205   	0.0004113   	8.098e-05   
3590        	10          	0.01716     	0.0002206   	0.0002547   	0.0001113   
3595        	10          	0.01928     	7.187e-05   	0.0002273   	0.0001342   
3600        	10          	0.01162     	3.199e-05   	0.0002246   	0.0001964   
3605        	10          	0.01523     	7.729e-05   	0.0003167   	0.0001482   
3610        	10          	0.01966     	0.000312    	0.0003233   	9.182e-05   
3615        	10          	0.01569     	6.778e-05   	0.0005868   	0.000212    
3620        	10          	0.01951     	0.0002776   	0.0006988   	0.0004099   
3625        	10          	0.02157     	9.654e-05   	0.0005863   	6.689e-05   
3630        	10          	0.02329     	0.0002711   	0.0002732   	0.0002679   
3635        	10          	0.01943     	0.0001233   	4.648e-05   	9.358e-05   
3640        	10          	0.03334     	0.0002725   	0.0003829   	9.158e-05   
3645        	10          	0.03747     	0.0001039   	0.0004563   	0.0002199   
3650        	10          	0.02814     	0.00019     	0.0003899   	8.338e-05   
3655        	10          	0.03718     	9.387e-05   	0.0002152   	0.0002164   
3660        	10          	0.02821     	0.0001649   	0.0003331   	0.0001249   
3665        	10          	0.01756     	0.0001295   	0.0001679   	6.466e-05   
3670        	10          	0.01506     	8.505e-05   	0.0001015   	8.787e-05   
3675        	10          	0.02356     	0.0003217   	0.0006378   	8.459e-05   
3680        	10          	0.02356     	0.000211    	0.000578    	0.0002114   
3685        	10          	0.01472     	8.207e-05   	0.0001196   	0.0001086   
3690        	10          	0.01539     	0.0001259   	0.0002548   	0.0002333   
3695        	10          	0.01954     	0.0001046   	0.00017     	9.767e-05   
3700        	10          	0.02412     	0.0001671   	0.0003014   	4.162e-05   
3705        	10          	0.01639     	8.778e-05   	0.00025     	0.0001375   
3710        	10          	0.01756     	0.0001964   	0.0003585   	0.0002457   
3715        	10          	0.02423     	0.0003138   	0.0002534   	2.494e-05   
3720        	10          	0.02719     	0.0001876   	0.0003488   	0.0001215   
3725        	10          	0.03866     	0.0001353   	0.0008582   	0.0004485   
3730        	10          	0.03328     	9.981e-05   	0.0001496   	7.795e-05   
3735        	10          	0.0315      	0.0001382   	0.0004948   	0.0001057   
3740        	10          	0.03643     	0.000104    	0.0004291   	2.83e-05    
3745        	10          	0.03018     	0.0001734   	0.0006516   	0.0001314   
3750        	10          	0.03211     	0.0001853   	0.0003728   	0.0001195   
3755        	10          	0.02934     	0.0001024   	0.0003528   	8.787e-05   
3760        	10          	0.02567     	0.0001103   	0.0001695   	0.0001223   
3765        	10          	0.02883     	3.573e-05   	0.0005224   	0.0001113   
3770        	10          	0.02621     	0.0001457   	0.001503    	0.0003086   
3775        	10          	0.0298      	0.0001669   	0.0006361   	0.0001911   
3780        	10          	0.04746     	0.0001686   	0.0005792   	0.0003366   
3785        	10          	0.02612     	0.0001095   	5.987e-05   	0.0001132   
3790        	10          	0.02851     	0.0003347   	0.0003935   	0.0001753   
3795        	10          	0.02761     	0.0001074   	0.0001891   	4.719e-05   
3800        	10          	0.03296     	0.0001699   	0.0003594   	0.00015     
3805        	10          	0.02216     	5.761e-05   	0.0003775   	0.0001267   
3810        	10          	0.0223      	0.0002679   	0.0008045   	0.0001826   
3815        	10          	0.01391     	0.0001183   	0.0002959   	0.0001367   
3820        	10          	0.01679     	0.0001352   	0.0002045   	8.474e-05   
3825        	10          	0.01272     	6.735e-05   	0.0003202   	0.0001284   
3830        	10          	0.02519     	0.0002232   	0.0001841   	0.0001436   
3835        	10          	0.01899     	0.0001661   	0.0001831   	9.861e-05   
3840        	10          	0.01893     	0.0001374   	0.0001306   	9.828e-05   
3845        	10          	0.02375     	0.0002196   	0.0001721   	8.314e-05   
3850        	10          	0.027       	0.0001639   	0.0003963   	0.000256    
3855        	10          	0.03111     	7.326e-05   	0.0002225   	5.719e-05   
3860        	10          	0.02274     	0.000159    	0.0001188   	9.951e-05   
3865        	10          	0.01957     	1.758e-05   	0.0004094   	9.24e-05    
3870        	10          	0.01832     	5.204e-05   	0.000191    	0.0001175   
3875        	10          	0.02347     	8.695e-05   	0.0001924   	0.0001381   
3880        	10          	0.01879     	7.986e-05   	0.000332    	0.0001448   
3885        	10          	0.0244      	0.0001567   	0.0003889   	0.0002095   
3890        	10          	0.01968     	0.0001738   	0.0001559   	0.000134    
3895        	10          	0.01647     	8.987e-05   	0.0003014   	0.0002703   
3900        	10          	0.02807     	8.745e-05   	0.0002698   	9.22e-05    
3905        	10          	0.01977     	7.611e-05   	0.0001707   	4.121e-05   
3910        	10          	0.02147     	5.363e-05   	0.0001471   	0.000114    
3915        	10          	0.02666     	5.041e-05   	0.0001724   	0.0001021   
3920        	10          	0.01497     	0.0001926   	0.000247    	0.0002167   
3925        	10          	0.01439     	6.203e-05   	0.0002282   	0.0001662   
3930        	10          	0.01166     	4.698e-05   	0.0002351   	0.0002227   
3935        	10          	0.01543     	0.0001104   	0.0003518   	0.0001966   
3940        	10          	0.02296     	7.382e-05   	0.0002661   	1.732e-05   
3945        	10          	0.0204      	0.0002471   	0.0007364   	0.0001043   
3950        	10          	0.0264      	0.0001939   	0.0004383   	6.32e-05    
3955        	10          	0.01636     	8.462e-05   	0.0002974   	0.0001116   
3960        	10          	0.01336     	6.311e-05   	0.0002297   	0.0001266   
3965        	10          	0.01346     	0.0001685   	0.0001982   	5.52e-05    
3970        	10          	0.01327     	0.0001277   	0.0002548   	9.751e-05   
3975        	10          	0.0094      	0.0001487   	0.0004152   	0.0001777   
3980        	10          	0.01427     	0.0002021   	0.0003301   	0.0002194   
3985        	10          	0.01925     	6.227e-05   	0.000557    	0.0002042   
3990        	10          	0.02371     	0.0001727   	0.000404    	9.752e-05   
3995        	10          	0.02041     	0.0002956   	0.0004324   	0.0001161   
4000        	10          	0.01314     	2.695e-05   	0.0002742   	0.0001822   
4005        	10          	0.01517     	0.0003831   	0.0002403   	0.0001755   
4010        	10          	0.01023     	0.0005105   	0.0007352   	0.0002028   
4015        	10          	0.008711    	0.001114    	0.0009401   	0.0001351   
4020        	10          	0.0151      	0.001464    	0.001431    	0.0001365   
4025        	10          	0.0076      	0.001777    	0.002276    	0.0001595   
4030        	10          	0.0089      	0.001769    	0.001961    	0.0003896   
4035        	10          	0.0108      	0.001405    	0.002503    	0.0001454   
4040        	10          	0.01873     	0.002274    	0.002372    	0.0007965   
4045        	10          	0.0189      	0.001585    	0.002156    	0.001022    
4050        	10          	0.01414     	0.001534    	0.001486    	0.001517    
4055        	10          	0.007836    	0.001665    	0.002213    	0.001802    
4060        	10          	0.01184     	0.002271    	0.00202     	0.0009778   
4065        	10          	0.01123     	0.002774    	0.002751    	0.001684    
4070        	10          	0.01912     	0.00492     	0.003592    	0.00303     
4075        	10          	0.01773     	0.003572    	0.002759    	0.001851    
4080        	10          	0.01663     	0.004662    	0.002699    	0.002624    
4085        	10          	0.01439     	0.005888    	0.003839    	0.002875    
4090        	10          	0.006233    	0.00664     	0.003767    	0.00412     
4095        	10          	0.01961     	0.006218    	0.004942    	0.004232    
4100        	10          	0.01921     	0.004588    	0.004776    	0.004997    
4105        	10          	0.0198      	0.007283    	0.005462    	0.004152    
4110        	10          	0.01588     	0.00761     	0.005036    	0.003985    
4115        	10          	0.01128     	0.007455    	0.004137    	0.002749    
4120        	10          	0.01247     	0.006928    	0.008157    	0.004456    
4125        	10          	0.01136     	0.008902    	0.004814    	0.004685    
4130        	10          	0.008669    	0.009921    	0.005599    	0.006547    
4135        	10          	0.009525    	0.00793     	0.004255    	0.006335    
4140        	10          	0.003181    	0.008526    	0.005138    	0.007925    
4145        	10          	0.006169    	0.009079    	0.00193     	0.006977    
4150        	10          	0.003581    	0.008652    	0.002353    	0.009379    
4155        	10          	0.002803    	0.008449    	0.00239     	0.01187     
4160        	10          	0.004822    	0.008152    	0.003913    	0.01262     
4165        	10          	0.002403    	0.007287    	0.005835    	0.01213     
4170        	10          	0.002947    	0.008851    	0.005482    	0.01097     
4175        	10          	0.003003    	0.008949    	0.006564    	0.01046     
4180        	10          	0.005792    	0.009343    	0.005577    	0.01152     
4185        	10          	0.002222    	0.008273    	0.007125    	0.008509    
4190        	10          	0.004514    	0.005751    	0.006082    	0.01089     
4195        	10          	0.007067    	0.007437    	0.005945    	0.008134    
4200        	10          	0.005711    	0.007707    	0.003944    	0.00767     
4205        	10          	0.002892    	0.006865    	0.004393    	0.008432    
4210        	10          	0.003847    	0.006624    	0.003814    	0.006404    
4215        	10          	0.007458    	0.006488    	0.002734    	0.007428    
4220        	10          	0.006456    	0.004969    	0.003052    	0.005975    
4225        	10          	0.01252     	0.004905    	0.002004    	0.007074    
4230        	10          	0.008544    	0.005689    	0.003661    	0.007592    
4235        	10          	0.007669    	0.006267    	0.004072    	0.007038    
4240        	10          	0.0103      	0.004754    	0.004191    	0.005893    
4245        	10          	0.01032     	0.005189    	0.002677    	0.006941    
4250        	10          	0.01534     	0.00744     	0.001583    	0.009997    
4255        	10          	0.01243     	0.007185    	0.002379    	0.006928    
4260        	10          	0.009178    	0.006753    	0.003612    	0.009577    
4265        	10          	0.007822    	0.007349    	0.003389    	0.00923     
4270        	10          	0.005489    	0.006884    	0.003953    	0.009078    
4275        	10          	0.0081      	0.007728    	0.002955    	0.008788    
4280        	10          	0.01229     	0.009074    	0.002871    	0.007564    
4285        	10          	0.006211    	0.007178    	0.00315     	0.009757    
4290        	10          	0.01617     	0.007174    	0.002972    	0.01055     
4295        	10          	0.01196     	0.006501    	0.002034    	0.01009     
4300        	10          	0.007289    	0.006562    	0.001958    	0.01016     
4305        	10          	0.01356     	0.005885    	0.001972    	0.01231     
4310        	10          	0.01078     	0.005125    	0.00305     	0.01098     
4315        	10          	0.008433    	0.004898    	0.003246    	0.009842    
4320        	10          	0.009933    	0.003895    	0.002915    	0.009372    
4325        	10          	0.007281    	0.005681    	0.002836    	0.009988    
4330        	10          	0.01283     	0.005723    	0.002842    	0.009881    
4335        	10          	0.008503    	0.006632    	0.003981    	0.00883     
4340        	10          	0.009903    	0.006894    	0.003502    	0.007853    
4345        	10          	0.008169    	0.005363    	0.003382    	0.00943     
4350        	10          	0.01495     	0.0052      	0.004007    	0.01048     
4355        	10          	0.008456    	0.00509     	0.003846    	0.008341    
4360        	10          	0.0131      	0.005641    	0.00373     	0.007862    
4365        	10          	0.01468     	0.005249    	0.003422    	0.007933    
4370        	10          	0.01661     	0.00495     	0.003642    	0.007474    
4375        	10          	0.01724     	0.003742    	0.002546    	0.006       
4380        	10          	0.02149     	0.004047    	0.003053    	0.006664    
4385        	10          	0.01399     	0.004244    	0.003029    	0.005809    
4390        	10          	0.019       	0.003516    	0.004601    	0.006661    
4395        	10          	0.01378     	0.003941    	0.005718    	0.006519    
4400        	10          	0.008211    	0.004208    	0.005813    	0.006372    
4405        	10          	0.01071     	0.005525    	0.006298    	0.006645    
4410        	10          	0.0071      	0.005126    	0.007063    	0.007565    
4415        	10          	0.01439     	0.004646    	0.005924    	0.00728     
4420        	10          	0.01582     	0.004772    	0.004754    	0.006507    
4425        	10          	0.0128      	0.005162    	0.004491    	0.007634    
4430        	10          	0.01167     	0.005006    	0.003192    	0.005244    
4435        	10          	0.007025    	0.005172    	0.002102    	0.004341    
4440        	10          	0.006667    	0.004046    	0.003619    	0.006299    
4445        	10          	0.01183     	0.005041    	0.004737    	0.007911    
4450        	10          	0.0104      	0.006294    	0.004477    	0.006303    
4455        	10          	0.01097     	0.006548    	0.005159    	0.005898    
4460        	10          	0.0114      	0.005425    	0.005149    	0.006726    
4465        	10          	0.006747    	0.005794    	0.003686    	0.004599    
4470        	10          	0.01079     	0.005486    	0.003476    	0.004068    
4475        	10          	0.004803    	0.00631     	0.003787    	0.005124    
4480        	10          	0.01028     	0.006121    	0.003436    	0.004675    
4485        	10          	0.007614    	0.006093    	0.003094    	0.004832    
4490        	10          	0.01393     	0.005099    	0.002331    	0.004804    
4495        	10          	0.01051     	0.004225    	0.001823    	0.004434    
4500        	10          	0.0075      	0.002895    	0.002762    	0.003608    
4505        	10          	0.01095     	0.003351    	0.002664    	0.003686    
4510        	10          	0.01127     	0.004031    	0.003388    	0.004605    
4515        	10          	0.01125     	0.004211    	0.002121    	0.003593    
4520        	10          	0.008456    	0.003718    	0.002303    	0.002385    
4525        	10          	0.006122    	0.003167    	0.002573    	0.002425    
4530        	10          	0.006836    	0.003382    	0.002663    	0.002173    
4535        	10          	0.01107     	0.003921    	0.002463    	0.0027      
4540        	10          	0.01099     	0.003587    	0.002525    	0.003495    
4545        	10          	0.006747    	0.002735    	0.002134    	0.002482    
4550        	10          	0.003956    	0.004086    	0.002745    	0.003357    
4555        	10          	0.004803    	0.002831    	0.002622    	0.002266    
4560        	10          	0.0054      	0.00261     	0.003632    	0.003278    
4565        	10          	0.007569    	0.002199    	0.00297     	0.00235     
4570        	10          	0.006933    	0.002912    	0.002784    	0.002783    
4575        	10          	0.0141      	0.001999    	0.002649    	0.00295     
4580        	10          	0.01195     	0.001433    	0.003847    	0.002603    
4585        	10          	0.008678    	0.001822    	0.003517    	0.002247    
4590        	10          	0.006303    	0.002248    	0.003067    	0.002731    
4595        	10          	0.005378    	0.003769    	0.003853    	0.003611    
4600        	10          	0.004558    	0.004024    	0.002914    	0.002996    
4605        	10          	0.005989    	0.003788    	0.002436    	0.003918    
4610        	10          	0.005789    	0.003402    	0.002455    	0.004239    
4615        	10          	0.006636    	0.00315     	0.002012    	0.004561    
4620        	10          	0.0065      	0.00381     	0.002908    	0.005439    
4625        	10          	0.009678    	0.004729    	0.002975    	0.006736    
4630        	10          	0.0079      	0.001848    	0.002775    	0.004725    
4635        	10          	0.01275     	0.001595    	0.003447    	0.005973    
4640        	10          	0.006989    	0.002132    	0.004102    	0.00449     
4645        	10          	0.01188     	0.002819    	0.004946    	0.006414    
4650        	10          	0.01414     	0.003578    	0.004743    	0.006782    
4655        	10          	0.0121      	0.00325     	0.005164    	0.007117    
4660        	10          	0.008822    	0.002918    	0.005307    	0.005877    
4665        	10          	0.009803    	0.004783    	0.005776    	0.005222    
4670        	10          	0.009622    	0.003745    	0.005894    	0.005121    
4675        	10          	0.007692    	0.004164    	0.00507     	0.005059    
4680        	10          	0.009947    	0.004441    	0.004733    	0.004367    
4685        	10          	0.005156    	0.003214    	0.002702    	0.004446    
4690        	10          	0.001489    	0.002758    	0.002524    	0.004271    
4695        	10          	0.006989    	0.004353    	0.003403    	0.004178    
4700        	10          	0.0069      	0.004229    	0.003848    	0.004794    
4705        	10          	0.009181    	0.002253    	0.00284     	0.004115    
4710        	10          	0.003178    	0.002616    	0.002188    	0.00217     
4715        	10          	0.006303    	0.00229     	0.002524    	0.0023      
4720        	10          	0.005836    	0.002249    	0.002124    	0.002265    
4725        	10          	0.006167    	0.00421     	0.00215     	0.002219    
4730        	10          	0.006767    	0.003582    	0.003113    	0.00162     
4735        	10          	0.009847    	0.003677    	0.003193    	0.001349    
4740        	10          	0.005322    	0.004425    	0.003525    	0.001935    
4745        	10          	0.006903    	0.004921    	0.002966    	0.001451    
4750        	10          	0.003289    	0.006363    	0.003932    	0.001282    
4755        	10          	0.008358    	0.005897    	0.003087    	0.00141     
4760        	10          	0.005281    	0.005753    	0.003212    	0.001057    
4765        	10          	0.007711    	0.005729    	0.003773    	0.002275    
4770        	10          	0.009889    	0.005917    	0.002977    	0.002471    
4775        	10          	0.005836    	0.005331    	0.00244     	0.002358    
4780        	10          	0.008025    	0.006643    	0.004646    	0.002572    
4785        	10          	0.01451     	0.005451    	0.003853    	0.001677    
4790        	10          	0.01032     	0.005318    	0.003045    	0.001644    
4795        	10          	0.0106      	0.006119    	0.003482    	0.001426    
4800        	10          	0.006011    	0.005363    	0.004045    	0.001516    
4805        	10          	0.009567    	0.005362    	0.004015    	0.001723    
4810        	10          	0.01325     	0.005546    	0.003863    	0.001577    
4815        	10          	0.01689     	0.006285    	0.004587    	0.001988    
4820        	10          	0.01025     	0.007269    	0.004677    	0.002729    
4825        	10          	0.006378    	0.005788    	0.004657    	0.001673    
4830        	10          	0.008858    	0.004546    	0.004499    	0.001195    
4835        	10          	0.007989    	0.004143    	0.004478    	0.001501    
4840        	10          	0.01014     	0.003388    	0.00349     	0.001337    
4845        	10          	0.004581    	0.003471    	0.003504    	0.001845    
4850        	10          	0.009       	0.002907    	0.004277    	0.00156     
4855        	10          	0.006414    	0.002699    	0.00466     	0.001995    
4860        	10          	0.006167    	0.002702    	0.005184    	0.00274     
4865        	10          	0.006358    	0.002526    	0.004973    	0.003041    
4870        	10          	0.007844    	0.001822    	0.004123    	0.002338    
4875        	10          	0.007336    	0.002048    	0.004678    	0.002611    
4880        	10          	0.007836    	0.002405    	0.004867    	0.00246     
4885        	10          	0.004044    	0.002582    	0.004864    	0.002376    
4890        	10          	0.007378    	0.002922    	0.004218    	0.00339     
4895        	10          	0.007378    	0.002064    	0.004552    	0.003594    
4900        	10          	0.005944    	0.002928    	0.005719    	0.003592    
4905        	10          	0.01078     	0.002633    	0.006145    	0.003479    
4910        	10          	0.007544    	0.003009    	0.005992    	0.003916    
4915        	10          	0.008989    	0.003174    	0.006441    	0.003846    
4920        	10          	0.004692    	0.002673    	0.00529     	0.002861    
4925        	10          	0.004011    	0.002395    	0.005078    	0.00274     
4930        	10          	0.004569    	0.002536    	0.004298    	0.002605    
4935        	10          	0.009114    	0.002393    	0.004088    	0.003279    
4940        	10          	0.007611    	0.00225     	0.004404    	0.003032    
4945        	10          	0.006914    	0.003457    	0.005186    	0.003267    
4950        	10          	0.009003    	0.002717    	0.003847    	0.003475    
4955        	10          	0.0081      	0.00347     	0.004365    	0.003758    
4960        	10          	0.004322    	0.002215    	0.003257    	0.003858    
4965        	10          	0.006844    	0.002413    	0.002981    	0.00359     
4970        	10          	0.006414    	0.003042    	0.003828    	0.004061    
4975        	10          	0.006511    	0.002833    	0.003116    	0.004007    
4980        	10          	0.0105      	0.002216    	0.004228    	0.003072    
4985        	10          	0.0055      	0.002751    	0.004007    	0.002223    
4990        	10          	0.003114    	0.002627    	0.003622    	0.001995    
4995        	10          	0.003178    	0.001749    	0.004103    	0.002036    
5000        	10          	0.002956    	0.002471    	0.003409    	0.001828    
