generation  	alive.rpl   	n.adlt.rs   	n.adlt.fst.wc_p1-2	n.adlt.fst.wc_p1-3	n.adlt.fst.wc_p2-3
5           	10          	17.55       	0.01166     	0.01443     	0.01178     
10          	10          	16.2        	0.01683     	0.02795     	0.01691     
15          	10          	15.13       	0.02025     	0.03584     	0.01949     
20          	10          	14.25       	0.02096     	0.04234     	0.01993     
25          	10          	13.39       	0.02172     	0.04426     	0.02377     
30          	10          	12.9        	0.02293     	0.04826     	0.01894     
35          	10          	12.31       	0.02436     	0.04763     	0.01985     
40          	10          	11.84       	0.02339     	0.04429     	0.02079     
45          	10          	11.39       	0.0212      	0.04205     	0.02144     
50          	10          	10.94       	0.01873     	0.04839     	0.02196     
55          	10          	10.5        	0.02278     	0.04603     	0.0242      
60          	10          	10.15       	0.02233     	0.04797     	0.0205      
65          	10          	9.823       	0.0213      	0.04752     	0.02435     
70          	10          	9.537       	0.0212      	0.04594     	0.02265     
75          	10          	9.203       	0.02325     	0.0447      	0.02312     
80          	10          	8.927       	0.02059     	0.04537     	0.02099     
85          	10          	8.715       	0.0185      	0.04338     	0.0187      
90          	10          	8.465       	0.0211      	0.04653     	0.02176     
95          	10          	8.253       	0.01941     	0.04325     	0.01898     
100         	10          	7.978       	0.02045     	0.04089     	0.01971     
105         	10          	7.827       	0.01963     	0.0438      	0.01818     
110         	10          	7.555       	0.02345     	0.04453     	0.02112     
115         	10          	7.455       	0.01908     	0.0409      	0.02044     
120         	10          	7.21        	0.01615     	0.04088     	0.02051     
125         	10          	7.16        	0.01743     	0.04019     	0.01702     
130         	10          	7.033       	0.02382     	0.04731     	0.01841     
135         	10          	6.818       	0.01936     	0.04964     	0.02311     
140         	10          	6.762       	0.02085     	0.04733     	0.02164     
145         	10          	6.593       	0.02044     	0.04739     	0.02544     
150         	10          	6.43        	0.0218      	0.04529     	0.02079     
155         	10          	6.275       	0.02366     	0.05104     	0.02607     
160         	10          	6.18        	0.02293     	0.04957     	0.02309     
165         	10          	6.072       	0.02361     	0.05072     	0.02481     
170         	10          	6.01        	0.02474     	0.05139     	0.02246     
175         	10          	5.84        	0.02995     	0.05339     	0.02078     
180         	10          	5.722       	0.01868     	0.04694     	0.02575     
185         	10          	5.582       	0.02097     	0.04575     	0.02065     
190         	10          	5.54        	0.02048     	0.04618     	0.02118     
195         	10          	5.455       	0.02836     	0.04456     	0.0241      
200         	10          	5.402       	0.02272     	0.04245     	0.02148     
205         	10          	5.31        	0.02303     	0.04333     	0.02177     
210         	10          	5.218       	0.02244     	0.03906     	0.01997     
215         	10          	5.188       	0.01972     	0.04432     	0.02145     
220         	10          	5.065       	0.01875     	0.04595     	0.02598     
225         	10          	5.062       	0.01833     	0.04018     	0.0176      
230         	10          	4.99        	0.02283     	0.04965     	0.02145     
235         	10          	4.935       	0.02717     	0.05179     	0.0196      
240         	10          	4.873       	0.02114     	0.05287     	0.02539     
245         	10          	4.85        	0.02462     	0.04761     	0.02108     
250         	10          	4.818       	0.02371     	0.05403     	0.02309     
255         	10          	4.815       	0.02292     	0.04477     	0.022       
260         	10          	4.685       	0.0227      	0.05145     	0.02271     
265         	10          	4.678       	0.0232      	0.04924     	0.02164     
270         	10          	4.557       	0.02257     	0.04625     	0.02212     
275         	10          	4.49        	0.02584     	0.05002     	0.02298     
280         	10          	4.492       	0.02401     	0.04967     	0.02135     
285         	10          	4.415       	0.02839     	0.04878     	0.01947     
290         	10          	4.405       	0.02731     	0.04705     	0.02247     
295         	10          	4.382       	0.01733     	0.03903     	0.02239     
300         	10          	4.375       	0.02089     	0.04696     	0.02034     
305         	10          	4.305       	0.02219     	0.05205     	0.0271      
310         	10          	4.323       	0.02127     	0.04246     	0.02071     
315         	10          	4.252       	0.02084     	0.04683     	0.01997     
320         	10          	4.268       	0.01678     	0.04282     	0.02138     
325         	10          	4.22        	0.01892     	0.04386     	0.01973     
330         	10          	4.177       	0.02188     	0.04495     	0.022       
335         	10          	4.205       	0.02328     	0.05153     	0.0215      
340         	10          	4.187       	0.01876     	0.05685     	0.02292     
345         	10          	4.145       	0.02356     	0.05136     	0.02458     
350         	10          	4.128       	0.0233      	0.05441     	0.02565     
355         	10          	4.078       	0.02214     	0.04629     	0.01943     
360         	10          	4.038       	0.02383     	0.04681     	0.02073     
365         	10          	4.038       	0.0225      	0.05478     	0.02729     
370         	10          	4.013       	0.01988     	0.04071     	0.02435     
375         	10          	3.988       	0.01704     	0.04261     	0.01859     
380         	10          	3.958       	0.02608     	0.04031     	0.01202     
385         	10          	3.96        	0.023       	0.03974     	0.01699     
390         	10          	3.908       	0.01817     	0.0445      	0.02246     
395         	10          	3.838       	0.01911     	0.04492     	0.02284     
400         	10          	3.842       	0.02446     	0.04171     	0.02035     
405         	10          	3.822       	0.01832     	0.04045     	0.0233      
410         	10          	3.842       	0.01956     	0.04956     	0.02408     
415         	10          	3.818       	0.01828     	0.04056     	0.02366     
420         	10          	3.792       	0.02176     	0.04312     	0.02181     
425         	10          	3.818       	0.02007     	0.04221     	0.02545     
430         	10          	3.782       	0.02106     	0.04248     	0.01473     
435         	10          	3.733       	0.03062     	0.04609     	0.02331     
440         	10          	3.657       	0.02272     	0.05589     	0.0247      
445         	10          	3.692       	0.02421     	0.05535     	0.02707     
450         	10          	3.643       	0.02438     	0.05536     	0.02953     
455         	10          	3.645       	0.01661     	0.04825     	0.02861     
460         	10          	3.567       	0.01867     	0.03953     	0.01734     
465         	10          	3.603       	0.01883     	0.0405      	0.01953     
470         	10          	3.613       	0.02457     	0.04587     	0.02111     
475         	10          	3.603       	0.01847     	0.04266     	0.02151     
480         	10          	3.568       	0.01965     	0.04759     	0.02472     
485         	10          	3.587       	0.01978     	0.04815     	0.02795     
490         	10          	3.575       	0.02208     	0.04453     	0.02459     
495         	10          	3.558       	0.02638     	0.05706     	0.02984     
500         	10          	3.587       	0.01585     	0.04501     	0.02486     
505         	10          	3.515       	0.02424     	0.05024     	0.02491     
510         	10          	3.497       	0.02421     	0.05285     	0.03285     
515         	10          	3.483       	0.02242     	0.05555     	0.02711     
520         	10          	3.497       	0.02386     	0.06613     	0.03427     
525         	10          	3.465       	0.02212     	0.05307     	0.03007     
530         	10          	3.492       	0.02561     	0.05655     	0.02522     
535         	10          	3.412       	0.03061     	0.05601     	0.02195     
540         	10          	3.437       	0.021       	0.04574     	0.02381     
545         	10          	3.423       	0.01836     	0.04431     	0.0203      
550         	10          	3.393       	0.02186     	0.05163     	0.022       
555         	10          	3.375       	0.02364     	0.04779     	0.02556     
560         	10          	3.387       	0.01955     	0.04438     	0.0213      
565         	10          	3.317       	0.02768     	0.04571     	0.02521     
570         	10          	3.375       	0.01482     	0.03706     	0.02127     
575         	10          	3.378       	0.01947     	0.04742     	0.03051     
580         	10          	3.348       	0.0156      	0.03805     	0.0176      
585         	10          	3.353       	0.02279     	0.05509     	0.02507     
590         	10          	3.297       	0.02716     	0.05037     	0.0264      
595         	10          	3.272       	0.02943     	0.05762     	0.02972     
600         	10          	3.267       	0.0217      	0.05276     	0.02921     
605         	10          	3.263       	0.01804     	0.04595     	0.02242     
610         	10          	3.208       	0.01851     	0.04566     	0.02658     
615         	10          	3.198       	0.01949     	0.05164     	0.02373     
620         	10          	3.217       	0.02728     	0.04648     	0.02352     
625         	10          	3.225       	0.01819     	0.04249     	0.02265     
630         	10          	3.187       	0.01928     	0.04749     	0.01813     
635         	10          	3.175       	0.01843     	0.0447      	0.01649     
640         	10          	3.16        	0.02077     	0.05078     	0.01633     
645         	10          	3.152       	0.01798     	0.04248     	0.01871     
650         	10          	3.147       	0.02578     	0.04953     	0.02006     
655         	10          	3.06        	0.0211      	0.0419      	0.02069     
660         	10          	3.082       	0.02126     	0.047       	0.01926     
665         	10          	3.082       	0.02052     	0.04283     	0.02062     
670         	10          	3.042       	0.02472     	0.04555     	0.01932     
675         	10          	3.065       	0.02099     	0.04032     	0.0238      
680         	10          	3.075       	0.02521     	0.04634     	0.02699     
685         	10          	3.068       	0.02025     	0.04262     	0.02424     
690         	10          	3.045       	0.02133     	0.03911     	0.0229      
695         	10          	3.055       	0.01747     	0.03885     	0.01962     
700         	10          	3.052       	0.02519     	0.03907     	0.02231     
705         	10          	3.062       	0.01545     	0.03339     	0.01694     
710         	10          	3.045       	0.01488     	0.03957     	0.0241      
715         	10          	3.028       	0.02101     	0.04154     	0.02437     
720         	10          	3.022       	0.02102     	0.04426     	0.01319     
725         	10          	3.003       	0.01749     	0.04144     	0.02234     
730         	10          	3.025       	0.02394     	0.04361     	0.01409     
735         	10          	2.988       	0.01833     	0.04778     	0.02284     
740         	10          	2.97        	0.0255      	0.04673     	0.02598     
745         	10          	2.98        	0.0214      	0.04525     	0.02217     
750         	10          	2.983       	0.0271      	0.0466      	0.01887     
755         	10          	2.992       	0.023       	0.05081     	0.02505     
760         	10          	3           	0.02193     	0.0454      	0.02394     
765         	10          	3.013       	0.02468     	0.04553     	0.02149     
770         	10          	3.017       	0.02182     	0.04568     	0.01486     
775         	10          	3.03        	0.02039     	0.04472     	0.0189      
780         	10          	3.023       	0.02531     	0.04356     	0.01778     
785         	10          	3.062       	0.02084     	0.03909     	0.0199      
790         	10          	3.012       	0.02156     	0.04544     	0.0208      
795         	10          	2.973       	0.02201     	0.04143     	0.02084     
800         	10          	3.005       	0.02499     	0.04963     	0.02578     
805         	10          	2.993       	0.02552     	0.04556     	0.02409     
810         	10          	3.003       	0.02366     	0.04416     	0.01604     
815         	10          	2.963       	0.02853     	0.04159     	0.01693     
820         	10          	2.947       	0.02062     	0.04327     	0.02256     
825         	10          	2.97        	0.02025     	0.04307     	0.02034     
830         	10          	2.952       	0.02148     	0.04414     	0.01938     
835         	10          	2.91        	0.026       	0.03788     	0.025       
840         	10          	2.885       	0.01881     	0.04259     	0.01896     
845         	10          	2.905       	0.02073     	0.04589     	0.01788     
850         	10          	2.89        	0.02677     	0.05355     	0.0204      
855         	10          	2.867       	0.0259      	0.04577     	0.02769     
860         	10          	2.917       	0.0165      	0.04179     	0.02401     
865         	10          	2.902       	0.01994     	0.04695     	0.02559     
870         	10          	2.855       	0.01498     	0.03873     	0.01505     
875         	10          	2.872       	0.02243     	0.05012     	0.02342     
880         	10          	2.878       	0.02486     	0.05564     	0.02481     
885         	10          	2.845       	0.02258     	0.04118     	0.01679     
890         	10          	2.832       	0.02327     	0.04514     	0.01925     
895         	10          	2.837       	0.02744     	0.05084     	0.02084     
900         	10          	2.858       	0.01861     	0.04328     	0.02561     
905         	10          	2.793       	0.02671     	0.04818     	0.0199      
910         	10          	2.823       	0.02482     	0.05569     	0.02131     
915         	10          	2.82        	0.02016     	0.04602     	0.02158     
920         	10          	2.867       	0.01787     	0.04632     	0.0241      
925         	10          	2.782       	0.0219      	0.04326     	0.01996     
930         	10          	2.805       	0.02269     	0.05258     	0.02574     
935         	10          	2.863       	0.01861     	0.05257     	0.02122     
940         	10          	2.813       	0.01895     	0.04883     	0.02106     
945         	10          	2.792       	0.02298     	0.0464      	0.0228      
950         	10          	2.813       	0.02088     	0.05461     	0.02902     
955         	10          	2.815       	0.02338     	0.04963     	0.01913     
960         	10          	2.842       	0.02526     	0.04587     	0.02403     
965         	10          	2.82        	0.02743     	0.05016     	0.01754     
970         	10          	2.813       	0.02155     	0.05384     	0.0267      
975         	10          	2.835       	0.01796     	0.04884     	0.02473     
980         	10          	2.808       	0.02043     	0.05126     	0.02396     
985         	10          	2.757       	0.02148     	0.04577     	0.02266     
990         	10          	2.758       	0.01619     	0.04749     	0.0264      
995         	10          	2.762       	0.01542     	0.05341     	0.02935     
1000        	10          	2.782       	0.02048     	0.045       	0.01684     
1005        	10          	2.798       	0.0163      	0.03499     	0.01564     
1010        	10          	2.722       	0.01546     	0.03805     	0.0191      
1015        	10          	2.697       	0.02094     	0.04175     	0.02004     
1020        	10          	2.692       	0.01963     	0.05299     	0.02634     
1025        	10          	2.692       	0.01764     	0.05227     	0.03143     
1030        	10          	2.678       	0.02107     	0.05079     	0.02048     
1035        	10          	2.677       	0.01679     	0.05787     	0.02247     
1040        	10          	2.683       	0.0233      	0.04952     	0.02404     
1045        	10          	2.682       	0.02489     	0.05191     	0.0254      
1050        	10          	2.7         	0.01904     	0.04354     	0.02705     
1055        	10          	2.707       	0.02918     	0.04901     	0.0167      
1060        	10          	2.67        	0.01791     	0.04367     	0.02668     
1065        	10          	2.643       	0.01806     	0.0509      	0.02445     
1070        	10          	2.677       	0.02205     	0.0473      	0.01936     
1075        	10          	2.672       	0.02718     	0.04559     	0.02093     
1080        	10          	2.68        	0.02819     	0.05115     	0.01909     
1085        	10          	2.687       	0.02723     	0.049       	0.01891     
1090        	10          	2.673       	0.02158     	0.04715     	0.02134     
1095        	10          	2.702       	0.02364     	0.0482      	0.02588     
1100        	10          	2.687       	0.02014     	0.04603     	0.02863     
1105        	10          	2.693       	0.01965     	0.04965     	0.02242     
1110        	10          	2.718       	0.01946     	0.05699     	0.02947     
1115        	10          	2.707       	0.02488     	0.0453      	0.02004     
1120        	10          	2.712       	0.02486     	0.05959     	0.02951     
1125        	10          	2.705       	0.02458     	0.06289     	0.02534     
1130        	10          	2.735       	0.02266     	0.04934     	0.02183     
1135        	10          	2.645       	0.01932     	0.04877     	0.02494     
1140        	10          	2.69        	0.02401     	0.04933     	0.01678     
1145        	10          	2.718       	0.0205      	0.04601     	0.01743     
1150        	10          	2.688       	0.01737     	0.04932     	0.02181     
1155        	10          	2.688       	0.01998     	0.04562     	0.02111     
1160        	10          	2.712       	0.0222      	0.04617     	0.02201     
1165        	10          	2.71        	0.02724     	0.05176     	0.02919     
1170        	10          	2.68        	0.02442     	0.0567      	0.0295      
1175        	10          	2.743       	0.02164     	0.03781     	0.01881     
1180        	10          	2.707       	0.02246     	0.04282     	0.02159     
1185        	10          	2.688       	0.02376     	0.0548      	0.02191     
1190        	10          	2.693       	0.01841     	0.04528     	0.0204      
1195        	10          	2.665       	0.02425     	0.04578     	0.01368     
1200        	10          	2.682       	0.01939     	0.04396     	0.01977     
1205        	10          	2.687       	0.02212     	0.04466     	0.0203      
1210        	10          	2.698       	0.01725     	0.0455      	0.02778     
1215        	10          	2.682       	0.02061     	0.0378      	0.0177      
1220        	10          	2.713       	0.02751     	0.04738     	0.02765     
1225        	10          	2.68        	0.02755     	0.04325     	0.02732     
1230        	10          	2.678       	0.02281     	0.05404     	0.0218      
1235        	10          	2.623       	0.0257      	0.04315     	0.02119     
1240        	10          	2.635       	0.02633     	0.04165     	0.01574     
1245        	10          	2.625       	0.0249      	0.042       	0.02197     
1250        	10          	2.618       	0.02608     	0.04707     	0.01878     
1255        	10          	2.613       	0.02346     	0.04338     	0.01865     
1260        	10          	2.623       	0.01576     	0.03846     	0.02005     
1265        	10          	2.595       	0.02013     	0.03852     	0.02233     
1270        	10          	2.622       	0.01536     	0.04969     	0.02689     
1275        	10          	2.597       	0.02523     	0.04372     	0.02304     
1280        	10          	2.567       	0.02391     	0.04463     	0.01716     
1285        	10          	2.59        	0.02626     	0.0497      	0.02386     
1290        	10          	2.582       	0.023       	0.05812     	0.0275      
1295        	10          	2.557       	0.01641     	0.04411     	0.01892     
1300        	10          	2.557       	0.01792     	0.04291     	0.02419     
1305        	10          	2.558       	0.01318     	0.03703     	0.02305     
1310        	10          	2.585       	0.01577     	0.04502     	0.02728     
1315        	10          	2.602       	0.01554     	0.04891     	0.02697     
1320        	10          	2.56        	0.01581     	0.04848     	0.02372     
1325        	10          	2.588       	0.02119     	0.05842     	0.02715     
1330        	10          	2.575       	0.02101     	0.04564     	0.01649     
1335        	10          	2.6         	0.0239      	0.0416      	0.01425     
1340        	10          	2.577       	0.02177     	0.03944     	0.02157     
1345        	10          	2.567       	0.02431     	0.04231     	0.01603     
1350        	10          	2.582       	0.02832     	0.03706     	0.02056     
1355        	10          	2.593       	0.01568     	0.03588     	0.02066     
1360        	10          	2.572       	0.01959     	0.04365     	0.01939     
1365        	10          	2.563       	0.02281     	0.04665     	0.02506     
1370        	10          	2.527       	0.02591     	0.05034     	0.02247     
1375        	10          	2.56        	0.02599     	0.04355     	0.0232      
1380        	10          	2.565       	0.02529     	0.0449      	0.02213     
1385        	10          	2.588       	0.02717     	0.05294     	0.02016     
1390        	10          	2.548       	0.02004     	0.04502     	0.02447     
1395        	10          	2.553       	0.02491     	0.03867     	0.01836     
1400        	10          	2.545       	0.01971     	0.04168     	0.02089     
1405        	10          	2.537       	0.01936     	0.0396      	0.01706     
1410        	10          	2.553       	0.01621     	0.03963     	0.02238     
1415        	10          	2.523       	0.02331     	0.04525     	0.02224     
1420        	10          	2.513       	0.02015     	0.0458      	0.02474     
1425        	10          	2.523       	0.02175     	0.03942     	0.01755     
1430        	10          	2.498       	0.01971     	0.04539     	0.02119     
1435        	10          	2.543       	0.02171     	0.04022     	0.02549     
1440        	10          	2.528       	0.01979     	0.04307     	0.02136     
1445        	10          	2.52        	0.02464     	0.04755     	0.01531     
1450        	10          	2.49        	0.02122     	0.05877     	0.02913     
1455        	10          	2.463       	0.01857     	0.05762     	0.02968     
1460        	10          	2.475       	0.02567     	0.05039     	0.02296     
1465        	10          	2.47        	0.02077     	0.05145     	0.02965     
1470        	10          	2.458       	0.0251      	0.04281     	0.02389     
1475        	10          	2.472       	0.02049     	0.04884     	0.02495     
1480        	10          	2.5         	0.02151     	0.04307     	0.02137     
1485        	10          	2.497       	0.02333     	0.05256     	0.02895     
1490        	10          	2.493       	0.02845     	0.04504     	0.01769     
1495        	10          	2.498       	0.02162     	0.04265     	0.01586     
1500        	10          	2.487       	0.02099     	0.04182     	0.01932     
1505        	10          	2.492       	0.01399     	0.04441     	0.02925     
1510        	10          	2.49        	0.02357     	0.05183     	0.02574     
1515        	10          	2.493       	0.02496     	0.05043     	0.02303     
1520        	10          	2.487       	0.0206      	0.04277     	0.01604     
1525        	10          	2.495       	0.02141     	0.04655     	0.02302     
1530        	10          	2.49        	0.01924     	0.05153     	0.02174     
1535        	10          	2.473       	0.01825     	0.03802     	0.02544     
1540        	10          	2.462       	0.02081     	0.0441      	0.01688     
1545        	10          	2.512       	0.01991     	0.03827     	0.01891     
1550        	10          	2.483       	0.02001     	0.03901     	0.01527     
1555        	10          	2.492       	0.02355     	0.05084     	0.02245     
1560        	10          	2.45        	0.02198     	0.04516     	0.01962     
1565        	10          	2.455       	0.02813     	0.04906     	0.01751     
1570        	10          	2.427       	0.0249      	0.0457      	0.02017     
1575        	10          	2.438       	0.02214     	0.04611     	0.02552     
1580        	10          	2.425       	0.01755     	0.03896     	0.02508     
1585        	10          	2.447       	0.02122     	0.04793     	0.02372     
1590        	10          	2.45        	0.01217     	0.03633     	0.02101     
1595        	10          	2.405       	0.01959     	0.04129     	0.02077     
1600        	10          	2.435       	0.02616     	0.04054     	0.02051     
1605        	10          	2.383       	0.02185     	0.04372     	0.02546     
1610        	10          	2.435       	0.02433     	0.052       	0.02504     
1615        	10          	2.453       	0.02835     	0.04344     	0.02044     
1620        	10          	2.477       	0.02303     	0.04647     	0.0213      
1625        	10          	2.433       	0.02285     	0.05627     	0.01989     
1630        	10          	2.47        	0.02635     	0.06228     	0.02362     
1635        	10          	2.453       	0.02579     	0.0486      	0.02131     
1640        	10          	2.483       	0.02216     	0.04972     	0.02403     
1645        	10          	2.453       	0.0248      	0.04995     	0.022       
1650        	10          	2.487       	0.0242      	0.0461      	0.02023     
1655        	10          	2.447       	0.01954     	0.04551     	0.0212      
1660        	10          	2.472       	0.0305      	0.05399     	0.0198      
1665        	10          	2.472       	0.02591     	0.05165     	0.02947     
1670        	10          	2.49        	0.02681     	0.053       	0.02397     
1675        	10          	2.517       	0.01878     	0.04535     	0.0299      
1680        	10          	2.508       	0.02863     	0.05712     	0.02527     
1685        	10          	2.5         	0.02375     	0.05735     	0.02489     
1690        	10          	2.505       	0.01982     	0.05394     	0.02845     
1695        	10          	2.485       	0.0245      	0.05411     	0.02673     
1700        	10          	2.46        	0.02721     	0.04987     	0.02181     
1705        	10          	2.467       	0.02395     	0.0509      	0.02134     
1710        	10          	2.463       	0.02652     	0.05658     	0.02092     
1715        	10          	2.51        	0.02348     	0.0489      	0.01894     
1720        	10          	2.47        	0.01992     	0.04824     	0.01839     
1725        	10          	2.467       	0.0283      	0.04879     	0.01921     
1730        	10          	2.532       	0.01733     	0.04835     	0.02732     
1735        	10          	2.505       	0.01714     	0.04978     	0.02021     
1740        	10          	2.488       	0.02208     	0.03697     	0.01857     
1745        	10          	2.482       	0.02076     	0.04026     	0.0232      
1750        	10          	2.415       	0.01923     	0.04738     	0.02721     
1755        	10          	2.503       	0.01708     	0.04633     	0.02391     
1760        	10          	2.457       	0.01807     	0.04435     	0.0214      
1765        	10          	2.463       	0.0187      	0.04158     	0.0157      
1770        	10          	2.468       	0.0197      	0.04475     	0.01821     
1775        	10          	2.452       	0.02903     	0.0497      	0.02395     
1780        	10          	2.47        	0.02886     	0.04906     	0.01945     
1785        	10          	2.51        	0.01514     	0.05183     	0.02818     
1790        	10          	2.45        	0.02627     	0.05152     	0.02694     
1795        	10          	2.48        	0.02322     	0.05696     	0.0225      
1800        	10          	2.473       	0.02297     	0.04919     	0.02384     
1805        	10          	2.453       	0.01567     	0.04996     	0.03022     
1810        	10          	2.443       	0.01545     	0.04546     	0.02585     
1815        	10          	2.472       	0.02103     	0.04034     	0.02012     
1820        	10          	2.502       	0.02463     	0.04893     	0.02435     
1825        	10          	2.492       	0.01727     	0.04453     	0.01798     
1830        	10          	2.485       	0.02249     	0.0475      	0.01939     
1835        	10          	2.452       	0.02104     	0.04109     	0.0144      
1840        	10          	2.472       	0.01817     	0.04597     	0.01895     
1845        	10          	2.493       	0.02319     	0.04748     	0.02372     
1850        	10          	2.495       	0.02146     	0.04602     	0.02237     
1855        	10          	2.49        	0.0184      	0.03471     	0.02036     
1860        	10          	2.473       	0.01943     	0.04435     	0.02259     
1865        	10          	2.467       	0.02177     	0.04222     	0.02077     
1870        	10          	2.458       	0.02474     	0.04732     	0.02784     
1875        	10          	2.47        	0.02663     	0.04291     	0.01922     
1880        	10          	2.425       	0.02105     	0.03627     	0.01651     
1885        	10          	2.433       	0.01983     	0.03473     	0.01768     
1890        	10          	2.43        	0.01585     	0.03841     	0.02584     
1895        	10          	2.437       	0.03193     	0.05235     	0.02299     
1900        	10          	2.413       	0.0244      	0.0458      	0.0182      
1905        	10          	2.415       	0.03114     	0.05037     	0.01836     
1910        	10          	2.467       	0.01767     	0.04472     	0.022       
1915        	10          	2.45        	0.02713     	0.0526      	0.02892     
1920        	10          	2.498       	0.03237     	0.04124     	0.02461     
1925        	10          	2.473       	0.01786     	0.04151     	0.02022     
1930        	10          	2.473       	0.0203      	0.05324     	0.02156     
1935        	10          	2.473       	0.02021     	0.04438     	0.02487     
1940        	10          	2.473       	0.02049     	0.04057     	0.01609     
1945        	10          	2.438       	0.0163      	0.0385      	0.01755     
1950        	10          	2.413       	0.01728     	0.03587     	0.02147     
1955        	10          	2.415       	0.01559     	0.04188     	0.02618     
1960        	10          	2.403       	0.02066     	0.04886     	0.02098     
1965        	10          	2.41        	0.02346     	0.05541     	0.02834     
1970        	10          	2.435       	0.02055     	0.04191     	0.02203     
1975        	10          	2.418       	0.02167     	0.05016     	0.01881     
1980        	10          	2.445       	0.01995     	0.04121     	0.02297     
1985        	10          	2.397       	0.02325     	0.04947     	0.01976     
1990        	10          	2.405       	0.02176     	0.05238     	0.02404     
1995        	10          	2.42        	0.02375     	0.0476      	0.02301     
2000        	10          	2.38        	0.02537     	0.04497     	0.01774     
2005        	10          	2.422       	0.02169     	0.04317     	0.02235     
2010        	10          	2.372       	0.0193      	0.04019     	0.01726     
2015        	10          	2.335       	0.01645     	0.03826     	0.01625     
2020        	10          	2.353       	0.02481     	0.04334     	0.01859     
2025        	10          	2.327       	0.01791     	0.03932     	0.02374     
2030        	10          	2.347       	0.01561     	0.04281     	0.02241     
2035        	10          	2.373       	0.01686     	0.05257     	0.02731     
2040        	10          	2.37        	0.01888     	0.05077     	0.02936     
2045        	10          	2.39        	0.02737     	0.05054     	0.01987     
2050        	10          	2.367       	0.03122     	0.05376     	0.01986     
2055        	10          	2.387       	0.01852     	0.03949     	0.01627     
2060        	10          	2.358       	0.01662     	0.03505     	0.01596     
2065        	10          	2.358       	0.02001     	0.04872     	0.02581     
2070        	10          	2.368       	0.01765     	0.05229     	0.02703     
2075        	10          	2.39        	0.01818     	0.04677     	0.02822     
2080        	10          	2.38        	0.02617     	0.04969     	0.0278      
2085        	10          	2.42        	0.01535     	0.04089     	0.02178     
2090        	10          	2.412       	0.02542     	0.0541      	0.01992     
2095        	10          	2.368       	0.01921     	0.05316     	0.02473     
2100        	10          	2.395       	0.02495     	0.05943     	0.02978     
2105        	10          	2.387       	0.02105     	0.04821     	0.0207      
2110        	10          	2.413       	0.02537     	0.0532      	0.01655     
2115        	10          	2.393       	0.02357     	0.05078     	0.02358     
2120        	10          	2.413       	0.02279     	0.04429     	0.01637     
2125        	10          	2.362       	0.02987     	0.04824     	0.01977     
2130        	10          	2.385       	0.02047     	0.04073     	0.01869     
2135        	10          	2.408       	0.02414     	0.05503     	0.02338     
2140        	10          	2.388       	0.02227     	0.05082     	0.02754     
2145        	10          	2.38        	0.02629     	0.04933     	0.02395     
2150        	10          	2.39        	0.02638     	0.05951     	0.02243     
2155        	10          	2.393       	0.0274      	0.05442     	0.02029     
2160        	10          	2.368       	0.02116     	0.05471     	0.02795     
2165        	10          	2.342       	0.02039     	0.04308     	0.01839     
2170        	10          	2.363       	0.0194      	0.05073     	0.02571     
2175        	10          	2.377       	0.0101      	0.04205     	0.02739     
2180        	10          	2.355       	0.02145     	0.04286     	0.0183      
2185        	10          	2.36        	0.02721     	0.05718     	0.02787     
2190        	10          	2.368       	0.02824     	0.04801     	0.02584     
2195        	10          	2.342       	0.02954     	0.05037     	0.02661     
2200        	10          	2.343       	0.02295     	0.04686     	0.02577     
2205        	10          	2.348       	0.01976     	0.05529     	0.02732     
2210        	10          	2.367       	0.02164     	0.05746     	0.02832     
2215        	10          	2.348       	0.02866     	0.05445     	0.02966     
2220        	10          	2.333       	0.02653     	0.05522     	0.02728     
2225        	10          	2.365       	0.02438     	0.05442     	0.02158     
2230        	10          	2.37        	0.0245      	0.04814     	0.02278     
2235        	10          	2.323       	0.02708     	0.05343     	0.02194     
2240        	10          	2.337       	0.01845     	0.04455     	0.02056     
2245        	10          	2.372       	0.009517    	0.03087     	0.015       
2250        	10          	2.39        	0.01835     	0.04368     	0.02981     
2255        	10          	2.38        	0.01871     	0.0367      	0.02017     
2260        	10          	2.392       	0.02002     	0.04848     	0.02549     
2265        	10          	2.362       	0.02046     	0.04167     	0.02679     
2270        	10          	2.375       	0.02155     	0.038       	0.02159     
2275        	10          	2.4         	0.01831     	0.04251     	0.02574     
2280        	10          	2.4         	0.02282     	0.03676     	0.01664     
2285        	10          	2.423       	0.02378     	0.03424     	0.01408     
2290        	10          	2.423       	0.02428     	0.04228     	0.02212     
2295        	10          	2.437       	0.02213     	0.0425      	0.02244     
2300        	10          	2.448       	0.02052     	0.04528     	0.02219     
2305        	10          	2.45        	0.02198     	0.05373     	0.02459     
2310        	10          	2.45        	0.01991     	0.04961     	0.0226      
2315        	10          	2.435       	0.02123     	0.04918     	0.02293     
2320        	10          	2.425       	0.02325     	0.04606     	0.02002     
2325        	10          	2.42        	0.01798     	0.03681     	0.02287     
2330        	10          	2.473       	0.02077     	0.04187     	0.01887     
2335        	10          	2.402       	0.01616     	0.03511     	0.01568     
2340        	10          	2.433       	0.01533     	0.03047     	0.02114     
2345        	10          	2.405       	0.02014     	0.04157     	0.01791     
2350        	10          	2.372       	0.02187     	0.03828     	0.01522     
2355        	10          	2.387       	0.02836     	0.04697     	0.01668     
2360        	10          	2.377       	0.01884     	0.04005     	0.01729     
2365        	10          	2.395       	0.01519     	0.04263     	0.02886     
2370        	10          	2.335       	0.0184      	0.04733     	0.02433     
2375        	10          	2.365       	0.01538     	0.04064     	0.01842     
2380        	10          	2.402       	0.01994     	0.0452      	0.01893     
2385        	10          	2.38        	0.02058     	0.04651     	0.01752     
2390        	10          	2.385       	0.02135     	0.04686     	0.02071     
2395        	10          	2.39        	0.02048     	0.04543     	0.02455     
2400        	10          	2.363       	0.02806     	0.04593     	0.02251     
2405        	10          	2.392       	0.02272     	0.04636     	0.02386     
2410        	10          	2.385       	0.01917     	0.03599     	0.01651     
2415        	10          	2.392       	0.02427     	0.03766     	0.01445     
2420        	10          	2.385       	0.02193     	0.04312     	0.01369     
2425        	10          	2.412       	0.01978     	0.04461     	0.01836     
2430        	10          	2.412       	0.02508     	0.04919     	0.02219     
2435        	10          	2.402       	0.01899     	0.04661     	0.02171     
2440        	10          	2.4         	0.01973     	0.04597     	0.02188     
2445        	10          	2.433       	0.02315     	0.04591     	0.02503     
2450        	10          	2.433       	0.02013     	0.04027     	0.01959     
2455        	10          	2.437       	0.0226      	0.03574     	0.0202      
2460        	10          	2.457       	0.02111     	0.03437     	0.02479     
2465        	10          	2.48        	0.01823     	0.04631     	0.02137     
2470        	10          	2.487       	0.01791     	0.04298     	0.01796     
2475        	10          	2.472       	0.02288     	0.04661     	0.02132     
2480        	10          	2.472       	0.01939     	0.04767     	0.02144     
2485        	10          	2.48        	0.0168      	0.04067     	0.02481     
2490        	10          	2.483       	0.02936     	0.05569     	0.03246     
2495        	10          	2.467       	0.02075     	0.05078     	0.01774     
2500        	10          	2.46        	0.02225     	0.04559     	0.02393     
2505        	10          	2.463       	0.02195     	0.04757     	0.02512     
2510        	10          	2.467       	0.02153     	0.0584      	0.02614     
2515        	10          	2.442       	0.01982     	0.05816     	0.0253      
2520        	10          	2.462       	0.02165     	0.05396     	0.02239     
2525        	10          	2.435       	0.02437     	0.06072     	0.02337     
2530        	10          	2.398       	0.02139     	0.0445      	0.02662     
2535        	10          	2.41        	0.02081     	0.04226     	0.02663     
2540        	10          	2.428       	0.02755     	0.04749     	0.01908     
2545        	10          	2.44        	0.01817     	0.0452      	0.02203     
2550        	10          	2.427       	0.02397     	0.04097     	0.02481     
2555        	10          	2.437       	0.01989     	0.04176     	0.01266     
2560        	10          	2.432       	0.01627     	0.04361     	0.02144     
2565        	10          	2.44        	0.01474     	0.0444      	0.02698     
2570        	10          	2.443       	0.02611     	0.05289     	0.02238     
2575        	10          	2.413       	0.02477     	0.04447     	0.02286     
2580        	10          	2.438       	0.02635     	0.0483      	0.02339     
2585        	10          	2.392       	0.02678     	0.03846     	0.02111     
2590        	10          	2.387       	0.0243      	0.04779     	0.01929     
2595        	10          	2.38        	0.01398     	0.03834     	0.01845     
2600        	10          	2.393       	0.02094     	0.04807     	0.02121     
2605        	10          	2.39        	0.02033     	0.04124     	0.02287     
2610        	10          	2.383       	0.02002     	0.04866     	0.01892     
2615        	10          	2.383       	0.02364     	0.04454     	0.01642     
2620        	10          	2.427       	0.02164     	0.04252     	0.02157     
2625        	10          	2.397       	0.0255      	0.04659     	0.02048     
2630        	10          	2.397       	0.02191     	0.04948     	0.02158     
2635        	10          	2.372       	0.01859     	0.04145     	0.01352     
2640        	10          	2.405       	0.01898     	0.04008     	0.01213     
2645        	10          	2.41        	0.03396     	0.05177     	0.01793     
2650        	10          	2.413       	0.02251     	0.0403      	0.01963     
2655        	10          	2.392       	0.01986     	0.03682     	0.01559     
2660        	10          	2.387       	0.0222      	0.04825     	0.02538     
2665        	10          	2.35        	0.02586     	0.04845     	0.02619     
2670        	10          	2.358       	0.01664     	0.0465      	0.02351     
2675        	10          	2.367       	0.02778     	0.04755     	0.02267     
2680        	10          	2.403       	0.0262      	0.05566     	0.03117     
2685        	10          	2.412       	0.02503     	0.05272     	0.02283     
2690        	10          	2.345       	0.0326      	0.05147     	0.01958     
2695        	10          	2.405       	0.02439     	0.05158     	0.02496     
2700        	10          	2.392       	0.01924     	0.03572     	0.01591     
2705        	10          	2.403       	0.02344     	0.04562     	0.02079     
2710        	10          	2.417       	0.02567     	0.05039     	0.02813     
2715        	10          	2.473       	0.02091     	0.04511     	0.02103     
2720        	10          	2.44        	0.02521     	0.04668     	0.01518     
2725        	10          	2.475       	0.01519     	0.03886     	0.02256     
2730        	10          	2.45        	0.02183     	0.04055     	0.02847     
2735        	10          	2.415       	0.01835     	0.0432      	0.02229     
2740        	10          	2.432       	0.01786     	0.04156     	0.01666     
2745        	10          	2.422       	0.0244      	0.0476      	0.02265     
2750        	10          	2.428       	0.02169     	0.04412     	0.01716     
2755        	10          	2.437       	0.02115     	0.04027     	0.02251     
2760        	10          	2.403       	0.02585     	0.0584      	0.0259      
2765        	10          	2.423       	0.02177     	0.05298     	0.01943     
2770        	10          	2.423       	0.02683     	0.05075     	0.0258      
2775        	10          	2.42        	0.02411     	0.04329     	0.02247     
2780        	10          	2.423       	0.01574     	0.03936     	0.0162      
2785        	10          	2.443       	0.02307     	0.04196     	0.01472     
2790        	10          	2.428       	0.02389     	0.04498     	0.02996     
2795        	10          	2.422       	0.01812     	0.0336      	0.02063     
2800        	10          	2.423       	0.02304     	0.04557     	0.02555     
2805        	10          	2.423       	0.02311     	0.03415     	0.01996     
2810        	10          	2.398       	0.02277     	0.03959     	0.02035     
2815        	10          	2.385       	0.02125     	0.03461     	0.02293     
2820        	10          	2.378       	0.02        	0.04742     	0.01936     
2825        	10          	2.397       	0.02214     	0.05655     	0.02745     
2830        	10          	2.38        	0.02273     	0.04284     	0.02011     
2835        	10          	2.415       	0.0151      	0.03987     	0.02075     
2840        	10          	2.422       	0.02059     	0.04266     	0.02414     
2845        	10          	2.37        	0.02138     	0.03999     	0.0204      
2850        	10          	2.388       	0.01683     	0.03663     	0.0174      
2855        	10          	2.413       	0.02128     	0.04397     	0.01957     
2860        	10          	2.387       	0.02274     	0.05232     	0.0281      
2865        	10          	2.387       	0.01753     	0.04509     	0.02587     
2870        	10          	2.413       	0.0219      	0.03307     	0.0221      
2875        	10          	2.408       	0.02005     	0.04152     	0.01892     
2880        	10          	2.42        	0.01795     	0.0444      	0.02041     
2885        	10          	2.418       	0.01344     	0.03657     	0.0202      
2890        	10          	2.42        	0.01928     	0.03751     	0.01677     
2895        	10          	2.405       	0.02169     	0.04205     	0.02381     
2900        	10          	2.423       	0.02303     	0.04911     	0.02063     
2905        	10          	2.39        	0.02472     	0.0561      	0.02094     
2910        	10          	2.41        	0.01812     	0.05241     	0.02374     
2915        	10          	2.4         	0.02365     	0.04881     	0.02077     
2920        	10          	2.403       	0.02685     	0.05176     	0.01923     
2925        	10          	2.39        	0.02608     	0.05261     	0.01726     
2930        	10          	2.408       	0.03364     	0.05537     	0.01421     
2935        	10          	2.43        	0.02006     	0.04515     	0.02575     
2940        	10          	2.435       	0.02964     	0.05875     	0.02394     
2945        	10          	2.458       	0.02735     	0.05534     	0.02385     
2950        	10          	2.425       	0.02337     	0.0442      	0.02008     
2955        	10          	2.435       	0.01922     	0.04562     	0.02125     
2960        	10          	2.432       	0.02331     	0.04149     	0.01628     
2965        	10          	2.425       	0.02348     	0.05172     	0.02361     
2970        	10          	2.405       	0.02551     	0.05665     	0.03198     
2975        	10          	2.417       	0.02415     	0.05107     	0.02082     
2980        	10          	2.445       	0.02455     	0.03901     	0.01593     
2985        	10          	2.393       	0.0192      	0.03987     	0.02518     
2990        	10          	2.415       	0.02001     	0.03642     	0.01545     
2995        	10          	2.415       	0.02382     	0.04066     	0.01795     
3000        	10          	2.397       	0.02437     	0.04009     	0.019       
3005        	10          	2.38        	0.02745     	0.04192     	0.01869     
3010        	10          	2.392       	0.01546     	0.04667     	0.01869     
3015        	10          	2.382       	0.02608     	0.03741     	0.02833     
3020        	10          	2.402       	0.02054     	0.04538     	0.02495     
3025        	10          	2.415       	0.02017     	0.04313     	0.02188     
3030        	10          	2.392       	0.02335     	0.04306     	0.01679     
3035        	10          	2.397       	0.02502     	0.04782     	0.02519     
3040        	10          	2.418       	0.02312     	0.0457      	0.02302     
3045        	10          	2.412       	0.02646     	0.04051     	0.02228     
3050        	10          	2.418       	0.02293     	0.04552     	0.02379     
3055        	10          	2.407       	0.02321     	0.03621     	0.01575     
3060        	10          	2.392       	0.01691     	0.03552     	0.01628     
3065        	10          	2.398       	0.02266     	0.03853     	0.01758     
3070        	10          	2.39        	0.0224      	0.03957     	0.01556     
3075        	10          	2.403       	0.02321     	0.04321     	0.01944     
3080        	10          	2.432       	0.02307     	0.04579     	0.0191      
3085        	10          	2.41        	0.02235     	0.04542     	0.01965     
3090        	10          	2.377       	0.01833     	0.04818     	0.02248     
3095        	10          	2.4         	0.01296     	0.0448      	0.02414     
3100        	10          	2.355       	0.01552     	0.04447     	0.0237      
3105        	10          	2.418       	0.02756     	0.04761     	0.02352     
3110        	10          	2.398       	0.02797     	0.05582     	0.02574     
3115        	10          	2.385       	0.02251     	0.05018     	0.02558     
3120        	10          	2.378       	0.02685     	0.05686     	0.02349     
3125        	10          	2.378       	0.02031     	0.04925     	0.02526     
3130        	10          	2.317       	0.02713     	0.05572     	0.02689     
3135        	10          	2.297       	0.01692     	0.05298     	0.023       
3140        	10          	2.332       	0.02546     	0.05248     	0.0222      
3145        	10          	2.328       	0.02531     	0.04894     	0.02199     
3150        	10          	2.343       	0.02223     	0.05033     	0.01984     
3155        	10          	2.322       	0.02046     	0.04937     	0.01855     
3160        	10          	2.328       	0.0249      	0.0497      	0.01557     
3165        	10          	2.353       	0.02678     	0.05149     	0.02001     
3170        	10          	2.348       	0.02873     	0.05077     	0.01841     
3175        	10          	2.37        	0.02666     	0.04102     	0.01731     
3180        	10          	2.368       	0.02107     	0.04833     	0.0249      
3185        	10          	2.36        	0.02345     	0.04513     	0.02226     
3190        	10          	2.387       	0.02279     	0.04495     	0.02375     
3195        	10          	2.372       	0.02635     	0.05663     	0.01826     
3200        	10          	2.367       	0.02886     	0.05798     	0.02362     
3205        	10          	2.352       	0.01927     	0.06114     	0.03034     
3210        	10          	2.393       	0.02535     	0.06121     	0.02999     
3215        	10          	2.4         	0.02931     	0.05244     	0.02195     
3220        	10          	2.385       	0.02084     	0.04553     	0.02211     
3225        	10          	2.407       	0.02176     	0.05066     	0.02114     
3230        	10          	2.372       	0.02196     	0.04893     	0.02537     
3235        	10          	2.393       	0.02227     	0.04301     	0.02587     
3240        	10          	2.408       	0.02255     	0.04228     	0.02446     
3245        	10          	2.403       	0.0161      	0.03532     	0.01621     
3250        	10          	2.417       	0.02245     	0.04139     	0.01514     
3255        	10          	2.417       	0.02412     	0.04553     	0.01853     
3260        	10          	2.385       	0.01874     	0.03578     	0.02004     
3265        	10          	2.395       	0.02196     	0.03674     	0.0131      
3270        	10          	2.367       	0.02921     	0.05101     	0.01965     
3275        	10          	2.393       	0.01961     	0.03998     	0.02263     
3280        	10          	2.375       	0.01814     	0.04516     	0.0203      
3285        	10          	2.372       	0.02204     	0.04353     	0.02269     
3290        	10          	2.385       	0.02198     	0.04764     	0.02682     
3295        	10          	2.363       	0.01856     	0.04401     	0.02484     
3300        	10          	2.365       	0.01803     	0.04706     	0.02209     
3305        	10          	2.363       	0.03048     	0.05033     	0.01948     
3310        	10          	2.38        	0.02901     	0.05576     	0.01808     
3315        	10          	2.382       	0.02332     	0.05508     	0.02397     
3320        	10          	2.382       	0.02156     	0.04583     	0.01884     
3325        	10          	2.365       	0.02398     	0.0483      	0.0239      
3330        	10          	2.382       	0.02736     	0.04818     	0.01931     
3335        	10          	2.32        	0.02097     	0.05305     	0.02603     
3340        	10          	2.312       	0.0295      	0.06406     	0.02902     
3345        	10          	2.35        	0.01519     	0.05186     	0.02443     
3350        	10          	2.352       	0.01867     	0.04353     	0.01743     
3355        	10          	2.328       	0.02546     	0.04811     	0.02427     
3360        	10          	2.355       	0.02343     	0.05554     	0.02228     
3365        	10          	2.34        	0.02246     	0.05663     	0.01668     
3370        	10          	2.315       	0.02076     	0.04852     	0.02448     
3375        	10          	2.307       	0.02385     	0.04995     	0.01668     
3380        	10          	2.322       	0.0213      	0.0503      	0.02414     
3385        	10          	2.305       	0.02054     	0.04641     	0.02039     
3390        	10          	2.315       	0.02361     	0.0479      	0.02149     
3395        	10          	2.343       	0.02233     	0.04812     	0.01883     
3400        	10          	2.323       	0.02266     	0.04294     	0.01738     
3405        	10          	2.345       	0.02228     	0.04944     	0.02068     
3410        	10          	2.32        	0.02345     	0.05713     	0.02494     
3415        	10          	2.332       	0.02257     	0.04815     	0.02013     
3420        	10          	2.34        	0.01942     	0.04259     	0.01692     
3425        	10          	2.342       	0.01688     	0.04101     	0.0184      
3430        	10          	2.355       	0.01809     	0.03744     	0.02067     
3435        	10          	2.355       	0.02314     	0.04139     	0.02019     
3440        	10          	2.353       	0.01562     	0.04344     	0.02462     
3445        	10          	2.377       	0.02558     	0.0487      	0.02171     
3450        	10          	2.34        	0.01978     	0.05651     	0.03415     
3455        	10          	2.36        	0.01814     	0.04784     	0.02789     
3460        	10          	2.375       	0.01611     	0.0437      	0.01927     
3465        	10          	2.367       	0.01878     	0.0499      	0.02401     
3470        	10          	2.367       	0.02429     	0.04094     	0.01777     
3475        	10          	2.355       	0.01992     	0.03598     	0.0215      
3480        	10          	2.38        	0.02494     	0.0438      	0.02615     
3485        	10          	2.402       	0.02117     	0.04078     	0.02409     
3490        	10          	2.368       	0.02298     	0.04802     	0.02837     
3495        	10          	2.375       	0.02772     	0.0449      	0.02155     
3500        	10          	2.433       	0.01779     	0.04355     	0.02515     
3505        	10          	2.4         	0.02042     	0.03973     	0.02126     
3510        	10          	2.392       	0.02295     	0.03333     	0.01761     
3515        	10          	2.388       	0.02693     	0.04911     	0.02418     
3520        	10          	2.378       	0.02133     	0.04953     	0.02142     
3525        	10          	2.398       	0.01495     	0.04611     	0.02552     
3530        	10          	2.407       	0.0238      	0.03388     	0.01694     
3535        	10          	2.4         	0.02274     	0.03892     	0.02264     
3540        	10          	2.393       	0.02556     	0.04993     	0.02889     
3545        	10          	2.41        	0.02379     	0.04394     	0.01981     
3550        	10          	2.403       	0.02166     	0.05114     	0.0229      
3555        	10          	2.41        	0.02365     	0.05363     	0.01994     
3560        	10          	2.412       	0.02356     	0.04749     	0.0232      
3565        	10          	2.392       	0.02191     	0.05455     	0.02581     
3570        	10          	2.412       	0.0165      	0.03726     	0.01798     
3575        	10          	2.408       	0.02309     	0.05235     	0.02307     
3580        	10          	2.413       	0.01618     	0.05068     	0.02257     
3585        	10          	2.39        	0.02332     	0.05223     	0.02091     
3590        	10          	2.363       	0.02172     	0.0465      	0.02715     
3595        	10          	2.35        	0.02096     	0.05031     	0.02365     
3600        	10          	2.36        	0.01685     	0.0475      	0.02579     
3605        	10          	2.373       	0.01242     	0.0426      	0.0183      
3610        	10          	2.353       	0.02971     	0.04736     	0.01842     
3615        	10          	2.348       	0.01834     	0.03996     	0.02297     
3620        	10          	2.327       	0.01905     	0.03975     	0.02388     
3625        	10          	2.34        	0.01852     	0.04575     	0.02048     
3630        	10          	2.323       	0.02177     	0.03583     	0.0215      
3635        	10          	2.363       	0.02357     	0.03706     	0.01524     
3640        	10          	2.338       	0.02422     	0.05133     	0.01806     
3645        	10          	2.368       	0.0242      	0.04919     	0.0172      
3650        	10          	2.398       	0.02248     	0.04354     	0.02113     
3655        	10          	2.342       	0.02406     	0.05534     	0.0327      
3660        	10          	2.353       	0.02307     	0.05185     	0.02036     
3665        	10          	2.345       	0.02476     	0.05837     	0.01752     
3670        	10          	2.378       	0.02348     	0.04479     	0.0232      
3675        	10          	2.345       	0.02308     	0.05106     	0.02427     
3680        	10          	2.355       	0.02037     	0.04908     	0.02049     
3685        	10          	2.35        	0.02082     	0.03999     	0.02316     
3690        	10          	2.35        	0.02311     	0.04914     	0.02295     
3695        	10          	2.397       	0.01999     	0.03724     	0.01781     
3700        	10          	2.408       	0.02289     	0.0404      	0.02159     
3705        	10          	2.438       	0.01763     	0.04076     	0.02047     
3710        	10          	2.412       	0.02125     	0.04103     	0.02181     
3715        	10          	2.423       	0.02883     	0.04681     	0.0195      
3720        	10          	2.418       	0.0236      	0.04823     	0.02248     
3725        	10          	2.453       	0.02196     	0.0534      	0.03047     
3730        	10          	2.412       	0.01899     	0.0416      	0.01536     
3735        	10          	2.45        	0.01776     	0.05014     	0.02028     
3740        	10          	2.437       	0.01958     	0.04943     	0.02192     
3745        	10          	2.46        	0.02289     	0.05479     	0.01776     
3750        	10          	2.417       	0.02689     	0.04578     	0.02256     
3755        	10          	2.438       	0.02357     	0.04217     	0.01801     
3760        	10          	2.405       	0.01671     	0.04816     	0.02956     
3765        	10          	2.4         	0.01614     	0.04438     	0.02506     
3770        	10          	2.397       	0.02437     	0.05119     	0.03533     
3775        	10          	2.352       	0.02182     	0.04914     	0.02135     
3780        	10          	2.407       	0.02831     	0.05621     	0.02397     
3785        	10          	2.377       	0.01966     	0.04094     	0.0185      
3790        	10          	2.327       	0.02433     	0.04028     	0.01835     
3795        	10          	2.362       	0.01929     	0.04539     	0.01798     
3800        	10          	2.375       	0.02038     	0.05282     	0.02111     
3805        	10          	2.403       	0.01927     	0.0493      	0.02339     
3810        	10          	2.415       	0.0255      	0.05733     	0.02779     
3815        	10          	2.418       	0.0232      	0.04563     	0.02135     
3820        	10          	2.41        	0.0264      	0.03527     	0.01901     
3825        	10          	2.417       	0.01967     	0.04243     	0.01472     
3830        	10          	2.435       	0.02734     	0.04646     	0.01882     
3835        	10          	2.437       	0.02132     	0.04516     	0.02054     
3840        	10          	2.447       	0.01994     	0.04449     	0.02004     
3845        	10          	2.432       	0.02071     	0.04333     	0.02203     
3850        	10          	2.428       	0.02301     	0.05224     	0.02068     
3855        	10          	2.417       	0.01824     	0.0355      	0.0156      
3860        	10          	2.408       	0.02176     	0.03502     	0.01519     
3865        	10          	2.425       	0.01882     	0.04319     	0.01998     
3870        	10          	2.463       	0.01666     	0.04144     	0.0169      
3875        	10          	2.435       	0.0137      	0.04111     	0.02456     
3880        	10          	2.408       	0.01847     	0.04632     	0.02776     
3885        	10          	2.44        	0.01687     	0.03461     	0.02119     
3890        	10          	2.443       	0.01653     	0.03414     	0.01827     
3895        	10          	2.452       	0.0107      	0.0386      	0.02288     
3900        	10          	2.443       	0.01117     	0.03101     	0.01952     
3905        	10          	2.43        	0.02241     	0.04018     	0.01501     
3910        	10          	2.452       	0.01521     	0.04425     	0.01901     
3915        	10          	2.447       	0.02245     	0.04153     	0.01963     
3920        	10          	2.432       	0.02178     	0.04034     	0.01891     
3925        	10          	2.478       	0.0178      	0.03269     	0.02327     
3930        	10          	2.437       	0.01802     	0.04337     	0.02577     
3935        	10          	2.437       	0.02502     	0.04379     	0.02462     
3940        	10          	2.423       	0.02463     	0.03832     	0.01707     
3945        	10          	2.442       	0.02819     	0.04985     	0.02231     
3950        	10          	2.423       	0.02748     	0.05563     	0.0253      
3955        	10          	2.432       	0.02292     	0.04251     	0.02292     
3960        	10          	2.448       	0.02633     	0.0461      	0.01728     
3965        	10          	2.425       	0.02272     	0.04718     	0.01527     
3970        	10          	2.403       	0.02166     	0.04863     	0.01452     
3975        	10          	2.44        	0.02707     	0.0518      	0.02263     
3980        	10          	2.453       	0.02404     	0.04999     	0.02626     
3985        	10          	2.435       	0.02092     	0.05778     	0.02533     
3990        	10          	2.47        	0.02014     	0.05005     	0.02184     
3995        	10          	2.435       	0.02639     	0.04782     	0.02212     
4000        	10          	2.415       	0.0204      	0.04004     	0.01643     
4005        	10          	2.355       	0.04726     	0.05221     	0.0199      
4010        	10          	2.307       	0.06249     	0.07054     	0.02403     
4015        	10          	2.263       	0.08958     	0.09139     	0.02236     
4020        	10          	2.287       	0.1118      	0.1041      	0.02469     
4025        	10          	2.237       	0.1282      	0.122       	0.02613     
4030        	10          	2.193       	0.149       	0.1425      	0.04809     
4035        	10          	2.185       	0.1657      	0.172       	0.06174     
4040        	10          	2.16        	0.1823      	0.1816      	0.08686     
4045        	10          	2.142       	0.1997      	0.1861      	0.1084      
4050        	10          	2.135       	0.2179      	0.1984      	0.1266      
4055        	10          	2.105       	0.2338      	0.2143      	0.144       
4060        	10          	2.093       	0.2403      	0.2298      	0.1704      
4065        	10          	2.045       	0.2649      	0.2385      	0.1899      
4070        	10          	2.06        	0.2682      	0.2663      	0.2135      
4075        	10          	2.04        	0.278       	0.2704      	0.2187      
4080        	10          	2.042       	0.2967      	0.2937      	0.2561      
4085        	10          	2.017       	0.3238      	0.3123      	0.2694      
4090        	10          	1.993       	0.3376      	0.3177      	0.279       
4095        	10          	1.995       	0.3431      	0.3159      	0.2943      
4100        	10          	1.97        	0.33        	0.3436      	0.297       
4105        	10          	1.948       	0.3442      	0.3629      	0.3191      
4110        	10          	1.953       	0.3488      	0.3694      	0.3192      
4115        	10          	1.95        	0.3731      	0.3929      	0.3575      
4120        	10          	1.932       	0.398       	0.4041      	0.3749      
4125        	10          	1.932       	0.3881      	0.4065      	0.3874      
4130        	10          	1.955       	0.3986      	0.4221      	0.4019      
4135        	10          	1.918       	0.3937      	0.4334      	0.4145      
4140        	10          	1.942       	0.4124      	0.4466      	0.4212      
4145        	10          	1.922       	0.4154      	0.4423      	0.4286      
4150        	10          	1.948       	0.4176      	0.4509      	0.4368      
4155        	10          	1.918       	0.4372      	0.4654      	0.457       
4160        	10          	1.903       	0.4425      	0.4737      	0.4521      
4165        	10          	1.908       	0.457       	0.4706      	0.4551      
4170        	10          	1.912       	0.4401      	0.4514      	0.4419      
4175        	10          	1.888       	0.4518      	0.4716      	0.4636      
4180        	10          	1.875       	0.4737      	0.4809      	0.4862      
4185        	10          	1.867       	0.4872      	0.4855      	0.4839      
4190        	10          	1.858       	0.4913      	0.5055      	0.4933      
4195        	10          	1.843       	0.4931      	0.5087      	0.4971      
4200        	10          	1.797       	0.5191      	0.5262      	0.5055      
4205        	10          	1.805       	0.519       	0.5224      	0.5128      
4210        	10          	1.808       	0.5201      	0.5239      	0.5107      
4215        	10          	1.792       	0.5246      	0.5454      	0.5246      
4220        	10          	1.793       	0.5462      	0.5581      	0.5369      
4225        	10          	1.798       	0.5463      	0.57        	0.5331      
4230        	10          	1.803       	0.5433      	0.5657      	0.5341      
4235        	10          	1.805       	0.5503      	0.5696      	0.5454      
4240        	10          	1.782       	0.5492      	0.5602      	0.5422      
4245        	10          	1.803       	0.5472      	0.5655      	0.5366      
4250        	10          	1.807       	0.5532      	0.5444      	0.5358      
4255        	10          	1.82        	0.5499      	0.5362      	0.5441      
4260        	10          	1.823       	0.5505      	0.5286      	0.54        
4265        	10          	1.797       	0.5534      	0.5316      	0.5452      
4270        	10          	1.803       	0.544       	0.5367      	0.5491      
4275        	10          	1.797       	0.5458      	0.5337      	0.5451      
4280        	10          	1.808       	0.5565      	0.5384      	0.5532      
4285        	10          	1.78        	0.5757      	0.5569      	0.5619      
4290        	10          	1.795       	0.5713      	0.5582      	0.5585      
4295        	10          	1.773       	0.5749      	0.5699      	0.5777      
4300        	10          	1.793       	0.5824      	0.5862      	0.5732      
4305        	10          	1.778       	0.5965      	0.5961      	0.5703      
4310        	10          	1.783       	0.5952      	0.5953      	0.5863      
4315        	10          	1.747       	0.6001      	0.6013      	0.5987      
4320        	10          	1.747       	0.6069      	0.5966      	0.6005      
4325        	10          	1.738       	0.5989      	0.6007      	0.6026      
4330        	10          	1.767       	0.5975      	0.6101      	0.6023      
4335        	10          	1.755       	0.599       	0.5992      	0.6004      
4340        	10          	1.758       	0.5913      	0.6005      	0.6097      
4345        	10          	1.762       	0.5876      	0.5982      	0.6068      
4350        	10          	1.755       	0.5962      	0.6062      	0.6236      
4355        	10          	1.757       	0.5869      	0.5931      	0.6187      
4360        	10          	1.73        	0.6037      	0.6117      	0.6361      
4365        	10          	1.743       	0.6084      	0.6204      	0.6366      
4370        	10          	1.762       	0.6109      	0.6272      	0.6562      
4375        	10          	1.775       	0.6072      	0.6317      	0.6555      
4380        	10          	1.753       	0.6065      	0.63        	0.671       
4385        	10          	1.737       	0.6159      	0.6358      	0.6768      
4390        	10          	1.767       	0.6149      	0.6289      	0.6627      
4395        	10          	1.762       	0.6193      	0.6294      	0.6709      
4400        	10          	1.763       	0.6134      	0.6234      	0.6708      
4405        	10          	1.763       	0.6118      	0.6319      	0.6778      
4410        	10          	1.763       	0.6157      	0.6305      	0.6712      
4415        	10          	1.772       	0.6263      	0.6382      	0.6743      
4420        	10          	1.763       	0.6267      	0.6413      	0.6712      
4425        	10          	1.748       	0.6256      	0.6417      	0.6763      
4430        	10          	1.75        	0.6312      	0.6425      	0.6849      
4435        	10          	1.782       	0.6267      	0.6522      	0.6869      
4440        	10          	1.75        	0.6407      	0.6509      	0.6881      
4445        	10          	1.75        	0.634       	0.6473      	0.6834      
4450        	10          	1.758       	0.6347      	0.6429      	0.68        
4455        	10          	1.752       	0.6369      	0.6485      	0.6895      
4460        	10          	1.758       	0.648       	0.6519      	0.6912      
4465        	10          	1.768       	0.6484      	0.6557      	0.6978      
4470        	10          	1.743       	0.6338      	0.6496      	0.7036      
4475        	10          	1.715       	0.6499      	0.6576      	0.7137      
4480        	10          	1.75        	0.6478      	0.6488      	0.7084      
4485        	10          	1.738       	0.6582      	0.6579      	0.7111      
4490        	10          	1.753       	0.6634      	0.6526      	0.7125      
4495        	10          	1.758       	0.6641      	0.6553      	0.7119      
4500        	10          	1.75        	0.6663      	0.662       	0.7182      
4505        	10          	1.738       	0.6625      	0.6554      	0.7255      
4510        	10          	1.77        	0.6718      	0.6578      	0.7294      
4515        	10          	1.698       	0.6752      	0.6557      	0.7234      
4520        	10          	1.727       	0.6775      	0.6561      	0.7166      
4525        	10          	1.723       	0.6761      	0.6566      	0.7222      
4530        	10          	1.722       	0.6735      	0.6549      	0.7227      
4535        	10          	1.71        	0.6669      	0.6464      	0.7146      
4540        	10          	1.72        	0.6795      	0.6539      	0.7196      
4545        	10          	1.715       	0.677       	0.664       	0.7131      
4550        	10          	1.723       	0.6701      	0.6682      	0.7171      
4555        	10          	1.732       	0.6829      	0.6629      	0.7169      
4560        	10          	1.76        	0.6717      	0.6601      	0.7082      
4565        	10          	1.742       	0.6846      	0.6662      	0.7222      
4570        	10          	1.703       	0.6914      	0.6693      	0.724       
4575        	10          	1.72        	0.6862      	0.6706      	0.7285      
4580        	10          	1.695       	0.6892      	0.6725      	0.7211      
4585        	10          	1.727       	0.6879      	0.6833      	0.7301      
4590        	10          	1.698       	0.6871      	0.6875      	0.7317      
4595        	10          	1.687       	0.6917      	0.6862      	0.7295      
4600        	10          	1.712       	0.6854      	0.6864      	0.7209      
4605        	10          	1.713       	0.6915      	0.6926      	0.7323      
4610        	10          	1.707       	0.6837      	0.6914      	0.727       
4615        	10          	1.715       	0.6835      	0.6977      	0.7251      
4620        	10          	1.733       	0.68        	0.6881      	0.7131      
4625        	10          	1.707       	0.6772      	0.6921      	0.7226      
4630        	10          	1.707       	0.6893      	0.6966      	0.7289      
4635        	10          	1.685       	0.6998      	0.6966      	0.7377      
4640        	10          	1.73        	0.6916      	0.7017      	0.7413      
4645        	10          	1.73        	0.6847      	0.6877      	0.7332      
4650        	10          	1.702       	0.6912      	0.6836      	0.7412      
4655        	10          	1.703       	0.6962      	0.6913      	0.7453      
4660        	10          	1.72        	0.6997      	0.6908      	0.7513      
4665        	10          	1.718       	0.6948      	0.6883      	0.7604      
4670        	10          	1.707       	0.7076      	0.6897      	0.7636      
4675        	10          	1.715       	0.6983      	0.681       	0.7615      
4680        	10          	1.722       	0.6964      	0.6818      	0.7533      
4685        	10          	1.747       	0.7022      	0.6766      	0.7504      
4690        	10          	1.703       	0.7004      	0.683       	0.7576      
4695        	10          	1.697       	0.705       	0.6837      	0.7616      
4700        	10          	1.71        	0.7052      	0.6912      	0.7655      
4705        	10          	1.692       	0.7138      	0.6947      	0.7735      
4710        	10          	1.727       	0.7065      	0.6902      	0.776       
4715        	10          	1.718       	0.7166      	0.703       	0.7788      
4720        	10          	1.705       	0.7002      	0.702       	0.7739      
4725        	10          	1.717       	0.7048      	0.7016      	0.7706      
4730        	10          	1.73        	0.6979      	0.6961      	0.7663      
4735        	10          	1.725       	0.7054      	0.7006      	0.7621      
4740        	10          	1.703       	0.7107      	0.7041      	0.7606      
4745        	10          	1.725       	0.7105      	0.7022      	0.7583      
4750        	10          	1.693       	0.714       	0.7103      	0.7605      
4755        	10          	1.718       	0.7196      	0.7058      	0.7691      
4760        	10          	1.722       	0.7223      	0.7092      	0.7741      
4765        	10          	1.703       	0.721       	0.7021      	0.771       
4770        	10          	1.7         	0.7267      	0.7165      	0.7758      
4775        	10          	1.688       	0.7311      	0.7244      	0.7766      
4780        	10          	1.682       	0.7241      	0.7097      	0.7607      
4785        	10          	1.725       	0.7274      	0.7135      	0.7577      
4790        	10          	1.697       	0.7396      	0.7226      	0.7676      
4795        	10          	1.687       	0.7274      	0.7255      	0.7568      
4800        	10          	1.69        	0.7281      	0.7165      	0.7633      
4805        	10          	1.673       	0.7329      	0.7275      	0.7745      
4810        	10          	1.685       	0.7286      	0.7193      	0.7648      
4815        	10          	1.695       	0.7223      	0.7154      	0.765       
4820        	10          	1.698       	0.7281      	0.7237      	0.762       
4825        	10          	1.68        	0.7175      	0.7264      	0.763       
4830        	10          	1.685       	0.7165      	0.7311      	0.7518      
4835        	10          	1.697       	0.7207      	0.7325      	0.7636      
4840        	10          	1.682       	0.7202      	0.7386      	0.7682      
4845        	10          	1.682       	0.7124      	0.7323      	0.7591      
4850        	10          	1.683       	0.7237      	0.7305      	0.7669      
4855        	10          	1.682       	0.7285      	0.7394      	0.767       
4860        	10          	1.733       	0.7345      	0.7418      	0.7675      
4865        	10          	1.698       	0.7399      	0.743       	0.7765      
4870        	10          	1.707       	0.7437      	0.7425      	0.7748      
4875        	10          	1.688       	0.747       	0.748       	0.7829      
4880        	10          	1.695       	0.7433      	0.7459      	0.7796      
4885        	10          	1.737       	0.7384      	0.7403      	0.7715      
4890        	10          	1.687       	0.7375      	0.7527      	0.7697      
4895        	10          	1.703       	0.7399      	0.7512      	0.7654      
4900        	10          	1.717       	0.7346      	0.7452      	0.7764      
4905        	10          	1.728       	0.732       	0.7385      	0.7708      
4910        	10          	1.703       	0.7294      	0.742       	0.7719      
4915        	10          	1.703       	0.7402      	0.7452      	0.7732      
4920        	10          	1.685       	0.7429      	0.7384      	0.7716      
4925        	10          	1.69        	0.746       	0.7371      	0.7757      
4930        	10          	1.675       	0.7568      	0.7467      	0.7858      
4935        	10          	1.678       	0.7497      	0.7497      	0.7791      
4940        	10          	1.667       	0.7483      	0.7482      	0.7821      
4945        	10          	1.682       	0.7498      	0.7457      	0.7783      
4950        	10          	1.688       	0.7432      	0.7417      	0.7737      
4955        	10          	1.67        	0.747       	0.7471      	0.7716      
4960        	10          	1.663       	0.7652      	0.7575      	0.7688      
4965        	10          	1.657       	0.7639      	0.7521      	0.7695      
4970        	10          	1.665       	0.7677      	0.7578      	0.7714      
4975        	10          	1.657       	0.7622      	0.7526      	0.7684      
4980        	10          	1.65        	0.7725      	0.757       	0.7703      
4985        	10          	1.65        	0.7737      	0.7591      	0.7784      
4990        	10          	1.645       	0.7636      	0.7535      	0.7711      
4995        	10          	1.643       	0.7703      	0.7516      	0.7739      
5000        	10          	1.657       	0.7777      	0.7504      	0.7737      
