generation  	alive.rpl   	n.adlt.rs   	n.adlt.fst.wc_p1-2	n.adlt.fst.wc_p1-3	n.adlt.fst.wc_p2-3
4           	10          	0.0104      	5.553e-06   	9.361e-06   	4.408e-06   
8           	10          	0.04573     	1.02e-05    	1.882e-05   	5.204e-06   
12          	10          	0.1065      	1.897e-05   	3.156e-05   	1.629e-05   
16          	10          	0.06418     	1.12e-05    	2.201e-05   	4.475e-05   
20          	10          	0.1715      	2.287e-05   	4.587e-05   	1.424e-05   
24          	10          	0.08875     	1.647e-05   	7.267e-05   	3.151e-05   
28          	10          	0.1772      	2.164e-05   	5.88e-05    	3.358e-05   
32          	10          	0.1032      	4.269e-05   	2.07e-05    	1.938e-05   
36          	10          	0.07549     	5.086e-05   	3.476e-05   	3.476e-05   
40          	10          	0.03049     	2.926e-05   	8.891e-05   	3.671e-05   
44          	10          	0.1065      	1.342e-05   	4.468e-05   	3.781e-05   
48          	10          	0.05738     	1.236e-05   	3.52e-05    	4.971e-05   
52          	10          	0.0564      	6.655e-05   	7.303e-05   	2.958e-05   
56          	10          	0.1074      	3.146e-05   	8.05e-05    	5.717e-05   
60          	10          	0.1225      	1.426e-05   	4.257e-05   	3.779e-05   
64          	10          	0.1459      	2.741e-05   	3.356e-05   	2.451e-05   
68          	10          	0.1116      	2.927e-05   	0.0001298   	3.493e-05   
72          	10          	0.1957      	2.99e-05    	4.509e-05   	2.32e-05    
76          	10          	0.1256      	4.163e-05   	5.485e-05   	7.82e-05    
80          	10          	0.2095      	2.76e-05    	8.707e-05   	3.285e-05   
84          	10          	0.1011      	3.807e-05   	0.0001185   	5.584e-05   
88          	10          	0.1342      	2.095e-05   	7.721e-05   	4.234e-05   
92          	10          	0.07163     	1.488e-05   	4.431e-05   	3.057e-05   
96          	10          	0.07701     	6.731e-05   	8.953e-05   	1.901e-05   
100         	10          	0.09573     	1.168e-05   	3.95e-05    	3.966e-05   
104         	10          	0.1694      	6.028e-05   	5.547e-05   	7.305e-05   
108         	10          	0.1548      	8.545e-05   	0.0001994   	2.149e-05   
112         	10          	0.1228      	2.311e-05   	0.0001514   	4.736e-05   
116         	10          	0.1314      	4.09e-05    	7.912e-05   	4.991e-05   
120         	10          	0.1737      	6.426e-05   	7.467e-05   	7.353e-05   
124         	10          	0.1493      	3.076e-05   	9.75e-05    	5.12e-05    
128         	10          	0.1285      	1.989e-05   	9.311e-05   	3.954e-05   
132         	10          	0.1289      	5.004e-05   	8.124e-05   	8.711e-06   
136         	10          	0.1006      	7.302e-05   	0.0001059   	1.993e-05   
140         	10          	0.07343     	3.718e-05   	0.0001049   	5.21e-05    
144         	10          	0.07834     	5.134e-05   	5.177e-05   	3.418e-05   
148         	10          	0.05701     	2.145e-05   	0.0001087   	2.92e-05    
152         	10          	0.05766     	8.603e-05   	8.929e-05   	8.507e-05   
156         	10          	0.05401     	6.753e-05   	3.74e-05    	1.253e-05   
160         	10          	0.06196     	0.0001049   	8.371e-05   	3.157e-05   
164         	10          	0.09767     	4.531e-05   	0.0001404   	4.244e-05   
168         	10          	0.07196     	6.599e-05   	6.351e-05   	7.986e-05   
172         	10          	0.07645     	5.147e-05   	0.000165    	5.452e-05   
176         	10          	0.07922     	5.623e-05   	9.618e-05   	5.184e-05   
180         	10          	0.07162     	6.475e-05   	5.106e-05   	5.475e-05   
184         	10          	0.06544     	6.72e-05    	0.0001033   	2.565e-05   
188         	10          	0.0463      	2.168e-05   	7.665e-05   	1.982e-05   
192         	10          	0.0611      	6.2e-05     	0.0001642   	4.175e-05   
196         	10          	0.03467     	9.368e-05   	0.0001078   	1.119e-05   
200         	10          	0.02762     	0.0001044   	0.0002387   	3.808e-05   
204         	10          	0.05084     	2.294e-05   	0.0001451   	0.0001089   
208         	10          	0.04956     	0.0001025   	0.0001145   	3.734e-05   
212         	10          	0.0565      	0.000111    	0.0001968   	8.062e-05   
216         	10          	0.04696     	4.722e-05   	9.425e-05   	0.0001057   
220         	10          	0.07285     	4.533e-05   	0.000192    	4.551e-05   
224         	10          	0.045       	9.086e-05   	0.0001996   	0.0001668   
228         	10          	0.03854     	6.126e-05   	5.888e-05   	7.991e-05   
232         	10          	0.05196     	7.966e-05   	0.0002706   	7.076e-05   
236         	10          	0.06797     	1.527e-05   	9.466e-05   	4.402e-05   
240         	10          	0.09547     	6.433e-05   	0.0001287   	4.612e-05   
244         	10          	0.06646     	5.656e-05   	5.9e-05     	3.869e-05   
248         	10          	0.07334     	4.5e-05     	0.0001215   	4.13e-05    
252         	10          	0.083       	5.064e-05   	0.0002154   	6.747e-05   
256         	10          	0.048       	9.966e-05   	0.0002729   	8.389e-05   
260         	10          	0.05106     	0.0001389   	0.0002853   	8.192e-05   
264         	10          	0.04611     	5.629e-05   	0.0001459   	5.548e-05   
268         	10          	0.03195     	4.419e-05   	0.0001964   	3.541e-05   
272         	10          	0.06469     	8.034e-05   	0.0001676   	9.056e-05   
276         	10          	0.05964     	9.473e-05   	0.0001933   	0.0001342   
280         	10          	0.05904     	2.678e-05   	0.0001405   	4.278e-05   
284         	10          	0.06801     	4.452e-05   	0.0001025   	4.949e-05   
288         	10          	0.09234     	7.969e-05   	0.0001076   	3.125e-05   
292         	10          	0.08539     	7.58e-05    	0.000155    	5.771e-05   
296         	10          	0.09645     	6.54e-05    	0.000214    	4.309e-05   
300         	10          	0.09082     	9.402e-06   	7.659e-05   	4.308e-05   
304         	10          	0.05545     	5.088e-05   	0.0001155   	4.46e-05    
308         	10          	0.08711     	4.029e-05   	6.443e-05   	5.521e-05   
312         	10          	0.064       	9.171e-05   	8.668e-05   	5.61e-05    
316         	10          	0.05629     	4.197e-05   	0.0003212   	6.892e-05   
320         	10          	0.06266     	3.615e-05   	0.0002004   	0.0001069   
324         	10          	0.06758     	6.538e-05   	7.124e-05   	6.893e-05   
328         	10          	0.06057     	8.344e-05   	0.0002192   	0.0001863   
332         	10          	0.1007      	0.0001837   	0.000296    	1.121e-05   
336         	10          	0.07643     	9.023e-05   	0.0001913   	4.002e-05   
340         	10          	0.07784     	5.087e-05   	0.0001168   	6.211e-05   
344         	10          	0.1113      	8.873e-05   	0.000159    	6.688e-05   
348         	10          	0.08486     	9.577e-05   	0.0001072   	0.0001168   
352         	10          	0.09111     	6.924e-05   	0.0002546   	0.0001025   
356         	10          	0.09567     	8.544e-05   	0.0002219   	6.196e-05   
360         	10          	0.07194     	0.0001576   	0.0001527   	0.0001159   
364         	10          	0.09201     	4.832e-05   	0.0001122   	0.000113    
368         	10          	0.1154      	6.232e-05   	0.0001585   	4.686e-05   
372         	10          	0.138       	7.867e-05   	0.0001286   	6.667e-05   
376         	10          	0.1182      	0.0001356   	0.0001379   	3.984e-05   
380         	10          	0.1389      	3.061e-05   	0.0001537   	6.747e-05   
384         	10          	0.1166      	9.683e-05   	0.0002096   	8.785e-05   
388         	10          	0.09946     	5.08e-05    	0.0001064   	0.0001243   
392         	10          	0.08397     	0.0001177   	8.419e-05   	8.588e-05   
396         	10          	0.0744      	6.12e-05    	5.423e-05   	4.665e-05   
400         	10          	0.08417     	0.0001086   	0.0001653   	3.336e-05   
404         	10          	0.08711     	5.079e-05   	0.000192    	6.813e-05   
408         	10          	0.0721      	6.307e-05   	0.0002297   	0.0001093   
412         	10          	0.05816     	4.647e-05   	0.0002738   	0.0001632   
416         	10          	0.07556     	6.392e-05   	0.000459    	7.72e-05    
420         	10          	0.09206     	6.017e-05   	0.0003209   	4.292e-05   
424         	10          	0.08022     	7.48e-05    	5.612e-05   	3.555e-05   
428         	10          	0.05997     	3.784e-05   	7.652e-05   	8.224e-05   
432         	10          	0.0575      	0.0001108   	0.0002195   	7.881e-05   
436         	10          	0.04299     	6.263e-05   	0.0002101   	7.164e-05   
440         	10          	0.04056     	0.0001349   	0.0002149   	4.973e-05   
444         	10          	0.03923     	8.892e-05   	0.0002892   	4.247e-05   
448         	10          	0.03497     	0.0001465   	0.0004241   	6.735e-05   
452         	10          	0.04051     	0.0001534   	0.0003839   	0.0001648   
456         	10          	0.02934     	2.431e-05   	0.0001885   	6.541e-05   
460         	10          	0.0288      	4.511e-05   	0.0002209   	4.09e-05    
464         	10          	0.04428     	3.752e-05   	0.0001647   	0.0001086   
468         	10          	0.04872     	0.0001039   	0.0001943   	0.0001777   
472         	10          	0.04882     	3.033e-05   	0.0001689   	0.0001209   
476         	10          	0.06783     	5.073e-05   	0.0001122   	5.975e-05   
480         	10          	0.04375     	9.874e-05   	0.0002612   	7.155e-05   
484         	10          	0.04108     	7.285e-05   	6.778e-05   	6.217e-05   
488         	10          	0.03033     	0.0001374   	0.0001527   	5.175e-05   
492         	10          	0.03027     	4.279e-05   	0.0001666   	0.0001023   
496         	10          	0.02749     	4.291e-05   	0.0001174   	5.767e-05   
500         	10          	0.02121     	8.118e-05   	0.0002938   	0.0001654   
504         	10          	0.02078     	9.835e-05   	0.0003171   	4.682e-05   
508         	10          	0.01846     	8.315e-05   	0.0001227   	5.147e-05   
512         	10          	0.01828     	5.308e-05   	0.0002384   	0.0001527   
516         	10          	0.02302     	9.38e-05    	6.616e-05   	0.0001211   
520         	10          	0.02749     	4.987e-05   	5.859e-05   	0.0001229   
524         	10          	0.02084     	9.138e-05   	0.0001026   	0.0001764   
528         	10          	0.02894     	4.66e-05    	0.0001236   	6.063e-05   
532         	10          	0.02313     	9.714e-05   	0.0001035   	2.513e-05   
536         	10          	0.02153     	0.0001934   	0.0004181   	7.326e-05   
540         	10          	0.02739     	2.562e-05   	0.0001684   	4.943e-05   
544         	10          	0.02997     	5.604e-05   	0.0002145   	0.0002233   
548         	10          	0.02528     	7.046e-05   	0.0002128   	7.714e-05   
552         	10          	0.02029     	2.298e-05   	0.0002193   	0.0002025   
556         	10          	0.02211     	7.245e-05   	0.0003768   	0.0001425   
560         	10          	0.0124      	0.000124    	3.893e-05   	0.0001667   
564         	10          	0.02099     	0.0001021   	0.0001506   	0.0001001   
568         	10          	0.03486     	0.0001416   	0.0002834   	5.201e-05   
572         	10          	0.02147     	9.633e-05   	8.467e-05   	6.437e-05   
576         	10          	0.0224      	8.07e-05    	0.0002471   	8.542e-05   
580         	10          	0.02894     	0.0001247   	0.0001416   	6.321e-05   
584         	10          	0.04029     	0.0001759   	0.0001641   	8.537e-05   
588         	10          	0.04339     	6.708e-05   	0.000333    	0.0001184   
592         	10          	0.03212     	0.0001123   	0.0001362   	0.0001101   
596         	10          	0.03258     	6.126e-05   	0.0001095   	0.0001044   
600         	10          	0.03743     	5.914e-05   	0.0002322   	0.0001352   
604         	10          	0.02279     	6.716e-05   	0.0006181   	0.0002919   
608         	10          	0.02643     	7.295e-05   	0.0001657   	9.763e-05   
612         	10          	0.02508     	3.981e-05   	0.0002163   	0.0001239   
616         	10          	0.02684     	0.0001317   	0.0003515   	8.459e-05   
620         	10          	0.03019     	0.0001226   	0.0004236   	0.0001172   
624         	10          	0.01234     	0.0001616   	0.000224    	6.75e-05    
628         	10          	0.02829     	0.0001609   	0.0004952   	0.0001582   
632         	10          	0.02872     	0.0001144   	0.0002343   	0.0001547   
636         	10          	0.02488     	9.695e-05   	0.0001385   	0.0001636   
640         	10          	0.03196     	0.0001031   	0.0002168   	0.0001042   
644         	10          	0.02284     	7.356e-05   	0.0002524   	0.0001884   
648         	10          	0.01679     	4.96e-05    	8.434e-05   	3.963e-05   
652         	10          	0.0281      	7.474e-05   	0.0002753   	6.651e-05   
656         	10          	0.04058     	0.0002135   	0.0003013   	6.637e-05   
660         	10          	0.03338     	0.0001127   	0.0004013   	0.0001045   
664         	10          	0.02878     	0.0001847   	0.0001594   	0.0001027   
668         	10          	0.02675     	8.9e-05     	0.0001698   	8.336e-05   
672         	10          	0.02879     	9.166e-05   	8.844e-05   	7.643e-05   
676         	10          	0.01977     	6.979e-05   	0.0001568   	5.304e-05   
680         	10          	0.01884     	0.0001034   	0.0004079   	0.0001074   
684         	10          	0.01895     	0.0001027   	9.384e-05   	7.438e-05   
688         	10          	0.01688     	9.728e-05   	9.544e-05   	0.0001311   
692         	10          	0.01561     	0.0002022   	0.0001975   	0.0001147   
696         	10          	0.0274      	0.0001712   	0.0004116   	0.000183    
700         	10          	0.02973     	0.0001837   	0.0001364   	5.531e-05   
704         	10          	0.02043     	5.73e-05    	0.0001594   	7.469e-05   
708         	10          	0.03549     	8.71e-05    	0.0002469   	8.472e-05   
712         	10          	0.0263      	5.527e-05   	0.0002092   	7.198e-05   
716         	10          	0.02561     	0.000133    	0.0002795   	0.0001014   
720         	10          	0.02477     	0.0001216   	7.335e-05   	5.008e-05   
724         	10          	0.02597     	6.926e-05   	0.0001015   	6.979e-05   
728         	10          	0.02151     	4.701e-05   	8.665e-05   	5.07e-05    
732         	10          	0.02212     	4.564e-05   	0.0001341   	0.0002249   
736         	10          	0.01538     	0.0001287   	0.0003091   	2.904e-05   
740         	10          	0.01991     	7.148e-05   	0.0002102   	0.0001555   
744         	10          	0.01216     	9.763e-05   	0.000258    	9.309e-05   
748         	10          	0.02266     	0.0001274   	0.0002757   	8.54e-05    
752         	10          	0.03046     	0.0001129   	0.0002853   	5.995e-05   
756         	10          	0.02297     	8.267e-05   	0.0003057   	8.843e-05   
760         	10          	0.01832     	7.711e-05   	0.0001954   	0.0001137   
764         	10          	0.03017     	5.068e-05   	6.304e-05   	8.811e-05   
768         	10          	0.02004     	0.0001306   	0.0004019   	0.0001615   
772         	10          	0.03245     	6.727e-05   	0.0001318   	5.433e-05   
776         	10          	0.05027     	0.0002562   	0.0002431   	8.895e-05   
780         	10          	0.04507     	0.000373    	0.0003711   	2.545e-05   
784         	10          	0.03151     	9.205e-05   	0.0002421   	3.56e-05    
788         	10          	0.03739     	0.0001588   	0.0002311   	0.0002469   
792         	10          	0.02997     	0.0001338   	8.962e-05   	6.889e-05   
796         	10          	0.03534     	8.225e-05   	0.0001922   	0.0001203   
800         	10          	0.03735     	0.0001105   	0.0004242   	0.0001878   
804         	10          	0.02911     	6.337e-05   	0.0002146   	7.77e-05    
808         	10          	0.02028     	0.0001505   	0.0004544   	8.445e-05   
812         	10          	0.02525     	0.0002578   	0.0003071   	7.101e-05   
816         	10          	0.03082     	0.000265    	0.0003705   	0.0001077   
820         	10          	0.02714     	4.079e-05   	0.0003354   	0.0001711   
824         	10          	0.02589     	0.0001467   	9.125e-05   	4.293e-05   
828         	10          	0.03184     	0.0002452   	0.0002737   	4.462e-05   
832         	10          	0.02295     	3.257e-05   	0.0003819   	7.153e-05   
836         	10          	0.02868     	7.356e-05   	0.0002462   	0.0001334   
840         	10          	0.01732     	0.0002663   	0.0001942   	0.0002353   
844         	10          	0.02678     	6.805e-05   	0.0005801   	0.000243    
848         	10          	0.01714     	4.659e-05   	0.0002509   	4.99e-05    
852         	10          	0.02403     	3.761e-05   	0.0004442   	7.933e-05   
856         	10          	0.02361     	0.0001594   	0.000374    	6.857e-05   
860         	10          	0.01361     	7.081e-05   	0.0003621   	0.0002005   
864         	10          	0.01644     	5.13e-05    	0.0004692   	0.0003412   
868         	10          	0.01638     	0.0002436   	0.0003734   	0.0001699   
872         	10          	0.0271      	0.0002254   	0.000469    	0.0002192   
876         	10          	0.0281      	8.338e-05   	0.0005233   	0.0001349   
880         	10          	0.02456     	5.436e-05   	0.0002327   	0.000253    
884         	10          	0.02693     	6.234e-05   	0.000585    	4.702e-05   
888         	10          	0.01997     	4.501e-05   	0.0006264   	7.769e-05   
892         	10          	0.008392    	0.000128    	0.000181    	0.0002605   
896         	10          	0.02194     	0.0001165   	0.0005416   	0.0001574   
900         	10          	0.02334     	5.076e-05   	0.0001377   	6.406e-05   
904         	10          	0.01869     	0.0002287   	0.0001923   	0.0001011   
908         	10          	0.02453     	0.0002689   	0.0003761   	0.0002892   
912         	10          	0.02046     	0.0001644   	0.0004456   	0.0001639   
916         	10          	0.03217     	0.0001117   	0.0002737   	0.0001013   
920         	10          	0.02568     	0.0001652   	0.0004106   	0.0001964   
924         	10          	0.02714     	0.0001332   	0.0003498   	4.952e-05   
928         	10          	0.02817     	0.0001936   	0.0001542   	0.0001277   
932         	10          	0.02134     	0.0001738   	0.0002958   	6.542e-05   
936         	10          	0.02671     	5.163e-05   	0.0001201   	0.0001542   
940         	10          	0.02633     	0.0001265   	0.0001961   	0.0001393   
944         	10          	0.01861     	0.0001581   	0.00017     	5.269e-05   
948         	10          	0.022       	0.0001388   	0.0001449   	5.048e-05   
952         	10          	0.02496     	0.0001289   	0.0002347   	5.562e-05   
956         	10          	0.03625     	0.0001719   	0.0003158   	0.000162    
960         	10          	0.0235      	0.0001174   	0.0004697   	0.0001262   
964         	10          	0.02817     	0.0001227   	0.0003438   	0.0003036   
968         	10          	0.02916     	0.0001005   	0.0002995   	0.0001759   
972         	10          	0.02236     	0.0001456   	0.0002093   	0.000124    
976         	10          	0.01818     	0.0001247   	0.0001559   	6.809e-05   
980         	10          	0.03157     	4.458e-05   	0.0003423   	0.0002685   
984         	10          	0.01636     	0.0001035   	0.0001864   	7.771e-05   
988         	10          	0.0125      	0.0001131   	0.0001549   	7.343e-05   
992         	10          	0.03214     	0.0001307   	0.0001498   	3.162e-05   
996         	10          	0.01849     	0.0001864   	0.0004668   	6.64e-05    
1000        	10          	0.0264      	8.914e-05   	0.0002316   	0.0001433   
1004        	10          	0.02529     	0.0001062   	0.000349    	0.0001238   
1008        	10          	0.02225     	0.0001016   	0.0003223   	0.0001973   
1012        	10          	0.02151     	5.847e-05   	0.0001851   	7.063e-05   
1016        	10          	0.0173      	0.0001749   	0.0003138   	5.258e-05   
1020        	10          	0.03122     	0.0002207   	0.0001574   	0.0001306   
1024        	10          	0.0229      	0.0001149   	0.0001631   	0.0001154   
1028        	10          	0.02806     	7.389e-05   	0.0002698   	5.517e-05   
1032        	10          	0.03347     	8.237e-05   	0.0001666   	8.293e-05   
1036        	10          	0.02434     	4.603e-05   	0.0001098   	9.229e-05   
1040        	10          	0.02978     	0.000101    	0.0001382   	0.000133    
1044        	10          	0.02478     	0.0001199   	0.0001424   	7.24e-05    
1048        	10          	0.02899     	6.881e-05   	0.0001324   	7.507e-05   
1052        	10          	0.02327     	0.0003735   	0.0002006   	0.0001035   
1056        	10          	0.02369     	0.0001472   	0.0001932   	0.0001181   
1060        	10          	0.01288     	0.0001316   	0.0001488   	8.056e-05   
1064        	10          	0.01832     	0.0001235   	0.0002091   	5.738e-05   
1068        	10          	0.009947    	6.873e-05   	0.0003448   	0.000165    
1072        	10          	0.01508     	0.0001083   	0.0001638   	0.0002693   
1076        	10          	0.01867     	0.0001566   	0.0001405   	0.0001345   
1080        	10          	0.02717     	0.0002523   	0.0005546   	6.047e-05   
1084        	10          	0.02818     	0.0001203   	0.0003478   	9.932e-05   
1088        	10          	0.0335      	0.000111    	0.0003319   	0.0001285   
1092        	10          	0.0209      	0.0001561   	0.0002648   	0.0001859   
1096        	10          	0.02535     	0.0001056   	0.0002325   	2.987e-05   
1100        	10          	0.01217     	0.0002238   	0.0003634   	3.795e-05   
1104        	10          	0.02021     	8.285e-05   	0.0002421   	1.881e-05   
1108        	10          	0.01071     	0.0001059   	0.0002936   	0.0001312   
1112        	10          	0.0084      	9.554e-05   	0.0001726   	0.0001719   
1116        	10          	0.008947    	0.0001619   	0.0001414   	0.0001935   
1120        	10          	0.01601     	6.323e-05   	0.0002528   	0.0001304   
1124        	10          	0.0158      	0.0001036   	0.0001541   	0.0001176   
1128        	10          	0.0174      	5.355e-05   	0.000353    	0.0001933   
1132        	10          	0.01589     	0.0003017   	0.0007512   	4.468e-05   
1136        	10          	0.009392    	0.0001573   	0.0002275   	4.366e-05   
1140        	10          	0.01816     	0.0001469   	0.0005931   	9.569e-05   
1144        	10          	0.02114     	0.0001603   	0.0004574   	0.0001739   
1148        	10          	0.01912     	8.842e-05   	0.0003888   	0.0002169   
1152        	10          	0.01739     	9.322e-05   	0.0002947   	0.0001428   
1156        	10          	0.01991     	9.454e-05   	0.000261    	0.00014     
1160        	10          	0.02136     	0.0001152   	0.0002407   	0.0001726   
1164        	10          	0.02879     	7.419e-05   	6.002e-05   	0.0001237   
1168        	10          	0.01812     	9.727e-05   	0.0002447   	0.0001378   
1172        	10          	0.01611     	0.0002074   	0.0002424   	0.0001886   
1176        	10          	0.01608     	7.35e-05    	9.041e-05   	0.0001137   
1180        	10          	0.02649     	9.027e-05   	0.0001656   	0.0001306   
1184        	10          	0.02719     	0.0002201   	0.0003964   	0.0001955   
1188        	10          	0.03433     	5.285e-05   	0.0003123   	0.0003588   
1192        	10          	0.0405      	0.0001161   	0.0001788   	0.0001112   
1196        	10          	0.03816     	0.0003138   	0.0002028   	0.0001168   
1200        	10          	0.04049     	0.0003398   	0.0002783   	0.000114    
1204        	10          	0.03456     	0.000243    	0.0003084   	4.689e-05   
1208        	10          	0.03457     	0.0003552   	0.0006499   	0.0002326   
1212        	10          	0.02745     	0.0001487   	0.0002696   	9.405e-05   
1216        	10          	0.02335     	6.796e-05   	0.0006275   	0.0001559   
1220        	10          	0.03202     	9.063e-05   	0.000277    	7.709e-05   
1224        	10          	0.03629     	0.0001757   	0.0002135   	0.0002209   
1228        	10          	0.02771     	9.514e-05   	0.0003429   	7.474e-05   
1232        	10          	0.03097     	0.0003496   	0.0003724   	0.0001505   
1236        	10          	0.01917     	0.0005405   	0.0001973   	0.0001411   
1240        	10          	0.02534     	0.0001296   	0.0004011   	0.0001027   
1244        	10          	0.02373     	9.354e-05   	0.0003482   	9.505e-05   
1248        	10          	0.02656     	0.0002178   	0.0004249   	0.0002486   
1252        	10          	0.02101     	0.0001685   	0.0002077   	0.0002226   
1256        	10          	0.03268     	0.0001111   	0.0002342   	9.222e-05   
1260        	10          	0.03645     	7.998e-05   	0.000381    	9.924e-05   
1264        	10          	0.03134     	7.623e-05   	0.0001551   	2.626e-05   
1268        	10          	0.0374      	0.0001206   	0.0004973   	0.0001823   
1272        	10          	0.03874     	0.0001286   	0.0002351   	0.0001864   
1276        	10          	0.04821     	7.447e-05   	0.0004602   	4.342e-05   
1280        	10          	0.04496     	0.0001073   	0.0002029   	0.0001646   
1284        	10          	0.04086     	0.0002304   	0.0004445   	8.662e-05   
1288        	10          	0.05479     	0.0002194   	0.0007176   	8.379e-05   
1292        	10          	0.04868     	0.0001399   	0.0001863   	9.898e-05   
1296        	10          	0.05636     	0.0006204   	0.0001596   	0.0001584   
1300        	10          	0.03279     	0.0002125   	0.0002502   	6.257e-05   
1304        	10          	0.05241     	0.0002713   	0.0003528   	0.0002253   
1308        	10          	0.05812     	8.227e-05   	0.0003085   	0.0001302   
1312        	10          	0.05757     	0.0002827   	0.0003359   	7.71e-05    
1316        	10          	0.05045     	8.277e-05   	0.0001703   	4.859e-05   
1320        	10          	0.04507     	0.000159    	0.0002846   	0.0001677   
1324        	10          	0.06289     	0.0001084   	0.0002425   	8.892e-05   
1328        	10          	0.06584     	0.000144    	0.0002833   	2.221e-05   
1332        	10          	0.05223     	0.0002456   	0.0003377   	8.259e-05   
1336        	10          	0.04047     	0.0001168   	0.0003932   	0.0001238   
1340        	10          	0.034       	0.000173    	0.0001477   	4.788e-05   
1344        	10          	0.03313     	0.000156    	0.0004889   	0.0003317   
1348        	10          	0.02601     	0.0001072   	0.0003612   	0.0001473   
1352        	10          	0.03951     	8.078e-05   	0.0001144   	5.857e-05   
1356        	10          	0.04004     	0.0001594   	0.0002283   	0.0001535   
1360        	10          	0.04499     	0.0001802   	0.0001889   	9.79e-05    
1364        	10          	0.03451     	0.0001547   	0.0002035   	0.0001222   
1368        	10          	0.04534     	0.0001542   	0.0001599   	0.0002122   
1372        	10          	0.04636     	0.0001175   	0.0004254   	1.737e-05   
1376        	10          	0.0429      	0.0002501   	0.0005699   	0.0001043   
1380        	10          	0.03522     	0.0002982   	0.0005832   	0.0001489   
1384        	10          	0.01991     	0.0003399   	0.0004163   	0.0001372   
1388        	10          	0.02728     	0.0001902   	0.0003341   	0.0001195   
1392        	10          	0.04568     	0.0001644   	0.0001309   	4.832e-05   
1396        	10          	0.03884     	0.000112    	0.0003383   	9.426e-05   
1400        	10          	0.03851     	5.62e-05    	0.0002499   	5.067e-05   
1404        	10          	0.03896     	0.0001338   	0.000193    	0.0001656   
1408        	10          	0.02849     	6.827e-05   	0.0001871   	0.0001992   
1412        	10          	0.02691     	0.0001478   	0.0004276   	0.0002094   
1416        	10          	0.02393     	0.0002414   	0.0003636   	0.0001315   
1420        	10          	0.03573     	0.0001567   	0.0008715   	0.0001762   
1424        	10          	0.039       	0.0001258   	0.0003129   	3.345e-05   
1428        	10          	0.04168     	0.000112    	0.0004879   	0.0001489   
1432        	10          	0.05946     	9.489e-05   	0.0005015   	0.0001861   
1436        	10          	0.05989     	9.519e-05   	0.0004398   	0.0001208   
1440        	10          	0.03988     	0.0002144   	0.0002164   	6.079e-05   
1444        	10          	0.04789     	6.297e-05   	0.000493    	0.0001492   
1448        	10          	0.04816     	0.0001484   	0.0003571   	0.0001012   
1452        	10          	0.06093     	0.0009573   	0.001209    	0.0002087   
1456        	10          	0.08123     	6.889e-05   	0.001059    	0.0004474   
1460        	10          	0.06378     	0.0001886   	0.001664    	0.0001103   
1464        	10          	0.06161     	1.498e-05   	0.0002409   	0.0001738   
1468        	10          	0.05879     	0.0001573   	0.000371    	0.0001038   
1472        	10          	0.05877     	0.0001969   	0.0003471   	0.0001241   
1476        	10          	0.05186     	0.0001003   	0.0002408   	4.076e-05   
1480        	10          	0.05083     	0.0001396   	0.0003993   	8.743e-05   
1484        	10          	0.03669     	9.656e-05   	0.0001694   	9.349e-05   
1488        	10          	0.03864     	0.0001267   	0.0003036   	6.896e-05   
1492        	10          	0.04058     	0.0001042   	0.000237    	0.0001384   
1496        	10          	0.05546     	0.0001445   	0.0004553   	8.459e-05   
1500        	10          	0.05486     	4.922e-05   	0.0002541   	0.0001366   
1504        	10          	0.04712     	6.081e-05   	0.0006593   	0.0001002   
1508        	10          	0.0611      	0.0001678   	0.0006529   	0.0001309   
1512        	10          	0.03812     	0.0001915   	0.0005586   	0.0001762   
1516        	10          	0.06179     	0.0001094   	0.0003167   	6.73e-05    
1520        	10          	0.06745     	0.0001368   	0.0004764   	0.0001701   
1524        	10          	0.0835      	6.245e-05   	9.347e-05   	0.000108    
1528        	10          	0.05358     	3.735e-05   	0.0003823   	0.0001698   
1532        	10          	0.07206     	3.986e-05   	0.0002318   	0.0002189   
1536        	10          	0.05197     	0.0002937   	0.0005293   	6.215e-05   
1540        	10          	0.05118     	9.134e-05   	0.0003318   	8.404e-05   
1544        	10          	0.04611     	0.0002122   	0.0002795   	0.0001837   
1548        	10          	0.05594     	0.0002793   	0.0002286   	5.915e-05   
1552        	10          	0.04645     	0.0001892   	0.000378    	0.0001193   
1556        	10          	0.032       	0.0002507   	0.0003554   	0.0001286   
1560        	10          	0.0521      	0.0001317   	0.0003046   	0.0001535   
1564        	10          	0.04312     	0.0002266   	0.0001256   	0.0001089   
1568        	10          	0.03967     	0.0002924   	0.0002667   	6.713e-05   
1572        	10          	0.06482     	0.0003      	0.0005229   	5.897e-05   
1576        	10          	0.03919     	0.0002114   	0.0003655   	0.000162    
1580        	10          	0.03164     	0.0002634   	0.0004486   	7.757e-05   
1584        	10          	0.02825     	0.0001767   	0.0002328   	9.422e-05   
1588        	10          	0.0319      	0.0001809   	0.0001809   	7.673e-05   
1592        	10          	0.02303     	0.0001585   	0.0002934   	6.208e-05   
1596        	10          	0.01664     	6.394e-05   	0.0001136   	6.991e-05   
1600        	10          	0.02134     	0.0001693   	0.0004986   	0.0001299   
1604        	10          	0.03347     	0.0002784   	0.0002436   	0.0003059   
1608        	10          	0.02411     	0.0002482   	0.0002529   	0.0001328   
1612        	10          	0.02312     	0.0001711   	0.0004483   	7.911e-05   
1616        	10          	0.0205      	0.0003088   	0.0004022   	0.0001576   
1620        	10          	0.02861     	0.0002293   	0.0006003   	0.0002296   
1624        	10          	0.02221     	0.0003236   	0.0003225   	0.0002828   
1628        	10          	0.02116     	0.0001159   	0.0002891   	0.0001424   
1632        	10          	0.03106     	0.0001149   	0.00061     	0.0002102   
1636        	10          	0.02634     	0.000125    	0.0004003   	0.0001717   
1640        	10          	0.03389     	5.372e-05   	0.0001613   	0.0001672   
1644        	10          	0.0409      	0.0001028   	0.0003298   	0.0002443   
1648        	10          	0.04411     	0.0001456   	0.0002788   	9.838e-05   
1652        	10          	0.04646     	0.0001922   	0.0005707   	0.0001883   
1656        	10          	0.03478     	0.0001197   	0.0001787   	0.000159    
1660        	10          	0.03225     	9.04e-05    	0.0003942   	7.719e-05   
1664        	10          	0.0405      	0.0001232   	0.0003826   	0.000228    
1668        	10          	0.0214      	0.0001271   	0.0002054   	5.849e-05   
1672        	10          	0.02147     	0.0001061   	0.0001184   	0.0001862   
1676        	10          	0.03161     	6.906e-05   	0.0001395   	0.0001149   
1680        	10          	0.02884     	0.0001589   	0.0001599   	9.55e-05    
1684        	10          	0.02402     	0.0001964   	0.0003965   	7.301e-05   
1688        	10          	0.01695     	7.961e-05   	0.000121    	0.0002595   
1692        	10          	0.02868     	0.0001193   	0.0002948   	0.0002529   
1696        	10          	0.03245     	0.0001869   	0.0003625   	0.0001427   
1700        	10          	0.04228     	0.0001405   	0.0003395   	0.0001895   
1704        	10          	0.02467     	9.583e-05   	0.0002281   	0.0001237   
1708        	10          	0.03506     	0.0001235   	0.0002997   	0.0001353   
1712        	10          	0.01919     	9.926e-05   	0.0003498   	6.178e-05   
1716        	10          	0.01766     	0.0001312   	0.000274    	0.0002586   
1720        	10          	0.02658     	7.577e-05   	0.0003363   	9.553e-05   
1724        	10          	0.02489     	0.0001092   	0.0003419   	9.58e-05    
1728        	10          	0.0304      	7.739e-05   	0.00014     	0.0001573   
1732        	10          	0.03157     	8.201e-05   	0.0004419   	0.0001888   
1736        	10          	0.0258      	0.0001135   	0.0007964   	0.0001798   
1740        	10          	0.02268     	0.0001365   	0.0002913   	0.0002696   
1744        	10          	0.03046     	6.772e-05   	0.0008037   	0.0002015   
1748        	10          	0.02654     	9.118e-05   	0.0002972   	0.0003059   
1752        	10          	0.02058     	0.0001399   	0.0005755   	0.0001086   
1756        	10          	0.04462     	0.0001972   	0.0007172   	0.0001786   
1760        	10          	0.02758     	0.0001452   	0.000635    	0.0001869   
1764        	10          	0.03416     	0.0001443   	0.0006826   	0.0001444   
1768        	10          	0.04199     	9.718e-05   	0.0005423   	0.0001183   
1772        	10          	0.03732     	0.0001509   	0.0006219   	0.0001428   
1776        	10          	0.03244     	7.066e-05   	0.0004253   	6.903e-05   
1780        	10          	0.02527     	7.105e-05   	0.0001493   	0.0001327   
1784        	10          	0.02418     	0.0001129   	0.0002701   	0.0001498   
1788        	10          	0.01916     	4.46e-05    	0.0004593   	7.521e-05   
1792        	10          	0.02374     	0.0001734   	0.0005519   	0.0001478   
1796        	10          	0.03041     	0.0001559   	0.0003169   	6.701e-05   
1800        	10          	0.03856     	7.64e-05    	0.000263    	7.51e-05    
1804        	10          	0.03788     	0.000107    	0.0001591   	0.0001851   
1808        	10          	0.03303     	0.000183    	0.000207    	0.0001016   
1812        	10          	0.02603     	0.0001259   	0.0003808   	9.3e-05     
1816        	10          	0.0274      	0.0002571   	0.0001811   	0.0001154   
1820        	10          	0.02369     	0.0003383   	0.0001757   	4.436e-05   
1824        	10          	0.02256     	0.0001323   	0.0001957   	0.0001498   
1828        	10          	0.01888     	0.0001348   	0.0002999   	0.0001284   
1832        	10          	0.01856     	6.529e-05   	0.0003272   	8.428e-05   
1836        	10          	0.02068     	2.908e-05   	0.0003582   	0.0001003   
1840        	10          	0.02157     	0.000117    	0.0003649   	0.0001943   
1844        	10          	0.02482     	5.629e-05   	0.000237    	9.432e-05   
1848        	10          	0.01102     	0.0002881   	0.000707    	0.0001259   
1852        	10          	0.01834     	8.249e-05   	0.0007601   	0.0001814   
1856        	10          	0.02334     	8.212e-05   	0.0006465   	0.0001482   
1860        	10          	0.03451     	0.0001754   	0.0001643   	0.0001348   
1864        	10          	0.02269     	0.0002113   	0.0003571   	0.0001384   
1868        	10          	0.01317     	0.0002089   	0.0003287   	5.801e-05   
1872        	10          	0.02238     	9.174e-05   	0.0005767   	2.744e-05   
1876        	10          	0.03099     	6.316e-05   	0.0001691   	0.000194    
1880        	10          	0.0319      	0.00023     	0.0002664   	8.799e-05   
1884        	10          	0.03149     	0.000103    	0.000219    	0.000218    
1888        	10          	0.03207     	8.47e-05    	0.0002061   	4.292e-05   
1892        	10          	0.02722     	0.0001732   	0.000285    	8.574e-05   
1896        	10          	0.0208      	0.0002606   	0.0008108   	0.0001732   
1900        	10          	0.02445     	0.000115    	0.0003358   	6.648e-05   
1904        	10          	0.01534     	3.959e-05   	0.0002124   	0.0001707   
1908        	10          	0.01296     	0.0001208   	0.0001596   	9.294e-05   
1912        	10          	0.02051     	9.672e-05   	0.0003257   	0.000216    
1916        	10          	0.01729     	8.838e-05   	0.0002518   	8.066e-05   
1920        	10          	0.01756     	0.0001406   	0.0003451   	0.0001072   
1924        	10          	0.01904     	6.181e-05   	0.0003184   	0.0001766   
1928        	10          	0.02282     	0.0002058   	0.0002588   	0.000117    
1932        	10          	0.01801     	0.0002121   	0.0002977   	2.564e-05   
1936        	10          	0.01978     	0.0003623   	0.0003027   	7.578e-05   
1940        	10          	0.0184      	0.0001122   	0.0001465   	5.771e-05   
1944        	10          	0.02391     	8.862e-05   	0.0002466   	0.0001853   
1948        	10          	0.0111      	9.828e-05   	0.0002051   	8.254e-05   
1952        	10          	0.01646     	8.017e-05   	0.0001936   	0.0002325   
1956        	10          	0.01871     	0.0001694   	0.0001542   	0.000231    
1960        	10          	0.01218     	0.0002582   	0.000268    	0.0002028   
1964        	10          	0.02446     	0.0001446   	0.0001096   	0.0001244   
1968        	10          	0.0158      	6.248e-05   	0.0003446   	8.65e-05    
1972        	10          	0.02773     	8.879e-05   	0.0003759   	0.0001596   
1976        	10          	0.03156     	0.0002249   	0.0001015   	0.000306    
1980        	10          	0.03344     	0.0001662   	0.0004753   	0.0001385   
1984        	10          	0.03623     	0.0001366   	0.00017     	0.0001146   
1988        	10          	0.03228     	0.0001126   	0.0002065   	0.0001474   
1992        	10          	0.0301      	0.0001166   	0.0003229   	0.0001233   
1996        	10          	0.02954     	0.0001975   	0.0004934   	0.0001158   
2000        	10          	0.02601     	0.0001022   	0.0003303   	0.0003036   
2004        	10          	0.03688     	0.0002259   	0.0006389   	0.0002997   
2008        	10          	0.021       	0.0003151   	0.0004886   	0.0001875   
2012        	10          	0.0235      	0.0003195   	0.0001199   	0.0001305   
2016        	10          	0.03416     	0.0001701   	0.0004842   	0.0003053   
2020        	10          	0.02858     	0.000246    	0.0002978   	0.0001669   
2024        	10          	0.03297     	0.0002634   	0.00025     	0.000154    
2028        	10          	0.03556     	0.0001222   	0.0002181   	0.0001027   
2032        	10          	0.02934     	0.0001172   	0.0002826   	7.532e-05   
2036        	10          	0.03095     	3.591e-05   	0.0001561   	0.0001238   
2040        	10          	0.03291     	6.788e-05   	0.0003292   	0.0001608   
2044        	10          	0.03464     	2.186e-05   	0.000321    	0.0001332   
2048        	10          	0.03082     	0.0003141   	0.0007985   	0.0001386   
2052        	10          	0.02317     	0.000113    	0.0003943   	0.000244    
2056        	10          	0.02273     	0.0002978   	0.0003631   	9.592e-05   
2060        	10          	0.02334     	0.0001004   	0.0001719   	0.0001151   
2064        	10          	0.01729     	0.0001226   	0.0001534   	0.000104    
2068        	10          	0.01478     	0.0002609   	0.0001613   	0.0002943   
2072        	10          	0.02817     	9.17e-05    	0.0002079   	6.36e-05    
2076        	10          	0.02718     	0.0001582   	0.000283    	0.0002239   
2080        	10          	0.02962     	0.0001812   	0.0002843   	4.587e-05   
2084        	10          	0.01964     	8.363e-05   	0.0003999   	0.0001252   
2088        	10          	0.02488     	0.000175    	0.0003823   	0.0001297   
2092        	10          	0.03071     	0.0001855   	0.0004437   	0.000272    
2096        	10          	0.03571     	7.147e-05   	0.0004545   	0.0001164   
2100        	10          	0.03311     	0.0003207   	0.0001402   	0.0001386   
2104        	10          	0.02664     	0.0001998   	0.0004954   	7.451e-05   
2108        	10          	0.03277     	0.0001199   	0.0001991   	0.0001747   
2112        	10          	0.02216     	0.0002451   	0.0002976   	0.000116    
2116        	10          	0.04428     	0.0001071   	0.0004294   	0.0001487   
2120        	10          	0.03736     	0.0001926   	0.0004083   	0.0001921   
2124        	10          	0.02622     	0.0001855   	0.0003659   	6.891e-05   
2128        	10          	0.03935     	0.0003193   	0.0002597   	0.000122    
2132        	10          	0.03802     	0.0001133   	0.0002739   	9.423e-05   
2136        	10          	0.02999     	0.0002214   	0.0002884   	0.000225    
2140        	10          	0.02536     	0.0001916   	0.0003216   	5.325e-05   
2144        	10          	0.02373     	0.0002471   	0.000462    	0.0001863   
2148        	10          	0.02118     	9.522e-05   	0.0001209   	0.0001318   
2152        	10          	0.01719     	0.0002212   	0.0002224   	0.0001223   
2156        	10          	0.0158      	0.0001788   	0.0001295   	0.0001507   
2160        	10          	0.01621     	0.0003084   	0.0001301   	7.357e-05   
2164        	10          	0.02899     	9.632e-05   	0.0003699   	9.789e-05   
2168        	10          	0.04106     	1.349e-05   	0.0004252   	0.0001381   
2172        	10          	0.02917     	0.0001016   	0.0003382   	0.0003764   
2176        	10          	0.03493     	0.0001338   	0.0002469   	7.657e-05   
2180        	10          	0.03703     	0.0002052   	0.0002069   	0.0001289   
2184        	10          	0.02968     	0.0002753   	0.0008893   	0.0002304   
2188        	10          	0.04141     	0.0001559   	0.0001795   	0.0001392   
2192        	10          	0.04611     	7.537e-05   	0.0002696   	0.0002096   
2196        	10          	0.04812     	9.333e-05   	0.0002679   	7.933e-05   
2200        	10          	0.04266     	1.866e-05   	0.0005345   	0.0001496   
2204        	10          	0.05873     	9.955e-05   	0.000293    	0.0002202   
2208        	10          	0.05561     	0.0001417   	0.0003029   	2.983e-05   
2212        	10          	0.05286     	6.786e-05   	0.0001583   	3.427e-05   
2216        	10          	0.05447     	0.0002095   	0.0002719   	0.0002006   
2220        	10          	0.06346     	7.285e-05   	0.000183    	0.0001431   
2224        	10          	0.05082     	0.0002888   	0.0007689   	0.0002286   
2228        	10          	0.04922     	0.0001948   	0.0007113   	0.0001383   
2232        	10          	0.04999     	0.0001471   	0.0003785   	0.0003172   
2236        	10          	0.07012     	7.156e-05   	0.0002733   	6.908e-05   
2240        	10          	0.0613      	0.0002407   	0.0004663   	0.0002271   
2244        	10          	0.06684     	0.0002754   	0.000222    	0.0001033   
2248        	10          	0.04949     	0.0001581   	0.0002702   	0.0001504   
2252        	10          	0.05721     	0.0002023   	0.0003562   	0.0002267   
2256        	10          	0.06727     	0.0003488   	0.0002045   	0.0001943   
2260        	10          	0.05311     	0.0001811   	0.0004957   	0.0003007   
2264        	10          	0.0645      	0.0001519   	0.0004751   	0.0001231   
2268        	10          	0.04951     	0.0001223   	0.0004417   	0.0001312   
2272        	10          	0.05518     	8.512e-05   	0.0004745   	0.0001614   
2276        	10          	0.05132     	0.0001424   	0.0002343   	6.377e-05   
2280        	10          	0.05538     	0.000113    	0.000375    	0.0001817   
2284        	10          	0.05434     	9.927e-05   	0.0001638   	0.000113    
2288        	10          	0.06345     	5.278e-05   	0.0001375   	1.413e-05   
2292        	10          	0.05317     	0.0001816   	0.0001549   	0.0001003   
2296        	10          	0.06885     	3.864e-05   	0.0002475   	0.0001029   
2300        	10          	0.05383     	7.552e-05   	0.0003347   	0.0001471   
2304        	10          	0.06269     	0.0001452   	0.0006836   	7.904e-05   
2308        	10          	0.06907     	0.0001104   	0.0002438   	9.62e-05    
2312        	10          	0.06273     	9.16e-05    	0.0001822   	9.769e-05   
2316        	10          	0.08268     	7.787e-05   	0.0004254   	7.994e-05   
2320        	10          	0.06968     	0.0001005   	0.0003564   	0.0001583   
2324        	10          	0.06446     	0.0001576   	0.0003515   	0.0001957   
2328        	10          	0.07586     	0.0001114   	0.0001519   	0.0001615   
2332        	10          	0.09675     	0.0001925   	0.0002903   	0.0001438   
2336        	10          	0.0701      	0.0002866   	0.0004639   	0.0001172   
2340        	10          	0.06717     	0.0001148   	0.0005657   	0.0002062   
2344        	10          	0.06067     	0.0001973   	0.0004865   	0.0001663   
2348        	10          	0.06199     	3.229e-05   	0.00045     	5.075e-05   
2352        	10          	0.08343     	0.0001828   	0.000224    	0.0002362   
2356        	10          	0.07611     	0.000164    	0.0003474   	0.0002465   
2360        	10          	0.0618      	0.0001704   	8.819e-05   	0.0001729   
2364        	10          	0.06162     	0.0002082   	0.0001161   	0.000266    
2368        	10          	0.05389     	0.0001081   	0.0003111   	0.000142    
2372        	10          	0.05721     	0.0001016   	0.000221    	0.0002188   
2376        	10          	0.05201     	0.0002864   	0.0001222   	0.0001468   
2380        	10          	0.0534      	8.237e-05   	0.0003543   	8.797e-05   
2384        	10          	0.04829     	0.0001122   	0.0004411   	8.77e-05    
2388        	10          	0.0404      	6.863e-05   	0.0003222   	0.0001342   
2392        	10          	0.05157     	6.078e-05   	0.000163    	0.0001997   
2396        	10          	0.07607     	5.526e-05   	0.0002971   	5.419e-05   
2400        	10          	0.06904     	5.275e-05   	0.0005187   	0.0001149   
2404        	10          	0.08121     	9.088e-05   	0.0006047   	0.0001726   
2408        	10          	0.08079     	9.424e-05   	0.0006182   	8.494e-05   
2412        	10          	0.06668     	0.0001063   	0.0004688   	9.592e-05   
2416        	10          	0.07236     	8.518e-05   	0.0003256   	5.609e-05   
2420        	10          	0.05689     	6.542e-05   	0.000197    	9.739e-05   
2424        	10          	0.09017     	0.0001007   	5.221e-05   	9.191e-05   
2428        	10          	0.06888     	8.262e-05   	0.0001299   	0.0001357   
2432        	10          	0.07621     	6.873e-05   	0.0002396   	5.676e-05   
2436        	10          	0.06606     	0.0001006   	0.0004565   	0.0002175   
2440        	10          	0.06673     	0.0001129   	0.0003705   	0.0001132   
2444        	10          	0.0749      	0.0001259   	0.0002124   	4.903e-05   
2448        	10          	0.06823     	3.866e-05   	0.0002634   	0.000137    
2452        	10          	0.06291     	0.0001115   	0.0001352   	0.0001545   
2456        	10          	0.05527     	5.785e-05   	0.0003081   	0.0002486   
2460        	10          	0.05689     	0.0001383   	0.0002696   	9.09e-05    
2464        	10          	0.05296     	0.0001264   	0.0004708   	9.691e-05   
2468        	10          	0.06141     	0.0002297   	0.0001646   	4.386e-05   
2472        	10          	0.05634     	0.0001202   	0.0002132   	0.000142    
2476        	10          	0.04984     	0.0001325   	0.0003852   	8.857e-05   
2480        	10          	0.06549     	0.0001775   	0.0004726   	4.697e-05   
2484        	10          	0.05617     	0.0001504   	0.0002467   	0.0001258   
2488        	10          	0.04801     	0.0001166   	0.0006731   	0.0001368   
2492        	10          	0.0544      	5.07e-05    	0.0001559   	0.0001056   
2496        	10          	0.05597     	6.136e-05   	0.0001837   	0.0001902   
2500        	10          	0.0528      	0.0001421   	0.0002765   	6.36e-05    
2504        	10          	0.05936     	0.0002163   	0.0003718   	0.0002208   
2508        	10          	0.05057     	5.321e-05   	0.0003376   	0.0001151   
2512        	10          	0.03034     	9.095e-05   	0.0003137   	0.000128    
2516        	10          	0.04804     	7.646e-05   	8.581e-05   	0.0002384   
2520        	10          	0.04425     	9.287e-05   	0.000334    	0.0002964   
2524        	10          	0.03554     	5.843e-05   	0.0004009   	0.000115    
2528        	10          	0.04397     	8.709e-05   	0.0007131   	0.0001953   
2532        	10          	0.02723     	6.545e-05   	0.0005043   	0.0002574   
2536        	10          	0.02674     	0.0001367   	0.0003238   	0.0001121   
2540        	10          	0.02823     	0.0001267   	0.0002802   	0.0001452   
2544        	10          	0.03618     	6.692e-05   	0.0001202   	0.0001316   
2548        	10          	0.02597     	8.382e-05   	0.0004198   	0.0001266   
2552        	10          	0.03273     	0.0001816   	0.0005056   	0.0001812   
2556        	10          	0.02695     	0.0001426   	0.0004614   	0.0002625   
2560        	10          	0.01611     	0.0001262   	0.0003815   	0.0001262   
2564        	10          	0.01856     	0.00016     	0.000385    	5.194e-05   
2568        	10          	0.01584     	4.901e-05   	0.0002335   	6.095e-05   
2572        	10          	0.03127     	0.000171    	0.000203    	3.646e-05   
2576        	10          	0.03849     	0.0001776   	0.0002403   	9.7e-05     
2580        	10          	0.0393      	0.0002578   	0.0002816   	0.0001806   
2584        	10          	0.03264     	0.0001655   	0.0003695   	0.0001873   
2588        	10          	0.02254     	0.0001673   	0.0002034   	0.0001146   
2592        	10          	0.02999     	0.0002594   	0.0003975   	6.923e-05   
2596        	10          	0.02182     	0.0001239   	0.0003142   	0.0001184   
2600        	10          	0.02023     	0.0001555   	0.0004138   	0.0001126   
2604        	10          	0.01464     	0.0001909   	0.0006394   	0.0001335   
2608        	10          	0.01212     	0.0001229   	0.000168    	0.0001081   
2612        	10          	0.02058     	0.0002829   	0.0004487   	7.697e-05   
2616        	10          	0.02347     	0.0001377   	0.00029     	0.0002287   
2620        	10          	0.02001     	0.0001773   	0.0005037   	0.0001211   
2624        	10          	0.02011     	0.0001325   	0.0004024   	0.0001078   
2628        	10          	0.02472     	0.0001954   	0.0002992   	7.713e-05   
2632        	10          	0.02772     	0.0002926   	0.0002196   	0.0001021   
2636        	10          	0.03601     	0.0001936   	0.0002633   	0.0002412   
2640        	10          	0.0259      	4.808e-05   	0.0005261   	0.0001302   
2644        	10          	0.02643     	8.56e-05    	0.0001827   	0.0001662   
2648        	10          	0.02643     	6.443e-05   	0.0002301   	0.0001239   
2652        	10          	0.03301     	8.435e-05   	0.0001624   	0.0001677   
2656        	10          	0.02216     	5.998e-05   	0.0003958   	5.574e-05   
2660        	10          	0.01541     	0.0001749   	0.0003253   	0.0001633   
2664        	10          	0.0229      	0.0002362   	0.0002677   	0.0002039   
2668        	10          	0.02796     	0.0001771   	0.000191    	8.236e-05   
2672        	10          	0.0204      	0.0003309   	0.0004988   	9.217e-05   
2676        	10          	0.01974     	0.0002267   	0.0003119   	0.0001573   
2680        	10          	0.03041     	0.0001269   	0.000369    	0.0001108   
2684        	10          	0.02972     	0.0001182   	0.0003706   	0.0001593   
2688        	10          	0.02802     	9.226e-05   	0.0001546   	0.0001223   
2692        	10          	0.02957     	0.0001933   	0.0002202   	0.0001534   
2696        	10          	0.01824     	0.0001153   	0.0007929   	0.0002793   
2700        	10          	0.02052     	8.944e-05   	0.000556    	0.0001466   
2704        	10          	0.01191     	0.0001204   	0.0009888   	0.0003047   
2708        	10          	0.01645     	0.0001648   	0.0003454   	0.0001665   
2712        	10          	0.03268     	0.0003049   	0.0003105   	0.0001865   
2716        	10          	0.03093     	0.000301    	0.0001431   	0.0001613   
2720        	10          	0.02825     	2.96e-05    	0.0003273   	0.0001763   
2724        	10          	0.02495     	0.0002715   	0.0005015   	0.000133    
2728        	10          	0.03422     	0.0001273   	0.0006412   	7.768e-05   
2732        	10          	0.02174     	9.412e-05   	0.0004896   	8.452e-05   
2736        	10          	0.02525     	0.0001767   	0.0003339   	5.91e-05    
2740        	10          	0.03117     	0.0001364   	0.0002221   	9.923e-05   
2744        	10          	0.02806     	0.0001338   	0.0003086   	3.965e-05   
2748        	10          	0.0206      	0.0001966   	0.00037     	0.0001606   
2752        	10          	0.02057     	3.383e-05   	0.0003036   	0.0001262   
2756        	10          	0.01862     	0.0001978   	0.0006111   	0.000112    
2760        	10          	0.01695     	0.0001562   	0.0009703   	0.0002322   
2764        	10          	0.01838     	0.0003098   	0.0005949   	6.812e-05   
2768        	10          	0.01688     	8.544e-05   	0.0002964   	0.0002215   
2772        	10          	0.01889     	0.000151    	0.0005188   	0.0003682   
2776        	10          	0.01118     	0.0001114   	0.0001539   	0.0001632   
2780        	10          	0.01003     	0.0001587   	0.00029     	8.111e-05   
2784        	10          	0.003789    	8.741e-05   	0.0003679   	0.0002234   
2788        	10          	0.01712     	0.0001675   	0.0002761   	0.0001575   
2792        	10          	0.01143     	0.0002737   	0.0001379   	0.0001842   
2796        	10          	0.01169     	0.0001471   	0.0001912   	0.000276    
2800        	10          	0.01894     	8.776e-05   	0.0002074   	0.0002426   
2804        	10          	0.02088     	0.0002896   	0.0002586   	9.303e-05   
2808        	10          	0.01889     	0.000161    	0.0004421   	0.0002886   
2812        	10          	0.02451     	0.0002183   	0.0005378   	4.119e-05   
2816        	10          	0.03082     	4.926e-05   	0.0005322   	0.0001552   
2820        	10          	0.03189     	0.000175    	0.0006921   	0.0002296   
2824        	10          	0.01745     	4.634e-05   	0.0003167   	0.0002258   
2828        	10          	0.02345     	0.0001261   	0.0003123   	9.024e-05   
2832        	10          	0.02468     	0.0001837   	0.0004255   	0.0001336   
2836        	10          	0.02545     	8.71e-05    	0.0002095   	0.0001537   
2840        	10          	0.02233     	0.0002124   	0.0002029   	9.135e-05   
2844        	10          	0.02177     	0.0001366   	0.0001202   	0.0002273   
2848        	10          	0.02712     	0.0001988   	0.0002325   	0.0001166   
2852        	10          	0.02882     	0.0003015   	0.0003679   	6.532e-05   
2856        	10          	0.01578     	3.658e-05   	0.0002002   	0.0001388   
2860        	10          	0.01256     	7.105e-05   	0.0004255   	0.0002159   
2864        	10          	0.01895     	6.137e-05   	0.0006572   	5.843e-05   
2868        	10          	0.03146     	8.29e-05    	0.0001501   	7.242e-05   
2872        	10          	0.04452     	0.0001374   	0.0002289   	0.0003134   
2876        	10          	0.03762     	0.0001263   	0.0002492   	0.0001208   
2880        	10          	0.03456     	0.0001357   	0.0003602   	0.0001297   
2884        	10          	0.03885     	0.0002331   	0.0005774   	0.0001216   
2888        	10          	0.03043     	0.0005533   	0.0007407   	0.0001866   
2892        	10          	0.02306     	0.0004051   	0.0003738   	0.0002333   
2896        	10          	0.0229      	0.0001148   	0.0004812   	0.000296    
2900        	10          	0.01484     	0.0001116   	0.0003588   	6.134e-05   
2904        	10          	0.01844     	8.787e-05   	0.0002065   	4.798e-05   
2908        	10          	0.01914     	0.0003524   	0.0003151   	8.417e-05   
2912        	10          	0.01416     	0.0001489   	0.0003147   	7.627e-05   
2916        	10          	0.02089     	7.857e-05   	0.0001873   	0.0001695   
2920        	10          	0.01314     	0.0001926   	0.0001023   	0.0001544   
2924        	10          	0.01691     	0.0002264   	0.0002742   	0.0001287   
2928        	10          	0.01467     	0.0001899   	0.0001902   	2.036e-05   
2932        	10          	0.01841     	0.0003601   	0.0006913   	5.201e-05   
2936        	10          	0.01656     	8.484e-05   	0.0003564   	0.000139    
2940        	10          	0.01147     	9.418e-05   	0.0004955   	0.0001853   
2944        	10          	0.01539     	6.716e-05   	0.0001037   	6.732e-05   
2948        	10          	0.01356     	4.799e-05   	0.0007151   	0.0002985   
2952        	10          	0.01372     	0.0003329   	0.0005976   	0.0001132   
2956        	10          	0.01464     	0.0001427   	0.0005413   	0.000241    
2960        	10          	0.01191     	0.0001324   	0.000292    	7.952e-05   
2964        	10          	0.01662     	0.000134    	0.0001195   	6.172e-05   
2968        	10          	0.01606     	8.003e-05   	0.0002973   	0.0001294   
2972        	10          	0.02818     	0.0002538   	0.0002347   	0.0001082   
2976        	10          	0.02049     	0.0002063   	0.000656    	0.0001191   
2980        	10          	0.02446     	0.0002061   	0.0005284   	0.0001497   
2984        	10          	0.02296     	0.000139    	0.000386    	0.0001211   
2988        	10          	0.02325     	0.0004014   	0.0003029   	2.555e-05   
2992        	10          	0.01754     	0.0002018   	0.0002022   	0.0001565   
2996        	10          	0.03095     	0.0001401   	0.0001849   	0.0001537   
3000        	10          	0.02834     	8.871e-05   	0.000132    	0.0001069   
3004        	10          	0.04756     	4.891e-05   	0.0001137   	0.000134    
3008        	10          	0.0353      	8.513e-05   	9.785e-05   	0.0001321   
3012        	10          	0.03879     	0.0002435   	8.472e-05   	0.000265    
3016        	10          	0.02551     	0.0002019   	0.000113    	5.974e-05   
3020        	10          	0.02689     	6.449e-05   	0.0002886   	0.0001707   
3024        	10          	0.02068     	0.0001346   	0.0006295   	0.0002494   
3028        	10          	0.02012     	0.0001444   	0.0006286   	0.0002721   
3032        	10          	0.025       	0.0002268   	0.0003208   	0.000137    
3036        	10          	0.01878     	0.0001831   	0.0002568   	0.0002277   
3040        	10          	0.01478     	5.112e-05   	0.0002322   	0.0002604   
3044        	10          	0.02085     	0.000111    	0.0004792   	0.0001185   
3048        	10          	0.01807     	0.0002996   	0.0004393   	6.165e-05   
3052        	10          	0.01923     	6.993e-05   	0.000174    	4.164e-05   
3056        	10          	0.01582     	2.818e-05   	0.0001365   	0.0001591   
3060        	10          	0.02436     	0.0002041   	0.0002717   	1.624e-05   
3064        	10          	0.01601     	9.599e-05   	9.746e-05   	6.322e-05   
3068        	10          	0.01269     	0.0003011   	0.000252    	0.0002521   
3072        	10          	0.02132     	0.000175    	0.0003816   	0.0001242   
3076        	10          	0.008069    	0.0002642   	0.0002566   	0.0001388   
3080        	10          	0.02168     	0.0001192   	0.0004615   	0.0001037   
3084        	10          	0.01253     	0.0001655   	0.0003486   	0.0001981   
3088        	10          	0.01273     	2.449e-05   	0.0003064   	8.815e-05   
3092        	10          	0.008844    	9.005e-05   	0.0001979   	0.0001534   
3096        	10          	0.007011    	5.97e-05    	0.0003146   	0.0001853   
3100        	10          	0.01022     	0.0001064   	0.0003011   	0.0002199   
3104        	10          	0.01201     	0.0001803   	0.0004302   	0.0001733   
3108        	10          	0.01134     	0.0001237   	0.0002531   	0.0001357   
3112        	10          	0.01156     	0.0001024   	0.0003112   	0.0001904   
3116        	10          	0.0161      	0.0002124   	0.0002359   	0.0001429   
3120        	10          	0.01645     	0.0002334   	0.0006463   	0.0002849   
3124        	10          	0.02052     	7.401e-05   	0.0002261   	6.046e-05   
3128        	10          	0.01662     	0.0001695   	0.0003861   	0.0002522   
3132        	10          	0.01679     	5.672e-05   	0.0007502   	0.0004024   
3136        	10          	0.017       	0.0002005   	0.0006532   	0.0002572   
3140        	10          	0.02101     	8.221e-05   	0.0001885   	0.0001496   
3144        	10          	0.0108      	0.0001022   	0.000221    	0.0002601   
3148        	10          	0.0334      	0.0002045   	0.000162    	0.0001142   
3152        	10          	0.02777     	7.035e-05   	0.0003423   	7.58e-05    
3156        	10          	0.03078     	6.476e-05   	0.0004174   	2.282e-05   
3160        	10          	0.02129     	0.0003458   	0.0002221   	0.000157    
3164        	10          	0.02991     	9.537e-05   	0.000371    	0.0001689   
3168        	10          	0.02025     	3.332e-05   	0.0002355   	6.163e-05   
3172        	10          	0.02874     	6.477e-05   	7.398e-05   	9.761e-05   
3176        	10          	0.02914     	0.0003354   	0.0003954   	9.076e-05   
3180        	10          	0.02101     	0.0002077   	0.0001997   	4.393e-05   
3184        	10          	0.01884     	0.0001406   	0.0001173   	0.0002318   
3188        	10          	0.02851     	4.163e-05   	0.0001622   	0.0001723   
3192        	10          	0.02275     	7.139e-05   	0.0006524   	0.0002143   
3196        	10          	0.0231      	0.0001896   	0.0003117   	0.0002962   
3200        	10          	0.02134     	0.0001687   	0.0003326   	0.0001379   
3204        	10          	0.03151     	0.0001575   	0.0001274   	0.0001636   
3208        	10          	0.02586     	0.0002839   	0.0003215   	0.0001352   
3212        	10          	0.02572     	0.0001426   	0.000535    	0.0001749   
3216        	10          	0.02023     	0.0001596   	0.0007374   	0.0001726   
3220        	10          	0.02157     	8.086e-05   	0.0004235   	0.0001456   
3224        	10          	0.02234     	0.00029     	0.0003711   	0.0002414   
3228        	10          	0.03167     	0.0004479   	0.0005246   	0.0003012   
3232        	10          	0.042       	0.0002546   	0.0002177   	0.0001809   
3236        	10          	0.04829     	4.683e-05   	0.0003061   	0.000137    
3240        	10          	0.07045     	8.572e-05   	0.0001524   	0.0001112   
3244        	10          	0.05418     	0.000195    	0.0004837   	8.922e-05   
3248        	10          	0.04778     	0.0003726   	0.0002285   	0.0002356   
3252        	10          	0.04949     	0.0001054   	0.000327    	8.26e-05    
3256        	10          	0.03191     	0.0001217   	0.0003647   	0.0002287   
3260        	10          	0.03443     	9.552e-05   	0.0006246   	0.0002584   
3264        	10          	0.03425     	6.422e-05   	0.0004606   	7.083e-05   
3268        	10          	0.05102     	5.615e-05   	0.0003463   	0.0001702   
3272        	10          	0.04708     	9.654e-05   	0.0002691   	7.287e-05   
3276        	10          	0.04238     	0.0002831   	0.00075     	0.0001614   
3280        	10          	0.05661     	0.0002035   	0.001565    	0.0001153   
3284        	10          	0.05279     	0.0001149   	0.0001103   	0.0001531   
3288        	10          	0.06003     	7.954e-05   	0.0001587   	0.0001118   
3292        	10          	0.06754     	6.543e-05   	0.000133    	8.683e-05   
3296        	10          	0.04717     	0.0002184   	0.0002562   	0.0002281   
3300        	10          	0.05179     	9.983e-05   	0.000374    	0.0002646   
3304        	10          	0.04502     	0.0001644   	0.0004115   	8.83e-05    
3308        	10          	0.0505      	0.0001429   	0.0002132   	5.682e-05   
3312        	10          	0.05418     	0.0001057   	0.0004837   	8.594e-05   
3316        	10          	0.05222     	0.0001548   	0.0003579   	5.546e-05   
3320        	10          	0.06453     	9.887e-05   	0.0004544   	0.0001882   
3324        	10          	0.04396     	0.0001935   	0.0004258   	9.907e-05   
3328        	10          	0.05211     	9.206e-05   	0.0003576   	0.0001206   
3332        	10          	0.05539     	0.0001429   	0.0006129   	7.432e-05   
3336        	10          	0.04762     	9.125e-05   	0.0002792   	0.0001641   
3340        	10          	0.0486      	9.779e-05   	0.0001781   	0.0001389   
3344        	10          	0.05514     	5.585e-05   	0.0002508   	0.0001055   
3348        	10          	0.04084     	6.753e-05   	0.0002457   	0.000148    
3352        	10          	0.04419     	4.108e-05   	0.0002215   	0.0001049   
3356        	10          	0.03382     	0.0003767   	0.0003343   	9.881e-05   
3360        	10          	0.03438     	0.0002629   	0.0002912   	0.0001189   
3364        	10          	0.01768     	6.58e-05    	0.0001873   	3.997e-05   
3368        	10          	0.0188      	8.702e-05   	0.000231    	7.134e-05   
3372        	10          	0.01866     	0.0001023   	0.0003133   	0.0002098   
3376        	10          	0.02743     	0.0004008   	0.0004069   	0.0002221   
3380        	10          	0.03201     	0.0002046   	0.0002348   	7.342e-05   
3384        	10          	0.01996     	0.0001742   	0.0003751   	0.0001699   
3388        	10          	0.019       	6.719e-05   	0.0004317   	0.0001617   
3392        	10          	0.02646     	0.0002072   	6.435e-05   	0.0001837   
3396        	10          	0.03844     	0.0001102   	0.0003474   	0.0004286   
3400        	10          	0.02536     	0.0001513   	0.000271    	0.0001782   
3404        	10          	0.0264      	0.0001605   	0.0002715   	0.0001183   
3408        	10          	0.02307     	0.0001432   	0.0002036   	0.00014     
3412        	10          	0.0208      	9.795e-05   	0.0001372   	0.0001421   
3416        	10          	0.01234     	3.694e-05   	0.0002533   	0.0001897   
3420        	10          	0.02527     	9.017e-05   	0.0002145   	0.0002519   
3424        	10          	0.01639     	0.0002073   	0.0005504   	6.767e-05   
3428        	10          	0.01284     	5.639e-05   	0.001197    	0.0002628   
3432        	10          	0.01323     	6.048e-05   	0.000461    	0.0005376   
3436        	10          	0.02419     	6.083e-05   	0.0003208   	0.0001417   
3440        	10          	0.02969     	0.0001586   	0.0002948   	0.0001136   
3444        	10          	0.02108     	8.602e-05   	0.0002579   	0.000116    
3448        	10          	0.0239      	0.0002894   	0.0006532   	9.59e-05    
3452        	10          	0.02234     	9.578e-05   	0.0005343   	0.000158    
3456        	10          	0.01951     	8.748e-05   	0.0002694   	0.0002211   
3460        	10          	0.02273     	8.72e-05    	0.000124    	0.0002788   
3464        	10          	0.02684     	0.0001656   	0.0002486   	0.0001542   
3468        	10          	0.01878     	0.0001411   	8.1e-05     	5.408e-05   
3472        	10          	0.01771     	0.0003209   	0.0002933   	0.0001076   
3476        	10          	0.01997     	0.0001164   	0.0001446   	9.372e-05   
3480        	10          	0.02379     	0.0001566   	0.0004584   	8.541e-05   
3484        	10          	0.02401     	0.0001383   	0.0002026   	8.679e-05   
3488        	10          	0.008011    	0.0001529   	0.0004416   	5.769e-05   
3492        	10          	0.01134     	8.711e-05   	0.0006695   	0.0003533   
3496        	10          	0.01217     	0.0001647   	0.0004135   	4.772e-05   
3500        	10          	0.008711    	8.614e-05   	0.0003438   	0.0001438   
3504        	10          	0.009003    	7.424e-05   	0.0001114   	8.578e-05   
3508        	10          	0.007267    	0.0001439   	0.0003253   	0.000187    
3512        	10          	0.01017     	0.0001335   	0.000278    	0.0003904   
3516        	10          	0.01972     	0.0002186   	0.0002574   	0.0001163   
3520        	10          	0.01403     	0.0001912   	0.0001619   	0.0001871   
3524        	10          	0.01196     	0.0001522   	0.0004181   	0.0001657   
3528        	10          	0.006447    	0.000122    	0.0008119   	0.0002506   
3532        	10          	0.007344    	0.0001007   	0.0002981   	0.0001937   
3536        	10          	0.01116     	0.0001811   	0.0004329   	7.083e-05   
3540        	10          	0.006358    	0.0002905   	0.0003596   	0.0002368   
3544        	10          	0.005958    	0.0001154   	0.0003789   	0.0002608   
3548        	10          	0.01546     	0.0001417   	0.0003281   	0.0004727   
3552        	10          	0.007822    	0.000207    	0.0002858   	0.0001599   
3556        	10          	0.0159      	0.0001998   	0.0004246   	9.715e-05   
3560        	10          	0.022       	0.0001433   	0.0002025   	0.0002213   
3564        	10          	0.01978     	0.0002363   	0.0003247   	9.243e-05   
3568        	10          	0.02468     	0.0003251   	0.0002841   	0.0001021   
3572        	10          	0.01845     	0.0001265   	0.0004173   	0.000222    
3576        	10          	0.02284     	0.0001305   	0.0003069   	9.828e-05   
3580        	10          	0.01912     	0.0002044   	0.0002171   	7.901e-05   
3584        	10          	0.02418     	0.0002615   	0.00054     	0.0001545   
3588        	10          	0.02558     	0.0001725   	0.000658    	0.0001776   
3592        	10          	0.02358     	0.0002176   	0.0004278   	7.808e-05   
3596        	10          	0.02318     	0.0001423   	0.0001541   	7.825e-05   
3600        	10          	0.01799     	9.781e-05   	0.000589    	0.0001116   
3604        	10          	0.03232     	0.0001341   	0.0007029   	8.627e-05   
3608        	10          	0.02895     	5.682e-05   	0.0002803   	6.643e-05   
3612        	10          	0.02519     	9.967e-05   	0.000276    	0.0001064   
3616        	10          	0.02613     	0.00015     	4.783e-05   	7.709e-05   
3620        	10          	0.0309      	6.411e-05   	0.0003282   	0.0001026   
3624        	10          	0.02586     	6.729e-05   	0.0001861   	0.0001409   
3628        	10          	0.01622     	0.0001537   	0.0006734   	0.0001454   
3632        	10          	0.02991     	0.0001192   	0.0004201   	8.194e-05   
3636        	10          	0.02714     	0.0001671   	0.0003183   	8.059e-05   
3640        	10          	0.02408     	8.071e-05   	0.0002078   	9.46e-05    
3644        	10          	0.03224     	0.0001088   	0.0003244   	0.0002859   
3648        	10          	0.03278     	0.0002867   	0.000401    	0.0002037   
3652        	10          	0.0313      	9.085e-05   	0.0003343   	0.0004066   
3656        	10          	0.032       	0.0002552   	0.0004446   	6.683e-05   
3660        	10          	0.02723     	0.0002031   	0.00101     	0.0001706   
3664        	10          	0.02497     	8.014e-05   	0.0001925   	6.416e-05   
3668        	10          	0.02428     	4.585e-05   	0.0003369   	0.0001135   
3672        	10          	0.02249     	0.0001277   	0.000331    	4.565e-05   
3676        	10          	0.01723     	0.0001801   	0.0004283   	0.000162    
3680        	10          	0.01984     	0.0001094   	0.0001602   	0.0001452   
3684        	10          	0.02346     	4.432e-05   	0.000172    	0.0001487   
3688        	10          	0.03097     	6.219e-05   	0.0001716   	0.0001371   
3692        	10          	0.02103     	0.0002673   	0.0007402   	0.0001824   
3696        	10          	0.02777     	9.7e-05     	0.0002119   	0.0001729   
3700        	10          	0.02096     	0.0001644   	0.0005203   	0.0002201   
3704        	10          	0.02652     	0.0001323   	0.0002886   	0.0001736   
3708        	10          	0.02851     	7.834e-05   	0.0005159   	0.000147    
3712        	10          	0.04027     	8.729e-05   	0.0004849   	3.941e-05   
3716        	10          	0.03266     	0.0002462   	0.0003719   	0.0001176   
3720        	10          	0.04046     	0.000248    	0.0002844   	0.0002131   
3724        	10          	0.0309      	8.644e-05   	0.0001594   	0.0001224   
3728        	10          	0.01991     	0.0001242   	0.0002272   	8.056e-05   
3732        	10          	0.03021     	0.000228    	0.0002258   	0.0002004   
3736        	10          	0.02641     	0.0001361   	0.0005306   	0.0001603   
3740        	10          	0.02812     	0.0001226   	0.0007637   	0.0003154   
3744        	10          	0.03166     	0.0001083   	0.0002524   	7.853e-05   
3748        	10          	0.03579     	0.000163    	0.0006337   	0.0006663   
3752        	10          	0.03178     	0.0002084   	0.0003471   	0.0002772   
3756        	10          	0.02556     	0.000113    	0.0001926   	0.0001513   
3760        	10          	0.02275     	4.332e-05   	0.0004194   	7.006e-05   
3764        	10          	0.03361     	0.0001385   	0.0002846   	7.78e-05    
3768        	10          	0.02836     	3.284e-05   	0.0003051   	0.000113    
3772        	10          	0.02184     	0.0002266   	0.0002706   	0.0002444   
3776        	10          	0.02532     	0.0002418   	0.0004977   	0.0003801   
3780        	10          	0.03614     	0.0001083   	0.0002756   	0.0001472   
3784        	10          	0.03868     	0.0001513   	0.0003363   	0.0002276   
3788        	10          	0.02646     	0.0001457   	0.0001718   	0.0003495   
3792        	10          	0.03651     	9.84e-05    	0.0003263   	7.72e-05    
3796        	10          	0.02839     	5.998e-05   	0.0001985   	0.0001084   
3800        	10          	0.02917     	0.0001717   	0.0002882   	0.0001402   
3804        	10          	0.03667     	0.0002169   	0.0004083   	0.0002612   
3808        	10          	0.03251     	0.0002548   	0.001361    	9.857e-05   
3812        	10          	0.0378      	3.223e-05   	0.0006036   	0.000333    
3816        	10          	0.03519     	0.0002289   	0.000176    	9.546e-05   
3820        	10          	0.03545     	7.418e-05   	0.0001822   	6.307e-05   
3824        	10          	0.03504     	0.0002087   	0.0003592   	3.446e-05   
3828        	10          	0.02797     	0.0001129   	0.0004988   	9.108e-05   
3832        	10          	0.023       	0.0001697   	0.0004075   	7.88e-05    
3836        	10          	0.02839     	0.0001029   	0.0003055   	0.0002179   
3840        	10          	0.03428     	0.0001183   	0.0004261   	0.00012     
3844        	10          	0.02923     	0.0001095   	0.0001936   	0.0001593   
3848        	10          	0.03172     	4.096e-05   	0.0002787   	0.0001526   
3852        	10          	0.03945     	0.0002096   	0.0001358   	7.618e-05   
3856        	10          	0.03879     	8.699e-05   	0.000172    	0.0001001   
3860        	10          	0.03556     	0.000142    	0.0002029   	5.279e-05   
3864        	10          	0.03672     	9.058e-05   	0.0001166   	0.0001008   
3868        	10          	0.03447     	0.0002053   	0.0002607   	4.244e-05   
3872        	10          	0.03306     	4.455e-05   	0.0003243   	0.0001181   
3876        	10          	0.0458      	0.0001926   	0.0004188   	0.0001519   
3880        	10          	0.03399     	0.0001225   	0.0005632   	0.0001382   
3884        	10          	0.04039     	0.0001709   	0.0002849   	0.0001399   
3888        	10          	0.0384      	7.991e-05   	0.0002354   	0.0001266   
3892        	10          	0.03947     	6.481e-05   	0.0004007   	0.0001556   
3896        	10          	0.03262     	0.0001031   	0.0005472   	0.000192    
3900        	10          	0.02557     	5.645e-05   	0.0002071   	0.0001726   
3904        	10          	0.04304     	0.0002202   	0.0001624   	6.799e-05   
3908        	10          	0.02972     	0.000125    	0.0003309   	5.893e-05   
3912        	10          	0.03788     	9.082e-05   	0.0005463   	0.0002001   
3916        	10          	0.03239     	9.801e-05   	0.0001734   	9.346e-05   
3920        	10          	0.04128     	0.0001234   	0.0006736   	5.452e-05   
3924        	10          	0.02616     	0.0001417   	0.0006877   	0.0001038   
3928        	10          	0.02039     	6.062e-05   	0.0002705   	9.551e-05   
3932        	10          	0.02186     	9.027e-05   	0.000457    	0.0001039   
3936        	10          	0.01961     	8.113e-05   	0.0002892   	0.0001697   
3940        	10          	0.01447     	7.923e-05   	0.0003752   	0.0001328   
3944        	10          	0.01545     	0.0001173   	0.0003023   	0.0001093   
3948        	10          	0.007558    	0.0002183   	0.0002126   	0.0001025   
3952        	10          	0.01512     	0.0003021   	8.404e-05   	0.0001685   
3956        	10          	0.01208     	0.0002578   	0.0003447   	6.898e-05   
3960        	10          	0.01366     	0.0002524   	0.0003316   	0.0001633   
3964        	10          	0.01571     	9.549e-05   	0.0003494   	0.000111    
3968        	10          	0.01962     	0.0001098   	0.0004153   	0.000124    
3972        	10          	0.0216      	0.0002322   	0.0006084   	0.0001111   
3976        	10          	0.02589     	0.0001702   	0.0001867   	4.715e-05   
3980        	10          	0.01704     	7.255e-05   	0.0003463   	8.642e-05   
3984        	10          	0.01493     	0.0001148   	0.0002655   	7.184e-05   
3988        	10          	0.01875     	6.683e-05   	0.0003207   	4.928e-05   
3992        	10          	0.02262     	5.674e-05   	0.0002825   	0.0001851   
3996        	10          	0.01936     	6.739e-05   	0.0007833   	0.0003614   
4000        	10          	0.01419     	0.0001573   	0.0002024   	9.829e-05   
4004        	10          	0.02118     	0.000142    	0.0003219   	0.000128    
4008        	10          	0.01647     	0.0004698   	0.001069    	0.0003826   
4012        	10          	0.01402     	0.0002422   	0.0004764   	8.097e-05   
4016        	10          	0.01361     	0.001025    	0.0004554   	0.0001586   
4020        	10          	0.01157     	0.001678    	0.0009668   	1.286e-05   
4024        	10          	0.01679     	0.001335    	0.001245    	0.0001814   
4028        	10          	0.02251     	0.001888    	0.001415    	0.0001723   
4032        	10          	0.0228      	0.001898    	0.001517    	0.0003101   
4036        	10          	0.01525     	0.003876    	0.0007586   	0.0005942   
4040        	10          	0.03303     	0.003242    	0.001326    	0.001306    
4044        	10          	0.02951     	0.004685    	0.00154     	0.001489    
4048        	10          	0.02458     	0.003767    	0.002173    	0.00212     
4052        	10          	0.03262     	0.003069    	0.002629    	0.003143    
4056        	10          	0.02404     	0.004097    	0.002195    	0.001767    
4060        	10          	0.02764     	0.005543    	0.003551    	0.003319    
4064        	10          	0.02695     	0.006585    	0.001682    	0.002661    
4068        	10          	0.01804     	0.007301    	0.002547    	0.002825    
4072        	10          	0.01779     	0.006883    	0.001064    	0.002429    
4076        	10          	0.0196      	0.005436    	0.002174    	0.001092    
4080        	10          	0.02456     	0.006451    	0.001737    	0.002435    
4084        	10          	0.01778     	0.007616    	0.002132    	0.001538    
4088        	10          	0.02658     	0.006205    	0.001218    	0.00242     
4092        	10          	0.02528     	0.0064      	0.0004059   	0.001842    
4096        	10          	0.02564     	0.003179    	0.001482    	0.00326     
4100        	10          	0.02223     	0.003657    	0.001168    	0.004957    
4104        	10          	0.02234     	0.003324    	0.00124     	0.005417    
4108        	10          	0.01707     	0.004127    	0.001484    	0.00489     
4112        	10          	0.01782     	0.003177    	0.0008302   	0.004765    
4116        	10          	0.01657     	0.00378     	0.0007359   	0.003926    
4120        	10          	0.01368     	0.004071    	0.001136    	0.002572    
4124        	10          	0.009636    	0.003349    	0.00231     	0.00385     
4128        	10          	0.009225    	0.002013    	0.002916    	0.004499    
4132        	10          	0.01032     	0.003522    	0.002245    	0.004468    
4136        	10          	0.009067    	0.003139    	0.002208    	0.005962    
4140        	10          	0.01147     	0.002052    	0.001834    	0.007642    
4144        	10          	0.009489    	0.00403     	0.002064    	0.007415    
4148        	10          	0.01507     	0.003727    	0.001677    	0.005633    
4152        	10          	0.01101     	0.004748    	0.001727    	0.006145    
4156        	10          	0.01051     	0.005348    	0.001321    	0.004674    
4160        	10          	0.01428     	0.0047      	0.001403    	0.005667    
4164        	10          	0.01702     	0.006903    	0.003437    	0.007997    
4168        	10          	0.01707     	0.005401    	0.003636    	0.009498    
4172        	10          	0.01711     	0.008033    	0.003719    	0.007879    
4176        	10          	0.01546     	0.00555     	0.00349     	0.00631     
4180        	10          	0.01636     	0.005809    	0.003168    	0.006273    
4184        	10          	0.01068     	0.005025    	0.002646    	0.006861    
4188        	10          	0.006292    	0.004071    	0.002127    	0.006438    
4192        	10          	0.01228     	0.004044    	0.002526    	0.00775     
4196        	10          	0.008322    	0.005596    	0.003764    	0.007718    
4200        	10          	0.01057     	0.003087    	0.002616    	0.007805    
4204        	10          	0.01054     	0.004089    	0.001347    	0.006923    
4208        	10          	0.006781    	0.003168    	0.001377    	0.007638    
4212        	10          	0.004858    	0.002786    	0.002251    	0.009304    
4216        	10          	0.008556    	0.002169    	0.002647    	0.007846    
4220        	10          	0.005711    	0.001931    	0.00331     	0.007724    
4224        	10          	0.009433    	0.001989    	0.003055    	0.00708     
4228        	10          	0.007233    	0.002466    	0.00263     	0.007247    
4232        	10          	0.007003    	0.001883    	0.003817    	0.005329    
4236        	10          	0.0081      	0.003778    	0.002616    	0.005834    
4240        	10          	0.007944    	0.002261    	0.00312     	0.005431    
4244        	10          	0.007025    	0.004122    	0.002999    	0.006547    
4248        	10          	0.007267    	0.003888    	0.002608    	0.005317    
4252        	10          	0.01153     	0.007438    	0.003737    	0.006812    
4256        	10          	0.004803    	0.006761    	0.002901    	0.00573     
4260        	10          	0.0103      	0.004902    	0.002212    	0.002847    
4264        	10          	0.008767    	0.004653    	0.002006    	0.003891    
4268        	10          	0.008344    	0.003278    	0.003118    	0.005709    
4272        	10          	0.009       	0.005197    	0.003208    	0.004745    
4276        	10          	0.009114    	0.003661    	0.003171    	0.004647    
4280        	10          	0.005414    	0.005937    	0.003745    	0.00466     
4284        	10          	0.01021     	0.007716    	0.003618    	0.003694    
4288        	10          	0.008636    	0.008056    	0.004864    	0.003966    
4292        	10          	0.006122    	0.007742    	0.004756    	0.004152    
4296        	10          	0.009767    	0.008836    	0.005169    	0.003823    
4300        	10          	0.01222     	0.006124    	0.004533    	0.006163    
4304        	10          	0.007344    	0.00475     	0.00499     	0.005898    
4308        	10          	0.008711    	0.005061    	0.005039    	0.007902    
4312        	10          	0.007581    	0.006472    	0.004839    	0.006811    
4316        	10          	0.007781    	0.008286    	0.005303    	0.007374    
4320        	10          	0.004611    	0.005444    	0.005556    	0.00744     
4324        	10          	0.007322    	0.006755    	0.006989    	0.008388    
4328        	10          	0.004289    	0.004983    	0.005207    	0.007842    
4332        	10          	0.007414    	0.005119    	0.005406    	0.009111    
4336        	10          	0.005169    	0.004859    	0.005838    	0.007129    
4340        	10          	0.01158     	0.004534    	0.005675    	0.008344    
4344        	10          	0.004711    	0.005693    	0.007218    	0.009184    
4348        	10          	0.0069      	0.004931    	0.005167    	0.008287    
4352        	10          	0.01068     	0.005592    	0.005937    	0.007542    
4356        	10          	0.01204     	0.004935    	0.005589    	0.006901    
4360        	10          	0.009414    	0.004664    	0.004518    	0.007688    
4364        	10          	0.004558    	0.003962    	0.003524    	0.009015    
4368        	10          	0.01145     	0.003908    	0.002844    	0.00785     
4372        	10          	0.01225     	0.004352    	0.003068    	0.006943    
4376        	10          	0.005725    	0.006319    	0.002598    	0.007691    
4380        	10          	0.007969    	0.00514     	0.003556    	0.007481    
4384        	10          	0.01078     	0.006294    	0.002536    	0.0063      
4388        	10          	0.008233    	0.005971    	0.003855    	0.007784    
4392        	10          	0.01334     	0.005759    	0.004286    	0.007728    
4396        	10          	0.01006     	0.005466    	0.003543    	0.008269    
4400        	10          	0.009544    	0.004003    	0.004276    	0.008883    
4404        	10          	0.0056      	0.005186    	0.003696    	0.0091      
4408        	10          	0.007136    	0.005184    	0.004417    	0.008714    
4412        	10          	0.009392    	0.005752    	0.004047    	0.008414    
4416        	10          	0.01157     	0.005597    	0.003118    	0.006872    
4420        	10          	0.01082     	0.007319    	0.003171    	0.007861    
4424        	10          	0.01054     	0.006413    	0.003211    	0.00779     
4428        	10          	0.01154     	0.007011    	0.003918    	0.00632     
4432        	10          	0.006292    	0.005599    	0.003582    	0.007992    
4436        	10          	0.006778    	0.005805    	0.004007    	0.006736    
4440        	10          	0.008914    	0.005367    	0.003138    	0.007605    
4444        	10          	0.005736    	0.006549    	0.003725    	0.007049    
4448        	10          	0.008114    	0.006278    	0.00313     	0.008769    
4452        	10          	0.007458    	0.005412    	0.002183    	0.008487    
4456        	10          	0.008058    	0.003429    	0.002249    	0.006946    
4460        	10          	0.008636    	0.003141    	0.002625    	0.00883     
4464        	10          	0.005558    	0.004507    	0.00265     	0.007362    
4468        	10          	0.0029      	0.003688    	0.002625    	0.00721     
4472        	10          	0.006678    	0.003967    	0.001914    	0.006448    
4476        	10          	0.008156    	0.005983    	0.002484    	0.008028    
4480        	10          	0.007114    	0.00458     	0.002242    	0.005374    
4484        	10          	0.008447    	0.005155    	0.003355    	0.008384    
4488        	10          	0.004956    	0.005775    	0.003053    	0.008237    
4492        	10          	0.008692    	0.005199    	0.00364     	0.008595    
4496        	10          	0.007247    	0.005493    	0.004295    	0.007972    
4500        	10          	0.006558    	0.00498     	0.003848    	0.007578    
4504        	10          	0.0056      	0.005131    	0.004843    	0.007833    
4508        	10          	0.007711    	0.005754    	0.003509    	0.007354    
4512        	10          	0.007458    	0.005242    	0.003437    	0.006521    
4516        	10          	0.005344    	0.005273    	0.004394    	0.005793    
4520        	10          	0.005858    	0.003824    	0.003502    	0.006235    
4524        	10          	0.008844    	0.004755    	0.004098    	0.006356    
4528        	10          	0.01129     	0.003264    	0.004819    	0.005434    
4532        	10          	0.006303    	0.003865    	0.00397     	0.005616    
4536        	10          	0.008292    	0.003104    	0.004688    	0.007158    
4540        	10          	0.004833    	0.003983    	0.004741    	0.006291    
4544        	10          	0.005303    	0.003344    	0.003682    	0.005514    
4548        	10          	0.003469    	0.003955    	0.003499    	0.006542    
4552        	10          	0.002344    	0.003146    	0.004094    	0.007708    
4556        	10          	0.007025    	0.003576    	0.003572    	0.00664     
4560        	10          	0.002822    	0.002121    	0.003504    	0.006922    
4564        	10          	0.0014      	0.002707    	0.002945    	0.005331    
4568        	10          	0.001958    	0.003826    	0.002194    	0.00494     
4572        	10          	0.005444    	0.00331     	0.001692    	0.004926    
4576        	10          	0.001725    	0.003398    	0.001789    	0.003854    
4580        	10          	0.002322    	0.002894    	0.002381    	0.005175    
4584        	10          	0.006278    	0.004432    	0.00304     	0.005518    
4588        	10          	0.003178    	0.003905    	0.003659    	0.005491    
4592        	10          	0.002622    	0.002766    	0.00389     	0.005398    
4596        	10          	0.002181    	0.003115    	0.003118    	0.004588    
4600        	10          	0.002733    	0.003055    	0.002765    	0.004243    
4604        	10          	0.004944    	0.002264    	0.001573    	0.003763    
4608        	10          	0.005003    	0.0036      	0.002076    	0.004732    
4612        	10          	0.008692    	0.003688    	0.002541    	0.005083    
4616        	10          	0.01172     	0.003288    	0.002126    	0.003551    
4620        	10          	0.01551     	0.003776    	0.002387    	0.004403    
4624        	10          	0.01225     	0.004864    	0.00307     	0.006305    
4628        	10          	0.01704     	0.003868    	0.003904    	0.006033    
4632        	10          	0.01328     	0.003144    	0.004584    	0.007186    
4636        	10          	0.0151      	0.002574    	0.003604    	0.00509     
4640        	10          	0.01578     	0.002749    	0.00385     	0.004649    
4644        	10          	0.01136     	0.001993    	0.003449    	0.00425     
4648        	10          	0.008225    	0.00228     	0.003592    	0.003108    
4652        	10          	0.0061      	0.002866    	0.003082    	0.003328    
4656        	10          	0.008444    	0.002098    	0.002163    	0.002663    
4660        	10          	0.005358    	0.002856    	0.002849    	0.003475    
4664        	10          	0.008067    	0.001957    	0.003033    	0.001679    
4668        	10          	0.0096      	0.002268    	0.00345     	0.002027    
4672        	10          	0.002122    	0.001715    	0.002251    	0.002098    
4676        	10          	0.0106      	0.001776    	0.002288    	0.002258    
4680        	10          	0.004558    	0.001564    	0.002467    	0.002369    
4684        	10          	0.003469    	0.002332    	0.002428    	0.001648    
4688        	10          	0.003733    	0.0019      	0.002415    	0.001173    
4692        	10          	0.006358    	0.001756    	0.002698    	0.002205    
4696        	10          	0.006433    	0.00269     	0.002845    	0.00228     
4700        	10          	0.007192    	0.002171    	0.002431    	0.001683    
4704        	10          	0.008403    	0.002649    	0.003014    	0.002638    
4708        	10          	0.005458    	0.002604    	0.002093    	0.002317    
4712        	10          	0.007044    	0.001337    	0.002262    	0.002315    
4716        	10          	0.0054      	0.002031    	0.001888    	0.001876    
4720        	10          	0.007836    	0.001634    	0.002097    	0.001806    
4724        	10          	0.008789    	0.002303    	0.002543    	0.002123    
4728        	10          	0.005025    	0.001895    	0.002582    	0.001728    
4732        	10          	0.004247    	0.001629    	0.002321    	0.001364    
4736        	10          	0.005225    	0.001836    	0.00167     	0.001515    
4740        	10          	0.005211    	0.002092    	0.001721    	0.001926    
4744        	10          	0.007781    	0.001477    	0.00191     	0.001595    
4748        	10          	0.005567    	0.001538    	0.001689    	0.001452    
4752        	10          	0.008803    	0.002167    	0.001743    	0.001876    
4756        	10          	0.002747    	0.002108    	0.002015    	0.00111     
4760        	10          	0.007678    	0.003021    	0.001466    	0.002326    
4764        	10          	0.005056    	0.003136    	0.00193     	0.002213    
4768        	10          	0.002247    	0.00388     	0.002165    	0.002648    
4772        	10          	0.003322    	0.003304    	0.00233     	0.003052    
4776        	10          	0.002692    	0.003447    	0.002087    	0.002438    
4780        	10          	0.0056      	0.002882    	0.001944    	0.002958    
4784        	10          	0.007192    	0.002834    	0.002701    	0.003438    
4788        	10          	0.005392    	0.002493    	0.003723    	0.002781    
4792        	10          	0.005403    	0.002116    	0.004171    	0.002251    
4796        	10          	0.0081      	0.002204    	0.003082    	0.00187     
4800        	10          	0.006844    	0.002498    	0.004336    	0.002494    
4804        	10          	0.01122     	0.001843    	0.003839    	0.002338    
4808        	10          	0.007669    	0.002584    	0.004598    	0.002653    
4812        	10          	0.009378    	0.001923    	0.003823    	0.002479    
4816        	10          	0.008803    	0.002757    	0.002943    	0.001949    
4820        	10          	0.004322    	0.002294    	0.002946    	0.002991    
4824        	10          	0.005858    	0.001826    	0.00387     	0.003318    
4828        	10          	0.007169    	0.002585    	0.003403    	0.003269    
4832        	10          	0.007003    	0.002319    	0.003251    	0.003818    
4836        	10          	0.004656    	0.002568    	0.003892    	0.003359    
4840        	10          	0.005614    	0.003068    	0.006531    	0.003846    
4844        	10          	0.008833    	0.002963    	0.006553    	0.005068    
4848        	10          	0.009       	0.003488    	0.006179    	0.003915    
4852        	10          	0.006136    	0.003292    	0.005326    	0.003407    
4856        	10          	0.005267    	0.003472    	0.004375    	0.003548    
4860        	10          	0.005656    	0.003101    	0.004286    	0.003335    
4864        	10          	0.005178    	0.003252    	0.003726    	0.002827    
4868        	10          	0.004692    	0.002961    	0.004712    	0.002906    
4872        	10          	0.005781    	0.003055    	0.004791    	0.002477    
4876        	10          	0.007581    	0.00351     	0.00552     	0.0029      
4880        	10          	0.005358    	0.003389    	0.00419     	0.002676    
4884        	10          	0.009878    	0.003794    	0.004137    	0.002789    
4888        	10          	0.009236    	0.003169    	0.003118    	0.001768    
4892        	10          	0.01161     	0.003737    	0.003101    	0.002224    
4896        	10          	0.01041     	0.002755    	0.003728    	0.002338    
4900        	10          	0.004358    	0.002651    	0.00241     	0.001731    
4904        	10          	0.002767    	0.003041    	0.002855    	0.002092    
4908        	10          	0.007267    	0.002611    	0.00246     	0.002855    
4912        	10          	0.009469    	0.003057    	0.003513    	0.003005    
4916        	10          	0.005056    	0.00188     	0.00308     	0.002087    
4920        	10          	0.007836    	0.002409    	0.002948    	0.00233     
4924        	10          	0.001692    	0.002448    	0.003143    	0.002477    
4928        	10          	0.003789    	0.003017    	0.002871    	0.003096    
4932        	10          	0.0031      	0.002938    	0.00323     	0.003517    
4936        	10          	0.004114    	0.003249    	0.003018    	0.003242    
4940        	10          	0.006947    	0.003142    	0.002028    	0.002829    
4944        	10          	0.005056    	0.004514    	0.002698    	0.00343     
4948        	10          	0.004933    	0.003946    	0.002443    	0.003295    
4952        	10          	0.003292    	0.004406    	0.001923    	0.004749    
4956        	10          	0.003156    	0.004802    	0.002208    	0.004848    
4960        	10          	0.003267    	0.004734    	0.001836    	0.00454     
4964        	10          	0.007081    	0.00375     	0.001506    	0.0044      
4968        	10          	0.0056      	0.004131    	0.001453    	0.003978    
4972        	10          	0.004192    	0.00356     	0.001919    	0.004735    
4976        	10          	0.006503    	0.003424    	0.002253    	0.004824    
4980        	10          	0.006081    	0.003359    	0.0026      	0.005618    
4984        	10          	0.008122    	0.003144    	0.002106    	0.004851    
4988        	10          	0.0069      	0.003152    	0.002245    	0.004132    
4992        	10          	0.008556    	0.003831    	0.002736    	0.004711    
4996        	10          	0.004458    	0.003535    	0.002034    	0.005236    
5000        	10          	0.004289    	0.00482     	0.001783    	0.004556    
