generation  	alive.rpl   	n.adlt.rs   	n.adlt.fst.wc_p1-2	n.adlt.fst.wc_p1-3	n.adlt.fst.wc_p2-3
4           	10          	17.84       	0.009536    	0.01335     	0.01009     
8           	10          	16.6        	0.01474     	0.02361     	0.01425     
12          	10          	15.72       	0.01658     	0.03349     	0.01823     
16          	10          	14.93       	0.01967     	0.03735     	0.02083     
20          	10          	14.23       	0.01952     	0.0414      	0.02233     
24          	10          	13.63       	0.02148     	0.04316     	0.02212     
28          	10          	12.98       	0.02219     	0.04233     	0.02151     
32          	10          	12.65       	0.02234     	0.04407     	0.02199     
36          	10          	12.04       	0.02294     	0.05107     	0.02291     
40          	10          	11.69       	0.02309     	0.05132     	0.02459     
44          	10          	11.33       	0.01989     	0.04804     	0.02336     
48          	10          	10.89       	0.02352     	0.04753     	0.02143     
52          	10          	10.58       	0.02531     	0.05155     	0.02325     
56          	10          	10.42       	0.02214     	0.04539     	0.01768     
60          	10          	10.23       	0.02182     	0.04526     	0.01844     
64          	10          	9.887       	0.01776     	0.04323     	0.02085     
68          	10          	9.683       	0.02025     	0.04449     	0.02127     
72          	10          	9.358       	0.02219     	0.0448      	0.02296     
76          	10          	9.15        	0.02665     	0.04653     	0.02251     
80          	10          	8.968       	0.02216     	0.04681     	0.02136     
84          	10          	8.638       	0.02453     	0.04908     	0.02437     
88          	10          	8.43        	0.02296     	0.05239     	0.0222      
92          	10          	8.325       	0.02474     	0.04812     	0.02248     
96          	10          	8.14        	0.02089     	0.04303     	0.02498     
100         	10          	8.04        	0.01934     	0.0422      	0.0209      
104         	10          	7.865       	0.02207     	0.04172     	0.02212     
108         	10          	7.733       	0.02352     	0.04363     	0.02005     
112         	10          	7.55        	0.02583     	0.04471     	0.01929     
116         	10          	7.473       	0.0225      	0.04557     	0.02018     
120         	10          	7.45        	0.02146     	0.04448     	0.01963     
124         	10          	7.223       	0.02215     	0.04386     	0.01856     
128         	10          	7.215       	0.01974     	0.04241     	0.02251     
132         	10          	7.09        	0.01801     	0.04311     	0.02102     
136         	10          	6.933       	0.01814     	0.04217     	0.02158     
140         	10          	6.83        	0.02065     	0.04608     	0.02444     
144         	10          	6.677       	0.02058     	0.04107     	0.01888     
148         	10          	6.51        	0.01909     	0.04247     	0.02191     
152         	10          	6.397       	0.01601     	0.03788     	0.02324     
156         	10          	6.325       	0.01927     	0.03945     	0.01932     
160         	10          	6.223       	0.02171     	0.04601     	0.02193     
164         	10          	6.1         	0.0188      	0.04816     	0.02647     
168         	10          	5.975       	0.02424     	0.0513      	0.02842     
172         	10          	5.955       	0.02026     	0.04174     	0.02157     
176         	10          	5.928       	0.02122     	0.0393      	0.01843     
180         	10          	5.825       	0.02192     	0.04559     	0.02277     
184         	10          	5.8         	0.01784     	0.04166     	0.02002     
188         	10          	5.718       	0.02046     	0.04174     	0.02091     
192         	10          	5.697       	0.02284     	0.04596     	0.01958     
196         	10          	5.617       	0.02162     	0.04366     	0.0161      
200         	10          	5.56        	0.02276     	0.04062     	0.01764     
204         	10          	5.538       	0.01676     	0.03906     	0.01928     
208         	10          	5.428       	0.0242      	0.04667     	0.02122     
212         	10          	5.383       	0.02353     	0.04969     	0.02497     
216         	10          	5.357       	0.02607     	0.05288     	0.02205     
220         	10          	5.325       	0.02261     	0.04436     	0.0189      
224         	10          	5.288       	0.02173     	0.05469     	0.02957     
228         	10          	5.27        	0.02195     	0.04901     	0.02153     
232         	10          	5.157       	0.0222      	0.04593     	0.01774     
236         	10          	5.118       	0.01891     	0.04498     	0.02371     
240         	10          	5.115       	0.02017     	0.04266     	0.02376     
244         	10          	5.023       	0.02388     	0.04653     	0.0247      
248         	10          	5.022       	0.02352     	0.05263     	0.02366     
252         	10          	5           	0.02102     	0.05176     	0.01994     
256         	10          	4.95        	0.02727     	0.05858     	0.0251      
260         	10          	4.928       	0.02392     	0.04817     	0.01971     
264         	10          	4.867       	0.02128     	0.04465     	0.02136     
268         	10          	4.845       	0.02512     	0.04705     	0.01854     
272         	10          	4.782       	0.02046     	0.05366     	0.02697     
276         	10          	4.732       	0.02405     	0.0505      	0.02624     
280         	10          	4.68        	0.02119     	0.04532     	0.02262     
284         	10          	4.592       	0.02439     	0.04517     	0.01814     
288         	10          	4.545       	0.02237     	0.04453     	0.02211     
292         	10          	4.517       	0.02448     	0.04628     	0.0224      
296         	10          	4.555       	0.02036     	0.0476      	0.02048     
300         	10          	4.503       	0.01929     	0.0452      	0.02061     
304         	10          	4.445       	0.02381     	0.04838     	0.01978     
308         	10          	4.428       	0.02436     	0.04534     	0.02252     
312         	10          	4.378       	0.01849     	0.04248     	0.02023     
316         	10          	4.327       	0.0201      	0.05023     	0.0269      
320         	10          	4.353       	0.01785     	0.04379     	0.025       
324         	10          	4.335       	0.02385     	0.04501     	0.01998     
328         	10          	4.31        	0.01913     	0.04498     	0.02438     
332         	10          	4.253       	0.02755     	0.04645     	0.01837     
336         	10          	4.23        	0.02027     	0.04314     	0.01822     
340         	10          	4.195       	0.02155     	0.04265     	0.02083     
344         	10          	4.173       	0.02169     	0.03938     	0.02046     
348         	10          	4.202       	0.02072     	0.04413     	0.02502     
352         	10          	4.128       	0.02408     	0.04495     	0.02227     
356         	10          	4.172       	0.02297     	0.04629     	0.02274     
360         	10          	4.133       	0.02358     	0.05173     	0.02109     
364         	10          	4.073       	0.02422     	0.04544     	0.02099     
368         	10          	4.005       	0.02764     	0.04883     	0.02714     
372         	10          	4.04        	0.01911     	0.04175     	0.01884     
376         	10          	3.997       	0.02363     	0.04753     	0.02461     
380         	10          	3.988       	0.02138     	0.04789     	0.01873     
384         	10          	3.93        	0.02047     	0.04162     	0.02007     
388         	10          	3.958       	0.0196      	0.03945     	0.01726     
392         	10          	3.885       	0.02739     	0.04066     	0.01839     
396         	10          	3.877       	0.02164     	0.03792     	0.01977     
400         	10          	3.862       	0.02276     	0.03826     	0.01672     
404         	10          	3.855       	0.02342     	0.04067     	0.02122     
408         	10          	3.853       	0.02273     	0.04854     	0.02291     
412         	10          	3.813       	0.01794     	0.04647     	0.0235      
416         	10          	3.812       	0.01916     	0.04704     	0.01929     
420         	10          	3.783       	0.01891     	0.04747     	0.0254      
424         	10          	3.733       	0.01556     	0.03904     	0.01966     
428         	10          	3.768       	0.01689     	0.04356     	0.02351     
432         	10          	3.717       	0.02484     	0.0535      	0.02214     
436         	10          	3.687       	0.01752     	0.04714     	0.02057     
440         	10          	3.688       	0.01959     	0.04132     	0.01776     
444         	10          	3.688       	0.02467     	0.04521     	0.01839     
448         	10          	3.668       	0.02203     	0.04564     	0.01699     
452         	10          	3.69        	0.02333     	0.04485     	0.02309     
456         	10          	3.712       	0.02097     	0.04163     	0.02085     
460         	10          	3.665       	0.02361     	0.04937     	0.01979     
464         	10          	3.662       	0.02076     	0.05011     	0.02486     
468         	10          	3.645       	0.02162     	0.0435      	0.02546     
472         	10          	3.597       	0.01904     	0.04643     	0.01977     
476         	10          	3.583       	0.01693     	0.04715     	0.02354     
480         	10          	3.602       	0.01895     	0.03769     	0.0217      
484         	10          	3.565       	0.01866     	0.0452      	0.01532     
488         	10          	3.567       	0.02108     	0.03737     	0.01969     
492         	10          	3.57        	0.02693     	0.04761     	0.01885     
496         	10          	3.563       	0.01942     	0.04872     	0.02732     
500         	10          	3.587       	0.02535     	0.05041     	0.0236      
504         	10          	3.583       	0.0237      	0.04791     	0.01908     
508         	10          	3.56        	0.01896     	0.04763     	0.0239      
512         	10          	3.578       	0.0196      	0.04472     	0.02619     
516         	10          	3.535       	0.01894     	0.04354     	0.02637     
520         	10          	3.52        	0.01803     	0.03167     	0.02751     
524         	10          	3.493       	0.02287     	0.04471     	0.02771     
528         	10          	3.467       	0.01973     	0.05011     	0.02209     
532         	10          	3.442       	0.02257     	0.04409     	0.0226      
536         	10          	3.482       	0.02352     	0.04336     	0.01481     
540         	10          	3.472       	0.0213      	0.04102     	0.02221     
544         	10          	3.482       	0.02267     	0.0523      	0.02635     
548         	10          	3.417       	0.02498     	0.05293     	0.02107     
552         	10          	3.41        	0.02354     	0.04854     	0.02492     
556         	10          	3.395       	0.02314     	0.04367     	0.0244      
560         	10          	3.375       	0.0233      	0.0458      	0.02416     
564         	10          	3.37        	0.02349     	0.05301     	0.03226     
568         	10          	3.365       	0.02422     	0.04813     	0.01836     
572         	10          	3.382       	0.02165     	0.04747     	0.02656     
576         	10          	3.393       	0.0187      	0.05164     	0.02126     
580         	10          	3.4         	0.02153     	0.0443      	0.01675     
584         	10          	3.377       	0.02558     	0.04684     	0.022       
588         	10          	3.35        	0.02088     	0.04579     	0.02234     
592         	10          	3.34        	0.02334     	0.04725     	0.02044     
596         	10          	3.348       	0.02424     	0.0493      	0.02305     
600         	10          	3.303       	0.01939     	0.0441      	0.01912     
604         	10          	3.307       	0.02472     	0.05481     	0.02926     
608         	10          	3.263       	0.02648     	0.05676     	0.02588     
612         	10          	3.285       	0.02236     	0.04692     	0.02676     
616         	10          	3.238       	0.02637     	0.05356     	0.02106     
620         	10          	3.248       	0.02521     	0.0523      	0.0206      
624         	10          	3.228       	0.03058     	0.05405     	0.0254      
628         	10          	3.227       	0.02445     	0.05299     	0.02311     
632         	10          	3.217       	0.02123     	0.05445     	0.02698     
636         	10          	3.23        	0.01901     	0.04084     	0.02569     
640         	10          	3.225       	0.01539     	0.04668     	0.02795     
644         	10          	3.173       	0.0169      	0.04505     	0.02549     
648         	10          	3.175       	0.02077     	0.04492     	0.01962     
652         	10          	3.18        	0.02122     	0.04228     	0.01906     
656         	10          	3.152       	0.02692     	0.04695     	0.01812     
660         	10          	3.187       	0.02472     	0.04182     	0.01836     
664         	10          	3.112       	0.02838     	0.05068     	0.02295     
668         	10          	3.115       	0.02478     	0.04994     	0.0226      
672         	10          	3.11        	0.02354     	0.04337     	0.02154     
676         	10          	3.147       	0.02892     	0.05078     	0.01831     
680         	10          	3.11        	0.02685     	0.05529     	0.02394     
684         	10          	3.062       	0.02513     	0.05649     	0.02581     
688         	10          	3.087       	0.01593     	0.04361     	0.01969     
692         	10          	3.083       	0.02455     	0.05254     	0.02172     
696         	10          	3.092       	0.0254      	0.05237     	0.02294     
700         	10          	3.09        	0.02379     	0.04798     	0.02083     
704         	10          	3.047       	0.01868     	0.05087     	0.02721     
708         	10          	3.053       	0.02033     	0.04198     	0.02068     
712         	10          	3.018       	0.01649     	0.04287     	0.02343     
716         	10          	3.045       	0.02425     	0.05251     	0.02778     
720         	10          	3.003       	0.02142     	0.04728     	0.02451     
724         	10          	3.048       	0.02103     	0.04726     	0.02268     
728         	10          	3.025       	0.01495     	0.04172     	0.01865     
732         	10          	3.043       	0.01874     	0.04013     	0.0215      
736         	10          	2.997       	0.02412     	0.04748     	0.01918     
740         	10          	2.998       	0.01585     	0.04243     	0.01869     
744         	10          	2.98        	0.01868     	0.04279     	0.01557     
748         	10          	2.97        	0.02114     	0.04255     	0.01767     
752         	10          	2.942       	0.02469     	0.04        	0.01591     
756         	10          	2.952       	0.01855     	0.04439     	0.02658     
760         	10          	2.92        	0.01891     	0.04109     	0.02297     
764         	10          	2.895       	0.01608     	0.04242     	0.02208     
768         	10          	2.92        	0.0204      	0.05353     	0.02838     
772         	10          	2.905       	0.01579     	0.04373     	0.02358     
776         	10          	2.92        	0.02842     	0.04688     	0.01834     
780         	10          	2.907       	0.02142     	0.04855     	0.02068     
784         	10          	2.925       	0.02874     	0.05108     	0.02296     
788         	10          	2.917       	0.02049     	0.04413     	0.02227     
792         	10          	2.948       	0.02438     	0.04832     	0.01888     
796         	10          	2.928       	0.02059     	0.0434      	0.02058     
800         	10          	2.908       	0.01742     	0.04801     	0.02374     
804         	10          	2.888       	0.02656     	0.05421     	0.02363     
808         	10          	2.878       	0.02127     	0.0453      	0.02015     
812         	10          	2.885       	0.03119     	0.04486     	0.015       
816         	10          	2.88        	0.02253     	0.04923     	0.01947     
820         	10          	2.868       	0.02021     	0.04235     	0.02205     
824         	10          	2.872       	0.02091     	0.04093     	0.02019     
828         	10          	2.84        	0.02013     	0.04329     	0.02641     
832         	10          	2.838       	0.0246      	0.05613     	0.02827     
836         	10          	2.823       	0.02158     	0.05283     	0.02585     
840         	10          	2.83        	0.02285     	0.04612     	0.0235      
844         	10          	2.895       	0.01576     	0.04566     	0.02692     
848         	10          	2.868       	0.02069     	0.04237     	0.02218     
852         	10          	2.835       	0.02562     	0.05513     	0.01807     
856         	10          	2.85        	0.02303     	0.05038     	0.02095     
860         	10          	2.833       	0.01942     	0.047       	0.02151     
864         	10          	2.817       	0.02121     	0.04957     	0.02709     
868         	10          	2.803       	0.02047     	0.06457     	0.0243      
872         	10          	2.803       	0.02483     	0.06512     	0.03276     
876         	10          	2.797       	0.02555     	0.06317     	0.02385     
880         	10          	2.795       	0.02015     	0.0483      	0.02526     
884         	10          	2.77        	0.01857     	0.0531      	0.02264     
888         	10          	2.802       	0.02168     	0.05662     	0.02287     
892         	10          	2.822       	0.02546     	0.0554      	0.02498     
896         	10          	2.817       	0.02334     	0.04642     	0.01838     
900         	10          	2.827       	0.01783     	0.0431      	0.01881     
904         	10          	2.832       	0.02622     	0.0406      	0.01875     
908         	10          	2.815       	0.02552     	0.05797     	0.0242      
912         	10          	2.79        	0.02145     	0.04783     	0.02485     
916         	10          	2.838       	0.02288     	0.05279     	0.01978     
920         	10          	2.79        	0.02725     	0.05373     	0.02711     
924         	10          	2.798       	0.02824     	0.06027     	0.02105     
928         	10          	2.8         	0.02993     	0.05302     	0.02389     
932         	10          	2.793       	0.02153     	0.0475      	0.02067     
936         	10          	2.763       	0.01797     	0.04557     	0.02231     
940         	10          	2.733       	0.02904     	0.05097     	0.02214     
944         	10          	2.75        	0.02129     	0.03934     	0.02347     
948         	10          	2.745       	0.01921     	0.04478     	0.02664     
952         	10          	2.757       	0.01976     	0.04388     	0.02083     
956         	10          	2.782       	0.02115     	0.04783     	0.01673     
960         	10          	2.767       	0.01859     	0.04345     	0.01934     
964         	10          	2.778       	0.02151     	0.04803     	0.03504     
968         	10          	2.763       	0.02277     	0.04836     	0.02542     
972         	10          	2.802       	0.02503     	0.05098     	0.02964     
976         	10          	2.773       	0.01824     	0.0553      	0.02786     
980         	10          	2.79        	0.02088     	0.0509      	0.02319     
984         	10          	2.718       	0.02392     	0.04966     	0.02174     
988         	10          	2.733       	0.01914     	0.04027     	0.0207      
992         	10          	2.785       	0.02142     	0.04354     	0.02083     
996         	10          	2.72        	0.02323     	0.05682     	0.02491     
1000        	10          	2.777       	0.02036     	0.04458     	0.02718     
1004        	10          	2.743       	0.02143     	0.03658     	0.01688     
1008        	10          	2.752       	0.01644     	0.04239     	0.02321     
1012        	10          	2.71        	0.01713     	0.03721     	0.01895     
1016        	10          	2.715       	0.01934     	0.03936     	0.0208      
1020        	10          	2.683       	0.02138     	0.04393     	0.02708     
1024        	10          	2.71        	0.016       	0.04184     	0.02641     
1028        	10          	2.688       	0.01707     	0.03593     	0.01978     
1032        	10          	2.698       	0.01599     	0.04166     	0.01587     
1036        	10          	2.693       	0.02254     	0.04318     	0.02006     
1040        	10          	2.695       	0.02314     	0.03859     	0.02549     
1044        	10          	2.705       	0.02173     	0.04428     	0.01821     
1048        	10          	2.703       	0.02101     	0.04909     	0.01977     
1052        	10          	2.703       	0.0241      	0.04494     	0.01376     
1056        	10          	2.718       	0.02093     	0.0444      	0.02051     
1060        	10          	2.713       	0.02342     	0.05104     	0.01726     
1064        	10          	2.68        	0.02134     	0.04895     	0.02185     
1068        	10          	2.695       	0.01822     	0.04704     	0.02127     
1072        	10          	2.652       	0.01764     	0.05007     	0.02281     
1076        	10          	2.65        	0.02462     	0.05038     	0.02153     
1080        	10          	2.705       	0.02801     	0.04993     	0.01971     
1084        	10          	2.692       	0.02205     	0.04993     	0.01755     
1088        	10          	2.728       	0.01907     	0.046       	0.0227      
1092        	10          	2.693       	0.02048     	0.04381     	0.02419     
1096        	10          	2.675       	0.02095     	0.04514     	0.02024     
1100        	10          	2.672       	0.0238      	0.05337     	0.02186     
1104        	10          	2.687       	0.02315     	0.04912     	0.0231      
1108        	10          	2.663       	0.01995     	0.04717     	0.02108     
1112        	10          	2.657       	0.01692     	0.03579     	0.01761     
1116        	10          	2.638       	0.01947     	0.03719     	0.02196     
1120        	10          	2.642       	0.01911     	0.04645     	0.02519     
1124        	10          	2.648       	0.02169     	0.0437      	0.02063     
1128        	10          	2.593       	0.01152     	0.04172     	0.02228     
1132        	10          	2.595       	0.03393     	0.05495     	0.0203      
1136        	10          	2.595       	0.03111     	0.04965     	0.01888     
1140        	10          	2.603       	0.02664     	0.04361     	0.01738     
1144        	10          	2.598       	0.02337     	0.04315     	0.01768     
1148        	10          	2.627       	0.02364     	0.04237     	0.02012     
1152        	10          	2.622       	0.01525     	0.04415     	0.02021     
1156        	10          	2.602       	0.01691     	0.03969     	0.01865     
1160        	10          	2.618       	0.02359     	0.03711     	0.0212      
1164        	10          	2.607       	0.01559     	0.03577     	0.01736     
1168        	10          	2.627       	0.01966     	0.04666     	0.02608     
1172        	10          	2.667       	0.02337     	0.04021     	0.02116     
1176        	10          	2.635       	0.0214      	0.04002     	0.01785     
1180        	10          	2.63        	0.02461     	0.03934     	0.01986     
1184        	10          	2.582       	0.0257      	0.04179     	0.02012     
1188        	10          	2.567       	0.02341     	0.04265     	0.02157     
1192        	10          	2.583       	0.02046     	0.03681     	0.01725     
1196        	10          	2.587       	0.02378     	0.04953     	0.02291     
1200        	10          	2.62        	0.01964     	0.04297     	0.01795     
1204        	10          	2.628       	0.0188      	0.04921     	0.02179     
1208        	10          	2.575       	0.02365     	0.05408     	0.02956     
1212        	10          	2.545       	0.02057     	0.04358     	0.01731     
1216        	10          	2.558       	0.02036     	0.05295     	0.02518     
1220        	10          	2.515       	0.02736     	0.05213     	0.02657     
1224        	10          	2.54        	0.02257     	0.04215     	0.01927     
1228        	10          	2.547       	0.02373     	0.04041     	0.02105     
1232        	10          	2.552       	0.02308     	0.0425      	0.02781     
1236        	10          	2.533       	0.02966     	0.04715     	0.02189     
1240        	10          	2.61        	0.02465     	0.04671     	0.01984     
1244        	10          	2.562       	0.02754     	0.05934     	0.02063     
1248        	10          	2.605       	0.01835     	0.05295     	0.02943     
1252        	10          	2.627       	0.02365     	0.04866     	0.02499     
1256        	10          	2.627       	0.02264     	0.04974     	0.0209      
1260        	10          	2.605       	0.02096     	0.04933     	0.02142     
1264        	10          	2.578       	0.01608     	0.04517     	0.01736     
1268        	10          	2.558       	0.01615     	0.04904     	0.02554     
1272        	10          	2.558       	0.02105     	0.04719     	0.02223     
1276        	10          	2.58        	0.02398     	0.05096     	0.01786     
1280        	10          	2.642       	0.0216      	0.04289     	0.0248      
1284        	10          	2.632       	0.02618     	0.04917     	0.01502     
1288        	10          	2.66        	0.02359     	0.05057     	0.01783     
1292        	10          	2.657       	0.02448     	0.04242     	0.01936     
1296        	10          	2.632       	0.02568     	0.0426      	0.02128     
1300        	10          	2.643       	0.01882     	0.04108     	0.02297     
1304        	10          	2.632       	0.02158     	0.0382      	0.02362     
1308        	10          	2.643       	0.02104     	0.04174     	0.01666     
1312        	10          	2.608       	0.02354     	0.03852     	0.01871     
1316        	10          	2.605       	0.02324     	0.05345     	0.02223     
1320        	10          	2.64        	0.01751     	0.04906     	0.02771     
1324        	10          	2.655       	0.01898     	0.03705     	0.02072     
1328        	10          	2.622       	0.02177     	0.03691     	0.01597     
1332        	10          	2.612       	0.02701     	0.04437     	0.01963     
1336        	10          	2.602       	0.01942     	0.04466     	0.02102     
1340        	10          	2.628       	0.02079     	0.04602     	0.01839     
1344        	10          	2.608       	0.02        	0.04791     	0.02178     
1348        	10          	2.56        	0.02333     	0.05471     	0.02377     
1352        	10          	2.59        	0.0169      	0.03735     	0.02075     
1356        	10          	2.553       	0.02059     	0.05033     	0.02838     
1360        	10          	2.553       	0.02728     	0.04847     	0.02193     
1364        	10          	2.56        	0.0198      	0.04711     	0.02515     
1368        	10          	2.543       	0.02671     	0.04762     	0.02049     
1372        	10          	2.552       	0.02656     	0.04709     	0.0172      
1376        	10          	2.54        	0.0203      	0.04885     	0.01712     
1380        	10          	2.583       	0.02401     	0.05168     	0.02141     
1384        	10          	2.585       	0.02545     	0.04347     	0.01904     
1388        	10          	2.555       	0.0268      	0.04686     	0.01894     
1392        	10          	2.593       	0.02521     	0.04339     	0.01175     
1396        	10          	2.612       	0.01945     	0.03899     	0.01652     
1400        	10          	2.623       	0.01761     	0.04354     	0.01386     
1404        	10          	2.607       	0.02211     	0.04027     	0.01585     
1408        	10          	2.587       	0.01841     	0.04348     	0.02037     
1412        	10          	2.602       	0.02875     	0.05122     	0.0174      
1416        	10          	2.58        	0.02402     	0.05131     	0.01957     
1420        	10          	2.545       	0.02459     	0.05043     	0.02095     
1424        	10          	2.567       	0.02005     	0.03783     	0.01654     
1428        	10          	2.575       	0.01824     	0.0474      	0.02113     
1432        	10          	2.557       	0.02348     	0.05208     	0.02526     
1436        	10          	2.567       	0.02373     	0.05257     	0.02856     
1440        	10          	2.553       	0.01913     	0.04532     	0.02202     
1444        	10          	2.572       	0.01619     	0.03633     	0.01931     
1448        	10          	2.57        	0.02061     	0.04659     	0.02124     
1452        	10          	2.58        	0.02872     	0.05286     	0.02123     
1456        	10          	2.612       	0.01931     	0.05222     	0.02572     
1460        	10          	2.555       	0.03116     	0.05589     	0.01899     
1464        	10          	2.55        	0.02397     	0.05259     	0.02612     
1468        	10          	2.56        	0.02539     	0.05007     	0.01946     
1472        	10          	2.537       	0.02901     	0.05774     	0.02238     
1476        	10          	2.568       	0.02433     	0.05095     	0.0229      
1480        	10          	2.533       	0.02365     	0.05399     	0.02039     
1484        	10          	2.548       	0.02734     	0.0503      	0.01442     
1488        	10          	2.535       	0.02916     	0.04366     	0.01652     
1492        	10          	2.552       	0.02185     	0.04703     	0.01603     
1496        	10          	2.558       	0.0276      	0.0468      	0.01944     
1500        	10          	2.568       	0.01936     	0.04551     	0.02677     
1504        	10          	2.543       	0.02044     	0.04496     	0.02364     
1508        	10          	2.58        	0.0265      	0.05021     	0.0239      
1512        	10          	2.56        	0.02292     	0.04943     	0.0214      
1516        	10          	2.557       	0.02308     	0.03767     	0.01387     
1520        	10          	2.562       	0.01896     	0.04987     	0.01582     
1524        	10          	2.545       	0.0277      	0.04966     	0.02383     
1528        	10          	2.515       	0.01716     	0.04279     	0.03114     
1532        	10          	2.505       	0.01771     	0.04163     	0.02235     
1536        	10          	2.535       	0.02374     	0.04932     	0.01541     
1540        	10          	2.523       	0.01739     	0.04611     	0.021       
1544        	10          	2.517       	0.02875     	0.04927     	0.02427     
1548        	10          	2.567       	0.02337     	0.04672     	0.02418     
1552        	10          	2.555       	0.02129     	0.0394      	0.01871     
1556        	10          	2.55        	0.02205     	0.04618     	0.02219     
1560        	10          	2.563       	0.02965     	0.05193     	0.02685     
1564        	10          	2.593       	0.02568     	0.05308     	0.02127     
1568        	10          	2.588       	0.025       	0.04434     	0.02041     
1572        	10          	2.62        	0.02822     	0.05691     	0.02611     
1576        	10          	2.582       	0.0248      	0.05716     	0.02006     
1580        	10          	2.582       	0.02749     	0.06101     	0.02427     
1584        	10          	2.532       	0.02637     	0.04496     	0.02989     
1588        	10          	2.527       	0.01849     	0.04323     	0.01931     
1592        	10          	2.532       	0.01828     	0.04133     	0.01212     
1596        	10          	2.532       	0.02077     	0.04203     	0.02186     
1600        	10          	2.478       	0.02937     	0.05475     	0.02017     
1604        	10          	2.498       	0.02334     	0.04147     	0.02366     
1608        	10          	2.467       	0.02042     	0.04939     	0.02303     
1612        	10          	2.443       	0.01892     	0.04176     	0.01662     
1616        	10          	2.478       	0.02234     	0.04688     	0.02373     
1620        	10          	2.483       	0.02068     	0.05515     	0.0289      
1624        	10          	2.48        	0.02269     	0.04806     	0.02325     
1628        	10          	2.48        	0.02696     	0.05766     	0.02792     
1632        	10          	2.462       	0.0204      	0.05694     	0.02905     
1636        	10          	2.49        	0.01731     	0.05051     	0.02727     
1640        	10          	2.478       	0.01343     	0.0476      	0.02841     
1644        	10          	2.458       	0.02448     	0.04936     	0.02487     
1648        	10          	2.472       	0.02722     	0.05165     	0.02281     
1652        	10          	2.475       	0.0248      	0.04934     	0.02899     
1656        	10          	2.433       	0.02301     	0.04969     	0.0297      
1660        	10          	2.452       	0.02308     	0.04782     	0.02215     
1664        	10          	2.455       	0.03048     	0.05943     	0.02887     
1668        	10          	2.473       	0.02264     	0.04347     	0.01812     
1672        	10          	2.465       	0.01922     	0.0445      	0.01977     
1676        	10          	2.45        	0.01832     	0.04836     	0.01864     
1680        	10          	2.522       	0.02434     	0.05078     	0.01936     
1684        	10          	2.498       	0.0177      	0.04876     	0.02132     
1688        	10          	2.512       	0.02119     	0.04392     	0.01834     
1692        	10          	2.525       	0.02178     	0.0446      	0.01731     
1696        	10          	2.512       	0.02277     	0.03988     	0.02287     
1700        	10          	2.488       	0.02365     	0.04612     	0.01971     
1704        	10          	2.512       	0.01349     	0.04177     	0.02083     
1708        	10          	2.533       	0.0296      	0.05424     	0.02115     
1712        	10          	2.532       	0.02458     	0.05585     	0.02922     
1716        	10          	2.513       	0.02185     	0.05027     	0.02893     
1720        	10          	2.485       	0.02243     	0.05481     	0.03071     
1724        	10          	2.505       	0.02243     	0.04514     	0.01994     
1728        	10          	2.49        	0.02124     	0.04564     	0.01988     
1732        	10          	2.508       	0.02457     	0.0481      	0.02585     
1736        	10          	2.498       	0.01566     	0.04525     	0.0227      
1740        	10          	2.508       	0.02615     	0.0519      	0.02667     
1744        	10          	2.525       	0.0231      	0.0598      	0.0251      
1748        	10          	2.53        	0.02037     	0.05507     	0.02723     
1752        	10          	2.535       	0.02062     	0.05662     	0.02806     
1756        	10          	2.507       	0.02705     	0.05385     	0.02742     
1760        	10          	2.535       	0.0219      	0.05658     	0.02483     
1764        	10          	2.487       	0.02374     	0.04913     	0.02203     
1768        	10          	2.503       	0.02164     	0.054       	0.02019     
1772        	10          	2.503       	0.02044     	0.0558      	0.02578     
1776        	10          	2.483       	0.01924     	0.0597      	0.03217     
1780        	10          	2.447       	0.02298     	0.05237     	0.02299     
1784        	10          	2.475       	0.01877     	0.04061     	0.02485     
1788        	10          	2.497       	0.01299     	0.04992     	0.02719     
1792        	10          	2.458       	0.01858     	0.04769     	0.02706     
1796        	10          	2.498       	0.03203     	0.05821     	0.02399     
1800        	10          	2.505       	0.02758     	0.05045     	0.02342     
1804        	10          	2.497       	0.02151     	0.03586     	0.01864     
1808        	10          	2.498       	0.02228     	0.04488     	0.02492     
1812        	10          	2.498       	0.01943     	0.03982     	0.02497     
1816        	10          	2.527       	0.02761     	0.0416      	0.02366     
1820        	10          	2.535       	0.01869     	0.03836     	0.01921     
1824        	10          	2.538       	0.01939     	0.04738     	0.02027     
1828        	10          	2.503       	0.01841     	0.04653     	0.02329     
1832        	10          	2.478       	0.02191     	0.04495     	0.01551     
1836        	10          	2.442       	0.02376     	0.04592     	0.01543     
1840        	10          	2.442       	0.02171     	0.05045     	0.02141     
1844        	10          	2.453       	0.01969     	0.04311     	0.01966     
1848        	10          	2.432       	0.02643     	0.05741     	0.02941     
1852        	10          	2.438       	0.01865     	0.04173     	0.0227      
1856        	10          	2.422       	0.02648     	0.05093     	0.02078     
1860        	10          	2.427       	0.02431     	0.0543      	0.02403     
1864        	10          	2.432       	0.02035     	0.04833     	0.02171     
1868        	10          	2.412       	0.02119     	0.04512     	0.02128     
1872        	10          	2.403       	0.02278     	0.04695     	0.01601     
1876        	10          	2.403       	0.02247     	0.03798     	0.01858     
1880        	10          	2.41        	0.02334     	0.04592     	0.02134     
1884        	10          	2.363       	0.0179      	0.04029     	0.01964     
1888        	10          	2.358       	0.01683     	0.03704     	0.01197     
1892        	10          	2.422       	0.0219      	0.03345     	0.01932     
1896        	10          	2.432       	0.0244      	0.04623     	0.01991     
1900        	10          	2.438       	0.01682     	0.04724     	0.02545     
1904        	10          	2.412       	0.02044     	0.04392     	0.0196      
1908        	10          	2.39        	0.02072     	0.03999     	0.01998     
1912        	10          	2.41        	0.01888     	0.04081     	0.02216     
1916        	10          	2.393       	0.02157     	0.04285     	0.01932     
1920        	10          	2.422       	0.02417     	0.0496      	0.02889     
1924        	10          	2.413       	0.02169     	0.04534     	0.02055     
1928        	10          	2.397       	0.02297     	0.04291     	0.01698     
1932        	10          	2.393       	0.02547     	0.04607     	0.0148      
1936        	10          	2.362       	0.02409     	0.05734     	0.01953     
1940        	10          	2.373       	0.02853     	0.03859     	0.01948     
1944        	10          	2.365       	0.0181      	0.04564     	0.01827     
1948        	10          	2.363       	0.01867     	0.03948     	0.01767     
1952        	10          	2.392       	0.02166     	0.04092     	0.02283     
1956        	10          	2.37        	0.02221     	0.04472     	0.02463     
1960        	10          	2.393       	0.01992     	0.03663     	0.02249     
1964        	10          	2.41        	0.02379     	0.0434      	0.02182     
1968        	10          	2.432       	0.01901     	0.04771     	0.02145     
1972        	10          	2.438       	0.01806     	0.04791     	0.0231      
1976        	10          	2.428       	0.01788     	0.04497     	0.02093     
1980        	10          	2.433       	0.03109     	0.04778     	0.02084     
1984        	10          	2.423       	0.01848     	0.04213     	0.02196     
1988        	10          	2.405       	0.01795     	0.04153     	0.02764     
1992        	10          	2.447       	0.02387     	0.04002     	0.02459     
1996        	10          	2.447       	0.02325     	0.04928     	0.02125     
2000        	10          	2.457       	0.01644     	0.04641     	0.02725     
2004        	10          	2.43        	0.02529     	0.05439     	0.02556     
2008        	10          	2.428       	0.02369     	0.05224     	0.02903     
2012        	10          	2.433       	0.02584     	0.0461      	0.02251     
2016        	10          	2.463       	0.0266      	0.04814     	0.02636     
2020        	10          	2.415       	0.02588     	0.05442     	0.02208     
2024        	10          	2.415       	0.02601     	0.04565     	0.02054     
2028        	10          	2.405       	0.01689     	0.04398     	0.0204      
2032        	10          	2.427       	0.02153     	0.04554     	0.01826     
2036        	10          	2.445       	0.01597     	0.03993     	0.02625     
2040        	10          	2.465       	0.01707     	0.03915     	0.0208      
2044        	10          	2.482       	0.0147      	0.04166     	0.02058     
2048        	10          	2.453       	0.02367     	0.04806     	0.02296     
2052        	10          	2.455       	0.02019     	0.03642     	0.02027     
2056        	10          	2.443       	0.02371     	0.03705     	0.009794    
2060        	10          	2.455       	0.02444     	0.04171     	0.02109     
2064        	10          	2.458       	0.02088     	0.04557     	0.01872     
2068        	10          	2.467       	0.02173     	0.04347     	0.02581     
2072        	10          	2.467       	0.01858     	0.03806     	0.02067     
2076        	10          	2.457       	0.02266     	0.04164     	0.01918     
2080        	10          	2.443       	0.0235      	0.04762     	0.02041     
2084        	10          	2.452       	0.02301     	0.04163     	0.02206     
2088        	10          	2.437       	0.01713     	0.03931     	0.01769     
2092        	10          	2.453       	0.0217      	0.05259     	0.0272      
2096        	10          	2.447       	0.02096     	0.04195     	0.01895     
2100        	10          	2.438       	0.02213     	0.04776     	0.02403     
2104        	10          	2.452       	0.0258      	0.04953     	0.01722     
2108        	10          	2.463       	0.02415     	0.05215     	0.02104     
2112        	10          	2.503       	0.02271     	0.05241     	0.01751     
2116        	10          	2.472       	0.02056     	0.04948     	0.02196     
2120        	10          	2.532       	0.02438     	0.04532     	0.02055     
2124        	10          	2.545       	0.02521     	0.04531     	0.02019     
2128        	10          	2.508       	0.02774     	0.05225     	0.02056     
2132        	10          	2.502       	0.01915     	0.05168     	0.02233     
2136        	10          	2.497       	0.02135     	0.04855     	0.02512     
2140        	10          	2.482       	0.02524     	0.05085     	0.01485     
2144        	10          	2.457       	0.01875     	0.04728     	0.02821     
2148        	10          	2.457       	0.02132     	0.04074     	0.02449     
2152        	10          	2.432       	0.02015     	0.04161     	0.02352     
2156        	10          	2.435       	0.02278     	0.04327     	0.02311     
2160        	10          	2.43        	0.02924     	0.04912     	0.02483     
2164        	10          	2.453       	0.02549     	0.04512     	0.01825     
2168        	10          	2.438       	0.01939     	0.05085     	0.02315     
2172        	10          	2.412       	0.01745     	0.04705     	0.02406     
2176        	10          	2.437       	0.02597     	0.05182     	0.015       
2180        	10          	2.398       	0.02126     	0.05543     	0.02461     
2184        	10          	2.425       	0.02806     	0.05471     	0.02566     
2188        	10          	2.435       	0.02572     	0.06514     	0.02381     
2192        	10          	2.412       	0.02473     	0.04831     	0.02248     
2196        	10          	2.44        	0.01977     	0.03965     	0.02596     
2200        	10          	2.437       	0.01298     	0.03554     	0.02063     
2204        	10          	2.423       	0.02205     	0.03694     	0.02205     
2208        	10          	2.455       	0.02422     	0.03665     	0.01337     
2212        	10          	2.482       	0.01864     	0.03404     	0.0149      
2216        	10          	2.485       	0.01883     	0.04332     	0.02441     
2220        	10          	2.492       	0.02633     	0.04992     	0.02167     
2224        	10          	2.487       	0.02953     	0.05508     	0.03362     
2228        	10          	2.495       	0.02433     	0.04719     	0.02177     
2232        	10          	2.52        	0.03014     	0.0472      	0.02667     
2236        	10          	2.473       	0.02206     	0.04068     	0.01983     
2240        	10          	2.448       	0.02051     	0.05027     	0.02346     
2244        	10          	2.488       	0.02257     	0.04673     	0.02273     
2248        	10          	2.487       	0.02342     	0.0421      	0.02855     
2252        	10          	2.47        	0.02215     	0.04775     	0.02117     
2256        	10          	2.413       	0.0266      	0.05082     	0.02179     
2260        	10          	2.428       	0.01928     	0.0524      	0.02694     
2264        	10          	2.433       	0.02446     	0.0557      	0.02342     
2268        	10          	2.443       	0.02042     	0.05254     	0.03099     
2272        	10          	2.442       	0.01839     	0.04013     	0.01783     
2276        	10          	2.48        	0.01775     	0.04689     	0.02157     
2280        	10          	2.463       	0.0181      	0.04899     	0.03095     
2284        	10          	2.462       	0.01584     	0.05149     	0.02685     
2288        	10          	2.472       	0.02154     	0.03696     	0.01956     
2292        	10          	2.45        	0.02796     	0.04477     	0.02265     
2296        	10          	2.442       	0.01848     	0.04413     	0.02567     
2300        	10          	2.417       	0.01687     	0.04788     	0.02079     
2304        	10          	2.402       	0.02924     	0.04867     	0.02282     
2308        	10          	2.425       	0.02359     	0.04863     	0.01684     
2312        	10          	2.407       	0.02029     	0.04124     	0.01857     
2316        	10          	2.427       	0.01998     	0.04605     	0.01345     
2320        	10          	2.423       	0.02133     	0.05427     	0.01745     
2324        	10          	2.393       	0.02051     	0.04106     	0.01741     
2328        	10          	2.402       	0.02268     	0.05        	0.0208      
2332        	10          	2.398       	0.02347     	0.04153     	0.02107     
2336        	10          	2.37        	0.02135     	0.03845     	0.01507     
2340        	10          	2.417       	0.02387     	0.0434      	0.02013     
2344        	10          	2.388       	0.02412     	0.04506     	0.01995     
2348        	10          	2.413       	0.02273     	0.04161     	0.01531     
2352        	10          	2.387       	0.02869     	0.06042     	0.02698     
2356        	10          	2.395       	0.02045     	0.05247     	0.02273     
2360        	10          	2.415       	0.02456     	0.05313     	0.01672     
2364        	10          	2.39        	0.02407     	0.05313     	0.02295     
2368        	10          	2.4         	0.02591     	0.0586      	0.02967     
2372        	10          	2.42        	0.02056     	0.04778     	0.02742     
2376        	10          	2.393       	0.02761     	0.05309     	0.02737     
2380        	10          	2.375       	0.02102     	0.05091     	0.02647     
2384        	10          	2.407       	0.01929     	0.04979     	0.01964     
2388        	10          	2.44        	0.01971     	0.04878     	0.02334     
2392        	10          	2.407       	0.01955     	0.04787     	0.02181     
2396        	10          	2.423       	0.01743     	0.04763     	0.02267     
2400        	10          	2.42        	0.01599     	0.0452      	0.02808     
2404        	10          	2.463       	0.02504     	0.04177     	0.02278     
2408        	10          	2.49        	0.01185     	0.03482     	0.01854     
2412        	10          	2.443       	0.01482     	0.03689     	0.01657     
2416        	10          	2.452       	0.01619     	0.04326     	0.01722     
2420        	10          	2.462       	0.02224     	0.04308     	0.01901     
2424        	10          	2.483       	0.01731     	0.03756     	0.01457     
2428        	10          	2.463       	0.02198     	0.04131     	0.02135     
2432        	10          	2.453       	0.0199      	0.03828     	0.01438     
2436        	10          	2.478       	0.01816     	0.04595     	0.02191     
2440        	10          	2.472       	0.01874     	0.04105     	0.01957     
2444        	10          	2.475       	0.01792     	0.0452      	0.01864     
2448        	10          	2.455       	0.01655     	0.03921     	0.02183     
2452        	10          	2.465       	0.01587     	0.042       	0.0249      
2456        	10          	2.47        	0.01684     	0.03771     	0.02665     
2460        	10          	2.505       	0.01792     	0.03327     	0.01624     
2464        	10          	2.458       	0.01907     	0.0412      	0.02688     
2468        	10          	2.465       	0.0282      	0.03898     	0.02116     
2472        	10          	2.495       	0.02126     	0.03303     	0.01311     
2476        	10          	2.507       	0.0198      	0.04267     	0.02086     
2480        	10          	2.47        	0.02038     	0.04303     	0.01778     
2484        	10          	2.455       	0.02223     	0.04271     	0.02415     
2488        	10          	2.473       	0.02348     	0.04023     	0.01964     
2492        	10          	2.458       	0.02208     	0.03819     	0.01663     
2496        	10          	2.448       	0.02358     	0.04545     	0.01625     
2500        	10          	2.482       	0.02317     	0.0402      	0.0133      
2504        	10          	2.398       	0.02797     	0.05035     	0.02468     
2508        	10          	2.443       	0.02026     	0.04245     	0.02347     
2512        	10          	2.39        	0.02014     	0.03875     	0.01978     
2516        	10          	2.447       	0.01951     	0.04101     	0.01727     
2520        	10          	2.418       	0.02269     	0.04878     	0.02787     
2524        	10          	2.403       	0.01997     	0.04055     	0.02202     
2528        	10          	2.418       	0.01673     	0.04264     	0.02118     
2532        	10          	2.46        	0.01676     	0.04826     	0.02642     
2536        	10          	2.392       	0.01999     	0.04083     	0.02191     
2540        	10          	2.428       	0.02138     	0.0402      	0.02519     
2544        	10          	2.407       	0.01618     	0.03736     	0.02147     
2548        	10          	2.402       	0.01521     	0.04206     	0.01619     
2552        	10          	2.407       	0.02091     	0.04591     	0.02005     
2556        	10          	2.388       	0.01792     	0.03843     	0.02371     
2560        	10          	2.378       	0.01535     	0.03896     	0.0178      
2564        	10          	2.383       	0.02168     	0.03993     	0.01441     
2568        	10          	2.39        	0.01462     	0.03091     	0.01061     
2572        	10          	2.397       	0.0163      	0.03496     	0.02271     
2576        	10          	2.403       	0.02913     	0.05193     	0.01809     
2580        	10          	2.402       	0.02696     	0.04563     	0.02257     
2584        	10          	2.402       	0.02142     	0.04916     	0.03267     
2588        	10          	2.397       	0.02836     	0.05105     	0.02037     
2592        	10          	2.43        	0.02745     	0.05738     	0.02221     
2596        	10          	2.43        	0.02304     	0.05196     	0.02386     
2600        	10          	2.427       	0.02255     	0.04593     	0.02144     
2604        	10          	2.465       	0.02075     	0.04379     	0.02312     
2608        	10          	2.457       	0.0195      	0.04206     	0.02656     
2612        	10          	2.468       	0.02058     	0.05011     	0.02422     
2616        	10          	2.432       	0.02482     	0.04252     	0.02607     
2620        	10          	2.457       	0.0209      	0.04399     	0.02202     
2624        	10          	2.462       	0.01815     	0.04639     	0.0227      
2628        	10          	2.467       	0.0214      	0.05106     	0.02069     
2632        	10          	2.478       	0.02203     	0.04671     	0.02496     
2636        	10          	2.46        	0.02377     	0.04737     	0.02217     
2640        	10          	2.423       	0.0186      	0.04498     	0.0255      
2644        	10          	2.43        	0.02223     	0.04274     	0.02324     
2648        	10          	2.42        	0.0224      	0.05034     	0.01828     
2652        	10          	2.44        	0.02131     	0.04082     	0.01979     
2656        	10          	2.403       	0.02366     	0.04963     	0.02376     
2660        	10          	2.398       	0.0202      	0.04127     	0.0158      
2664        	10          	2.423       	0.02201     	0.04483     	0.01591     
2668        	10          	2.425       	0.02652     	0.04396     	0.0178      
2672        	10          	2.427       	0.02931     	0.05177     	0.01878     
2676        	10          	2.442       	0.02044     	0.05327     	0.01469     
2680        	10          	2.448       	0.01458     	0.04805     	0.02295     
2684        	10          	2.45        	0.0204      	0.04912     	0.02246     
2688        	10          	2.485       	0.02849     	0.05301     	0.02006     
2692        	10          	2.477       	0.0222      	0.05        	0.02134     
2696        	10          	2.425       	0.02999     	0.05706     	0.02283     
2700        	10          	2.482       	0.02065     	0.05453     	0.02354     
2704        	10          	2.452       	0.02306     	0.06164     	0.03034     
2708        	10          	2.462       	0.02143     	0.06114     	0.02293     
2712        	10          	2.475       	0.02445     	0.05291     	0.0235      
2716        	10          	2.497       	0.02555     	0.04251     	0.01963     
2720        	10          	2.502       	0.01771     	0.05026     	0.02692     
2724        	10          	2.472       	0.02522     	0.04714     	0.01889     
2728        	10          	2.483       	0.0215      	0.05122     	0.01826     
2732        	10          	2.475       	0.01913     	0.04916     	0.02552     
2736        	10          	2.482       	0.02359     	0.05539     	0.0266      
2740        	10          	2.467       	0.01951     	0.04729     	0.02394     
2744        	10          	2.505       	0.02119     	0.03614     	0.0183      
2748        	10          	2.497       	0.02593     	0.04665     	0.02708     
2752        	10          	2.475       	0.02134     	0.04994     	0.02112     
2756        	10          	2.425       	0.03241     	0.05989     	0.02632     
2760        	10          	2.445       	0.02243     	0.05189     	0.02103     
2764        	10          	2.43        	0.02542     	0.04666     	0.02135     
2768        	10          	2.413       	0.02112     	0.04385     	0.02581     
2772        	10          	2.405       	0.02107     	0.04424     	0.02149     
2776        	10          	2.408       	0.02667     	0.04584     	0.02107     
2780        	10          	2.418       	0.01224     	0.03093     	0.01887     
2784        	10          	2.423       	0.01571     	0.04526     	0.02764     
2788        	10          	2.423       	0.01959     	0.04357     	0.02761     
2792        	10          	2.437       	0.02661     	0.05443     	0.03135     
2796        	10          	2.402       	0.02275     	0.04985     	0.0268      
2800        	10          	2.45        	0.01891     	0.04228     	0.02153     
2804        	10          	2.437       	0.01863     	0.03669     	0.02095     
2808        	10          	2.462       	0.02199     	0.05181     	0.02286     
2812        	10          	2.473       	0.0255      	0.04336     	0.01421     
2816        	10          	2.43        	0.01625     	0.0353      	0.02184     
2820        	10          	2.455       	0.01755     	0.03773     	0.02025     
2824        	10          	2.405       	0.01744     	0.04094     	0.02517     
2828        	10          	2.372       	0.02382     	0.04858     	0.02224     
2832        	10          	2.407       	0.02469     	0.04774     	0.02267     
2836        	10          	2.388       	0.02038     	0.04542     	0.02285     
2840        	10          	2.4         	0.01957     	0.03538     	0.0205      
2844        	10          	2.37        	0.01758     	0.04252     	0.02225     
2848        	10          	2.377       	0.02145     	0.04344     	0.02121     
2852        	10          	2.363       	0.02197     	0.04378     	0.01864     
2856        	10          	2.362       	0.0196      	0.03682     	0.0219      
2860        	10          	2.388       	0.023       	0.04841     	0.02484     
2864        	10          	2.395       	0.01464     	0.04096     	0.0194      
2868        	10          	2.39        	0.01921     	0.04007     	0.02067     
2872        	10          	2.402       	0.01784     	0.04612     	0.02197     
2876        	10          	2.408       	0.02341     	0.052       	0.02209     
2880        	10          	2.378       	0.0244      	0.04735     	0.01848     
2884        	10          	2.408       	0.02201     	0.05235     	0.03128     
2888        	10          	2.387       	0.03156     	0.04739     	0.01671     
2892        	10          	2.428       	0.0286      	0.04774     	0.01845     
2896        	10          	2.39        	0.0278      	0.04895     	0.02015     
2900        	10          	2.39        	0.02126     	0.04345     	0.01884     
2904        	10          	2.383       	0.01832     	0.02877     	0.013       
2908        	10          	2.332       	0.02355     	0.03395     	0.01597     
2912        	10          	2.37        	0.0203      	0.04096     	0.01365     
2916        	10          	2.362       	0.02593     	0.03912     	0.02602     
2920        	10          	2.365       	0.01907     	0.03758     	0.02022     
2924        	10          	2.335       	0.0258      	0.05254     	0.02184     
2928        	10          	2.338       	0.02199     	0.04425     	0.01615     
2932        	10          	2.335       	0.02765     	0.05641     	0.02848     
2936        	10          	2.345       	0.01998     	0.04848     	0.0247      
2940        	10          	2.332       	0.02897     	0.05226     	0.02084     
2944        	10          	2.35        	0.01978     	0.04159     	0.01776     
2948        	10          	2.333       	0.02272     	0.06196     	0.03122     
2952        	10          	2.372       	0.02342     	0.05089     	0.01713     
2956        	10          	2.382       	0.0196      	0.05812     	0.03297     
2960        	10          	2.352       	0.01993     	0.04199     	0.02154     
2964        	10          	2.357       	0.01854     	0.03718     	0.02102     
2968        	10          	2.355       	0.0183      	0.04261     	0.01852     
2972        	10          	2.327       	0.01989     	0.04348     	0.01891     
2976        	10          	2.33        	0.02524     	0.04241     	0.01648     
2980        	10          	2.343       	0.0267      	0.05106     	0.01661     
2984        	10          	2.36        	0.02403     	0.04442     	0.02075     
2988        	10          	2.348       	0.03043     	0.04033     	0.01927     
2992        	10          	2.387       	0.02519     	0.04261     	0.02272     
2996        	10          	2.355       	0.0199      	0.04238     	0.02989     
3000        	10          	2.362       	0.01514     	0.03617     	0.02439     
3004        	10          	2.328       	0.01636     	0.04175     	0.02253     
3008        	10          	2.335       	0.01659     	0.03546     	0.01977     
3012        	10          	2.358       	0.01869     	0.04229     	0.02238     
3016        	10          	2.327       	0.0169      	0.04804     	0.02909     
3020        	10          	2.283       	0.02113     	0.04899     	0.02183     
3024        	10          	2.308       	0.02033     	0.05359     	0.02141     
3028        	10          	2.31        	0.02664     	0.06199     	0.02711     
3032        	10          	2.333       	0.02352     	0.04896     	0.02287     
3036        	10          	2.3         	0.02859     	0.05048     	0.02495     
3040        	10          	2.345       	0.02563     	0.04713     	0.02431     
3044        	10          	2.325       	0.01988     	0.04313     	0.01346     
3048        	10          	2.34        	0.02507     	0.04272     	0.0156      
3052        	10          	2.327       	0.01182     	0.03833     	0.02624     
3056        	10          	2.303       	0.01941     	0.03766     	0.0193      
3060        	10          	2.298       	0.01963     	0.04595     	0.02032     
3064        	10          	2.31        	0.02306     	0.043       	0.01686     
3068        	10          	2.298       	0.02374     	0.04023     	0.02584     
3072        	10          	2.303       	0.02441     	0.03948     	0.02402     
3076        	10          	2.292       	0.02636     	0.04386     	0.0225      
3080        	10          	2.31        	0.02208     	0.0365      	0.02359     
3084        	10          	2.318       	0.01636     	0.03868     	0.01996     
3088        	10          	2.305       	0.01785     	0.04651     	0.02321     
3092        	10          	2.323       	0.02568     	0.05635     	0.02523     
3096        	10          	2.343       	0.02015     	0.04388     	0.02016     
3100        	10          	2.333       	0.0216      	0.04504     	0.02349     
3104        	10          	2.343       	0.02473     	0.04283     	0.02105     
3108        	10          	2.295       	0.02669     	0.04176     	0.02017     
3112        	10          	2.333       	0.02333     	0.04596     	0.0163      
3116        	10          	2.363       	0.02688     	0.04697     	0.01745     
3120        	10          	2.362       	0.02694     	0.04841     	0.02144     
3124        	10          	2.335       	0.01952     	0.05747     	0.02569     
3128        	10          	2.327       	0.01711     	0.05373     	0.02874     
3132        	10          	2.327       	0.02023     	0.05282     	0.0242      
3136        	10          	2.338       	0.01989     	0.05721     	0.03086     
3140        	10          	2.342       	0.01795     	0.0374      	0.01661     
3144        	10          	2.365       	0.0174      	0.04004     	0.02124     
3148        	10          	2.342       	0.02046     	0.03808     	0.01736     
3152        	10          	2.353       	0.02312     	0.03646     	0.01701     
3156        	10          	2.328       	0.02544     	0.03598     	0.01827     
3160        	10          	2.373       	0.02259     	0.04845     	0.02744     
3164        	10          	2.365       	0.02553     	0.05207     	0.02226     
3168        	10          	2.348       	0.0147      	0.04209     	0.01753     
3172        	10          	2.325       	0.01757     	0.04425     	0.02267     
3176        	10          	2.348       	0.02843     	0.04296     	0.02601     
3180        	10          	2.375       	0.02518     	0.04233     	0.01712     
3184        	10          	2.357       	0.02095     	0.04098     	0.02472     
3188        	10          	2.34        	0.02258     	0.0448      	0.0219      
3192        	10          	2.348       	0.02176     	0.0427      	0.02767     
3196        	10          	2.33        	0.02189     	0.04049     	0.023       
3200        	10          	2.312       	0.02013     	0.03849     	0.01841     
3204        	10          	2.325       	0.01898     	0.04257     	0.02099     
3208        	10          	2.335       	0.03306     	0.04785     	0.01759     
3212        	10          	2.283       	0.02506     	0.05877     	0.02595     
3216        	10          	2.323       	0.02054     	0.05344     	0.02813     
3220        	10          	2.327       	0.03217     	0.05547     	0.02022     
3224        	10          	2.327       	0.02601     	0.05442     	0.02034     
3228        	10          	2.305       	0.02386     	0.05732     	0.02071     
3232        	10          	2.305       	0.02261     	0.04818     	0.02609     
3236        	10          	2.31        	0.0173      	0.04267     	0.02272     
3240        	10          	2.312       	0.01568     	0.03883     	0.01745     
3244        	10          	2.308       	0.02664     	0.04807     	0.02049     
3248        	10          	2.305       	0.01907     	0.04895     	0.02702     
3252        	10          	2.32        	0.02023     	0.05552     	0.02618     
3256        	10          	2.348       	0.02066     	0.04472     	0.02289     
3260        	10          	2.303       	0.0254      	0.05793     	0.03553     
3264        	10          	2.315       	0.02099     	0.04258     	0.01455     
3268        	10          	2.302       	0.01664     	0.03946     	0.02463     
3272        	10          	2.315       	0.01821     	0.04654     	0.02167     
3276        	10          	2.28        	0.02126     	0.04738     	0.01849     
3280        	10          	2.312       	0.01993     	0.05284     	0.02205     
3284        	10          	2.293       	0.01817     	0.03863     	0.0235      
3288        	10          	2.285       	0.01894     	0.04042     	0.01963     
3292        	10          	2.297       	0.0173      	0.03517     	0.01758     
3296        	10          	2.288       	0.01803     	0.04649     	0.03065     
3300        	10          	2.307       	0.01456     	0.03952     	0.0229      
3304        	10          	2.285       	0.02008     	0.05186     	0.02217     
3308        	10          	2.3         	0.01881     	0.04263     	0.0207      
3312        	10          	2.323       	0.01747     	0.04434     	0.01242     
3316        	10          	2.333       	0.02146     	0.05089     	0.01659     
3320        	10          	2.335       	0.01825     	0.04315     	0.02128     
3324        	10          	2.323       	0.02004     	0.05115     	0.02422     
3328        	10          	2.333       	0.023       	0.04371     	0.02287     
3332        	10          	2.3         	0.02234     	0.04235     	0.02438     
3336        	10          	2.327       	0.01684     	0.03839     	0.01804     
3340        	10          	2.297       	0.01952     	0.03456     	0.01516     
3344        	10          	2.352       	0.02181     	0.03992     	0.0189      
3348        	10          	2.328       	0.02236     	0.04608     	0.0223      
3352        	10          	2.318       	0.01795     	0.04156     	0.0202      
3356        	10          	2.353       	0.02473     	0.04824     	0.02295     
3360        	10          	2.347       	0.02501     	0.04524     	0.0175      
3364        	10          	2.36        	0.01429     	0.03671     	0.02205     
3368        	10          	2.352       	0.02282     	0.04477     	0.02532     
3372        	10          	2.353       	0.0296      	0.04085     	0.02192     
3376        	10          	2.387       	0.02819     	0.04922     	0.02538     
3380        	10          	2.357       	0.02287     	0.03805     	0.01798     
3384        	10          	2.292       	0.02953     	0.05501     	0.0264      
3388        	10          	2.345       	0.02002     	0.04893     	0.0182      
3392        	10          	2.323       	0.02735     	0.04102     	0.01937     
3396        	10          	2.3         	0.01758     	0.04476     	0.02525     
3400        	10          	2.352       	0.01858     	0.0404      	0.02585     
3404        	10          	2.357       	0.01562     	0.03849     	0.02043     
3408        	10          	2.34        	0.02375     	0.04021     	0.02463     
3412        	10          	2.332       	0.01694     	0.04275     	0.02284     
3416        	10          	2.338       	0.01427     	0.04658     	0.02013     
3420        	10          	2.303       	0.01726     	0.04551     	0.02227     
3424        	10          	2.317       	0.02442     	0.04563     	0.02143     
3428        	10          	2.338       	0.01913     	0.04065     	0.01855     
3432        	10          	2.357       	0.02402     	0.05096     	0.03064     
3436        	10          	2.352       	0.01724     	0.04206     	0.01961     
3440        	10          	2.368       	0.02464     	0.04975     	0.01945     
3444        	10          	2.368       	0.01874     	0.04737     	0.0198      
3448        	10          	2.343       	0.02188     	0.05041     	0.02231     
3452        	10          	2.345       	0.02316     	0.0545      	0.02284     
3456        	10          	2.377       	0.01987     	0.05543     	0.02018     
3460        	10          	2.328       	0.02416     	0.04864     	0.0244      
3464        	10          	2.323       	0.02234     	0.04399     	0.01805     
3468        	10          	2.3         	0.02292     	0.03693     	0.01696     
3472        	10          	2.33        	0.02743     	0.04333     	0.02175     
3476        	10          	2.335       	0.02054     	0.03714     	0.01566     
3480        	10          	2.327       	0.02818     	0.04504     	0.02258     
3484        	10          	2.36        	0.02169     	0.04944     	0.02536     
3488        	10          	2.323       	0.02132     	0.04161     	0.01715     
3492        	10          	2.345       	0.01921     	0.05309     	0.02803     
3496        	10          	2.35        	0.02411     	0.04045     	0.01075     
3500        	10          	2.337       	0.02409     	0.0462      	0.01734     
3504        	10          	2.355       	0.01516     	0.04232     	0.01837     
3508        	10          	2.337       	0.02003     	0.05134     	0.02574     
3512        	10          	2.355       	0.01897     	0.05289     	0.02923     
3516        	10          	2.333       	0.02023     	0.05151     	0.02716     
3520        	10          	2.365       	0.01751     	0.03969     	0.02347     
3524        	10          	2.357       	0.01512     	0.04491     	0.02292     
3528        	10          	2.322       	0.02507     	0.05267     	0.03163     
3532        	10          	2.327       	0.02617     	0.05362     	0.0298      
3536        	10          	2.33        	0.02291     	0.04712     	0.02361     
3540        	10          	2.365       	0.02374     	0.04834     	0.02281     
3544        	10          	2.358       	0.01807     	0.04549     	0.02059     
3548        	10          	2.375       	0.02179     	0.05493     	0.02676     
3552        	10          	2.353       	0.01847     	0.04845     	0.02945     
3556        	10          	2.358       	0.02116     	0.05326     	0.02214     
3560        	10          	2.372       	0.0284      	0.04309     	0.02353     
3564        	10          	2.345       	0.02437     	0.0463      	0.02195     
3568        	10          	2.358       	0.02551     	0.04851     	0.02488     
3572        	10          	2.395       	0.03722     	0.05758     	0.02452     
3576        	10          	2.395       	0.02611     	0.04458     	0.02071     
3580        	10          	2.39        	0.02712     	0.05248     	0.01891     
3584        	10          	2.392       	0.02876     	0.05444     	0.0253      
3588        	10          	2.398       	0.02487     	0.05421     	0.02063     
3592        	10          	2.418       	0.01931     	0.04522     	0.02027     
3596        	10          	2.44        	0.02573     	0.0509      	0.01754     
3600        	10          	2.43        	0.01906     	0.04811     	0.02543     
3604        	10          	2.413       	0.02136     	0.0437      	0.02113     
3608        	10          	2.395       	0.01598     	0.03767     	0.02138     
3612        	10          	2.402       	0.0193      	0.04914     	0.02183     
3616        	10          	2.408       	0.02827     	0.0513      	0.02576     
3620        	10          	2.407       	0.02575     	0.04718     	0.02461     
3624        	10          	2.448       	0.02269     	0.04111     	0.01636     
3628        	10          	2.405       	0.02058     	0.05028     	0.02644     
3632        	10          	2.418       	0.0258      	0.04957     	0.02682     
3636        	10          	2.415       	0.0181      	0.04432     	0.0262      
3640        	10          	2.435       	0.01914     	0.0385      	0.02355     
3644        	10          	2.442       	0.01998     	0.05018     	0.0313      
3648        	10          	2.422       	0.0272      	0.06232     	0.02861     
3652        	10          	2.418       	0.02287     	0.05117     	0.02809     
3656        	10          	2.455       	0.02441     	0.04922     	0.02048     
3660        	10          	2.427       	0.01932     	0.04361     	0.02337     
3664        	10          	2.398       	0.01911     	0.04835     	0.02096     
3668        	10          	2.422       	0.02339     	0.04266     	0.01995     
3672        	10          	2.437       	0.02029     	0.05409     	0.0188      
3676        	10          	2.422       	0.02446     	0.05002     	0.02386     
3680        	10          	2.405       	0.01868     	0.04664     	0.02632     
3684        	10          	2.423       	0.02285     	0.04051     	0.02236     
3688        	10          	2.415       	0.0169      	0.04687     	0.02271     
3692        	10          	2.418       	0.02368     	0.0555      	0.02275     
3696        	10          	2.42        	0.01901     	0.04237     	0.0202      
3700        	10          	2.442       	0.01968     	0.0469      	0.02897     
3704        	10          	2.432       	0.01954     	0.04872     	0.02059     
3708        	10          	2.46        	0.02018     	0.04343     	0.02224     
3712        	10          	2.463       	0.02359     	0.04555     	0.01709     
3716        	10          	2.463       	0.02726     	0.05398     	0.02696     
3720        	10          	2.44        	0.01733     	0.04991     	0.02217     
3724        	10          	2.442       	0.02575     	0.04421     	0.01799     
3728        	10          	2.468       	0.02548     	0.05279     	0.02057     
3732        	10          	2.503       	0.02042     	0.05117     	0.02434     
3736        	10          	2.465       	0.0219      	0.05573     	0.02506     
3740        	10          	2.527       	0.02628     	0.05093     	0.02923     
3744        	10          	2.503       	0.01981     	0.04639     	0.02645     
3748        	10          	2.51        	0.01738     	0.05079     	0.03021     
3752        	10          	2.483       	0.02323     	0.04354     	0.02612     
3756        	10          	2.495       	0.0192      	0.03689     	0.01791     
3760        	10          	2.498       	0.02278     	0.03942     	0.01657     
3764        	10          	2.512       	0.02222     	0.04056     	0.01547     
3768        	10          	2.485       	0.01581     	0.04103     	0.01828     
3772        	10          	2.472       	0.02463     	0.04876     	0.02341     
3776        	10          	2.503       	0.02773     	0.05078     	0.02627     
3780        	10          	2.452       	0.01677     	0.05777     	0.02528     
3784        	10          	2.457       	0.02571     	0.05428     	0.0281      
3788        	10          	2.425       	0.02658     	0.04995     	0.02701     
3792        	10          	2.44        	0.02352     	0.04744     	0.02189     
3796        	10          	2.483       	0.01864     	0.03746     	0.01601     
3800        	10          	2.483       	0.02558     	0.04278     	0.02018     
3804        	10          	2.462       	0.03194     	0.04894     	0.02231     
3808        	10          	2.492       	0.02418     	0.05202     	0.01945     
3812        	10          	2.498       	0.02113     	0.05463     	0.02628     
3816        	10          	2.502       	0.02817     	0.04687     	0.02206     
3820        	10          	2.512       	0.02001     	0.04564     	0.02654     
3824        	10          	2.497       	0.0185      	0.03885     	0.01399     
3828        	10          	2.485       	0.01751     	0.04465     	0.02074     
3832        	10          	2.483       	0.02046     	0.04441     	0.02456     
3836        	10          	2.5         	0.0169      	0.03713     	0.01762     
3840        	10          	2.517       	0.01702     	0.03557     	0.02078     
3844        	10          	2.527       	0.02444     	0.04632     	0.01631     
3848        	10          	2.528       	0.0236      	0.05141     	0.02124     
3852        	10          	2.505       	0.02446     	0.05244     	0.02538     
3856        	10          	2.492       	0.01805     	0.04817     	0.0237      
3860        	10          	2.495       	0.02474     	0.03761     	0.01517     
3864        	10          	2.5         	0.02073     	0.04386     	0.01871     
3868        	10          	2.502       	0.02139     	0.0448      	0.02307     
3872        	10          	2.522       	0.01807     	0.04847     	0.02384     
3876        	10          	2.548       	0.02403     	0.04166     	0.01981     
3880        	10          	2.513       	0.01188     	0.03801     	0.02021     
3884        	10          	2.512       	0.0292      	0.04227     	0.01776     
3888        	10          	2.507       	0.02001     	0.04459     	0.02234     
3892        	10          	2.485       	0.01919     	0.05441     	0.03117     
3896        	10          	2.507       	0.01881     	0.04652     	0.02589     
3900        	10          	2.523       	0.01605     	0.04095     	0.01973     
3904        	10          	2.48        	0.02814     	0.04471     	0.01424     
3908        	10          	2.505       	0.02244     	0.04781     	0.01457     
3912        	10          	2.487       	0.01919     	0.04043     	0.02241     
3916        	10          	2.483       	0.02123     	0.03417     	0.01965     
3920        	10          	2.505       	0.02591     	0.03987     	0.0188      
3924        	10          	2.513       	0.022       	0.04575     	0.02023     
3928        	10          	2.505       	0.02028     	0.0396      	0.01233     
3932        	10          	2.502       	0.02449     	0.05019     	0.01734     
3936        	10          	2.512       	0.01687     	0.04421     	0.02456     
3940        	10          	2.502       	0.01432     	0.04021     	0.01924     
3944        	10          	2.495       	0.02473     	0.04295     	0.02347     
3948        	10          	2.505       	0.0283      	0.04599     	0.02637     
3952        	10          	2.49        	0.02409     	0.04133     	0.01929     
3956        	10          	2.482       	0.02565     	0.0449      	0.02256     
3960        	10          	2.48        	0.01929     	0.04319     	0.02549     
3964        	10          	2.447       	0.02894     	0.05735     	0.01409     
3968        	10          	2.443       	0.02503     	0.05058     	0.02761     
3972        	10          	2.42        	0.02222     	0.04387     	0.01571     
3976        	10          	2.455       	0.0216      	0.04394     	0.0233      
3980        	10          	2.47        	0.02106     	0.04932     	0.02306     
3984        	10          	2.497       	0.02459     	0.03863     	0.02116     
3988        	10          	2.518       	0.02014     	0.0462      	0.02002     
3992        	10          	2.477       	0.02082     	0.03809     	0.01719     
3996        	10          	2.465       	0.02379     	0.05011     	0.03013     
4000        	10          	2.502       	0.01755     	0.04754     	0.01923     
4004        	10          	2.46        	0.03406     	0.05237     	0.02225     
4008        	10          	2.448       	0.0528      	0.07899     	0.02589     
4012        	10          	2.415       	0.06063     	0.08211     	0.02181     
4016        	10          	2.45        	0.07918     	0.09136     	0.02408     
4020        	10          	2.425       	0.1031      	0.1025      	0.01885     
4024        	10          	2.39        	0.114       	0.1186      	0.02453     
4028        	10          	2.327       	0.1383      	0.1525      	0.04038     
4032        	10          	2.285       	0.1535      	0.1526      	0.05091     
4036        	10          	2.282       	0.1613      	0.1541      	0.07059     
4040        	10          	2.248       	0.1849      	0.1713      	0.07949     
4044        	10          	2.208       	0.2041      	0.1716      	0.09546     
4048        	10          	2.235       	0.2143      	0.1894      	0.1094      
4052        	10          	2.207       	0.2307      	0.2004      	0.1391      
4056        	10          	2.17        	0.2496      	0.2184      	0.1613      
4060        	10          	2.148       	0.2794      	0.2395      	0.1795      
4064        	10          	2.112       	0.2939      	0.2601      	0.2045      
4068        	10          	2.113       	0.3046      	0.2947      	0.2226      
4072        	10          	2.09        	0.3028      	0.3007      	0.2403      
4076        	10          	2.07        	0.3156      	0.3069      	0.2445      
4080        	10          	2.078       	0.3263      	0.3274      	0.2536      
4084        	10          	2.05        	0.3342      	0.3391      	0.2671      
4088        	10          	2.032       	0.3518      	0.3444      	0.2735      
4092        	10          	2.067       	0.368       	0.3531      	0.2868      
4096        	10          	2.065       	0.3658      	0.357       	0.2981      
4100        	10          	2.04        	0.373       	0.3539      	0.2971      
4104        	10          	2.022       	0.373       	0.3619      	0.3117      
4108        	10          	2.042       	0.3713      	0.368       	0.3195      
4112        	10          	2.013       	0.3953      	0.3841      	0.3263      
4116        	10          	1.992       	0.4124      	0.4041      	0.3387      
4120        	10          	1.993       	0.4175      	0.4162      	0.3472      
4124        	10          	2.002       	0.4075      	0.4293      	0.3569      
4128        	10          	1.988       	0.4127      	0.4343      	0.3511      
4132        	10          	1.97        	0.4199      	0.4449      	0.358       
4136        	10          	1.973       	0.4239      	0.4522      	0.3559      
4140        	10          	1.952       	0.4469      	0.4517      	0.3723      
4144        	10          	1.947       	0.4499      	0.4574      	0.3785      
4148        	10          	1.943       	0.455       	0.4595      	0.4015      
4152        	10          	1.927       	0.4637      	0.4675      	0.4014      
4156        	10          	1.943       	0.4617      	0.4712      	0.4241      
4160        	10          	1.912       	0.4545      	0.4903      	0.4184      
4164        	10          	1.932       	0.4702      	0.5034      	0.4577      
4168        	10          	1.942       	0.4755      	0.4932      	0.457       
4172        	10          	1.938       	0.4747      	0.5037      	0.4577      
4176        	10          	1.91        	0.4864      	0.5066      	0.4623      
4180        	10          	1.915       	0.4881      	0.5231      	0.465       
4184        	10          	1.91        	0.5095      	0.5345      	0.4716      
4188        	10          	1.892       	0.4975      	0.5247      	0.4824      
4192        	10          	1.888       	0.5146      	0.5259      	0.4887      
4196        	10          	1.897       	0.5167      	0.532       	0.4963      
4200        	10          	1.89        	0.5226      	0.5253      	0.4927      
4204        	10          	1.88        	0.5339      	0.5411      	0.5018      
4208        	10          	1.878       	0.5192      	0.5302      	0.4871      
4212        	10          	1.868       	0.537       	0.5412      	0.4951      
4216        	10          	1.867       	0.5399      	0.5489      	0.5053      
4220        	10          	1.87        	0.5409      	0.5447      	0.4978      
4224        	10          	1.87        	0.5461      	0.5527      	0.4965      
4228        	10          	1.857       	0.5564      	0.5548      	0.5034      
4232        	10          	1.872       	0.5656      	0.5609      	0.5241      
4236        	10          	1.863       	0.5672      	0.5605      	0.5255      
4240        	10          	1.85        	0.5642      	0.5582      	0.5276      
4244        	10          	1.848       	0.567       	0.5722      	0.5203      
4248        	10          	1.83        	0.5729      	0.5717      	0.5268      
4252        	10          	1.852       	0.5777      	0.5788      	0.5327      
4256        	10          	1.832       	0.5707      	0.5794      	0.5423      
4260        	10          	1.832       	0.5807      	0.5695      	0.5574      
4264        	10          	1.83        	0.5858      	0.5779      	0.5656      
4268        	10          	1.84        	0.5902      	0.574       	0.5596      
4272        	10          	1.833       	0.6083      	0.5822      	0.5649      
4276        	10          	1.822       	0.6074      	0.5824      	0.5744      
4280        	10          	1.832       	0.6039      	0.5765      	0.5779      
4284        	10          	1.803       	0.6108      	0.5943      	0.5887      
4288        	10          	1.802       	0.6192      	0.5951      	0.594       
4292        	10          	1.793       	0.6171      	0.6089      	0.597       
4296        	10          	1.797       	0.6117      	0.5968      	0.6025      
4300        	10          	1.812       	0.613       	0.6102      	0.6053      
4304        	10          	1.773       	0.6245      	0.6139      	0.6118      
4308        	10          	1.78        	0.6332      	0.6132      	0.6092      
4312        	10          	1.818       	0.6189      	0.6031      	0.6082      
4316        	10          	1.772       	0.6262      	0.6132      	0.6168      
4320        	10          	1.75        	0.6299      	0.6127      	0.6224      
4324        	10          	1.737       	0.6293      	0.6148      	0.6227      
4328        	10          	1.757       	0.6222      	0.614       	0.6262      
4332        	10          	1.768       	0.6261      	0.617       	0.6259      
4336        	10          	1.728       	0.6339      	0.6123      	0.639       
4340        	10          	1.748       	0.6234      	0.6169      	0.6288      
4344        	10          	1.77        	0.6239      	0.6126      	0.6274      
4348        	10          	1.773       	0.6296      	0.615       	0.6334      
4352        	10          	1.74        	0.6275      	0.62        	0.6288      
4356        	10          	1.737       	0.6357      	0.6255      	0.6364      
4360        	10          	1.765       	0.6253      	0.6202      	0.6307      
4364        	10          	1.755       	0.6386      	0.6238      	0.6388      
4368        	10          	1.772       	0.6325      	0.6291      	0.6486      
4372        	10          	1.752       	0.6447      	0.6369      	0.6682      
4376        	10          	1.738       	0.6431      	0.6466      	0.6593      
4380        	10          	1.732       	0.641       	0.643       	0.6666      
4384        	10          	1.733       	0.6355      	0.6423      	0.6643      
4388        	10          	1.743       	0.6421      	0.6379      	0.6639      
4392        	10          	1.745       	0.6515      	0.6443      	0.6625      
4396        	10          	1.755       	0.6445      	0.6411      	0.6654      
4400        	10          	1.737       	0.6543      	0.6522      	0.6775      
4404        	10          	1.72        	0.6558      	0.6538      	0.6855      
4408        	10          	1.735       	0.669       	0.653       	0.6908      
4412        	10          	1.745       	0.6657      	0.6618      	0.7006      
4416        	10          	1.757       	0.6609      	0.6629      	0.7012      
4420        	10          	1.747       	0.6518      	0.6592      	0.6919      
4424        	10          	1.747       	0.6649      	0.6633      	0.7009      
4428        	10          	1.737       	0.6639      	0.6606      	0.698       
4432        	10          	1.742       	0.6728      	0.6618      	0.6931      
4436        	10          	1.717       	0.6748      	0.6612      	0.7014      
4440        	10          	1.752       	0.6727      	0.6664      	0.6974      
4444        	10          	1.775       	0.6738      	0.6655      	0.7062      
4448        	10          	1.755       	0.6789      	0.6684      	0.7033      
4452        	10          	1.742       	0.6794      	0.6647      	0.7036      
4456        	10          	1.738       	0.6914      	0.6837      	0.7121      
4460        	10          	1.732       	0.6973      	0.6904      	0.708       
4464        	10          	1.738       	0.6915      	0.6882      	0.6956      
4468        	10          	1.76        	0.6915      	0.69        	0.6988      
4472        	10          	1.74        	0.6948      	0.6927      	0.7052      
4476        	10          	1.753       	0.6917      	0.6946      	0.7016      
4480        	10          	1.755       	0.6895      	0.6983      	0.6989      
4484        	10          	1.705       	0.689       	0.7019      	0.6966      
4488        	10          	1.723       	0.6804      	0.7048      	0.6919      
4492        	10          	1.715       	0.6966      	0.7198      	0.7035      
4496        	10          	1.735       	0.6908      	0.7089      	0.693       
4500        	10          	1.738       	0.6944      	0.7181      	0.7076      
4504        	10          	1.703       	0.6976      	0.7201      	0.703       
4508        	10          	1.703       	0.7023      	0.7242      	0.701       
4512        	10          	1.708       	0.7009      	0.724       	0.6959      
4516        	10          	1.723       	0.7027      	0.7238      	0.7034      
4520        	10          	1.732       	0.7058      	0.7198      	0.705       
4524        	10          	1.74        	0.6885      	0.7155      	0.6933      
4528        	10          	1.707       	0.7004      	0.7227      	0.7019      
4532        	10          	1.682       	0.7079      	0.7245      	0.6957      
4536        	10          	1.725       	0.6974      	0.7145      	0.6891      
4540        	10          	1.717       	0.703       	0.7239      	0.6939      
4544        	10          	1.732       	0.7069      	0.7287      	0.6925      
4548        	10          	1.732       	0.6999      	0.7223      	0.6936      
4552        	10          	1.74        	0.7059      	0.7215      	0.6906      
4556        	10          	1.732       	0.7046      	0.7171      	0.6978      
4560        	10          	1.72        	0.7184      	0.7241      	0.6991      
4564        	10          	1.727       	0.7126      	0.7226      	0.7106      
4568        	10          	1.725       	0.7087      	0.7119      	0.7051      
4572        	10          	1.75        	0.7005      	0.7115      	0.6916      
4576        	10          	1.778       	0.7114      	0.7206      	0.701       
4580        	10          	1.747       	0.7175      	0.719       	0.7016      
4584        	10          	1.733       	0.719       	0.7154      	0.7056      
4588        	10          	1.723       	0.7204      	0.7153      	0.7052      
4592        	10          	1.71        	0.7202      	0.7155      	0.7104      
4596        	10          	1.742       	0.7178      	0.7176      	0.7125      
4600        	10          	1.723       	0.7287      	0.724       	0.7191      
4604        	10          	1.75        	0.7244      	0.7143      	0.7207      
4608        	10          	1.722       	0.7256      	0.7193      	0.7192      
4612        	10          	1.718       	0.7262      	0.7198      	0.7197      
4616        	10          	1.728       	0.7317      	0.7223      	0.7247      
4620        	10          	1.727       	0.7331      	0.7246      	0.7257      
4624        	10          	1.715       	0.7295      	0.732       	0.7202      
4628        	10          	1.703       	0.7342      	0.7402      	0.7296      
4632        	10          	1.712       	0.7346      	0.7394      	0.7265      
4636        	10          	1.73        	0.7343      	0.7221      	0.7242      
4640        	10          	1.733       	0.7294      	0.7241      	0.7226      
4644        	10          	1.715       	0.7371      	0.7277      	0.732       
4648        	10          	1.712       	0.7322      	0.7272      	0.7336      
4652        	10          	1.713       	0.7374      	0.7361      	0.7369      
4656        	10          	1.717       	0.7387      	0.7316      	0.7307      
4660        	10          	1.715       	0.7368      	0.727       	0.7265      
4664        	10          	1.727       	0.7278      	0.7337      	0.7226      
4668        	10          	1.72        	0.7269      	0.7285      	0.7256      
4672        	10          	1.723       	0.7246      	0.7165      	0.722       
4676        	10          	1.697       	0.7273      	0.7207      	0.7262      
4680        	10          	1.722       	0.727       	0.722       	0.7192      
4684        	10          	1.732       	0.7322      	0.7213      	0.7322      
4688        	10          	1.707       	0.729       	0.7274      	0.7297      
4692        	10          	1.732       	0.7311      	0.7207      	0.7253      
4696        	10          	1.713       	0.7224      	0.7124      	0.7221      
4700        	10          	1.735       	0.725       	0.7187      	0.7273      
4704        	10          	1.708       	0.7294      	0.7208      	0.7274      
4708        	10          	1.692       	0.7244      	0.7214      	0.7241      
4712        	10          	1.703       	0.7217      	0.7151      	0.7273      
4716        	10          	1.677       	0.7317      	0.7335      	0.7391      
4720        	10          	1.712       	0.7251      	0.7274      	0.7391      
4724        	10          	1.66        	0.735       	0.7381      	0.7441      
4728        	10          	1.685       	0.7328      	0.7314      	0.7438      
4732        	10          	1.665       	0.7327      	0.7327      	0.745       
4736        	10          	1.672       	0.735       	0.7367      	0.744       
4740        	10          	1.653       	0.7425      	0.7355      	0.75        
4744        	10          	1.662       	0.7379      	0.7221      	0.7471      
4748        	10          	1.673       	0.7353      	0.7258      	0.7463      
4752        	10          	1.682       	0.7401      	0.7315      	0.7481      
4756        	10          	1.682       	0.7403      	0.7321      	0.751       
4760        	10          	1.69        	0.7381      	0.7291      	0.7472      
4764        	10          	1.7         	0.7365      	0.729       	0.738       
4768        	10          	1.715       	0.7315      	0.7249      	0.7384      
4772        	10          	1.703       	0.7327      	0.7213      	0.7321      
4776        	10          	1.702       	0.7397      	0.7302      	0.7411      
4780        	10          	1.697       	0.7418      	0.7164      	0.7409      
4784        	10          	1.715       	0.7335      	0.7106      	0.7397      
4788        	10          	1.705       	0.7434      	0.7126      	0.7462      
4792        	10          	1.725       	0.743       	0.7073      	0.7371      
4796        	10          	1.747       	0.7362      	0.711       	0.7376      
4800        	10          	1.723       	0.7363      	0.7012      	0.7386      
4804        	10          	1.733       	0.7451      	0.7064      	0.7371      
4808        	10          	1.722       	0.7484      	0.7024      	0.7342      
4812        	10          	1.72        	0.7541      	0.7059      	0.7355      
4816        	10          	1.718       	0.7463      	0.7059      	0.7368      
4820        	10          	1.73        	0.7344      	0.6957      	0.73        
4824        	10          	1.715       	0.7465      	0.6967      	0.746       
4828        	10          	1.712       	0.7486      	0.7064      	0.7506      
4832        	10          	1.705       	0.753       	0.7019      	0.7521      
4836        	10          	1.737       	0.756       	0.7117      	0.7575      
4840        	10          	1.728       	0.7573      	0.6987      	0.7558      
4844        	10          	1.717       	0.7563      	0.7109      	0.7542      
4848        	10          	1.717       	0.7524      	0.7092      	0.753       
4852        	10          	1.735       	0.7449      	0.707       	0.7535      
4856        	10          	1.73        	0.7446      	0.6982      	0.7517      
4860        	10          	1.753       	0.7422      	0.7021      	0.7494      
4864        	10          	1.74        	0.7494      	0.7027      	0.7571      
4868        	10          	1.735       	0.7421      	0.7019      	0.7531      
4872        	10          	1.722       	0.7415      	0.7084      	0.7562      
4876        	10          	1.732       	0.7457      	0.7059      	0.7578      
4880        	10          	1.698       	0.7538      	0.7101      	0.762       
4884        	10          	1.687       	0.7515      	0.7216      	0.7662      
4888        	10          	1.675       	0.7601      	0.7208      	0.7692      
4892        	10          	1.688       	0.7577      	0.7173      	0.7699      
4896        	10          	1.698       	0.7525      	0.7134      	0.7647      
4900        	10          	1.718       	0.7462      	0.7085      	0.7644      
4904        	10          	1.72        	0.7497      	0.7171      	0.7628      
4908        	10          	1.72        	0.7451      	0.703       	0.7565      
4912        	10          	1.718       	0.7518      	0.7108      	0.7557      
4916        	10          	1.7         	0.7539      	0.7121      	0.7566      
4920        	10          	1.722       	0.7602      	0.7116      	0.7477      
4924        	10          	1.735       	0.7523      	0.7167      	0.7505      
4928        	10          	1.727       	0.7502      	0.7211      	0.7581      
4932        	10          	1.77        	0.7509      	0.71        	0.7499      
4936        	10          	1.728       	0.75        	0.7126      	0.7542      
4940        	10          	1.755       	0.7528      	0.7129      	0.7595      
4944        	10          	1.783       	0.7472      	0.7149      	0.754       
4948        	10          	1.73        	0.7538      	0.716       	0.754       
4952        	10          	1.775       	0.744       	0.7145      	0.7514      
4956        	10          	1.747       	0.7446      	0.7158      	0.7501      
4960        	10          	1.747       	0.7426      	0.7241      	0.7499      
4964        	10          	1.735       	0.7369      	0.7203      	0.7428      
4968        	10          	1.713       	0.7406      	0.7271      	0.7419      
4972        	10          	1.715       	0.7415      	0.7252      	0.7457      
4976        	10          	1.762       	0.7415      	0.7261      	0.7412      
4980        	10          	1.735       	0.742       	0.7107      	0.7415      
4984        	10          	1.76        	0.7459      	0.72        	0.7402      
4988        	10          	1.773       	0.7459      	0.7075      	0.7339      
4992        	10          	1.767       	0.7503      	0.7094      	0.7337      
4996        	10          	1.758       	0.7435      	0.7035      	0.7266      
5000        	10          	1.757       	0.7428      	0.7016      	0.7245      
