generation  	alive.rpl   	n.adlt.rs   	n.adlt.fst.wc_p1-2	n.adlt.fst.wc_p1-3	n.adlt.fst.wc_p2-3
5           	10          	17.54       	0.01087     	0.0158      	0.01143     
10          	10          	16.18       	0.01827     	0.02795     	0.0153      
15          	10          	15.16       	0.02008     	0.03889     	0.0217      
20          	10          	14.26       	0.01984     	0.04077     	0.0236      
25          	10          	13.64       	0.02095     	0.04151     	0.02082     
30          	10          	12.88       	0.02138     	0.04786     	0.02187     
35          	10          	12.31       	0.02312     	0.04469     	0.02183     
40          	10          	11.9        	0.01883     	0.04188     	0.02027     
45          	10          	11.34       	0.01886     	0.04282     	0.02032     
50          	10          	10.92       	0.02052     	0.04601     	0.02041     
55          	10          	10.37       	0.02174     	0.04711     	0.02187     
60          	10          	10.05       	0.02438     	0.04691     	0.02103     
65          	10          	9.747       	0.02363     	0.04409     	0.02043     
70          	10          	9.463       	0.02152     	0.04412     	0.02273     
75          	10          	9.178       	0.02177     	0.04541     	0.02212     
80          	10          	9.062       	0.02089     	0.04371     	0.02154     
85          	10          	8.762       	0.01954     	0.04395     	0.01903     
90          	10          	8.477       	0.02068     	0.04442     	0.0232      
95          	10          	8.218       	0.02145     	0.04238     	0.02309     
100         	10          	8.042       	0.02195     	0.04396     	0.02131     
105         	10          	7.867       	0.0231      	0.04853     	0.02367     
110         	10          	7.732       	0.01899     	0.0443      	0.02119     
115         	10          	7.447       	0.02602     	0.04599     	0.01977     
120         	10          	7.385       	0.0207      	0.05065     	0.02798     
125         	10          	7.215       	0.02017     	0.04563     	0.02044     
130         	10          	7.123       	0.02636     	0.04623     	0.0198      
135         	10          	7.022       	0.0205      	0.04172     	0.02054     
140         	10          	6.855       	0.02311     	0.04676     	0.02047     
145         	10          	6.687       	0.02178     	0.04352     	0.01795     
150         	10          	6.557       	0.0198      	0.04867     	0.02324     
155         	10          	6.408       	0.023       	0.04699     	0.02265     
160         	10          	6.353       	0.01846     	0.04077     	0.02252     
165         	10          	6.227       	0.02107     	0.04394     	0.02047     
170         	10          	6.103       	0.02144     	0.04726     	0.02297     
175         	10          	5.972       	0.01823     	0.04607     	0.02176     
180         	10          	5.863       	0.02085     	0.05443     	0.02464     
185         	10          	5.8         	0.02434     	0.04902     	0.02136     
190         	10          	5.667       	0.02552     	0.05229     	0.02032     
195         	10          	5.615       	0.02799     	0.05864     	0.02437     
200         	10          	5.535       	0.02468     	0.05014     	0.02335     
205         	10          	5.457       	0.0216      	0.04643     	0.02161     
210         	10          	5.418       	0.02387     	0.04715     	0.02066     
215         	10          	5.362       	0.02039     	0.04271     	0.02088     
220         	10          	5.187       	0.02142     	0.04968     	0.02338     
225         	10          	5.048       	0.02451     	0.05314     	0.0221      
230         	10          	5.078       	0.02252     	0.05288     	0.02476     
235         	10          	4.988       	0.0251      	0.05157     	0.02539     
240         	10          	4.965       	0.02052     	0.04127     	0.0257      
245         	10          	4.883       	0.02088     	0.04604     	0.02224     
250         	10          	4.85        	0.02114     	0.03644     	0.02062     
255         	10          	4.813       	0.02259     	0.04792     	0.02453     
260         	10          	4.758       	0.01906     	0.0415      	0.0215      
265         	10          	4.707       	0.02065     	0.04235     	0.02335     
270         	10          	4.687       	0.02395     	0.0466      	0.02575     
275         	10          	4.725       	0.02306     	0.05361     	0.02673     
280         	10          	4.638       	0.01925     	0.05265     	0.02338     
285         	10          	4.635       	0.0247      	0.05124     	0.02417     
290         	10          	4.56        	0.02823     	0.05755     	0.02164     
295         	10          	4.487       	0.02336     	0.04992     	0.023       
300         	10          	4.487       	0.02119     	0.04878     	0.02247     
305         	10          	4.465       	0.02493     	0.04358     	0.01853     
310         	10          	4.457       	0.01754     	0.03732     	0.02034     
315         	10          	4.43        	0.02155     	0.04151     	0.02136     
320         	10          	4.347       	0.01772     	0.04211     	0.0257      
325         	10          	4.337       	0.0239      	0.04832     	0.02513     
330         	10          	4.255       	0.02014     	0.05044     	0.02435     
335         	10          	4.268       	0.0217      	0.04463     	0.01873     
340         	10          	4.227       	0.01959     	0.04473     	0.02124     
345         	10          	4.193       	0.0209      	0.04443     	0.01994     
350         	10          	4.162       	0.01927     	0.04309     	0.02002     
355         	10          	4.113       	0.02286     	0.04655     	0.01885     
360         	10          	4.092       	0.01583     	0.0422      	0.02096     
365         	10          	4.055       	0.02361     	0.04555     	0.01932     
370         	10          	3.995       	0.02281     	0.03878     	0.02111     
375         	10          	3.978       	0.02361     	0.04586     	0.01957     
380         	10          	3.957       	0.03036     	0.04993     	0.02204     
385         	10          	3.91        	0.01848     	0.05177     	0.02591     
390         	10          	3.908       	0.01596     	0.04368     	0.02579     
395         	10          	3.935       	0.01825     	0.04224     	0.01898     
400         	10          	3.862       	0.0182      	0.04306     	0.01899     
405         	10          	3.835       	0.02426     	0.04939     	0.02139     
410         	10          	3.823       	0.02755     	0.05166     	0.01907     
415         	10          	3.757       	0.01882     	0.0464      	0.01943     
420         	10          	3.8         	0.01858     	0.04651     	0.02186     
425         	10          	3.743       	0.02028     	0.04151     	0.01724     
430         	10          	3.775       	0.01931     	0.03706     	0.01997     
435         	10          	3.755       	0.02317     	0.04725     	0.02462     
440         	10          	3.702       	0.01988     	0.05036     	0.02404     
445         	10          	3.66        	0.02014     	0.04526     	0.02612     
450         	10          	3.683       	0.0181      	0.04413     	0.022       
455         	10          	3.677       	0.0216      	0.04499     	0.01992     
460         	10          	3.657       	0.02019     	0.04093     	0.02147     
465         	10          	3.682       	0.02217     	0.04727     	0.02146     
470         	10          	3.677       	0.02416     	0.04539     	0.01722     
475         	10          	3.667       	0.0226      	0.04351     	0.01821     
480         	10          	3.645       	0.01958     	0.03947     	0.01748     
485         	10          	3.687       	0.02654     	0.05103     	0.02014     
490         	10          	3.632       	0.02336     	0.04571     	0.0213      
495         	10          	3.633       	0.02234     	0.04741     	0.0257      
500         	10          	3.602       	0.0204      	0.05208     	0.02469     
505         	10          	3.595       	0.0144      	0.04024     	0.01994     
510         	10          	3.573       	0.02368     	0.04464     	0.02311     
515         	10          	3.575       	0.02544     	0.04385     	0.017       
520         	10          	3.5         	0.0215      	0.04508     	0.02445     
525         	10          	3.51        	0.0221      	0.04681     	0.01998     
530         	10          	3.49        	0.02604     	0.04233     	0.01882     
535         	10          	3.487       	0.01918     	0.03489     	0.01837     
540         	10          	3.448       	0.01884     	0.0435      	0.01973     
545         	10          	3.477       	0.01551     	0.03774     	0.02333     
550         	10          	3.435       	0.0223      	0.04095     	0.01613     
555         	10          	3.388       	0.02096     	0.05077     	0.02347     
560         	10          	3.345       	0.02093     	0.05569     	0.02473     
565         	10          	3.343       	0.02188     	0.04811     	0.02303     
570         	10          	3.3         	0.02969     	0.04961     	0.02437     
575         	10          	3.308       	0.01987     	0.04104     	0.02302     
580         	10          	3.273       	0.02052     	0.04906     	0.02047     
585         	10          	3.287       	0.02122     	0.04442     	0.01775     
590         	10          	3.297       	0.02827     	0.0454      	0.01513     
595         	10          	3.29        	0.0246      	0.04783     	0.02284     
600         	10          	3.275       	0.02138     	0.03987     	0.01916     
605         	10          	3.258       	0.01795     	0.04052     	0.01928     
610         	10          	3.282       	0.01337     	0.0377      	0.02002     
615         	10          	3.237       	0.02129     	0.04713     	0.01893     
620         	10          	3.267       	0.0229      	0.05035     	0.01837     
625         	10          	3.213       	0.01953     	0.05575     	0.02431     
630         	10          	3.242       	0.02452     	0.05345     	0.02435     
635         	10          	3.22        	0.02314     	0.04994     	0.01465     
640         	10          	3.245       	0.01595     	0.03753     	0.01531     
645         	10          	3.225       	0.01955     	0.04168     	0.0201      
650         	10          	3.24        	0.0186      	0.04241     	0.0174      
655         	10          	3.21        	0.02061     	0.03642     	0.01895     
660         	10          	3.213       	0.01829     	0.03957     	0.01916     
665         	10          	3.187       	0.01799     	0.03515     	0.02266     
670         	10          	3.165       	0.0223      	0.03845     	0.02839     
675         	10          	3.183       	0.02266     	0.04322     	0.02158     
680         	10          	3.152       	0.02513     	0.04933     	0.02392     
685         	10          	3.157       	0.01799     	0.04393     	0.02129     
690         	10          	3.16        	0.01993     	0.0421      	0.03016     
695         	10          	3.108       	0.0216      	0.04437     	0.02197     
700         	10          	3.095       	0.02201     	0.05128     	0.02692     
705         	10          	3.067       	0.02464     	0.0453      	0.02619     
710         	10          	3.085       	0.01824     	0.03729     	0.01614     
715         	10          	3.107       	0.02401     	0.03727     	0.0122      
720         	10          	3.057       	0.02474     	0.03869     	0.01183     
725         	10          	3.023       	0.02104     	0.04675     	0.01675     
730         	10          	2.985       	0.02358     	0.04996     	0.02559     
735         	10          	3.023       	0.02124     	0.04242     	0.01969     
740         	10          	2.948       	0.02242     	0.04706     	0.02118     
745         	10          	2.955       	0.01999     	0.04356     	0.02333     
750         	10          	2.947       	0.02835     	0.04866     	0.02533     
755         	10          	2.935       	0.02177     	0.0387      	0.01701     
760         	10          	2.923       	0.0281      	0.04747     	0.01835     
765         	10          	2.928       	0.0248      	0.04709     	0.01885     
770         	10          	2.932       	0.0238      	0.05229     	0.02322     
775         	10          	2.93        	0.01777     	0.04172     	0.02268     
780         	10          	2.945       	0.02529     	0.04283     	0.02454     
785         	10          	2.963       	0.03054     	0.0463      	0.01856     
790         	10          	2.932       	0.02107     	0.04513     	0.02327     
795         	10          	2.912       	0.02859     	0.0553      	0.02279     
800         	10          	2.89        	0.02679     	0.05736     	0.02294     
805         	10          	2.893       	0.02169     	0.04676     	0.01982     
810         	10          	2.895       	0.02255     	0.04906     	0.02103     
815         	10          	2.925       	0.01954     	0.0534      	0.02786     
820         	10          	2.897       	0.02084     	0.04175     	0.02417     
825         	10          	2.892       	0.02185     	0.03104     	0.01758     
830         	10          	2.855       	0.01799     	0.03461     	0.01666     
835         	10          	2.842       	0.02163     	0.04505     	0.02086     
840         	10          	2.823       	0.02163     	0.0454      	0.02041     
845         	10          	2.832       	0.027       	0.04155     	0.01659     
850         	10          	2.823       	0.02246     	0.04494     	0.02538     
855         	10          	2.853       	0.02199     	0.0459      	0.02086     
860         	10          	2.795       	0.02139     	0.04646     	0.01985     
865         	10          	2.792       	0.02359     	0.04697     	0.02372     
870         	10          	2.78        	0.02917     	0.04847     	0.02513     
875         	10          	2.76        	0.01562     	0.04212     	0.01697     
880         	10          	2.78        	0.02074     	0.04768     	0.02626     
885         	10          	2.725       	0.01919     	0.049       	0.02836     
890         	10          	2.728       	0.02518     	0.04907     	0.02453     
895         	10          	2.737       	0.02778     	0.05048     	0.02694     
900         	10          	2.732       	0.01465     	0.04234     	0.02739     
905         	10          	2.778       	0.01828     	0.04353     	0.02166     
910         	10          	2.765       	0.02379     	0.05368     	0.0242      
915         	10          	2.748       	0.01911     	0.05052     	0.02446     
920         	10          	2.747       	0.01857     	0.04542     	0.02098     
925         	10          	2.708       	0.03196     	0.04673     	0.02152     
930         	10          	2.718       	0.02764     	0.04832     	0.01917     
935         	10          	2.725       	0.02511     	0.04041     	0.01895     
940         	10          	2.677       	0.02894     	0.05242     	0.01762     
945         	10          	2.712       	0.01508     	0.04469     	0.01935     
950         	10          	2.745       	0.02481     	0.05176     	0.02328     
955         	10          	2.733       	0.02153     	0.05229     	0.02156     
960         	10          	2.702       	0.02474     	0.04992     	0.022       
965         	10          	2.702       	0.01699     	0.04752     	0.01622     
970         	10          	2.718       	0.02235     	0.04237     	0.02073     
975         	10          	2.715       	0.0166      	0.04379     	0.01657     
980         	10          	2.708       	0.01884     	0.05026     	0.02436     
985         	10          	2.742       	0.02268     	0.03844     	0.01822     
990         	10          	2.768       	0.01862     	0.03956     	0.02165     
995         	10          	2.752       	0.01522     	0.04284     	0.02219     
1000        	10          	2.717       	0.02123     	0.04159     	0.02126     
1005        	10          	2.773       	0.01838     	0.04263     	0.02096     
1010        	10          	2.76        	0.02301     	0.04455     	0.02496     
1015        	10          	2.708       	0.02214     	0.04521     	0.02796     
1020        	10          	2.727       	0.02129     	0.0517      	0.01634     
1025        	10          	2.742       	0.02024     	0.03944     	0.01755     
1030        	10          	2.763       	0.02133     	0.04294     	0.01393     
1035        	10          	2.712       	0.02653     	0.04647     	0.02211     
1040        	10          	2.723       	0.02152     	0.03589     	0.01703     
1045        	10          	2.737       	0.01979     	0.0387      	0.02035     
1050        	10          	2.688       	0.02104     	0.04842     	0.01858     
1055        	10          	2.675       	0.02277     	0.06001     	0.03073     
1060        	10          	2.707       	0.03021     	0.06013     	0.02271     
1065        	10          	2.693       	0.02026     	0.04827     	0.02123     
1070        	10          	2.658       	0.02205     	0.04965     	0.02039     
1075        	10          	2.648       	0.01816     	0.04439     	0.02594     
1080        	10          	2.658       	0.02345     	0.043       	0.02564     
1085        	10          	2.66        	0.01586     	0.0398      	0.02226     
1090        	10          	2.662       	0.02159     	0.04937     	0.02011     
1095        	10          	2.652       	0.02139     	0.0543      	0.02431     
1100        	10          	2.577       	0.02386     	0.04814     	0.02056     
1105        	10          	2.588       	0.01667     	0.04455     	0.02718     
1110        	10          	2.568       	0.02502     	0.04833     	0.02125     
1115        	10          	2.602       	0.02153     	0.04461     	0.02337     
1120        	10          	2.635       	0.02985     	0.04423     	0.02471     
1125        	10          	2.602       	0.02583     	0.04781     	0.02088     
1130        	10          	2.623       	0.02302     	0.05298     	0.02539     
1135        	10          	2.58        	0.02981     	0.06136     	0.02108     
1140        	10          	2.585       	0.01983     	0.04683     	0.0217      
1145        	10          	2.563       	0.01742     	0.04677     	0.02451     
1150        	10          	2.567       	0.01871     	0.04323     	0.03161     
1155        	10          	2.548       	0.01963     	0.0491      	0.02155     
1160        	10          	2.568       	0.02612     	0.05328     	0.0253      
1165        	10          	2.577       	0.02575     	0.05112     	0.02813     
1170        	10          	2.553       	0.02084     	0.05658     	0.03413     
1175        	10          	2.555       	0.01407     	0.0531      	0.03022     
1180        	10          	2.587       	0.0164      	0.03999     	0.02307     
1185        	10          	2.625       	0.02238     	0.04928     	0.02745     
1190        	10          	2.583       	0.02377     	0.04546     	0.01855     
1195        	10          	2.567       	0.01874     	0.04779     	0.0179      
1200        	10          	2.582       	0.02219     	0.05545     	0.02154     
1205        	10          	2.587       	0.01963     	0.04768     	0.01552     
1210        	10          	2.587       	0.02549     	0.0442      	0.02356     
1215        	10          	2.57        	0.02384     	0.03751     	0.02272     
1220        	10          	2.588       	0.01531     	0.03744     	0.01801     
1225        	10          	2.562       	0.0242      	0.04419     	0.02686     
1230        	10          	2.527       	0.02361     	0.04528     	0.02096     
1235        	10          	2.573       	0.02406     	0.04437     	0.01928     
1240        	10          	2.558       	0.02601     	0.06017     	0.02666     
1245        	10          	2.542       	0.02894     	0.0566      	0.03068     
1250        	10          	2.565       	0.02005     	0.0455      	0.02688     
1255        	10          	2.535       	0.01996     	0.05152     	0.02905     
1260        	10          	2.538       	0.02311     	0.04877     	0.01865     
1265        	10          	2.577       	0.02456     	0.0508      	0.02724     
1270        	10          	2.597       	0.02425     	0.04702     	0.01642     
1275        	10          	2.565       	0.02584     	0.04473     	0.01654     
1280        	10          	2.6         	0.02073     	0.04251     	0.01914     
1285        	10          	2.585       	0.01865     	0.04503     	0.01688     
1290        	10          	2.572       	0.02839     	0.05268     	0.02246     
1295        	10          	2.568       	0.03118     	0.03304     	0.01323     
1300        	10          	2.543       	0.02196     	0.04003     	0.02186     
1305        	10          	2.538       	0.0197      	0.04675     	0.01959     
1310        	10          	2.493       	0.02126     	0.04277     	0.0218      
1315        	10          	2.505       	0.01564     	0.04027     	0.02458     
1320        	10          	2.508       	0.01724     	0.04567     	0.02635     
1325        	10          	2.538       	0.01905     	0.04673     	0.01748     
1330        	10          	2.505       	0.01632     	0.04014     	0.02204     
1335        	10          	2.545       	0.02536     	0.04563     	0.02342     
1340        	10          	2.527       	0.01949     	0.03761     	0.02238     
1345        	10          	2.492       	0.01945     	0.0385      	0.01736     
1350        	10          	2.52        	0.0228      	0.04135     	0.02394     
1355        	10          	2.518       	0.01467     	0.03081     	0.01895     
1360        	10          	2.52        	0.01915     	0.03826     	0.02281     
1365        	10          	2.507       	0.01608     	0.03243     	0.01963     
1370        	10          	2.553       	0.02153     	0.03469     	0.01587     
1375        	10          	2.577       	0.02044     	0.03815     	0.01789     
1380        	10          	2.525       	0.02543     	0.04388     	0.0205      
1385        	10          	2.535       	0.02631     	0.05088     	0.01992     
1390        	10          	2.552       	0.01702     	0.04596     	0.02829     
1395        	10          	2.558       	0.0184      	0.04004     	0.02249     
1400        	10          	2.562       	0.023       	0.03854     	0.01919     
1405        	10          	2.508       	0.02242     	0.04215     	0.01899     
1410        	10          	2.523       	0.01955     	0.0442      	0.02176     
1415        	10          	2.503       	0.02133     	0.04598     	0.02224     
1420        	10          	2.497       	0.02168     	0.03798     	0.02231     
1425        	10          	2.52        	0.02178     	0.04035     	0.01687     
1430        	10          	2.527       	0.02035     	0.03939     	0.01192     
1435        	10          	2.498       	0.02281     	0.04115     	0.02        
1440        	10          	2.517       	0.02258     	0.03877     	0.01862     
1445        	10          	2.54        	0.02297     	0.0453      	0.02275     
1450        	10          	2.515       	0.02108     	0.04301     	0.02211     
1455        	10          	2.468       	0.0212      	0.04785     	0.01891     
1460        	10          	2.468       	0.02203     	0.04499     	0.01983     
1465        	10          	2.468       	0.01606     	0.04499     	0.02545     
1470        	10          	2.43        	0.02322     	0.05197     	0.02544     
1475        	10          	2.427       	0.02106     	0.04312     	0.02577     
1480        	10          	2.462       	0.01491     	0.0456      	0.03021     
1485        	10          	2.467       	0.02289     	0.04409     	0.02498     
1490        	10          	2.418       	0.02906     	0.04874     	0.02787     
1495        	10          	2.452       	0.02238     	0.05209     	0.01969     
1500        	10          	2.465       	0.02732     	0.04849     	0.0172      
1505        	10          	2.413       	0.01965     	0.05129     	0.02356     
1510        	10          	2.452       	0.02227     	0.04971     	0.02673     
1515        	10          	2.437       	0.02813     	0.0518      	0.02406     
1520        	10          	2.457       	0.02498     	0.04449     	0.02036     
1525        	10          	2.458       	0.02212     	0.04123     	0.02277     
1530        	10          	2.435       	0.02165     	0.04164     	0.02107     
1535        	10          	2.462       	0.0273      	0.04981     	0.03101     
1540        	10          	2.488       	0.02121     	0.04013     	0.01661     
1545        	10          	2.443       	0.02519     	0.05241     	0.02158     
1550        	10          	2.427       	0.02458     	0.05081     	0.02362     
1555        	10          	2.425       	0.02269     	0.04736     	0.01777     
1560        	10          	2.472       	0.0255      	0.04997     	0.0192      
1565        	10          	2.445       	0.01591     	0.0501      	0.02242     
1570        	10          	2.462       	0.01604     	0.05493     	0.02683     
1575        	10          	2.45        	0.02573     	0.04414     	0.02317     
1580        	10          	2.458       	0.02551     	0.04413     	0.0225      
1585        	10          	2.485       	0.01784     	0.05003     	0.01845     
1590        	10          	2.462       	0.02457     	0.04201     	0.01672     
1595        	10          	2.482       	0.01653     	0.04176     	0.02486     
1600        	10          	2.428       	0.0161      	0.04139     	0.02171     
1605        	10          	2.438       	0.02513     	0.04326     	0.02568     
1610        	10          	2.428       	0.02168     	0.04624     	0.02188     
1615        	10          	2.408       	0.01615     	0.04508     	0.01824     
1620        	10          	2.425       	0.02487     	0.04215     	0.01458     
1625        	10          	2.4         	0.02154     	0.04265     	0.01648     
1630        	10          	2.368       	0.02575     	0.04817     	0.02372     
1635        	10          	2.363       	0.01898     	0.04727     	0.02372     
1640        	10          	2.397       	0.02243     	0.04686     	0.03157     
1645        	10          	2.405       	0.03079     	0.04448     	0.02229     
1650        	10          	2.373       	0.03555     	0.04848     	0.01958     
1655        	10          	2.425       	0.0181      	0.04391     	0.01972     
1660        	10          	2.367       	0.02355     	0.05198     	0.02038     
1665        	10          	2.397       	0.02187     	0.04638     	0.02233     
1670        	10          	2.375       	0.01761     	0.0473      	0.02344     
1675        	10          	2.382       	0.02803     	0.05021     	0.02258     
1680        	10          	2.428       	0.02418     	0.06019     	0.03294     
1685        	10          	2.413       	0.01879     	0.04591     	0.02367     
1690        	10          	2.408       	0.02448     	0.05436     	0.02404     
1695        	10          	2.413       	0.02743     	0.05333     	0.01945     
1700        	10          	2.442       	0.02366     	0.04797     	0.02675     
1705        	10          	2.422       	0.02375     	0.04958     	0.02454     
1710        	10          	2.443       	0.01479     	0.03615     	0.01587     
1715        	10          	2.42        	0.02432     	0.04504     	0.01971     
1720        	10          	2.397       	0.02658     	0.04088     	0.02057     
1725        	10          	2.378       	0.02459     	0.04102     	0.01666     
1730        	10          	2.372       	0.01681     	0.04436     	0.02766     
1735        	10          	2.413       	0.01725     	0.04773     	0.02186     
1740        	10          	2.408       	0.02248     	0.04602     	0.02661     
1745        	10          	2.383       	0.0288      	0.05039     	0.01841     
1750        	10          	2.377       	0.03048     	0.0588      	0.021       
1755        	10          	2.408       	0.02433     	0.04668     	0.0229      
1760        	10          	2.422       	0.02399     	0.04526     	0.02307     
1765        	10          	2.38        	0.02692     	0.05406     	0.01834     
1770        	10          	2.4         	0.02716     	0.05915     	0.02631     
1775        	10          	2.388       	0.02293     	0.04169     	0.02918     
1780        	10          	2.437       	0.01419     	0.04662     	0.02024     
1785        	10          	2.468       	0.01615     	0.04581     	0.02284     
1790        	10          	2.445       	0.02332     	0.04897     	0.02363     
1795        	10          	2.44        	0.01377     	0.03195     	0.01206     
1800        	10          	2.395       	0.01683     	0.03616     	0.01666     
1805        	10          	2.4         	0.02604     	0.04655     	0.02003     
1810        	10          	2.422       	0.03476     	0.05119     	0.01839     
1815        	10          	2.455       	0.02235     	0.04412     	0.01723     
1820        	10          	2.425       	0.0256      	0.04826     	0.01684     
1825        	10          	2.418       	0.01949     	0.03714     	0.01552     
1830        	10          	2.405       	0.01743     	0.03686     	0.01854     
1835        	10          	2.403       	0.02172     	0.04214     	0.02534     
1840        	10          	2.36        	0.02426     	0.0525      	0.02227     
1845        	10          	2.365       	0.02239     	0.05014     	0.02314     
1850        	10          	2.367       	0.02232     	0.05917     	0.02422     
1855        	10          	2.41        	0.02086     	0.03761     	0.01689     
1860        	10          	2.377       	0.02198     	0.04559     	0.02461     
1865        	10          	2.343       	0.02155     	0.0532      	0.02474     
1870        	10          	2.38        	0.01995     	0.05314     	0.02275     
1875        	10          	2.362       	0.0165      	0.0561      	0.02951     
1880        	10          	2.383       	0.01741     	0.05055     	0.02568     
1885        	10          	2.355       	0.02369     	0.06089     	0.02907     
1890        	10          	2.392       	0.02716     	0.05569     	0.02128     
1895        	10          	2.377       	0.02092     	0.04475     	0.0275      
1900        	10          	2.398       	0.024       	0.04554     	0.01891     
1905        	10          	2.407       	0.02462     	0.04187     	0.02001     
1910        	10          	2.392       	0.02263     	0.04117     	0.01911     
1915        	10          	2.375       	0.02121     	0.03387     	0.01576     
1920        	10          	2.342       	0.02107     	0.03888     	0.01818     
1925        	10          	2.36        	0.01475     	0.04041     	0.02518     
1930        	10          	2.347       	0.02272     	0.05073     	0.03011     
1935        	10          	2.333       	0.0235      	0.04804     	0.01841     
1940        	10          	2.36        	0.02203     	0.05193     	0.01746     
1945        	10          	2.353       	0.01967     	0.04072     	0.0198      
1950        	10          	2.345       	0.03001     	0.04918     	0.0198      
1955        	10          	2.342       	0.02208     	0.0463      	0.02094     
1960        	10          	2.353       	0.02756     	0.04794     	0.01713     
1965        	10          	2.35        	0.0192      	0.04895     	0.03055     
1970        	10          	2.367       	0.01985     	0.0403      	0.01812     
1975        	10          	2.375       	0.0182      	0.05611     	0.02781     
1980        	10          	2.365       	0.01643     	0.05153     	0.02689     
1985        	10          	2.36        	0.02338     	0.05271     	0.02727     
1990        	10          	2.392       	0.02574     	0.05455     	0.02182     
1995        	10          	2.382       	0.02452     	0.04202     	0.02002     
2000        	10          	2.395       	0.03029     	0.05325     	0.01868     
2005        	10          	2.355       	0.02098     	0.03784     	0.02301     
2010        	10          	2.357       	0.01984     	0.04544     	0.0221      
2015        	10          	2.335       	0.02073     	0.04521     	0.02637     
2020        	10          	2.362       	0.02259     	0.03833     	0.02053     
2025        	10          	2.38        	0.0122      	0.03971     	0.01495     
2030        	10          	2.418       	0.02306     	0.03977     	0.01698     
2035        	10          	2.435       	0.02335     	0.03698     	0.0198      
2040        	10          	2.413       	0.02304     	0.04325     	0.02527     
2045        	10          	2.418       	0.01888     	0.03818     	0.01726     
2050        	10          	2.41        	0.01694     	0.03675     	0.02363     
2055        	10          	2.43        	0.02065     	0.04128     	0.02657     
2060        	10          	2.395       	0.01771     	0.03984     	0.02115     
2065        	10          	2.383       	0.02171     	0.04724     	0.02003     
2070        	10          	2.405       	0.02619     	0.05523     	0.02617     
2075        	10          	2.427       	0.02482     	0.05522     	0.02377     
2080        	10          	2.407       	0.01792     	0.04617     	0.02514     
2085        	10          	2.407       	0.0242      	0.05488     	0.02329     
2090        	10          	2.403       	0.0207      	0.04239     	0.01957     
2095        	10          	2.407       	0.02178     	0.052       	0.02615     
2100        	10          	2.393       	0.02378     	0.05188     	0.02327     
2105        	10          	2.398       	0.02199     	0.05425     	0.02287     
2110        	10          	2.375       	0.02373     	0.0495      	0.02163     
2115        	10          	2.37        	0.02073     	0.04333     	0.01923     
2120        	10          	2.373       	0.0185      	0.03824     	0.02581     
2125        	10          	2.362       	0.0238      	0.03669     	0.01678     
2130        	10          	2.438       	0.01767     	0.03588     	0.01863     
2135        	10          	2.422       	0.02213     	0.05272     	0.01599     
2140        	10          	2.402       	0.02107     	0.05095     	0.02218     
2145        	10          	2.4         	0.02303     	0.04642     	0.02155     
2150        	10          	2.405       	0.02105     	0.04722     	0.02541     
2155        	10          	2.382       	0.02696     	0.04865     	0.01519     
2160        	10          	2.378       	0.01404     	0.03918     	0.01859     
2165        	10          	2.397       	0.02122     	0.04471     	0.0165      
2170        	10          	2.403       	0.02442     	0.03998     	0.02433     
2175        	10          	2.382       	0.01928     	0.04386     	0.02081     
2180        	10          	2.377       	0.02634     	0.05032     	0.02546     
2185        	10          	2.382       	0.02463     	0.05411     	0.02301     
2190        	10          	2.37        	0.02082     	0.05432     	0.02572     
2195        	10          	2.362       	0.02376     	0.04121     	0.01784     
2200        	10          	2.337       	0.02466     	0.04156     	0.01917     
2205        	10          	2.357       	0.02173     	0.04234     	0.01994     
2210        	10          	2.385       	0.02053     	0.0434      	0.01709     
2215        	10          	2.368       	0.02358     	0.04291     	0.01708     
2220        	10          	2.388       	0.02407     	0.05267     	0.01896     
2225        	10          	2.352       	0.01987     	0.04073     	0.02283     
2230        	10          	2.378       	0.02254     	0.03962     	0.01771     
2235        	10          	2.373       	0.02554     	0.04079     	0.02077     
2240        	10          	2.383       	0.0283      	0.04715     	0.01909     
2245        	10          	2.377       	0.02179     	0.04732     	0.02338     
2250        	10          	2.363       	0.02123     	0.04594     	0.02189     
2255        	10          	2.338       	0.02755     	0.04281     	0.02324     
2260        	10          	2.402       	0.01439     	0.04871     	0.02047     
2265        	10          	2.385       	0.03041     	0.04748     	0.01595     
2270        	10          	2.382       	0.02419     	0.05598     	0.02313     
2275        	10          	2.38        	0.01835     	0.04443     	0.02359     
2280        	10          	2.412       	0.02466     	0.04644     	0.02102     
2285        	10          	2.38        	0.01779     	0.04373     	0.02513     
2290        	10          	2.367       	0.02944     	0.04876     	0.01634     
2295        	10          	2.392       	0.02472     	0.05189     	0.01783     
2300        	10          	2.37        	0.02706     	0.0609      	0.0257      
2305        	10          	2.355       	0.02636     	0.0525      	0.01755     
2310        	10          	2.367       	0.03749     	0.05827     	0.02255     
2315        	10          	2.408       	0.01602     	0.04593     	0.02643     
2320        	10          	2.393       	0.02067     	0.04466     	0.02448     
2325        	10          	2.428       	0.02685     	0.04921     	0.02546     
2330        	10          	2.417       	0.02063     	0.04538     	0.01921     
2335        	10          	2.432       	0.01847     	0.03963     	0.02034     
2340        	10          	2.433       	0.01954     	0.04414     	0.0171      
2345        	10          	2.428       	0.0199      	0.06278     	0.02888     
2350        	10          	2.433       	0.02062     	0.05123     	0.028       
2355        	10          	2.428       	0.03011     	0.0559      	0.01662     
2360        	10          	2.413       	0.01912     	0.04879     	0.01823     
2365        	10          	2.408       	0.01946     	0.04165     	0.01933     
2370        	10          	2.442       	0.01981     	0.05254     	0.02128     
2375        	10          	2.407       	0.02319     	0.05485     	0.02382     
2380        	10          	2.4         	0.01698     	0.04393     	0.01523     
2385        	10          	2.407       	0.02249     	0.04859     	0.02385     
2390        	10          	2.395       	0.01984     	0.04394     	0.02282     
2395        	10          	2.412       	0.01736     	0.03653     	0.01701     
2400        	10          	2.432       	0.01531     	0.04388     	0.02625     
2405        	10          	2.43        	0.01861     	0.04723     	0.02477     
2410        	10          	2.42        	0.01803     	0.03898     	0.01864     
2415        	10          	2.433       	0.02387     	0.03821     	0.01755     
2420        	10          	2.443       	0.02407     	0.04583     	0.01895     
2425        	10          	2.448       	0.03266     	0.04827     	0.02331     
2430        	10          	2.447       	0.01902     	0.05085     	0.02348     
2435        	10          	2.405       	0.02225     	0.05029     	0.01739     
2440        	10          	2.372       	0.01926     	0.05033     	0.02514     
2445        	10          	2.403       	0.01915     	0.05368     	0.02296     
2450        	10          	2.353       	0.02156     	0.03685     	0.025       
2455        	10          	2.342       	0.01792     	0.04123     	0.01879     
2460        	10          	2.353       	0.01963     	0.03953     	0.02286     
2465        	10          	2.343       	0.02042     	0.03847     	0.01212     
2470        	10          	2.308       	0.02275     	0.04218     	0.0189      
2475        	10          	2.283       	0.02886     	0.04386     	0.02286     
2480        	10          	2.307       	0.01797     	0.0409      	0.02173     
2485        	10          	2.31        	0.02154     	0.03794     	0.01815     
2490        	10          	2.333       	0.02252     	0.03653     	0.01716     
2495        	10          	2.34        	0.02707     	0.04685     	0.01633     
2500        	10          	2.327       	0.02287     	0.03844     	0.0174      
2505        	10          	2.342       	0.01937     	0.0478      	0.02493     
2510        	10          	2.395       	0.01984     	0.04121     	0.02672     
2515        	10          	2.383       	0.01923     	0.04746     	0.02784     
2520        	10          	2.365       	0.03014     	0.05869     	0.02905     
2525        	10          	2.36        	0.02725     	0.05722     	0.01873     
2530        	10          	2.403       	0.02252     	0.05282     	0.01896     
2535        	10          	2.368       	0.02686     	0.0525      	0.02287     
2540        	10          	2.355       	0.02566     	0.04236     	0.0243      
2545        	10          	2.335       	0.02218     	0.05371     	0.02477     
2550        	10          	2.358       	0.01323     	0.04879     	0.03088     
2555        	10          	2.363       	0.02268     	0.06134     	0.03235     
2560        	10          	2.383       	0.02624     	0.05594     	0.02577     
2565        	10          	2.413       	0.01656     	0.0526      	0.02249     
2570        	10          	2.378       	0.02351     	0.04414     	0.01848     
2575        	10          	2.382       	0.02034     	0.04267     	0.02147     
2580        	10          	2.39        	0.02094     	0.04677     	0.02342     
2585        	10          	2.375       	0.01934     	0.0488      	0.02276     
2590        	10          	2.365       	0.02747     	0.05265     	0.01642     
2595        	10          	2.343       	0.01329     	0.04381     	0.01905     
2600        	10          	2.377       	0.02203     	0.04998     	0.0194      
2605        	10          	2.357       	0.02311     	0.04241     	0.02015     
2610        	10          	2.377       	0.02097     	0.04191     	0.02412     
2615        	10          	2.375       	0.01831     	0.03923     	0.01642     
2620        	10          	2.378       	0.01869     	0.03512     	0.01581     
2625        	10          	2.375       	0.01824     	0.04002     	0.02257     
2630        	10          	2.348       	0.01771     	0.04089     	0.02349     
2635        	10          	2.363       	0.01524     	0.04252     	0.01705     
2640        	10          	2.323       	0.02505     	0.03781     	0.01961     
2645        	10          	2.338       	0.0168      	0.04663     	0.02812     
2650        	10          	2.345       	0.02515     	0.05008     	0.0222      
2655        	10          	2.343       	0.02841     	0.04289     	0.02124     
2660        	10          	2.33        	0.01745     	0.05201     	0.02544     
2665        	10          	2.355       	0.0298      	0.0547      	0.0316      
2670        	10          	2.378       	0.02051     	0.05164     	0.02719     
2675        	10          	2.36        	0.02475     	0.0627      	0.02889     
2680        	10          	2.4         	0.0158      	0.05114     	0.02354     
2685        	10          	2.39        	0.0237      	0.05069     	0.02607     
2690        	10          	2.382       	0.02417     	0.0535      	0.02459     
2695        	10          	2.377       	0.01691     	0.0471      	0.02431     
2700        	10          	2.405       	0.03057     	0.05857     	0.02545     
2705        	10          	2.365       	0.02443     	0.0508      	0.02777     
2710        	10          	2.368       	0.01736     	0.04451     	0.01861     
2715        	10          	2.368       	0.02511     	0.05208     	0.02093     
2720        	10          	2.413       	0.02234     	0.05458     	0.02256     
2725        	10          	2.427       	0.02046     	0.04088     	0.02093     
2730        	10          	2.433       	0.02383     	0.04872     	0.01515     
2735        	10          	2.458       	0.03521     	0.0512      	0.01889     
2740        	10          	2.433       	0.02304     	0.05069     	0.02133     
2745        	10          	2.457       	0.02559     	0.04527     	0.02049     
2750        	10          	2.447       	0.03038     	0.0432      	0.02383     
2755        	10          	2.473       	0.02851     	0.04972     	0.01865     
2760        	10          	2.477       	0.02438     	0.04801     	0.0236      
2765        	10          	2.443       	0.0297      	0.04748     	0.02615     
2770        	10          	2.435       	0.02208     	0.04324     	0.02266     
2775        	10          	2.433       	0.02192     	0.04296     	0.02175     
2780        	10          	2.428       	0.01941     	0.04374     	0.02088     
2785        	10          	2.398       	0.01949     	0.0342      	0.01708     
2790        	10          	2.422       	0.01898     	0.03755     	0.01733     
2795        	10          	2.433       	0.01802     	0.03993     	0.02578     
2800        	10          	2.443       	0.02961     	0.0473      	0.02374     
2805        	10          	2.422       	0.02201     	0.04586     	0.02867     
2810        	10          	2.415       	0.02804     	0.04804     	0.02425     
2815        	10          	2.395       	0.0205      	0.03885     	0.02111     
2820        	10          	2.422       	0.02238     	0.04702     	0.02218     
2825        	10          	2.388       	0.02226     	0.04671     	0.01826     
2830        	10          	2.425       	0.02293     	0.04913     	0.01995     
2835        	10          	2.38        	0.02236     	0.04171     	0.02213     
2840        	10          	2.36        	0.02448     	0.05364     	0.01958     
2845        	10          	2.432       	0.02442     	0.05437     	0.01767     
2850        	10          	2.418       	0.02509     	0.04397     	0.01814     
2855        	10          	2.405       	0.01569     	0.04189     	0.01646     
2860        	10          	2.363       	0.01831     	0.0465      	0.01612     
2865        	10          	2.318       	0.02906     	0.05595     	0.02033     
2870        	10          	2.39        	0.02822     	0.05555     	0.01784     
2875        	10          	2.378       	0.02336     	0.0518      	0.02179     
2880        	10          	2.392       	0.01365     	0.04834     	0.01917     
2885        	10          	2.353       	0.02083     	0.04194     	0.02261     
2890        	10          	2.383       	0.02084     	0.05635     	0.02537     
2895        	10          	2.358       	0.01392     	0.0461      	0.02721     
2900        	10          	2.343       	0.01829     	0.04577     	0.02327     
2905        	10          	2.312       	0.01941     	0.04846     	0.023       
2910        	10          	2.295       	0.02174     	0.04688     	0.01919     
2915        	10          	2.29        	0.02204     	0.04254     	0.02036     
2920        	10          	2.308       	0.02848     	0.04643     	0.02709     
2925        	10          	2.33        	0.01806     	0.04283     	0.02362     
2930        	10          	2.31        	0.01254     	0.04419     	0.02118     
2935        	10          	2.322       	0.02598     	0.0451      	0.02928     
2940        	10          	2.335       	0.01736     	0.04006     	0.02101     
2945        	10          	2.315       	0.02145     	0.0483      	0.02907     
2950        	10          	2.328       	0.01929     	0.04241     	0.02244     
2955        	10          	2.362       	0.02454     	0.04308     	0.02394     
2960        	10          	2.37        	0.01382     	0.03391     	0.01825     
2965        	10          	2.338       	0.02511     	0.03795     	0.02642     
2970        	10          	2.332       	0.0219      	0.04054     	0.02354     
2975        	10          	2.32        	0.01709     	0.04078     	0.02266     
2980        	10          	2.345       	0.02118     	0.0434      	0.01865     
2985        	10          	2.358       	0.01601     	0.04945     	0.02156     
2990        	10          	2.368       	0.02411     	0.04297     	0.01903     
2995        	10          	2.34        	0.0205      	0.04081     	0.03411     
3000        	10          	2.333       	0.02515     	0.04479     	0.02269     
3005        	10          	2.345       	0.02732     	0.05171     	0.01943     
3010        	10          	2.315       	0.02649     	0.05025     	0.01974     
3015        	10          	2.25        	0.02359     	0.0503      	0.02765     
3020        	10          	2.338       	0.02163     	0.05513     	0.02792     
3025        	10          	2.373       	0.02241     	0.05388     	0.02457     
3030        	10          	2.355       	0.01705     	0.04057     	0.02024     
3035        	10          	2.31        	0.0225      	0.04905     	0.02756     
3040        	10          	2.312       	0.02644     	0.05269     	0.02836     
3045        	10          	2.31        	0.02725     	0.05677     	0.02903     
3050        	10          	2.328       	0.0194      	0.05245     	0.02431     
3055        	10          	2.33        	0.02381     	0.05824     	0.02203     
3060        	10          	2.3         	0.02038     	0.05961     	0.02381     
3065        	10          	2.317       	0.02311     	0.04607     	0.01968     
3070        	10          	2.282       	0.02627     	0.04434     	0.02141     
3075        	10          	2.29        	0.01952     	0.0388      	0.01875     
3080        	10          	2.27        	0.01978     	0.04411     	0.02255     
3085        	10          	2.282       	0.01946     	0.0399      	0.01815     
3090        	10          	2.308       	0.02788     	0.04105     	0.02207     
3095        	10          	2.298       	0.01874     	0.04043     	0.02362     
3100        	10          	2.293       	0.01749     	0.04939     	0.02203     
3105        	10          	2.292       	0.0223      	0.04624     	0.01752     
3110        	10          	2.26        	0.02179     	0.05364     	0.02333     
3115        	10          	2.277       	0.02132     	0.04369     	0.02078     
3120        	10          	2.273       	0.02177     	0.05297     	0.02563     
3125        	10          	2.252       	0.01977     	0.04859     	0.02085     
3130        	10          	2.282       	0.01983     	0.04925     	0.02868     
3135        	10          	2.298       	0.01868     	0.04257     	0.01553     
3140        	10          	2.277       	0.01659     	0.03938     	0.02087     
3145        	10          	2.303       	0.01812     	0.03552     	0.01864     
3150        	10          	2.263       	0.02391     	0.04768     	0.02479     
3155        	10          	2.315       	0.02035     	0.04694     	0.02328     
3160        	10          	2.303       	0.01832     	0.04132     	0.019       
3165        	10          	2.31        	0.01628     	0.04338     	0.02797     
3170        	10          	2.382       	0.01706     	0.04239     	0.02725     
3175        	10          	2.332       	0.02147     	0.04987     	0.02263     
3180        	10          	2.35        	0.02903     	0.05982     	0.02449     
3185        	10          	2.325       	0.02457     	0.05381     	0.02115     
3190        	10          	2.34        	0.01565     	0.04631     	0.02128     
3195        	10          	2.3         	0.03728     	0.06987     	0.02337     
3200        	10          	2.302       	0.02389     	0.05996     	0.02678     
3205        	10          	2.303       	0.02775     	0.05314     	0.02176     
3210        	10          	2.307       	0.0256      	0.06394     	0.02204     
3215        	10          	2.327       	0.02007     	0.05319     	0.0231      
3220        	10          	2.39        	0.0223      	0.03764     	0.0193      
3225        	10          	2.365       	0.02008     	0.0386      	0.01965     
3230        	10          	2.36        	0.01748     	0.04396     	0.02322     
3235        	10          	2.39        	0.01696     	0.04054     	0.02636     
3240        	10          	2.357       	0.02853     	0.04359     	0.01745     
3245        	10          	2.363       	0.02689     	0.04111     	0.01448     
3250        	10          	2.363       	0.01887     	0.04317     	0.02211     
3255        	10          	2.348       	0.02704     	0.04915     	0.0226      
3260        	10          	2.378       	0.02402     	0.05591     	0.03357     
3265        	10          	2.323       	0.02344     	0.04903     	0.02166     
3270        	10          	2.323       	0.02493     	0.03537     	0.01614     
3275        	10          	2.347       	0.02852     	0.04273     	0.022       
3280        	10          	2.327       	0.01592     	0.04624     	0.02474     
3285        	10          	2.335       	0.02197     	0.046       	0.02047     
3290        	10          	2.338       	0.01321     	0.04411     	0.02368     
3295        	10          	2.323       	0.01607     	0.03567     	0.01528     
3300        	10          	2.327       	0.01835     	0.04938     	0.02616     
3305        	10          	2.323       	0.02326     	0.05662     	0.02182     
3310        	10          	2.31        	0.01247     	0.04111     	0.02106     
3315        	10          	2.312       	0.02501     	0.04173     	0.01561     
3320        	10          	2.302       	0.02163     	0.0516      	0.02866     
3325        	10          	2.343       	0.02556     	0.05377     	0.01744     
3330        	10          	2.363       	0.0173      	0.0446      	0.02348     
3335        	10          	2.32        	0.02197     	0.0477      	0.01783     
3340        	10          	2.362       	0.02251     	0.03956     	0.01716     
3345        	10          	2.352       	0.02199     	0.05097     	0.02804     
3350        	10          	2.34        	0.02222     	0.05155     	0.02202     
3355        	10          	2.327       	0.02328     	0.04913     	0.02555     
3360        	10          	2.363       	0.02174     	0.0442      	0.01896     
3365        	10          	2.362       	0.01999     	0.04392     	0.01614     
3370        	10          	2.352       	0.02555     	0.0426      	0.0163      
3375        	10          	2.292       	0.01999     	0.04943     	0.02243     
3380        	10          	2.318       	0.02396     	0.03987     	0.02362     
3385        	10          	2.337       	0.02681     	0.04757     	0.02426     
3390        	10          	2.37        	0.02177     	0.06135     	0.03171     
3395        	10          	2.37        	0.01757     	0.05597     	0.02272     
3400        	10          	2.363       	0.02069     	0.04588     	0.01845     
3405        	10          	2.388       	0.01599     	0.04786     	0.02504     
3410        	10          	2.358       	0.02031     	0.03762     	0.0162      
3415        	10          	2.36        	0.02137     	0.03932     	0.02704     
3420        	10          	2.34        	0.01928     	0.03665     	0.02012     
3425        	10          	2.368       	0.02072     	0.04721     	0.02627     
3430        	10          	2.422       	0.01358     	0.03706     	0.02178     
3435        	10          	2.403       	0.02133     	0.04667     	0.02263     
3440        	10          	2.398       	0.02043     	0.05021     	0.01964     
3445        	10          	2.407       	0.02068     	0.03938     	0.0168      
3450        	10          	2.398       	0.02687     	0.03947     	0.02345     
3455        	10          	2.377       	0.02824     	0.04895     	0.02325     
3460        	10          	2.373       	0.02246     	0.04578     	0.02903     
3465        	10          	2.387       	0.01782     	0.04311     	0.02114     
3470        	10          	2.398       	0.01794     	0.04184     	0.01765     
3475        	10          	2.402       	0.01643     	0.03638     	0.01844     
3480        	10          	2.397       	0.0143      	0.03864     	0.02258     
3485        	10          	2.407       	0.02097     	0.03585     	0.0219      
3490        	10          	2.407       	0.02106     	0.04202     	0.015       
3495        	10          	2.395       	0.02494     	0.04871     	0.02147     
3500        	10          	2.418       	0.01986     	0.04036     	0.01413     
3505        	10          	2.403       	0.02188     	0.05868     	0.03202     
3510        	10          	2.41        	0.0242      	0.04682     	0.02417     
3515        	10          	2.388       	0.01872     	0.04687     	0.02575     
3520        	10          	2.365       	0.02198     	0.04679     	0.02076     
3525        	10          	2.385       	0.02714     	0.04442     	0.02304     
3530        	10          	2.358       	0.02256     	0.04893     	0.02414     
3535        	10          	2.387       	0.01717     	0.03758     	0.02866     
3540        	10          	2.43        	0.02197     	0.03746     	0.02188     
3545        	10          	2.425       	0.01876     	0.04037     	0.016       
3550        	10          	2.428       	0.01752     	0.03933     	0.01638     
3555        	10          	2.437       	0.01784     	0.03648     	0.01903     
3560        	10          	2.405       	0.01533     	0.03422     	0.02568     
3565        	10          	2.39        	0.02019     	0.04271     	0.02727     
3570        	10          	2.412       	0.02247     	0.03928     	0.02114     
3575        	10          	2.455       	0.02985     	0.03729     	0.02105     
3580        	10          	2.395       	0.02371     	0.04013     	0.01955     
3585        	10          	2.442       	0.02233     	0.04417     	0.02519     
3590        	10          	2.432       	0.02559     	0.04535     	0.01813     
3595        	10          	2.4         	0.02598     	0.05376     	0.02096     
3600        	10          	2.448       	0.01799     	0.03798     	0.02092     
3605        	10          	2.413       	0.03079     	0.04839     	0.01682     
3610        	10          	2.387       	0.02485     	0.04622     	0.02328     
3615        	10          	2.405       	0.0248      	0.03809     	0.02209     
3620        	10          	2.425       	0.01828     	0.04032     	0.02204     
3625        	10          	2.433       	0.01996     	0.05297     	0.02387     
3630        	10          	2.457       	0.0175      	0.04747     	0.01937     
3635        	10          	2.438       	0.0199      	0.04328     	0.02399     
3640        	10          	2.433       	0.0225      	0.05011     	0.01839     
3645        	10          	2.417       	0.02486     	0.04344     	0.0229      
3650        	10          	2.415       	0.02423     	0.03873     	0.0196      
3655        	10          	2.402       	0.02647     	0.03909     	0.01663     
3660        	10          	2.398       	0.01491     	0.04078     	0.02336     
3665        	10          	2.377       	0.01484     	0.03581     	0.01846     
3670        	10          	2.39        	0.01879     	0.04155     	0.02174     
3675        	10          	2.382       	0.02229     	0.04415     	0.02235     
3680        	10          	2.392       	0.02167     	0.04999     	0.02428     
3685        	10          	2.362       	0.01645     	0.04638     	0.02941     
3690        	10          	2.365       	0.01757     	0.052       	0.02424     
3695        	10          	2.355       	0.01491     	0.04294     	0.0215      
3700        	10          	2.347       	0.02217     	0.04843     	0.01913     
3705        	10          	2.358       	0.02222     	0.04081     	0.01653     
3710        	10          	2.373       	0.03073     	0.04988     	0.0177      
3715        	10          	2.345       	0.03123     	0.0534      	0.02311     
3720        	10          	2.338       	0.02196     	0.04542     	0.02598     
3725        	10          	2.342       	0.02052     	0.051       	0.02186     
3730        	10          	2.37        	0.02259     	0.05247     	0.03128     
3735        	10          	2.352       	0.02217     	0.05247     	0.0284      
3740        	10          	2.35        	0.02302     	0.04854     	0.02685     
3745        	10          	2.373       	0.01564     	0.04696     	0.0248      
3750        	10          	2.38        	0.01986     	0.04918     	0.018       
3755        	10          	2.363       	0.01543     	0.04297     	0.02305     
3760        	10          	2.375       	0.02168     	0.03952     	0.01533     
3765        	10          	2.372       	0.0303      	0.05351     	0.01815     
3770        	10          	2.358       	0.02999     	0.04804     	0.01846     
3775        	10          	2.358       	0.02457     	0.04315     	0.02068     
3780        	10          	2.412       	0.02826     	0.046       	0.02064     
3785        	10          	2.36        	0.02206     	0.04579     	0.02263     
3790        	10          	2.372       	0.01852     	0.03768     	0.01922     
3795        	10          	2.362       	0.02577     	0.03949     	0.02385     
3800        	10          	2.38        	0.01956     	0.04012     	0.01406     
3805        	10          	2.343       	0.02536     	0.05318     	0.02217     
3810        	10          	2.347       	0.02967     	0.04829     	0.02424     
3815        	10          	2.395       	0.02046     	0.04589     	0.0183      
3820        	10          	2.38        	0.01839     	0.03787     	0.01462     
3825        	10          	2.377       	0.02075     	0.05342     	0.02618     
3830        	10          	2.385       	0.01543     	0.05306     	0.02786     
3835        	10          	2.405       	0.02678     	0.05452     	0.02391     
3840        	10          	2.435       	0.02604     	0.05882     	0.01778     
3845        	10          	2.415       	0.02629     	0.06295     	0.02658     
3850        	10          	2.453       	0.02357     	0.0496      	0.02574     
3855        	10          	2.405       	0.02397     	0.05919     	0.02886     
3860        	10          	2.44        	0.02312     	0.05737     	0.02975     
3865        	10          	2.438       	0.01712     	0.0522      	0.02459     
3870        	10          	2.427       	0.0157      	0.04287     	0.02248     
3875        	10          	2.438       	0.02161     	0.03881     	0.01953     
3880        	10          	2.408       	0.02653     	0.041       	0.02482     
3885        	10          	2.407       	0.01537     	0.04198     	0.02133     
3890        	10          	2.398       	0.02728     	0.0415      	0.02212     
3895        	10          	2.387       	0.02417     	0.03821     	0.01974     
3900        	10          	2.403       	0.02367     	0.04009     	0.01999     
3905        	10          	2.392       	0.01968     	0.04748     	0.0317      
3910        	10          	2.393       	0.01838     	0.04852     	0.0278      
3915        	10          	2.422       	0.01878     	0.03988     	0.01663     
3920        	10          	2.423       	0.02921     	0.04187     	0.01444     
3925        	10          	2.398       	0.01727     	0.03623     	0.0152      
3930        	10          	2.405       	0.02486     	0.04077     	0.01601     
3935        	10          	2.348       	0.02379     	0.0358      	0.01478     
3940        	10          	2.363       	0.02049     	0.04466     	0.01752     
3945        	10          	2.362       	0.01672     	0.04595     	0.02318     
3950        	10          	2.377       	0.02026     	0.04046     	0.02056     
3955        	10          	2.355       	0.01808     	0.04459     	0.02729     
3960        	10          	2.348       	0.02479     	0.0414      	0.01942     
3965        	10          	2.31        	0.02712     	0.0461      	0.02087     
3970        	10          	2.312       	0.02292     	0.04861     	0.01935     
3975        	10          	2.312       	0.02841     	0.04428     	0.01984     
3980        	10          	2.35        	0.02768     	0.04911     	0.02055     
3985        	10          	2.333       	0.02594     	0.0554      	0.02676     
3990        	10          	2.307       	0.02072     	0.05528     	0.02316     
3995        	10          	2.332       	0.02817     	0.05403     	0.02638     
4000        	10          	2.323       	0.02262     	0.04684     	0.02409     
4005        	10          	2.3         	0.04594     	0.05495     	0.02598     
4010        	10          	2.292       	0.07103     	0.07575     	0.01591     
4015        	10          	2.27        	0.09661     	0.1001      	0.01955     
4020        	10          	2.258       	0.1087      	0.1102      	0.02118     
4025        	10          	2.205       	0.1284      	0.134       	0.03426     
4030        	10          	2.202       	0.1538      	0.1437      	0.04804     
4035        	10          	2.15        	0.165       	0.1659      	0.0811      
4040        	10          	2.113       	0.1807      	0.1826      	0.1066      
4045        	10          	2.075       	0.2051      	0.2047      	0.1175      
4050        	10          	2.07        	0.208       	0.2128      	0.1411      
4055        	10          	2.075       	0.2302      	0.228       	0.1638      
4060        	10          	2.018       	0.2587      	0.2586      	0.176       
4065        	10          	2.013       	0.2686      	0.2595      	0.1933      
4070        	10          	2.033       	0.2783      	0.2832      	0.2087      
4075        	10          	2.007       	0.2797      	0.2822      	0.1959      
4080        	10          	1.972       	0.317       	0.3108      	0.2269      
4085        	10          	1.982       	0.3356      	0.3301      	0.2509      
4090        	10          	1.972       	0.3321      	0.321       	0.2582      
4095        	10          	1.978       	0.3462      	0.3362      	0.2701      
4100        	10          	1.94        	0.3753      	0.3446      	0.3043      
4105        	10          	1.952       	0.3773      	0.3502      	0.3233      
4110        	10          	1.923       	0.3717      	0.3718      	0.317       
4115        	10          	1.95        	0.3891      	0.3854      	0.3392      
4120        	10          	1.91        	0.4101      	0.3904      	0.3493      
4125        	10          	1.89        	0.4093      	0.3978      	0.3729      
4130        	10          	1.933       	0.4216      	0.4006      	0.3614      
4135        	10          	1.907       	0.4325      	0.4243      	0.3746      
4140        	10          	1.887       	0.4407      	0.4349      	0.3854      
4145        	10          	1.88        	0.4452      	0.4424      	0.3868      
4150        	10          	1.86        	0.4682      	0.4553      	0.3978      
4155        	10          	1.867       	0.4681      	0.4533      	0.3986      
4160        	10          	1.85        	0.4601      	0.4588      	0.4032      
4165        	10          	1.85        	0.4799      	0.4808      	0.4054      
4170        	10          	1.85        	0.48        	0.4975      	0.4296      
4175        	10          	1.843       	0.503       	0.5102      	0.4107      
4180        	10          	1.823       	0.506       	0.5163      	0.4301      
4185        	10          	1.815       	0.5184      	0.5214      	0.4449      
4190        	10          	1.822       	0.5319      	0.5064      	0.4484      
4195        	10          	1.84        	0.5241      	0.5143      	0.4542      
4200        	10          	1.817       	0.5202      	0.5069      	0.4443      
4205        	10          	1.83        	0.53        	0.5058      	0.4508      
4210        	10          	1.84        	0.5371      	0.5064      	0.4582      
4215        	10          	1.84        	0.5384      	0.5037      	0.4627      
4220        	10          	1.805       	0.5528      	0.507       	0.4731      
4225        	10          	1.823       	0.536       	0.5113      	0.4722      
4230        	10          	1.817       	0.5446      	0.5278      	0.5001      
4235        	10          	1.792       	0.5556      	0.529       	0.5053      
4240        	10          	1.838       	0.5652      	0.5336      	0.5001      
4245        	10          	1.82        	0.5519      	0.5341      	0.4957      
4250        	10          	1.803       	0.5569      	0.5365      	0.4971      
4255        	10          	1.803       	0.5602      	0.5369      	0.5151      
4260        	10          	1.82        	0.5592      	0.547       	0.5099      
4265        	10          	1.793       	0.5759      	0.5433      	0.5173      
4270        	10          	1.815       	0.5739      	0.5525      	0.5191      
4275        	10          	1.838       	0.5659      	0.5482      	0.5202      
4280        	10          	1.822       	0.567       	0.5481      	0.5196      
4285        	10          	1.805       	0.5826      	0.5546      	0.5309      
4290        	10          	1.808       	0.5887      	0.5561      	0.541       
4295        	10          	1.805       	0.5998      	0.5618      	0.5428      
4300        	10          	1.812       	0.5935      	0.5472      	0.5542      
4305        	10          	1.813       	0.5934      	0.5621      	0.5472      
4310        	10          	1.79        	0.6114      	0.5656      	0.5702      
4315        	10          	1.798       	0.6156      	0.5766      	0.5679      
4320        	10          	1.807       	0.6126      	0.5793      	0.5739      
4325        	10          	1.787       	0.6217      	0.5941      	0.5794      
4330        	10          	1.795       	0.6191      	0.5866      	0.5658      
4335        	10          	1.8         	0.6312      	0.6028      	0.5679      
4340        	10          	1.802       	0.6299      	0.6064      	0.569       
4345        	10          	1.815       	0.6315      	0.6075      	0.5835      
4350        	10          	1.79        	0.6426      	0.6141      	0.5745      
4355        	10          	1.782       	0.6353      	0.6144      	0.5799      
4360        	10          	1.778       	0.6407      	0.6258      	0.5888      
4365        	10          	1.75        	0.6511      	0.6282      	0.6007      
4370        	10          	1.772       	0.6538      	0.6307      	0.6042      
4375        	10          	1.748       	0.6605      	0.6335      	0.6104      
4380        	10          	1.732       	0.6641      	0.6383      	0.6171      
4385        	10          	1.753       	0.6578      	0.6383      	0.6226      
4390        	10          	1.75        	0.6548      	0.6468      	0.6176      
4395        	10          	1.752       	0.6613      	0.652       	0.6152      
4400        	10          	1.727       	0.6672      	0.6587      	0.6141      
4405        	10          	1.733       	0.6721      	0.6606      	0.6232      
4410        	10          	1.743       	0.6674      	0.6578      	0.6367      
4415        	10          	1.747       	0.6649      	0.661       	0.6217      
4420        	10          	1.738       	0.6699      	0.662       	0.6203      
4425        	10          	1.732       	0.6672      	0.6641      	0.6231      
4430        	10          	1.725       	0.6825      	0.6666      	0.6328      
4435        	10          	1.75        	0.6789      	0.6522      	0.6252      
4440        	10          	1.752       	0.6914      	0.6644      	0.6332      
4445        	10          	1.738       	0.6919      	0.6607      	0.6368      
4450        	10          	1.72        	0.6998      	0.6602      	0.6357      
4455        	10          	1.763       	0.7003      	0.6558      	0.6281      
4460        	10          	1.75        	0.7042      	0.6534      	0.6276      
4465        	10          	1.747       	0.6969      	0.6537      	0.6356      
4470        	10          	1.75        	0.6999      	0.6531      	0.6302      
4475        	10          	1.733       	0.701       	0.6664      	0.6322      
4480        	10          	1.742       	0.7012      	0.6649      	0.6334      
4485        	10          	1.733       	0.7069      	0.6654      	0.6426      
4490        	10          	1.712       	0.709       	0.6673      	0.6378      
4495        	10          	1.712       	0.7075      	0.678       	0.6412      
4500        	10          	1.72        	0.7009      	0.6705      	0.6418      
4505        	10          	1.717       	0.7028      	0.6708      	0.6413      
4510        	10          	1.695       	0.7049      	0.6654      	0.6454      
4515        	10          	1.715       	0.6953      	0.6688      	0.6418      
4520        	10          	1.693       	0.689       	0.6746      	0.6371      
4525        	10          	1.73        	0.6906      	0.6742      	0.6414      
4530        	10          	1.722       	0.7038      	0.6904      	0.6487      
4535        	10          	1.722       	0.7051      	0.6862      	0.6396      
4540        	10          	1.73        	0.7041      	0.6868      	0.6503      
4545        	10          	1.695       	0.6987      	0.6765      	0.6419      
4550        	10          	1.742       	0.6968      	0.6734      	0.6579      
4555        	10          	1.73        	0.6949      	0.6763      	0.6478      
4560        	10          	1.723       	0.69        	0.6677      	0.6573      
4565        	10          	1.718       	0.7009      	0.67        	0.6596      
4570        	10          	1.703       	0.7003      	0.6697      	0.6525      
4575        	10          	1.685       	0.7012      	0.6759      	0.6592      
4580        	10          	1.675       	0.6921      	0.6742      	0.6692      
4585        	10          	1.675       	0.7059      	0.681       	0.6816      
4590        	10          	1.647       	0.7066      	0.6865      	0.6824      
4595        	10          	1.675       	0.6963      	0.6812      	0.6853      
4600        	10          	1.682       	0.6909      	0.6825      	0.6764      
4605        	10          	1.697       	0.6932      	0.6806      	0.6829      
4610        	10          	1.712       	0.6952      	0.677       	0.6844      
4615        	10          	1.693       	0.704       	0.6871      	0.6864      
4620        	10          	1.713       	0.7005      	0.673       	0.6759      
4625        	10          	1.698       	0.7073      	0.6839      	0.6914      
4630        	10          	1.725       	0.6988      	0.6789      	0.6832      
4635        	10          	1.708       	0.6962      	0.6783      	0.6987      
4640        	10          	1.728       	0.6992      	0.6849      	0.6966      
4645        	10          	1.718       	0.7046      	0.692       	0.6971      
4650        	10          	1.713       	0.7088      	0.7017      	0.7029      
4655        	10          	1.717       	0.7137      	0.7012      	0.6981      
4660        	10          	1.688       	0.722       	0.7035      	0.7086      
4665        	10          	1.705       	0.72        	0.695       	0.7178      
4670        	10          	1.672       	0.7305      	0.7084      	0.7199      
4675        	10          	1.665       	0.7285      	0.7005      	0.7151      
4680        	10          	1.677       	0.7275      	0.7006      	0.7048      
4685        	10          	1.693       	0.7209      	0.6956      	0.6981      
4690        	10          	1.675       	0.7308      	0.7044      	0.7068      
4695        	10          	1.678       	0.7312      	0.7184      	0.7158      
4700        	10          	1.648       	0.7315      	0.7115      	0.7198      
4705        	10          	1.672       	0.7321      	0.7171      	0.7216      
4710        	10          	1.672       	0.7196      	0.7156      	0.714       
4715        	10          	1.682       	0.7266      	0.7193      	0.7285      
4720        	10          	1.658       	0.7188      	0.7182      	0.7253      
4725        	10          	1.66        	0.7147      	0.727       	0.7156      
4730        	10          	1.65        	0.7199      	0.7297      	0.7156      
4735        	10          	1.675       	0.721       	0.7246      	0.7066      
4740        	10          	1.682       	0.7282      	0.7285      	0.7031      
4745        	10          	1.662       	0.7249      	0.7278      	0.709       
4750        	10          	1.653       	0.7312      	0.7342      	0.7109      
4755        	10          	1.668       	0.7347      	0.7398      	0.7118      
4760        	10          	1.682       	0.7364      	0.7433      	0.7135      
4765        	10          	1.668       	0.7275      	0.7397      	0.7172      
4770        	10          	1.665       	0.7332      	0.7423      	0.7146      
4775        	10          	1.693       	0.7297      	0.7406      	0.7146      
4780        	10          	1.673       	0.7314      	0.7475      	0.7135      
4785        	10          	1.677       	0.7467      	0.7477      	0.7174      
4790        	10          	1.675       	0.7461      	0.7426      	0.7139      
4795        	10          	1.655       	0.7502      	0.7489      	0.7112      
4800        	10          	1.672       	0.7572      	0.7564      	0.7174      
4805        	10          	1.682       	0.756       	0.7509      	0.7184      
4810        	10          	1.697       	0.7521      	0.7435      	0.7164      
4815        	10          	1.66        	0.7538      	0.7562      	0.7196      
4820        	10          	1.668       	0.7517      	0.7518      	0.7217      
4825        	10          	1.69        	0.7515      	0.7611      	0.7284      
4830        	10          	1.697       	0.7407      	0.7564      	0.7176      
4835        	10          	1.697       	0.7397      	0.7516      	0.7143      
4840        	10          	1.678       	0.7416      	0.748       	0.725       
4845        	10          	1.708       	0.7355      	0.7461      	0.7132      
4850        	10          	1.705       	0.7396      	0.7463      	0.7113      
4855        	10          	1.718       	0.7327      	0.7432      	0.7155      
4860        	10          	1.728       	0.733       	0.7373      	0.7104      
4865        	10          	1.715       	0.7284      	0.737       	0.7109      
4870        	10          	1.71        	0.7259      	0.7346      	0.7095      
4875        	10          	1.723       	0.7368      	0.736       	0.7117      
4880        	10          	1.718       	0.7378      	0.7428      	0.7083      
4885        	10          	1.71        	0.742       	0.7449      	0.7133      
4890        	10          	1.715       	0.7501      	0.7469      	0.7131      
4895        	10          	1.678       	0.7458      	0.7549      	0.7231      
4900        	10          	1.687       	0.748       	0.7491      	0.7237      
4905        	10          	1.727       	0.7523      	0.7619      	0.73        
4910        	10          	1.68        	0.7546      	0.7542      	0.7246      
4915        	10          	1.683       	0.7485      	0.762       	0.7336      
4920        	10          	1.682       	0.7586      	0.7734      	0.7417      
4925        	10          	1.668       	0.7644      	0.7714      	0.7379      
4930        	10          	1.69        	0.758       	0.7623      	0.7344      
4935        	10          	1.68        	0.7512      	0.768       	0.7402      
4940        	10          	1.683       	0.7578      	0.7662      	0.7392      
4945        	10          	1.667       	0.7554      	0.7674      	0.7372      
4950        	10          	1.702       	0.7575      	0.7639      	0.7383      
4955        	10          	1.673       	0.7627      	0.7679      	0.7433      
4960        	10          	1.698       	0.7537      	0.7607      	0.7432      
4965        	10          	1.7         	0.7525      	0.7631      	0.7538      
4970        	10          	1.695       	0.7534      	0.7736      	0.7552      
4975        	10          	1.648       	0.7599      	0.777       	0.7635      
4980        	10          	1.672       	0.7612      	0.7781      	0.7616      
4985        	10          	1.64        	0.7561      	0.7788      	0.7576      
4990        	10          	1.655       	0.7555      	0.7799      	0.7632      
4995        	10          	1.643       	0.759       	0.7788      	0.7585      
5000        	10          	1.633       	0.7543      	0.7732      	0.7616      
