generation  	alive.rpl   	n.adlt.rs   	n.adlt.fst.wc_p1-2	n.adlt.fst.wc_p1-3	n.adlt.fst.wc_p2-3
5           	10          	0.01901     	9.487e-06   	6.252e-06   	4.306e-06   
10          	10          	0.08499     	3.19e-05    	1.552e-05   	1.275e-05   
15          	10          	0.1025      	2.296e-05   	2.611e-05   	2.016e-05   
20          	10          	0.1069      	2.184e-05   	2.258e-05   	1.208e-05   
25          	10          	0.06801     	4.261e-05   	3.556e-05   	3.906e-05   
30          	10          	0.1379      	4.523e-05   	5.035e-05   	7.506e-06   
35          	10          	0.05538     	3.767e-05   	4.307e-05   	2.006e-05   
40          	10          	0.1206      	4.902e-05   	3.295e-05   	2.839e-05   
45          	10          	0.06662     	1.345e-05   	8.142e-05   	4.249e-05   
50          	10          	0.06006     	3.58e-05    	5.566e-05   	2.633e-05   
55          	10          	0.02673     	3.372e-05   	4.638e-05   	5.958e-06   
60          	10          	0.04634     	2.742e-05   	9.574e-05   	6.233e-05   
65          	10          	0.01604     	7.986e-05   	0.0001028   	4.335e-05   
70          	10          	0.02338     	4.246e-05   	7.564e-05   	4.35e-05    
75          	10          	0.06867     	7.149e-05   	9.523e-05   	3.934e-05   
80          	10          	0.05006     	2.999e-05   	3.451e-05   	1.694e-05   
85          	10          	0.01406     	2.092e-05   	5.579e-05   	2.666e-05   
90          	10          	0.0474      	1.572e-05   	4.03e-05    	7.313e-05   
95          	10          	0.05297     	4.589e-05   	6.67e-05    	1.15e-05    
100         	10          	0.0704      	7.165e-06   	8.899e-05   	2.46e-05    
105         	10          	0.05294     	4.304e-05   	6.496e-05   	6.587e-05   
110         	10          	0.05253     	4.421e-05   	0.0001187   	5.274e-05   
115         	10          	0.04582     	8.09e-05    	7.577e-05   	7.903e-06   
120         	10          	0.03919     	7.368e-05   	7.657e-05   	3.177e-05   
125         	10          	0.05641     	5.126e-05   	7.522e-05   	2.312e-05   
130         	10          	0.03151     	7.766e-05   	4.261e-05   	4.658e-05   
135         	10          	0.01789     	3.363e-05   	4.773e-05   	4.761e-05   
140         	10          	0.02739     	6.116e-05   	0.0001105   	4.079e-05   
145         	10          	0.06693     	2.487e-05   	9.133e-05   	2.922e-05   
150         	10          	0.07646     	8.112e-05   	0.0001258   	9.222e-05   
155         	10          	0.1215      	0.0001147   	0.000268    	4.644e-05   
160         	10          	0.08888     	1.582e-05   	5.051e-05   	2.016e-05   
165         	10          	0.1277      	2.364e-05   	7.046e-05   	3.073e-05   
170         	10          	0.09721     	4.268e-05   	0.0001046   	6.017e-05   
175         	10          	0.1291      	6.124e-05   	0.0001736   	1.841e-05   
180         	10          	0.1215      	5.354e-05   	0.0001302   	5.043e-05   
185         	10          	0.08439     	7.352e-05   	8.953e-05   	0.0001171   
190         	10          	0.06222     	3.182e-05   	7.386e-05   	4.097e-05   
195         	10          	0.0568      	6.256e-05   	0.0001088   	5.304e-05   
200         	10          	0.08053     	7.446e-05   	0.0001194   	5.732e-05   
205         	10          	0.07873     	5.569e-05   	1.927e-05   	5.129e-05   
210         	10          	0.09908     	0.0001188   	0.0001443   	1.443e-05   
215         	10          	0.1032      	1.781e-05   	9.439e-05   	4.624e-05   
220         	10          	0.127       	2.758e-05   	7.868e-05   	5.43e-05    
225         	10          	0.09719     	3.778e-05   	5.587e-05   	8.123e-05   
230         	10          	0.06523     	0.0001148   	0.0002106   	9.459e-05   
235         	10          	0.1051      	3.888e-05   	0.0003385   	7.062e-05   
240         	10          	0.08908     	2.515e-05   	0.0002201   	0.0001181   
245         	10          	0.09383     	3.865e-05   	0.0002117   	6.886e-05   
250         	10          	0.057       	4.728e-05   	0.0001617   	3.368e-05   
255         	10          	0.07288     	0.0001744   	0.0002506   	7.523e-05   
260         	10          	0.0904      	2.911e-05   	0.0001017   	9.084e-05   
265         	10          	0.06257     	7.291e-05   	3.756e-05   	4.625e-05   
270         	10          	0.08371     	6.509e-05   	0.0001115   	0.0001354   
275         	10          	0.0749      	4.818e-05   	0.0002662   	0.0001409   
280         	10          	0.06517     	3.241e-05   	0.000208    	8.71e-05    
285         	10          	0.06452     	0.0001013   	0.0002719   	9.229e-05   
290         	10          	0.06046     	5.194e-05   	0.0003914   	6.583e-05   
295         	10          	0.06349     	6.707e-05   	0.0003887   	3.997e-05   
300         	10          	0.0876      	4.65e-05    	0.0002299   	8.623e-05   
305         	10          	0.09664     	0.0001303   	0.0001237   	9.768e-05   
310         	10          	0.04023     	5.955e-05   	0.000157    	3.845e-05   
315         	10          	0.04943     	4.827e-05   	0.0001741   	8.914e-05   
320         	10          	0.05549     	5.959e-05   	0.0001694   	5.469e-05   
325         	10          	0.0571      	2.426e-05   	0.0001059   	7.26e-05    
330         	10          	0.07634     	9.028e-05   	0.0001635   	6.36e-05    
335         	10          	0.07575     	4.103e-05   	0.0001204   	1.073e-05   
340         	10          	0.05051     	1.501e-05   	0.0001121   	5.315e-05   
345         	10          	0.07168     	6.567e-05   	0.0002029   	8.868e-05   
350         	10          	0.06995     	6.336e-05   	0.0001787   	7.737e-05   
355         	10          	0.08399     	7.337e-05   	0.0002176   	6.788e-05   
360         	10          	0.0714      	2.07e-05    	0.0001817   	6.907e-05   
365         	10          	0.05167     	0.0001327   	9.444e-05   	1.603e-05   
370         	10          	0.06567     	4.614e-05   	0.0001107   	5.428e-05   
375         	10          	0.06984     	0.0001148   	8.783e-05   	5.97e-05    
380         	10          	0.05818     	9.497e-05   	0.0001807   	0.0001356   
385         	10          	0.06746     	3.031e-05   	0.0002089   	0.0001852   
390         	10          	0.0574      	4.157e-05   	6.943e-05   	0.0001045   
395         	10          	0.04708     	3.234e-05   	0.0001437   	0.0001871   
400         	10          	0.04572     	8.067e-05   	0.0002115   	0.0001139   
405         	10          	0.02908     	0.0001404   	8.792e-05   	7.368e-05   
410         	10          	0.02384     	9.831e-05   	0.0002838   	6.653e-05   
415         	10          	0.02446     	0.0001195   	0.0001727   	0.0001063   
420         	10          	0.02444     	5.727e-05   	0.0002209   	0.0001194   
425         	10          	0.03362     	3.363e-05   	0.000153    	0.0001359   
430         	10          	0.02485     	6.197e-05   	5.639e-05   	6.48e-05    
435         	10          	0.03223     	7.01e-05    	9.267e-05   	7.274e-05   
440         	10          	0.03141     	2.25e-05    	0.0001407   	5.592e-05   
445         	10          	0.01834     	0.0001136   	8.348e-05   	0.0001132   
450         	10          	0.03417     	6.558e-05   	0.0001163   	6.241e-05   
455         	10          	0.03901     	0.0001216   	0.0002694   	8.589e-05   
460         	10          	0.03412     	6.858e-05   	8.193e-05   	7.929e-05   
465         	10          	0.03552     	8.534e-05   	0.0001122   	9.476e-05   
470         	10          	0.0524      	0.0001032   	0.0001036   	1.901e-05   
475         	10          	0.05794     	5.98e-05    	0.0001444   	5.626e-05   
480         	10          	0.05661     	8.3e-05     	0.0001211   	4.253e-05   
485         	10          	0.05404     	0.000147    	0.000164    	0.0001506   
490         	10          	0.06153     	0.000126    	0.0002102   	5.893e-05   
495         	10          	0.05017     	8.411e-05   	0.0005463   	0.0001625   
500         	10          	0.05036     	5.59e-05    	0.0002821   	5.431e-05   
505         	10          	0.04778     	5.816e-05   	0.0001307   	5.941e-05   
510         	10          	0.04084     	0.000223    	0.0001018   	0.0001176   
515         	10          	0.03057     	4.867e-05   	4.697e-05   	6.503e-05   
520         	10          	0.02272     	6.815e-05   	0.0001437   	4.431e-05   
525         	10          	0.04646     	7.103e-05   	0.0002288   	7.791e-05   
530         	10          	0.03751     	7.158e-05   	0.0001644   	9.884e-05   
535         	10          	0.03416     	5.483e-05   	0.0001499   	7.07e-05    
540         	10          	0.02152     	9.143e-05   	0.0001213   	5.687e-05   
545         	10          	0.02346     	6.508e-05   	0.000302    	8.35e-05    
550         	10          	0.0198      	0.0003091   	0.0002561   	3.329e-05   
555         	10          	0.01528     	6.105e-05   	0.0002234   	7.882e-05   
560         	10          	0.03056     	0.0002274   	0.0004253   	3.004e-05   
565         	10          	0.02957     	0.0001027   	0.0002968   	4.232e-05   
570         	10          	0.04239     	0.0001673   	0.0002439   	6.123e-05   
575         	10          	0.03357     	8.79e-05    	0.0001034   	6.661e-05   
580         	10          	0.04473     	0.0001254   	0.000248    	7.771e-05   
585         	10          	0.03532     	0.0001824   	0.0002885   	9.081e-05   
590         	10          	0.03927     	0.0001342   	0.0002077   	4.181e-05   
595         	10          	0.03768     	0.0001662   	0.0001124   	5.633e-05   
600         	10          	0.02274     	2.949e-05   	0.0001716   	5.996e-05   
605         	10          	0.03218     	4.468e-05   	0.0001983   	0.0001848   
610         	10          	0.04347     	2.425e-05   	0.0002351   	5.757e-05   
615         	10          	0.03221     	7.363e-05   	0.0002316   	7.773e-05   
620         	10          	0.03556     	0.0002089   	0.0003663   	0.0001751   
625         	10          	0.02627     	0.0001079   	0.0002523   	8.708e-05   
630         	10          	0.03674     	0.000157    	0.0002477   	0.000121    
635         	10          	0.02871     	0.0001797   	0.000185    	3.053e-05   
640         	10          	0.04156     	0.0001378   	0.0001583   	4.951e-05   
645         	10          	0.03618     	8.503e-05   	0.000211    	9.836e-05   
650         	10          	0.02823     	0.0001516   	0.0001926   	7.233e-05   
655         	10          	0.04051     	3.65e-05    	5.574e-05   	7.343e-05   
660         	10          	0.04304     	9.056e-05   	0.0002418   	1.73e-05    
665         	10          	0.05916     	6.966e-05   	8.541e-05   	0.0001053   
670         	10          	0.03919     	8.559e-05   	9.904e-05   	6.732e-05   
675         	10          	0.06072     	9.57e-05    	9.48e-05    	4.08e-05    
680         	10          	0.06803     	0.0002521   	0.000289    	0.0001002   
685         	10          	0.07973     	8.577e-05   	0.000196    	9.118e-05   
690         	10          	0.07523     	7.141e-05   	0.0002308   	0.0001099   
695         	10          	0.0794      	9.619e-05   	4.12e-05    	0.0001787   
700         	10          	0.06578     	0.000119    	0.0002272   	0.0001259   
705         	10          	0.05889     	0.0001492   	0.0004621   	0.0002614   
710         	10          	0.06341     	7.086e-05   	0.0001944   	8.107e-05   
715         	10          	0.06584     	0.0001689   	0.0003013   	5.488e-05   
720         	10          	0.05523     	0.0001032   	0.0004091   	8.861e-05   
725         	10          	0.05284     	0.0001651   	0.0003212   	7.246e-05   
730         	10          	0.04775     	9.139e-05   	0.0002278   	0.0002008   
735         	10          	0.06968     	7.933e-05   	0.0002545   	0.0001635   
740         	10          	0.06286     	9.849e-05   	0.0001473   	9.191e-05   
745         	10          	0.0485      	8.065e-05   	0.0002277   	0.0001135   
750         	10          	0.05016     	3.588e-05   	0.0001286   	6.576e-05   
755         	10          	0.05136     	2.766e-05   	0.0002666   	0.0001455   
760         	10          	0.05212     	2.157e-05   	0.0003669   	0.000164    
765         	10          	0.0605      	0.0001552   	0.0003234   	3.632e-05   
770         	10          	0.0568      	0.0001788   	0.0002108   	8.17e-05    
775         	10          	0.04577     	4.711e-05   	0.0001615   	0.0001166   
780         	10          	0.05911     	6.805e-05   	0.0002089   	0.0001763   
785         	10          	0.06643     	0.0001361   	0.0002808   	0.0002418   
790         	10          	0.06825     	0.0002279   	0.0001889   	0.0002134   
795         	10          	0.05434     	0.0001453   	0.0002783   	0.0001028   
800         	10          	0.06362     	0.000129    	0.0002199   	9.243e-05   
805         	10          	0.0589      	0.0001035   	0.0002288   	0.0001038   
810         	10          	0.03184     	0.0002738   	0.0001351   	4.227e-05   
815         	10          	0.04246     	7.987e-05   	0.0002334   	0.0001226   
820         	10          	0.03932     	6.461e-05   	0.0002331   	0.0002423   
825         	10          	0.0584      	0.0001795   	0.0001333   	0.0001294   
830         	10          	0.0545      	3.885e-05   	7.228e-05   	8.556e-05   
835         	10          	0.03401     	7.76e-05    	0.0003243   	4.173e-05   
840         	10          	0.03707     	7.616e-05   	0.0001332   	8.948e-05   
845         	10          	0.05091     	0.0003164   	0.0003456   	0.0001432   
850         	10          	0.04496     	5.44e-05    	0.0002646   	7.718e-05   
855         	10          	0.05543     	9.352e-05   	0.0001422   	7.281e-05   
860         	10          	0.04328     	9.324e-05   	0.000343    	0.0001553   
865         	10          	0.0659      	8.96e-05    	0.0003893   	0.0001838   
870         	10          	0.05477     	8.427e-05   	0.000495    	0.0001592   
875         	10          	0.04457     	0.0001069   	0.0002273   	9.448e-05   
880         	10          	0.04982     	0.0001187   	0.000145    	0.0001511   
885         	10          	0.06535     	0.0001042   	0.0005272   	0.0001071   
890         	10          	0.06295     	0.0002568   	0.0001846   	5.735e-05   
895         	10          	0.05654     	0.0001269   	0.0002409   	0.0001328   
900         	10          	0.04419     	3.056e-05   	0.000268    	9.959e-05   
905         	10          	0.03011     	5.033e-05   	0.0004823   	0.0001277   
910         	10          	0.03586     	0.0001312   	0.0002684   	9.532e-05   
915         	10          	0.04753     	0.000208    	0.0008693   	0.0001771   
920         	10          	0.04571     	0.0001202   	0.0004467   	7.668e-05   
925         	10          	0.04329     	0.0003903   	0.0004032   	0.0001716   
930         	10          	0.01908     	3.984e-05   	0.0002016   	6.842e-05   
935         	10          	0.02007     	0.0001162   	0.000307    	0.0002234   
940         	10          	0.03051     	0.0001859   	0.0002495   	4.847e-05   
945         	10          	0.02167     	2.29e-05    	0.0002956   	5.482e-05   
950         	10          	0.03917     	7.827e-05   	0.0004507   	0.0001468   
955         	10          	0.033       	9.429e-05   	0.0005898   	0.0001883   
960         	10          	0.04391     	8.644e-05   	6.58e-05    	8.909e-05   
965         	10          	0.03714     	7.694e-05   	0.000129    	6.272e-05   
970         	10          	0.05358     	0.0001301   	0.0002028   	5.656e-05   
975         	10          	0.03036     	8.484e-05   	0.000175    	4.569e-05   
980         	10          	0.02979     	7.321e-05   	0.0003759   	6.484e-05   
985         	10          	0.0389      	0.0001656   	0.0003606   	5.506e-05   
990         	10          	0.02825     	7.523e-05   	0.0001434   	6.749e-05   
995         	10          	0.03186     	8.144e-05   	0.0003248   	5.261e-05   
1000        	10          	0.01583     	8.698e-05   	0.0002225   	0.0001286   
1005        	10          	0.03479     	6.182e-05   	0.000292    	0.0001162   
1010        	10          	0.01812     	0.0002112   	0.0002785   	0.0002242   
1015        	10          	0.02218     	0.0001151   	0.00019     	0.0001853   
1020        	10          	0.04507     	0.0001456   	0.0003767   	9.694e-05   
1025        	10          	0.03751     	0.0001298   	0.0003015   	0.0001831   
1030        	10          	0.04466     	0.0001388   	0.0003447   	0.0001116   
1035        	10          	0.04978     	0.0001359   	0.0005116   	0.0004918   
1040        	10          	0.04723     	0.0001595   	0.0002214   	2.634e-05   
1045        	10          	0.04766     	0.000283    	0.000288    	0.0001427   
1050        	10          	0.04139     	0.0001193   	0.0003834   	0.0001056   
1055        	10          	0.04896     	0.0001593   	0.000216    	0.000138    
1060        	10          	0.04862     	7.493e-05   	0.0004382   	9.666e-05   
1065        	10          	0.04362     	8.715e-05   	0.000181    	0.0001435   
1070        	10          	0.0364      	0.0001979   	0.0005169   	0.0001411   
1075        	10          	0.04697     	0.0001037   	0.0003593   	0.0001077   
1080        	10          	0.03346     	0.0001112   	0.0002481   	7.075e-05   
1085        	10          	0.04812     	8.876e-05   	0.0002132   	5.618e-05   
1090        	10          	0.03556     	0.0001194   	8.799e-05   	5.211e-05   
1095        	10          	0.04286     	0.0002017   	0.0004491   	5.445e-05   
1100        	10          	0.04362     	0.0002059   	0.0003086   	0.0001416   
1105        	10          	0.05461     	0.0001147   	0.0001859   	0.0001082   
1110        	10          	0.05308     	0.0002521   	0.000276    	0.0002008   
1115        	10          	0.04747     	0.0001047   	0.0001483   	0.0001865   
1120        	10          	0.03252     	0.000327    	0.0007238   	0.0002244   
1125        	10          	0.03875     	9.39e-05    	0.001026    	0.000112    
1130        	10          	0.03257     	5.445e-05   	0.0004616   	0.0001026   
1135        	10          	0.02332     	0.0002325   	0.000584    	0.0001493   
1140        	10          	0.03402     	0.0001851   	0.0004066   	0.0001769   
1145        	10          	0.03093     	0.0001509   	0.0001815   	0.0001793   
1150        	10          	0.04178     	0.0001057   	0.0004712   	0.0004198   
1155        	10          	0.05302     	0.0001526   	0.0005122   	7.248e-05   
1160        	10          	0.0578      	0.0002473   	0.0005218   	6.253e-05   
1165        	10          	0.05407     	0.000133    	0.0004751   	0.0001377   
1170        	10          	0.04066     	0.0001426   	0.0002573   	0.0001668   
1175        	10          	0.05084     	7.385e-05   	0.0004874   	0.0002098   
1180        	10          	0.08077     	0.0001659   	0.0002345   	9.286e-05   
1185        	10          	0.08518     	0.0002296   	0.00018     	0.0002079   
1190        	10          	0.06561     	0.0002208   	0.0002631   	0.0001675   
1195        	10          	0.08078     	3.141e-05   	0.0003698   	0.0001274   
1200        	10          	0.08447     	9.234e-05   	0.0002822   	0.0002233   
1205        	10          	0.1013      	0.0001546   	0.0003998   	4.392e-05   
1210        	10          	0.07071     	0.0001328   	0.0005987   	0.0001712   
1215        	10          	0.08699     	0.0001053   	0.0005097   	0.0001712   
1220        	10          	0.0905      	4.38e-05    	0.0002681   	0.0001647   
1225        	10          	0.06084     	0.0001718   	9.564e-05   	0.000266    
1230        	10          	0.05962     	0.000166    	0.000102    	0.0001332   
1235        	10          	0.07473     	7.405e-05   	0.0001435   	3.907e-05   
1240        	10          	0.0594      	0.0001398   	0.0006204   	0.0001468   
1245        	10          	0.06107     	3.689e-05   	0.0004636   	0.0001507   
1250        	10          	0.04864     	0.0001101   	0.0003492   	0.0001477   
1255        	10          	0.04341     	0.0001318   	0.0003449   	0.0001218   
1260        	10          	0.04328     	0.0003447   	0.0003243   	0.0001027   
1265        	10          	0.04957     	0.0002464   	0.0002272   	0.0001702   
1270        	10          	0.05443     	0.0001181   	0.0003467   	3.139e-05   
1275        	10          	0.04958     	0.0002998   	0.0003248   	0.0001336   
1280        	10          	0.04039     	0.0001441   	0.0001974   	0.000124    
1285        	10          	0.03247     	0.0001164   	0.0001983   	5.94e-05    
1290        	10          	0.03423     	0.0001423   	0.0002737   	8.024e-05   
1295        	10          	0.05047     	0.0002099   	0.0002215   	8.201e-05   
1300        	10          	0.05151     	0.0001697   	0.0003052   	7.153e-05   
1305        	10          	0.07372     	0.0001137   	0.0002091   	0.000115    
1310        	10          	0.05657     	5.708e-05   	0.0002447   	5.982e-05   
1315        	10          	0.06528     	0.0001961   	0.0002015   	5.981e-05   
1320        	10          	0.07285     	0.0001603   	0.0001309   	0.0001172   
1325        	10          	0.04661     	0.0001606   	0.0001586   	0.0001079   
1330        	10          	0.03134     	0.0001229   	0.0002826   	0.0001672   
1335        	10          	0.04173     	0.000198    	0.0003117   	8.682e-05   
1340        	10          	0.03468     	0.000128    	0.000548    	0.0001366   
1345        	10          	0.03907     	8.31e-05    	7.428e-05   	0.0001021   
1350        	10          	0.03766     	0.0001734   	0.0002436   	9.617e-05   
1355        	10          	0.03302     	0.0001188   	0.0001527   	8.121e-05   
1360        	10          	0.04649     	7.196e-05   	0.0005157   	0.000129    
1365        	10          	0.05979     	0.0001144   	0.0002014   	0.0001735   
1370        	10          	0.04516     	0.0002101   	0.0001661   	9.366e-05   
1375        	10          	0.0494      	7.857e-05   	0.0001043   	9.973e-05   
1380        	10          	0.0444      	0.0001171   	0.0002864   	0.0001507   
1385        	10          	0.03264     	0.0001563   	0.000293    	0.0001304   
1390        	10          	0.02391     	0.0002179   	0.0001507   	0.0001544   
1395        	10          	0.03551     	0.0001318   	0.0003385   	7.992e-05   
1400        	10          	0.04784     	0.0001193   	0.0002213   	7.009e-05   
1405        	10          	0.03913     	0.0001366   	0.0003179   	0.0001258   
1410        	10          	0.03984     	0.0001503   	0.0004139   	0.0001346   
1415        	10          	0.06293     	5.246e-05   	0.0002662   	4.941e-05   
1420        	10          	0.05227     	4.999e-05   	0.0002393   	0.0001118   
1425        	10          	0.05299     	0.0001029   	0.0003658   	0.0001343   
1430        	10          	0.06368     	0.0001982   	0.0001506   	9.98e-05    
1435        	10          	0.0588      	0.0001359   	0.0001499   	0.000144    
1440        	10          	0.08533     	0.0001078   	0.0002311   	0.0001007   
1445        	10          	0.09468     	8.534e-05   	0.0001228   	0.0001352   
1450        	10          	0.07952     	0.0001469   	0.0001893   	0.0001623   
1455        	10          	0.06141     	5.048e-05   	0.0002059   	0.0001324   
1460        	10          	0.06819     	9.667e-05   	0.0001899   	0.0001347   
1465        	10          	0.07014     	6.639e-05   	0.0002443   	0.000217    
1470        	10          	0.06588     	0.00018     	0.0001967   	0.0002835   
1475        	10          	0.09762     	0.0001316   	0.0001615   	0.0001205   
1480        	10          	0.06717     	0.0001709   	0.0001085   	0.0001818   
1485        	10          	0.07328     	4.707e-05   	0.0003305   	9.077e-05   
1490        	10          	0.05769     	0.0002229   	0.0003393   	0.0001237   
1495        	10          	0.06514     	0.0001461   	0.0002244   	0.0001501   
1500        	10          	0.06014     	0.0002038   	0.0004442   	0.0003311   
1505        	10          	0.05266     	9.053e-05   	0.0006206   	0.0001222   
1510        	10          	0.05286     	0.000392    	0.0008852   	8.879e-05   
1515        	10          	0.04143     	0.0002933   	0.000295    	0.0002617   
1520        	10          	0.06373     	9.896e-05   	0.0002447   	0.000161    
1525        	10          	0.06601     	7.395e-05   	0.0001445   	0.0001086   
1530        	10          	0.0618      	4.233e-05   	0.0003742   	5.903e-05   
1535        	10          	0.0525      	0.0001489   	0.00033     	0.0002208   
1540        	10          	0.06139     	0.0001476   	0.0003123   	0.0001046   
1545        	10          	0.05934     	0.0001039   	0.0001913   	0.0001527   
1550        	10          	0.04546     	0.0001242   	0.0002654   	0.0001463   
1555        	10          	0.05012     	0.0001553   	0.00048     	0.0001376   
1560        	10          	0.05584     	0.0001063   	0.0003245   	0.0001052   
1565        	10          	0.05345     	0.0001027   	0.000407    	0.0001108   
1570        	10          	0.0735      	7.73e-05    	0.0004449   	0.0001566   
1575        	10          	0.06017     	0.0002263   	0.0002775   	0.0001211   
1580        	10          	0.05929     	0.0001197   	0.0001182   	0.0001571   
1585        	10          	0.04041     	0.0001212   	0.0002056   	9.51e-05    
1590        	10          	0.043       	0.000239    	4.745e-05   	0.0001281   
1595        	10          	0.04758     	4.778e-05   	0.0004167   	0.0002098   
1600        	10          	0.04878     	9.643e-05   	0.0002286   	6.197e-05   
1605        	10          	0.03378     	0.0001591   	0.0003477   	0.0004668   
1610        	10          	0.04106     	0.0001363   	0.0004405   	6.241e-05   
1615        	10          	0.03601     	0.0001878   	0.0001867   	8.227e-05   
1620        	10          	0.02324     	0.0001629   	0.000466    	4.039e-05   
1625        	10          	0.02661     	0.0001475   	0.0001755   	6.243e-05   
1630        	10          	0.02347     	0.0004333   	0.0007559   	0.000438    
1635        	10          	0.03199     	8.11e-05    	0.0003474   	0.0002362   
1640        	10          	0.02588     	8.899e-05   	0.0004381   	0.0001632   
1645        	10          	0.01689     	0.0001659   	0.000508    	0.0001299   
1650        	10          	0.03507     	0.0003461   	0.0004356   	0.0001597   
1655        	10          	0.03051     	0.0001423   	0.0003421   	0.0001933   
1660        	10          	0.02344     	0.0001214   	0.0003832   	0.0001124   
1665        	10          	0.02688     	0.0001432   	0.000152    	0.0001077   
1670        	10          	0.03096     	9.071e-05   	0.0002381   	0.0001317   
1675        	10          	0.02419     	0.0001286   	0.0003689   	0.0001536   
1680        	10          	0.03061     	0.0002512   	0.0008124   	7.509e-05   
1685        	10          	0.03116     	8.888e-05   	0.0005321   	0.0001063   
1690        	10          	0.03185     	5.037e-05   	0.0003657   	0.0001265   
1695        	10          	0.04216     	0.0001383   	0.0003146   	0.0001547   
1700        	10          	0.03757     	0.0001889   	0.0004354   	0.0001485   
1705        	10          	0.03345     	0.0001698   	0.0004057   	9.27e-05    
1710        	10          	0.03446     	2.014e-05   	0.0001564   	0.0001105   
1715        	10          	0.04738     	0.0001391   	0.0002666   	8.701e-05   
1720        	10          	0.03504     	6.689e-05   	0.0003331   	8.591e-05   
1725        	10          	0.04917     	0.0001069   	0.0003392   	0.0001616   
1730        	10          	0.03245     	4.28e-05    	0.0002113   	0.0002      
1735        	10          	0.04782     	5.507e-05   	0.0001963   	0.0001653   
1740        	10          	0.0494      	9.242e-05   	0.0003335   	0.0001331   
1745        	10          	0.04689     	0.0005937   	0.0006519   	0.0001395   
1750        	10          	0.04401     	0.0004357   	0.001262    	0.0001163   
1755        	10          	0.03901     	0.000245    	0.000309    	0.0001311   
1760        	10          	0.04384     	7.951e-05   	0.0004076   	0.0001387   
1765        	10          	0.04449     	0.0001712   	0.0008714   	0.0001535   
1770        	10          	0.04467     	0.0002613   	0.001063    	0.0003686   
1775        	10          	0.03584     	0.0001438   	0.0003143   	0.0004018   
1780        	10          	0.03604     	5.495e-05   	0.0003034   	6.304e-05   
1785        	10          	0.02914     	0.0001722   	0.0002761   	0.0001541   
1790        	10          	0.04567     	0.0002402   	0.0002935   	0.0002253   
1795        	10          	0.03134     	4.579e-05   	0.0002051   	4.489e-05   
1800        	10          	0.04628     	0.0001169   	0.0005455   	0.0002523   
1805        	10          	0.04094     	0.0001944   	0.0005996   	0.0001063   
1810        	10          	0.0455      	0.0004538   	0.0003076   	9.157e-05   
1815        	10          	0.0235      	0.000814    	0.0004102   	0.0001767   
1820        	10          	0.0254      	0.0003021   	0.000193    	0.0001007   
1825        	10          	0.02397     	4.406e-05   	0.0001974   	0.000118    
1830        	10          	0.03461     	0.0001262   	0.0001469   	9.138e-05   
1835        	10          	0.03499     	0.0001408   	0.0002712   	0.0001338   
1840        	10          	0.04512     	0.0002009   	0.0003898   	0.0002328   
1845        	10          	0.05514     	0.0001281   	0.0002743   	0.0001057   
1850        	10          	0.04517     	0.0002071   	0.001926    	0.0003704   
1855        	10          	0.05562     	0.0001307   	0.0001957   	7.676e-05   
1860        	10          	0.05829     	0.0001239   	0.0004613   	0.0002859   
1865        	10          	0.04262     	0.0001192   	0.0008045   	0.0001745   
1870        	10          	0.0466      	0.0001528   	0.0004936   	0.0002517   
1875        	10          	0.06289     	9.816e-05   	0.0006659   	0.0003197   
1880        	10          	0.04544     	0.0001006   	0.0005868   	0.0002678   
1885        	10          	0.06161     	0.0001194   	0.0007263   	0.0004459   
1890        	10          	0.03996     	0.0002247   	0.0005759   	0.0004679   
1895        	10          	0.05129     	8.389e-05   	0.0003189   	0.0003498   
1900        	10          	0.02941     	0.0001464   	0.0004354   	7.373e-05   
1905        	10          	0.0394      	0.0002479   	0.0002967   	0.0001409   
1910        	10          	0.03229     	0.0001511   	0.0002474   	0.0001038   
1915        	10          	0.03279     	0.0001791   	0.0001172   	0.0001738   
1920        	10          	0.03129     	0.0001377   	0.0004133   	0.0002499   
1925        	10          	0.04073     	7.89e-05    	0.0001506   	0.0001192   
1930        	10          	0.03643     	4.816e-05   	0.0005638   	9.85e-05    
1935        	10          	0.044       	0.0001021   	0.0002719   	8.825e-05   
1940        	10          	0.04362     	8.686e-05   	0.0001346   	0.0001077   
1945        	10          	0.03399     	0.0002025   	0.0002443   	0.0001057   
1950        	10          	0.03622     	9.195e-05   	0.0004962   	0.0001316   
1955        	10          	0.04168     	0.000274    	0.0001266   	0.0001489   
1960        	10          	0.03821     	0.0003651   	0.0003306   	0.0001449   
1965        	10          	0.04494     	0.0001742   	0.0002829   	0.0001689   
1970        	10          	0.04117     	4.451e-05   	0.00029     	0.0001372   
1975        	10          	0.04529     	0.0001099   	0.0006604   	0.0003194   
1980        	10          	0.04036     	0.0001516   	0.0003718   	0.0002243   
1985        	10          	0.02918     	8.393e-05   	0.0004813   	7.231e-05   
1990        	10          	0.03479     	0.0001243   	0.0003392   	0.0001212   
1995        	10          	0.02964     	7.789e-05   	0.0002161   	9.199e-05   
2000        	10          	0.0415      	0.0001451   	0.0001637   	0.0001293   
2005        	10          	0.0395      	0.0002866   	0.0001984   	0.0001495   
2010        	10          	0.03268     	0.0001028   	0.0001726   	0.0002083   
2015        	10          	0.0338      	0.0001523   	0.0001795   	0.0001007   
2020        	10          	0.05206     	0.0001962   	0.0003568   	0.000131    
2025        	10          	0.04232     	0.0001141   	0.0005198   	0.0001309   
2030        	10          	0.04019     	0.0001511   	0.0002086   	5.812e-05   
2035        	10          	0.03075     	0.0001183   	0.0003355   	0.0001129   
2040        	10          	0.02343     	0.0001396   	0.0002228   	0.0001387   
2045        	10          	0.02019     	0.0001089   	0.0003135   	0.0001643   
2050        	10          	0.02801     	6.933e-05   	0.0001571   	0.0001217   
2055        	10          	0.03166     	0.0001771   	0.0002853   	0.0001535   
2060        	10          	0.02761     	0.0001106   	0.0001346   	0.0001054   
2065        	10          	0.0195      	0.0001709   	0.0002696   	4.154e-05   
2070        	10          	0.01661     	0.000279    	0.00105     	0.0003415   
2075        	10          	0.02718     	0.0001359   	0.0006201   	0.0001275   
2080        	10          	0.02301     	0.0001208   	0.0003442   	0.0001658   
2085        	10          	0.02257     	0.0001744   	0.0006638   	0.0001652   
2090        	10          	0.02088     	0.0001582   	0.0002582   	0.0001246   
2095        	10          	0.02818     	0.000107    	0.0002382   	6.266e-05   
2100        	10          	0.01834     	0.0001475   	0.000172    	0.0002193   
2105        	10          	0.02408     	0.0001764   	0.0002197   	0.0002242   
2110        	10          	0.01879     	4.307e-05   	0.0002412   	0.0001426   
2115        	10          	0.02766     	0.0001811   	0.0003134   	7.083e-05   
2120        	10          	0.02651     	0.0001593   	0.0001741   	0.0002119   
2125        	10          	0.02467     	0.0001396   	0.0001308   	8.858e-05   
2130        	10          	0.02272     	0.000113    	0.0002865   	0.0001139   
2135        	10          	0.01261     	0.0002473   	0.0004826   	4.017e-05   
2140        	10          	0.01436     	8.961e-05   	0.00046     	9.032e-05   
2145        	10          	0.009111    	0.0001772   	0.0001755   	4.36e-05    
2150        	10          	0.003836    	0.0001229   	0.0002042   	0.0002071   
2155        	10          	0.008081    	0.0001508   	0.000396    	7.038e-05   
2160        	10          	0.007281    	7.728e-05   	0.0002325   	3.46e-05    
2165        	10          	0.003378    	0.0002019   	0.0006711   	6.196e-05   
2170        	10          	0.005211    	0.000103    	0.000239    	0.0001527   
2175        	10          	0.008636    	0.0001509   	0.0002811   	0.0001194   
2180        	10          	0.0104      	0.000125    	0.0003101   	0.0001108   
2185        	10          	0.007803    	0.0001248   	0.0001772   	0.0002042   
2190        	10          	0.003822    	9.531e-05   	0.0005219   	0.0001746   
2195        	10          	0.008114    	0.0001197   	0.0002421   	0.0001132   
2200        	10          	0.009156    	0.0001563   	0.0002021   	9.779e-05   
2205        	10          	0.01668     	0.0002187   	0.0002198   	0.0001306   
2210        	10          	0.005858    	0.0001533   	0.0002061   	0.0001496   
2215        	10          	0.01114     	0.0001738   	0.000318    	0.0001725   
2220        	10          	0.006892    	0.0002112   	0.0004082   	7.644e-05   
2225        	10          	0.0118      	0.00013     	0.0003825   	0.0001781   
2230        	10          	0.01295     	0.0002695   	0.0006069   	7.776e-05   
2235        	10          	0.01418     	0.0002781   	0.0002687   	3.49e-05    
2240        	10          	0.01694     	0.0001784   	0.0002006   	0.0001222   
2245        	10          	0.01707     	8.434e-05   	0.000117    	0.0001337   
2250        	10          	0.01143     	0.0001788   	0.0002347   	0.0002307   
2255        	10          	0.01417     	0.0001601   	0.0002617   	0.000165    
2260        	10          	0.0118      	0.0001438   	0.0005099   	0.0002572   
2265        	10          	0.007803    	0.0001616   	0.0002805   	6.066e-05   
2270        	10          	0.007469    	6.403e-05   	0.0007131   	0.0001478   
2275        	10          	0.003267    	0.0001353   	0.0002371   	9.838e-05   
2280        	10          	0.007892    	0.000194    	0.0002145   	0.0001576   
2285        	10          	0.01243     	4.523e-05   	0.0001144   	0.0001068   
2290        	10          	0.005722    	7.347e-05   	0.0002105   	0.0001395   
2295        	10          	0.01696     	0.0001874   	0.0003911   	0.0001357   
2300        	10          	0.009378    	0.0002695   	0.0003866   	0.0001127   
2305        	10          	0.01139     	0.0001456   	0.0003459   	6.44e-05    
2310        	10          	0.02        	0.0001802   	0.0004358   	0.0001278   
2315        	10          	0.01112     	6.825e-05   	0.000283    	0.0001303   
2320        	10          	0.01412     	6.061e-05   	0.0002866   	4.048e-05   
2325        	10          	0.012       	0.0001491   	0.0003999   	0.00013     
2330        	10          	0.008222    	0.0001073   	0.0003852   	0.0001737   
2335        	10          	0.009581    	0.000105    	0.0003188   	0.0001338   
2340        	10          	0.01072     	7.45e-05    	0.0004642   	0.000105    
2345        	10          	0.01556     	0.0001284   	0.0004724   	0.0001492   
2350        	10          	0.006944    	0.0001451   	0.000449    	0.0002318   
2355        	10          	0.01178     	0.0001805   	0.0002559   	0.0001443   
2360        	10          	0.007544    	0.000135    	0.000286    	8.582e-05   
2365        	10          	0.008069    	7.82e-05    	0.0001817   	8.802e-05   
2370        	10          	0.005458    	5.253e-05   	0.0003201   	6.649e-05   
2375        	10          	0.009733    	0.000157    	0.0002265   	0.0002633   
2380        	10          	0.01078     	7.221e-05   	0.0003954   	6.898e-05   
2385        	10          	0.009567    	0.0002129   	0.0004611   	0.0001971   
2390        	10          	0.005058    	0.0001597   	0.0001599   	0.000131    
2395        	10          	0.01117     	9.624e-05   	0.0001517   	9.629e-05   
2400        	10          	0.007414    	6.087e-05   	0.0005347   	0.0002152   
2405        	10          	0.01577     	7.079e-05   	0.0002832   	0.0001607   
2410        	10          	0.01693     	0.0001448   	0.0002979   	0.0001833   
2415        	10          	0.024       	0.0001669   	0.0001967   	6.978e-05   
2420        	10          	0.01707     	8.185e-05   	0.0002148   	0.0001229   
2425        	10          	0.01241     	0.0002165   	4.849e-05   	0.0001273   
2430        	10          	0.01366     	0.0003183   	0.0001109   	5.459e-05   
2435        	10          	0.01439     	0.0002273   	0.0002271   	0.000111    
2440        	10          	0.01434     	8.215e-05   	0.0004256   	0.0002496   
2445        	10          	0.02293     	0.0001188   	0.0004704   	0.0001657   
2450        	10          	0.02054     	7.149e-05   	0.0003325   	0.0002363   
2455        	10          	0.02313     	0.0001489   	0.000504    	0.0002419   
2460        	10          	0.01621     	0.0002576   	0.000188    	0.0001371   
2465        	10          	0.02007     	0.0001075   	0.0004481   	8.998e-05   
2470        	10          	0.01551     	0.0005749   	0.0005669   	8.324e-05   
2475        	10          	0.01878     	0.0002139   	0.0004319   	0.0001126   
2480        	10          	0.01568     	5.967e-05   	0.0002878   	0.0002582   
2485        	10          	0.02346     	0.0001198   	0.0001297   	9.864e-05   
2490        	10          	0.0195      	0.0001955   	0.0003409   	0.0002164   
2495        	10          	0.02701     	0.0002293   	0.0002388   	9.824e-05   
2500        	10          	0.01879     	0.0001284   	0.000296    	0.0001358   
2505        	10          	0.0319      	9.387e-05   	0.0002846   	0.0001497   
2510        	10          	0.01311     	0.000107    	0.0004625   	0.0001585   
2515        	10          	0.01267     	0.0001593   	0.0001933   	0.0002125   
2520        	10          	0.01803     	0.0001155   	0.0005557   	0.000169    
2525        	10          	0.0169      	0.0002023   	0.0002602   	0.0001138   
2530        	10          	0.01843     	0.0002713   	0.0009171   	0.0001247   
2535        	10          	0.02858     	0.0002002   	0.0002476   	0.0002199   
2540        	10          	0.02772     	6.005e-05   	0.0004752   	0.0001734   
2545        	10          	0.03975     	0.000102    	0.0005504   	0.0001073   
2550        	10          	0.0339      	2.851e-05   	0.0005302   	0.0002154   
2555        	10          	0.02754     	0.0002674   	0.0003925   	0.0004903   
2560        	10          	0.02378     	0.0001624   	0.0002679   	3.774e-05   
2565        	10          	0.03771     	0.0001676   	0.0005476   	0.0001836   
2570        	10          	0.042       	8.453e-05   	0.0003753   	0.0003501   
2575        	10          	0.06253     	0.0001785   	0.001029    	0.000149    
2580        	10          	0.04279     	0.0002611   	0.0007453   	0.0002012   
2585        	10          	0.04074     	5.7e-05     	0.0006767   	0.000149    
2590        	10          	0.03325     	0.0001819   	0.0007648   	0.0001553   
2595        	10          	0.02401     	9.954e-05   	0.0006827   	9.675e-05   
2600        	10          	0.02168     	0.0003202   	0.0005255   	6.673e-05   
2605        	10          	0.02784     	0.000121    	0.0002503   	9.386e-05   
2610        	10          	0.02046     	0.0001835   	0.0003893   	0.000107    
2615        	10          	0.02601     	0.0001064   	0.0004039   	0.000281    
2620        	10          	0.02756     	7.974e-05   	0.0002543   	0.0001328   
2625        	10          	0.02151     	0.0002268   	0.0002753   	0.0002727   
2630        	10          	0.03575     	0.0001186   	0.0004379   	0.0001069   
2635        	10          	0.0391      	2.983e-05   	0.0002487   	3.584e-05   
2640        	10          	0.03829     	0.0002076   	0.0005361   	0.0001107   
2645        	10          	0.03067     	0.0002086   	0.0001817   	0.000121    
2650        	10          	0.03661     	0.0001699   	0.0001679   	0.0001565   
2655        	10          	0.02001     	0.0002194   	0.0002185   	0.0001027   
2660        	10          	0.0161      	0.0001114   	0.0003696   	0.0002027   
2665        	10          	0.01595     	0.0001873   	0.0002115   	0.0001279   
2670        	10          	0.017       	0.0002764   	0.0002624   	0.0003222   
2675        	10          	0.0209      	0.0001843   	0.0006586   	0.0001959   
2680        	10          	0.02167     	0.0001241   	0.0002295   	0.0001925   
2685        	10          	0.03751     	0.000196    	0.0004116   	0.0001723   
2690        	10          	0.04214     	5.086e-05   	0.000237    	0.0001401   
2695        	10          	0.03718     	0.0001404   	0.0001862   	0.0001306   
2700        	10          	0.03006     	0.0001861   	0.0006774   	0.0002941   
2705        	10          	0.02352     	9.094e-05   	0.0001324   	0.0002444   
2710        	10          	0.01741     	2.297e-05   	7.317e-05   	0.0001833   
2715        	10          	0.02703     	0.0001713   	0.0009223   	0.0001697   
2720        	10          	0.02143     	9.063e-05   	0.0006346   	0.0002611   
2725        	10          	0.01957     	8.76e-05    	0.0004964   	9.387e-05   
2730        	10          	0.01628     	0.0001949   	0.0002167   	3.994e-05   
2735        	10          	0.01274     	0.0005951   	0.0005748   	3.893e-05   
2740        	10          	0.01656     	0.0002377   	0.0001431   	0.0001461   
2745        	10          	0.01907     	0.0002394   	0.0001885   	7.963e-05   
2750        	10          	0.0311      	0.0001033   	0.0001558   	0.0001924   
2755        	10          	0.01773     	7.885e-05   	0.0003687   	5.723e-05   
2760        	10          	0.0269      	0.0001354   	0.0004651   	0.0001184   
2765        	10          	0.02668     	0.0003448   	0.000255    	9.566e-05   
2770        	10          	0.02447     	0.000111    	0.0003152   	0.0001634   
2775        	10          	0.02828     	0.0001633   	0.0004525   	0.000156    
2780        	10          	0.02061     	0.0001785   	0.0006772   	0.0002181   
2785        	10          	0.0158      	6.342e-05   	0.0002686   	0.0001756   
2790        	10          	0.02656     	7.81e-05    	0.0001388   	0.0001805   
2795        	10          	0.01556     	0.0001116   	0.0003907   	0.0002462   
2800        	10          	0.01801     	0.0001261   	0.0003907   	0.0001077   
2805        	10          	0.02628     	0.000198    	0.0005315   	8.178e-05   
2810        	10          	0.02358     	0.0001776   	7.451e-05   	0.000108    
2815        	10          	0.01406     	0.0001027   	0.000283    	6.353e-05   
2820        	10          	0.01806     	0.0001147   	0.000205    	0.0001048   
2825        	10          	0.01445     	7.296e-05   	0.0002757   	3.006e-05   
2830        	10          	0.01196     	0.0003363   	0.0004582   	0.000218    
2835        	10          	0.01532     	0.0001989   	0.0006766   	0.0002981   
2840        	10          	0.01501     	0.0001018   	0.0004321   	5.144e-05   
2845        	10          	0.01047     	0.0001202   	0.0003455   	0.0001188   
2850        	10          	0.01302     	9.922e-05   	0.0001987   	0.00013     
2855        	10          	0.01439     	0.0001224   	0.0003075   	6.617e-05   
2860        	10          	0.01271     	0.0001493   	0.0005899   	0.0001649   
2865        	10          	0.01086     	0.0001692   	0.0004543   	0.0001584   
2870        	10          	0.009622    	0.0001811   	0.0004307   	0.0002544   
2875        	10          	0.0145      	0.0001101   	0.0007414   	0.0001778   
2880        	10          	0.005125    	8.804e-05   	0.0002156   	0.0001394   
2885        	10          	0.01327     	0.0001445   	0.0003255   	2.004e-05   
2890        	10          	0.01122     	0.0001248   	0.0003345   	0.0001022   
2895        	10          	0.008347    	9.01e-05    	0.0003462   	0.0001635   
2900        	10          	0.008011    	0.0001305   	0.0001946   	0.0001657   
2905        	10          	0.009614    	0.0001362   	0.0003021   	0.0001389   
2910        	10          	0.004225    	0.0002174   	0.0003578   	0.0001506   
2915        	10          	0.008233    	0.0001469   	0.00015     	0.0001226   
2920        	10          	0.01435     	0.0001888   	0.0004934   	0.0001578   
2925        	10          	0.01582     	0.0001536   	0.0002092   	0.0001235   
2930        	10          	0.01323     	0.0001908   	0.0004719   	0.0001883   
2935        	10          	0.01361     	0.0003884   	0.0005617   	0.0002285   
2940        	10          	0.01114     	0.0001601   	0.0002334   	0.0001255   
2945        	10          	0.01747     	0.0001345   	0.0004011   	8.602e-05   
2950        	10          	0.02734     	0.0001577   	0.0003676   	0.0001073   
2955        	10          	0.02817     	0.0001116   	0.0001744   	0.0002058   
2960        	10          	0.02104     	8.722e-05   	0.0001611   	0.0001715   
2965        	10          	0.02828     	0.0001157   	0.0001693   	4.409e-05   
2970        	10          	0.01641     	8.137e-05   	0.000286    	0.0002251   
2975        	10          	0.01821     	0.0001287   	0.0002153   	4.935e-05   
2980        	10          	0.01889     	6.41e-05    	0.0003913   	0.0001509   
2985        	10          	0.0174      	7.212e-05   	0.0005844   	7.888e-05   
2990        	10          	0.0193      	0.0001835   	0.0005552   	0.0001315   
2995        	10          	0.02384     	0.0002058   	0.0004126   	0.0003131   
3000        	10          	0.019       	0.0002195   	0.00059     	0.0002554   
3005        	10          	0.02617     	4.743e-05   	0.0002587   	0.0001436   
3010        	10          	0.03908     	0.0001514   	0.000567    	0.0002448   
3015        	10          	0.02194     	0.0001001   	0.0005776   	0.0004496   
3020        	10          	0.02172     	0.0001034   	0.0004024   	0.0002879   
3025        	10          	0.04101     	0.0004786   	0.0003525   	0.0001507   
3030        	10          	0.03606     	3.506e-05   	0.0003598   	0.0001008   
3035        	10          	0.02918     	0.0001895   	0.0009245   	0.0001084   
3040        	10          	0.0345      	0.0003287   	0.0007202   	7.957e-05   
3045        	10          	0.0289      	0.0001087   	0.0005243   	0.0003044   
3050        	10          	0.02717     	0.0001174   	0.0004863   	0.00033     
3055        	10          	0.03143     	0.0001545   	0.0004108   	8.684e-05   
3060        	10          	0.0295      	0.000212    	0.0008116   	0.0003017   
3065        	10          	0.02289     	0.000109    	0.0001527   	0.0001187   
3070        	10          	0.03491     	0.000377    	0.000387    	0.0001943   
3075        	10          	0.02551     	0.000164    	0.0004536   	0.0002411   
3080        	10          	0.03021     	2.509e-05   	0.0002956   	0.0001846   
3085        	10          	0.0348      	0.0001611   	0.0003189   	8.824e-05   
3090        	10          	0.0359      	0.0002056   	0.0003874   	0.0002406   
3095        	10          	0.03497     	0.0001016   	0.0002444   	8.327e-05   
3100        	10          	0.03068     	0.0001621   	0.0004546   	0.0001786   
3105        	10          	0.03374     	9.672e-05   	0.0008423   	0.0001421   
3110        	10          	0.0279      	0.000332    	0.0005101   	0.0001729   
3115        	10          	0.02173     	0.000129    	0.000438    	0.0001341   
3120        	10          	0.02907     	0.0002959   	0.0003874   	0.0001477   
3125        	10          	0.0333      	0.0001032   	0.0003274   	0.000111    
3130        	10          	0.0298      	0.0001404   	0.0004501   	0.0001757   
3135        	10          	0.02964     	1.641e-05   	0.0003105   	0.0001508   
3140        	10          	0.03473     	0.0001475   	0.0003742   	0.0002084   
3145        	10          	0.02854     	0.0003179   	0.0003237   	0.0001199   
3150        	10          	0.03054     	0.000134    	0.0003556   	0.0001186   
3155        	10          	0.02991     	0.00019     	0.0002447   	0.0001167   
3160        	10          	0.0291      	9.817e-05   	0.0004169   	5.003e-05   
3165        	10          	0.03662     	6.051e-05   	0.0002667   	0.0001924   
3170        	10          	0.0198      	7.966e-05   	0.0001122   	6.133e-05   
3175        	10          	0.02186     	0.0001262   	0.0002374   	0.0002309   
3180        	10          	0.02411     	0.0003012   	0.0006234   	0.0002577   
3185        	10          	0.01835     	8.377e-05   	0.000412    	0.0001754   
3190        	10          	0.02629     	9.437e-05   	0.0001649   	9.191e-05   
3195        	10          	0.03172     	0.0003121   	0.0004389   	0.0001125   
3200        	10          	0.02791     	0.0001574   	0.0004633   	0.0003364   
3205        	10          	0.0146      	0.0003212   	0.0001564   	0.0001105   
3210        	10          	0.01196     	0.0001023   	0.0003134   	6.423e-05   
3215        	10          	0.01373     	0.000118    	0.0006586   	0.0001455   
3220        	10          	0.01907     	0.0001747   	0.0001049   	0.0001607   
3225        	10          	0.02125     	6.404e-05   	0.0001512   	0.0001434   
3230        	10          	0.02379     	5.405e-05   	0.0003615   	0.0002351   
3235        	10          	0.0214      	4.049e-05   	0.0002919   	0.0002975   
3240        	10          	0.04029     	0.000117    	0.0002674   	0.0001644   
3245        	10          	0.0496      	0.000274    	8.27e-05    	0.0001154   
3250        	10          	0.03854     	0.0002425   	0.0001942   	5.367e-05   
3255        	10          	0.04436     	0.0001058   	0.0005355   	8.98e-05    
3260        	10          	0.04406     	0.0005056   	0.001693    	0.0002844   
3265        	10          	0.04562     	0.0003699   	0.0004706   	5.687e-05   
3270        	10          	0.03918     	0.0001039   	0.0001459   	8.734e-05   
3275        	10          	0.05027     	0.0001932   	0.0001686   	0.0001771   
3280        	10          	0.03462     	0.0001892   	0.0001837   	2.79e-05    
3285        	10          	0.04514     	0.0002884   	0.0001285   	0.0001681   
3290        	10          	0.04367     	7.884e-05   	0.0004666   	0.0002853   
3295        	10          	0.03129     	0.0001207   	0.000457    	2.63e-05    
3300        	10          	0.03273     	0.0001466   	0.0006581   	9.962e-05   
3305        	10          	0.02607     	0.00014     	0.0006801   	0.0003096   
3310        	10          	0.02401     	0.000124    	0.0003574   	3.238e-05   
3315        	10          	0.02267     	0.0001244   	0.0001222   	0.0001187   
3320        	10          	0.01286     	8.289e-05   	0.0005386   	0.0001424   
3325        	10          	0.01779     	7.362e-05   	0.0002532   	0.0001213   
3330        	10          	0.01343     	0.0001275   	0.0003693   	0.0002164   
3335        	10          	0.01021     	0.0001442   	0.0001536   	0.000168    
3340        	10          	0.01345     	0.0003424   	0.0002696   	5.057e-05   
3345        	10          	0.01241     	0.0002504   	0.0005508   	0.0001525   
3350        	10          	0.01229     	0.0002734   	0.0003785   	7.467e-05   
3355        	10          	0.01301     	0.0001457   	0.0004094   	7.571e-05   
3360        	10          	0.006767    	6.405e-05   	0.0002251   	0.0001313   
3365        	10          	0.01006     	0.0001344   	0.0001597   	0.0001415   
3370        	10          	0.008858    	0.0002433   	6.045e-05   	8.195e-05   
3375        	10          	0.01112     	0.000108    	0.0005487   	0.0001751   
3380        	10          	0.01203     	8.263e-05   	0.0001162   	8.655e-05   
3385        	10          	0.01032     	0.0001899   	0.0002764   	0.000178    
3390        	10          	0.01671     	7.247e-05   	0.000456    	0.0002286   
3395        	10          	0.01549     	9.455e-05   	0.000633    	8.932e-05   
3400        	10          	0.02143     	0.0001164   	0.0005059   	0.0001178   
3405        	10          	0.02622     	6.661e-05   	0.0001282   	0.0001205   
3410        	10          	0.02485     	0.0001372   	0.0001404   	3.821e-05   
3415        	10          	0.0219      	6.679e-05   	0.0002066   	0.0001938   
3420        	10          	0.03696     	0.0002124   	0.0004261   	0.0001051   
3425        	10          	0.03497     	6.86e-05    	0.0004916   	0.0001846   
3430        	10          	0.04139     	9.099e-05   	0.0001519   	0.0001516   
3435        	10          	0.02832     	0.0001073   	0.0004358   	8.833e-05   
3440        	10          	0.0368      	7.599e-05   	0.0003062   	8.347e-05   
3445        	10          	0.01934     	0.0001758   	0.0002241   	0.0002054   
3450        	10          	0.04052     	0.000229    	0.0004844   	0.0001958   
3455        	10          	0.03451     	0.0004503   	0.0006991   	7.409e-05   
3460        	10          	0.02823     	0.0001102   	0.0003721   	0.0001924   
3465        	10          	0.03177     	7.168e-05   	0.000567    	0.0001205   
3470        	10          	0.02336     	0.000105    	0.0003702   	0.0001821   
3475        	10          	0.0298      	6.081e-05   	0.0002423   	0.0001371   
3480        	10          	0.03888     	0.000103    	0.0001253   	0.000135    
3485        	10          	0.02129     	5.139e-05   	0.0002235   	0.0001263   
3490        	10          	0.01373     	0.0001148   	7.763e-05   	0.0001365   
3495        	10          	0.01034     	0.0001708   	0.000181    	0.0001701   
3500        	10          	0.0143      	0.0001812   	0.0003339   	0.0001478   
3505        	10          	0.02004     	7.142e-05   	0.0003243   	0.0002107   
3510        	10          	0.01251     	2.828e-05   	0.0004296   	0.0002648   
3515        	10          	0.01439     	0.0001436   	0.0006725   	0.000162    
3520        	10          	0.02469     	0.0002811   	0.0005878   	0.0001006   
3525        	10          	0.03025     	0.0001359   	0.0001527   	0.0001843   
3530        	10          	0.02285     	0.000121    	0.0002001   	0.0001561   
3535        	10          	0.02038     	9.877e-05   	0.000128    	0.0001523   
3540        	10          	0.02043     	9.74e-05    	0.0003535   	0.0001236   
3545        	10          	0.01385     	0.000213    	0.0002763   	0.0001458   
3550        	10          	0.03117     	8.292e-05   	0.0003841   	8.68e-05    
3555        	10          	0.02554     	9.129e-05   	0.0003033   	8.579e-05   
3560        	10          	0.02372     	9.259e-05   	0.0001272   	0.0001344   
3565        	10          	0.0234      	0.000163    	0.0003081   	0.0001365   
3570        	10          	0.01722     	7.706e-05   	7.185e-05   	6.392e-05   
3575        	10          	0.02173     	0.0001919   	0.0002628   	0.0001627   
3580        	10          	0.01706     	0.0001628   	0.000199    	8.063e-05   
3585        	10          	0.01785     	0.000175    	0.0001909   	0.0001015   
3590        	10          	0.01503     	0.0002578   	0.0003326   	5.925e-05   
3595        	10          	0.01444     	0.0001306   	0.0007922   	0.0002077   
3600        	10          	0.01925     	0.0001431   	0.0001523   	0.0001765   
3605        	10          	0.02516     	0.0002115   	0.0006051   	0.0001603   
3610        	10          	0.01171     	0.0004209   	0.0001919   	0.0001093   
3615        	10          	0.02478     	0.0003238   	4.822e-05   	0.0001418   
3620        	10          	0.01562     	0.0001096   	0.0001369   	0.0001758   
3625        	10          	0.008444    	0.0002273   	0.0005519   	0.0002125   
3630        	10          	0.01496     	0.0001158   	0.0004806   	4.603e-05   
3635        	10          	0.01378     	0.00017     	0.0001835   	9.229e-05   
3640        	10          	0.01261     	0.0002011   	0.0002531   	0.0002277   
3645        	10          	0.01428     	6.876e-05   	0.000339    	0.0001692   
3650        	10          	0.02153     	0.000161    	0.0003007   	9.581e-05   
3655        	10          	0.0238      	0.0004619   	0.0003033   	2.875e-05   
3660        	10          	0.01708     	2.228e-05   	0.0001945   	9.122e-05   
3665        	10          	0.01512     	5.62e-05    	0.0001095   	0.0001036   
3670        	10          	0.01407     	8.439e-05   	0.0003142   	8.648e-05   
3675        	10          	0.01914     	0.0001196   	0.0003179   	0.0002036   
3680        	10          	0.0214      	0.0002472   	0.0004684   	4.838e-05   
3685        	10          	0.01017     	5.012e-05   	0.0003842   	0.0001318   
3690        	10          	0.01691     	7.329e-05   	0.0001324   	3.403e-05   
3695        	10          	0.01889     	5.771e-05   	0.0004224   	0.000279    
3700        	10          	0.01788     	0.0001455   	0.0003248   	2.577e-05   
3705        	10          	0.01796     	0.0001634   	0.0005049   	8.006e-05   
3710        	10          	0.02734     	0.0002409   	0.0002608   	7.809e-05   
3715        	10          	0.02234     	0.0002309   	0.0004735   	0.0001831   
3720        	10          	0.02328     	0.0001865   	0.0004442   	0.0001821   
3725        	10          	0.02107     	0.0001484   	0.0002339   	0.0001551   
3730        	10          	0.01821     	0.0002666   	0.0002536   	0.0001486   
3735        	10          	0.01564     	6.185e-05   	0.0001266   	6.085e-05   
3740        	10          	0.0145      	6.655e-05   	0.0006055   	0.0003396   
3745        	10          	0.01373     	0.0001097   	7.064e-05   	0.0001798   
3750        	10          	0.01588     	0.0001329   	0.0001634   	0.0001629   
3755        	10          	0.01404     	5.545e-05   	0.0004586   	0.0001082   
3760        	10          	0.02407     	0.0002009   	0.0001984   	9.988e-05   
3765        	10          	0.01272     	7.104e-05   	0.0003      	0.0001574   
3770        	10          	0.01568     	0.0004117   	0.0001953   	8.05e-05    
3775        	10          	0.007347    	0.0002566   	0.0005057   	0.0001067   
3780        	10          	0.01323     	7.226e-05   	0.0005225   	0.0001491   
3785        	10          	0.01712     	7.884e-05   	0.0002429   	0.0001792   
3790        	10          	0.03345     	0.0001916   	0.0003296   	0.0001207   
3795        	10          	0.01739     	0.0001115   	0.0001155   	0.0001526   
3800        	10          	0.01132     	0.0001992   	0.0001334   	0.0001069   
3805        	10          	0.01607     	7.893e-05   	0.0003697   	8.445e-05   
3810        	10          	0.01766     	0.0003705   	0.000365    	0.000261    
3815        	10          	0.01956     	0.0001348   	0.000198    	0.0001193   
3820        	10          	0.02466     	0.0002287   	9.996e-05   	3.914e-05   
3825        	10          	0.01807     	0.0001338   	0.0003097   	0.0001998   
3830        	10          	0.01536     	9.23e-05    	0.0005488   	0.0001058   
3835        	10          	0.01367     	4.15e-05    	0.0001615   	4.841e-05   
3840        	10          	0.01458     	0.0001799   	0.0002687   	4.771e-05   
3845        	10          	0.01291     	0.0002206   	0.001248    	0.0001381   
3850        	10          	0.01077     	3.876e-05   	0.0006132   	0.0002628   
3855        	10          	0.01017     	0.0001668   	0.0004618   	9.109e-05   
3860        	10          	0.01723     	9.086e-05   	0.0006353   	0.0003166   
3865        	10          	0.02017     	0.0001291   	0.0001374   	0.0002516   
3870        	10          	0.0219      	0.0001464   	0.0004109   	9.849e-05   
3875        	10          	0.02017     	0.0001455   	0.0004247   	9.897e-05   
3880        	10          	0.02351     	6.896e-05   	0.000223    	6.401e-05   
3885        	10          	0.02751     	7.29e-05    	0.0004984   	7.926e-05   
3890        	10          	0.02153     	0.0001444   	0.0004751   	0.0001704   
3895        	10          	0.01777     	0.0002644   	0.0005461   	0.0001998   
3900        	10          	0.02627     	7.105e-05   	0.0002832   	6.048e-05   
3905        	10          	0.02446     	7.815e-05   	0.0002208   	0.0002727   
3910        	10          	0.03701     	7.999e-05   	0.0002168   	0.0001588   
3915        	10          	0.03        	6.115e-05   	0.0002067   	0.000121    
3920        	10          	0.03151     	0.0004399   	0.000396    	0.000121    
3925        	10          	0.02541     	5.172e-05   	0.0001639   	8.484e-05   
3930        	10          	0.03406     	0.0001501   	0.000384    	0.0002386   
3935        	10          	0.02008     	7.934e-05   	0.0002261   	9.794e-05   
3940        	10          	0.02382     	0.0001024   	0.0005226   	0.0001204   
3945        	10          	0.02889     	3.962e-05   	0.0004428   	0.0001714   
3950        	10          	0.02168     	0.0002785   	0.0006679   	0.0003231   
3955        	10          	0.02172     	0.0001415   	0.0002526   	0.0001024   
3960        	10          	0.02886     	0.0001242   	0.000469    	0.0001569   
3965        	10          	0.03601     	8.173e-05   	0.0003223   	6.142e-05   
3970        	10          	0.02111     	0.0001704   	0.0004512   	0.00014     
3975        	10          	0.03389     	0.000277    	0.0002476   	0.0002655   
3980        	10          	0.02744     	0.0001835   	0.0004551   	7.162e-05   
3985        	10          	0.02944     	0.0002866   	0.0002994   	0.0001495   
3990        	10          	0.03401     	0.0001474   	0.0002441   	0.0002233   
3995        	10          	0.03697     	0.0001748   	0.0004206   	0.0003023   
4000        	10          	0.02257     	0.0001367   	0.000327    	0.0001863   
4005        	10          	0.02094     	0.0001963   	0.0004218   	7.935e-05   
4010        	10          	0.02429     	0.0005205   	0.0001999   	4.812e-05   
4015        	10          	0.02354     	0.0001976   	0.0005601   	0.000107    
4020        	10          	0.01885     	0.000679    	0.0001746   	0.0001074   
4025        	10          	0.0215      	0.001093    	0.000941    	0.0002537   
4030        	10          	0.02586     	0.0007525   	0.0014      	0.0005727   
4035        	10          	0.01983     	0.0003671   	0.001452    	0.0004119   
4040        	10          	0.02032     	0.001822    	0.002622    	0.002196    
4045        	10          	0.02579     	0.001413    	0.002664    	0.001275    
4050        	10          	0.02166     	0.001474    	0.003039    	0.00144     
4055        	10          	0.02535     	0.001444    	0.002383    	0.002968    
4060        	10          	0.01136     	0.002978    	0.00348     	0.002151    
4065        	10          	0.02443     	0.001836    	0.002934    	0.002757    
4070        	10          	0.02572     	0.004061    	0.003628    	0.003996    
4075        	10          	0.01968     	0.001928    	0.002284    	0.002078    
4080        	10          	0.01639     	0.00368     	0.002552    	0.003584    
4085        	10          	0.01408     	0.003372    	0.002306    	0.002947    
4090        	10          	0.01578     	0.003289    	0.003141    	0.003379    
4095        	10          	0.01145     	0.003136    	0.002452    	0.0015      
4100        	10          	0.01262     	0.003146    	0.002978    	0.001571    
4105        	10          	0.009136    	0.002422    	0.001255    	0.001861    
4110        	10          	0.01596     	0.002388    	0.002014    	0.002146    
4115        	10          	0.01389     	0.002549    	0.0007222   	0.001062    
4120        	10          	0.01534     	0.002172    	0.001965    	0.002077    
4125        	10          	0.0189      	0.002682    	0.003956    	0.00439     
4130        	10          	0.01022     	0.003196    	0.002938    	0.001654    
4135        	10          	0.01818     	0.002602    	0.003515    	0.004359    
4140        	10          	0.01782     	0.002624    	0.003175    	0.00294     
4145        	10          	0.02077     	0.002652    	0.004194    	0.0048      
4150        	10          	0.02151     	0.004003    	0.004237    	0.004869    
4155        	10          	0.01311     	0.003576    	0.003824    	0.006117    
4160        	10          	0.01717     	0.005357    	0.003712    	0.004042    
4165        	10          	0.01644     	0.006005    	0.003651    	0.008048    
4170        	10          	0.01417     	0.005832    	0.004678    	0.008974    
4175        	10          	0.01162     	0.006968    	0.003935    	0.006768    
4180        	10          	0.01901     	0.006389    	0.005146    	0.006012    
4185        	10          	0.01847     	0.006543    	0.003063    	0.005087    
4190        	10          	0.01134     	0.006191    	0.004234    	0.003801    
4195        	10          	0.01173     	0.006852    	0.005304    	0.00385     
4200        	10          	0.006611    	0.008131    	0.00617     	0.004381    
4205        	10          	0.0066      	0.007504    	0.007297    	0.005293    
4210        	10          	0.004567    	0.008591    	0.006434    	0.005897    
4215        	10          	0.0064      	0.00869     	0.007844    	0.004844    
4220        	10          	0.01039     	0.008396    	0.008386    	0.004919    
4225        	10          	0.003178    	0.007379    	0.01111     	0.003913    
4230        	10          	0.003944    	0.006186    	0.005817    	0.004937    
4235        	10          	0.007792    	0.007991    	0.005843    	0.006093    
4240        	10          	0.007336    	0.006504    	0.007393    	0.004719    
4245        	10          	0.005822    	0.006135    	0.007197    	0.0058      
4250        	10          	0.004933    	0.007417    	0.006857    	0.00692     
4255        	10          	0.008878    	0.008178    	0.01037     	0.005883    
4260        	10          	0.005044    	0.01013     	0.01038     	0.005586    
4265        	10          	0.0069      	0.009539    	0.01089     	0.004357    
4270        	10          	0.005525    	0.01053     	0.01029     	0.002908    
4275        	10          	0.004003    	0.01283     	0.009332    	0.002899    
4280        	10          	0.007003    	0.007794    	0.00619     	0.002213    
4285        	10          	0.004225    	0.006451    	0.007531    	0.003473    
4290        	10          	0.004958    	0.006823    	0.0089      	0.003072    
4295        	10          	0.003281    	0.004625    	0.007085    	0.002539    
4300        	10          	0.005447    	0.004525    	0.008421    	0.00344     
4305        	10          	0.007711    	0.005563    	0.00708     	0.006377    
4310        	10          	0.002622    	0.00446     	0.005911    	0.004234    
4315        	10          	0.009192    	0.004835    	0.006338    	0.00721     
4320        	10          	0.009011    	0.005866    	0.005958    	0.005515    
4325        	10          	0.007878    	0.006495    	0.004364    	0.007358    
4330        	10          	0.008336    	0.009656    	0.008083    	0.006755    
4335        	10          	0.005722    	0.008054    	0.006263    	0.005843    
4340        	10          	0.003858    	0.006773    	0.004743    	0.005774    
4345        	10          	0.005858    	0.005227    	0.004581    	0.004527    
4350        	10          	0.007678    	0.004974    	0.005188    	0.004781    
4355        	10          	0.006303    	0.004565    	0.004118    	0.004374    
4360        	10          	0.003392    	0.004071    	0.003092    	0.004309    
4365        	10          	0.008056    	0.004169    	0.002951    	0.004029    
4370        	10          	0.007281    	0.005438    	0.003748    	0.004922    
4375        	10          	0.01258     	0.004263    	0.00372     	0.003616    
4380        	10          	0.008469    	0.004713    	0.003334    	0.004139    
4385        	10          	0.007878    	0.005896    	0.003885    	0.003398    
4390        	10          	0.007333    	0.006641    	0.00449     	0.004576    
4395        	10          	0.006803    	0.005647    	0.003863    	0.004178    
4400        	10          	0.01001     	0.00552     	0.003347    	0.004958    
4405        	10          	0.007389    	0.004713    	0.002215    	0.002717    
4410        	10          	0.007122    	0.003969    	0.002871    	0.003583    
4415        	10          	0.007767    	0.004435    	0.002995    	0.003123    
4420        	10          	0.01361     	0.004292    	0.002462    	0.005301    
4425        	10          	0.01136     	0.004534    	0.004108    	0.005177    
4430        	10          	0.009458    	0.0042      	0.003739    	0.005552    
4435        	10          	0.008056    	0.003414    	0.003533    	0.004272    
4440        	10          	0.0143      	0.002781    	0.002861    	0.004456    
4445        	10          	0.01106     	0.003084    	0.004685    	0.004055    
4450        	10          	0.007044    	0.002649    	0.003535    	0.00545     
4455        	10          	0.005989    	0.003099    	0.002708    	0.005117    
4460        	10          	0.0085      	0.002453    	0.002872    	0.005118    
4465        	10          	0.003878    	0.002396    	0.002761    	0.003517    
4470        	10          	0.0045      	0.002429    	0.002202    	0.004655    
4475        	10          	0.01167     	0.001843    	0.002487    	0.003875    
4480        	10          	0.006458    	0.002015    	0.00234     	0.003679    
4485        	10          	0.007333    	0.00204     	0.002706    	0.003967    
4490        	10          	0.006281    	0.002427    	0.003061    	0.005756    
4495        	10          	0.004114    	0.002187    	0.002622    	0.005653    
4500        	10          	0.007322    	0.002206    	0.002922    	0.005945    
4505        	10          	0.004889    	0.002172    	0.003975    	0.005023    
4510        	10          	0.002669    	0.001734    	0.003279    	0.00452     
4515        	10          	0.004525    	0.00235     	0.003265    	0.005096    
4520        	10          	0.002233    	0.001985    	0.004138    	0.006113    
4525        	10          	0.003711    	0.002192    	0.004271    	0.004491    
4530        	10          	0.001558    	0.001656    	0.005105    	0.003374    
4535        	10          	0.002669    	0.00235     	0.005576    	0.005462    
4540        	10          	0.003656    	0.001749    	0.005489    	0.004378    
4545        	10          	0.003503    	0.002358    	0.006221    	0.006652    
4550        	10          	0.003014    	0.002225    	0.00747     	0.006015    
4555        	10          	0.003489    	0.002555    	0.006231    	0.007348    
4560        	10          	0.005289    	0.002484    	0.007676    	0.005636    
4565        	10          	0.002081    	0.00182     	0.007044    	0.006125    
4570        	10          	0.003156    	0.003514    	0.01073     	0.006858    
4575        	10          	0.002969    	0.002582    	0.0105      	0.008426    
4580        	10          	0.003847    	0.002668    	0.01091     	0.008259    
4585        	10          	0.006347    	0.002345    	0.01027     	0.006994    
4590        	10          	0.0026      	0.002225    	0.009976    	0.006901    
4595        	10          	0.004569    	0.002095    	0.009152    	0.005824    
4600        	10          	0.004969    	0.0023      	0.008064    	0.006665    
4605        	10          	0.005433    	0.002174    	0.01004     	0.005596    
4610        	10          	0.007725    	0.001438    	0.006604    	0.004218    
4615        	10          	0.01001     	0.001855    	0.005433    	0.005505    
4620        	10          	0.005711    	0.001983    	0.006101    	0.006536    
4625        	10          	0.006803    	0.001045    	0.005324    	0.006559    
4630        	10          	0.003514    	0.0009635   	0.005598    	0.006159    
4635        	10          	0.008181    	0.001859    	0.005209    	0.00647     
4640        	10          	0.008392    	0.001204    	0.005763    	0.005796    
4645        	10          	0.006969    	0.0006904   	0.003437    	0.004245    
4650        	10          	0.006544    	0.000543    	0.003027    	0.004185    
4655        	10          	0.003556    	0.0007485   	0.003921    	0.00548     
4660        	10          	0.006447    	0.0008183   	0.003249    	0.005267    
4665        	10          	0.004336    	0.0006976   	0.005333    	0.003811    
4670        	10          	0.004281    	0.0008798   	0.004557    	0.004172    
4675        	10          	0.003192    	0.0006622   	0.004735    	0.003531    
4680        	10          	0.01007     	0.0008623   	0.004391    	0.004408    
4685        	10          	0.005622    	0.000826    	0.0052      	0.005006    
4690        	10          	0.003958    	0.0007976   	0.004744    	0.004446    
4695        	10          	0.005503    	0.0006612   	0.005077    	0.0049      
4700        	10          	0.005914    	0.0009157   	0.006433    	0.004412    
4705        	10          	0.003169    	0.001023    	0.006427    	0.004931    
4710        	10          	0.003225    	0.001086    	0.005446    	0.004152    
4715        	10          	0.003358    	0.001182    	0.00656     	0.003914    
4720        	10          	0.006292    	0.001239    	0.003714    	0.003078    
4725        	10          	0.008511    	0.001274    	0.004853    	0.003613    
4730        	10          	0.006       	0.001675    	0.005012    	0.004799    
4735        	10          	0.01296     	0.001856    	0.005989    	0.005468    
4740        	10          	0.004692    	0.001332    	0.005018    	0.005197    
4745        	10          	0.01061     	0.001463    	0.004763    	0.006358    
4750        	10          	0.005544    	0.001582    	0.003959    	0.006142    
4755        	10          	0.003969    	0.001131    	0.003823    	0.005097    
4760        	10          	0.005914    	0.001586    	0.004419    	0.005864    
4765        	10          	0.004081    	0.001605    	0.003392    	0.005886    
4770        	10          	0.006803    	0.001288    	0.003719    	0.00458     
4775        	10          	0.006122    	0.001234    	0.002841    	0.003972    
4780        	10          	0.004344    	0.001154    	0.00251     	0.006118    
4785        	10          	0.004844    	0.001498    	0.002514    	0.00526     
4790        	10          	0.004347    	0.00226     	0.003761    	0.005068    
4795        	10          	0.008058    	0.002502    	0.003702    	0.006924    
4800        	10          	0.003669    	0.002257    	0.00349     	0.005503    
4805        	10          	0.005025    	0.001616    	0.003721    	0.003078    
4810        	10          	0.009378    	0.001475    	0.003408    	0.004061    
4815        	10          	0.006344    	0.001551    	0.003155    	0.003296    
4820        	10          	0.002414    	0.0009271   	0.001925    	0.002719    
4825        	10          	0.007511    	0.001882    	0.00187     	0.002292    
4830        	10          	0.004322    	0.001218    	0.001675    	0.002555    
4835        	10          	0.007767    	0.001346    	0.00189     	0.002572    
4840        	10          	0.006781    	0.001859    	0.002607    	0.003276    
4845        	10          	0.008403    	0.001858    	0.002325    	0.001657    
4850        	10          	0.006836    	0.001536    	0.001642    	0.00169     
4855        	10          	0.005692    	0.001726    	0.001394    	0.001473    
4860        	10          	0.003947    	0.001423    	0.002178    	0.00179     
4865        	10          	0.007358    	0.001492    	0.001836    	0.002268    
4870        	10          	0.007622    	0.001408    	0.001867    	0.001475    
4875        	10          	0.004233    	0.001247    	0.001518    	0.0007311   
4880        	10          	0.008414    	0.001908    	0.001769    	0.001193    
4885        	10          	0.005789    	0.002713    	0.001854    	0.001965    
4890        	10          	0.005747    	0.002454    	0.001695    	0.001851    
4895        	10          	0.008503    	0.002077    	0.002131    	0.001722    
4900        	10          	0.0051      	0.001697    	0.002834    	0.001463    
4905        	10          	0.0099      	0.002378    	0.002337    	0.001361    
4910        	10          	0.007044    	0.002181    	0.003206    	0.001116    
4915        	10          	0.009167    	0.002413    	0.003244    	0.001159    
4920        	10          	0.008525    	0.002093    	0.003451    	0.00149     
4925        	10          	0.01197     	0.001714    	0.002957    	0.0009375   
4930        	10          	0.005011    	0.002048    	0.003167    	0.001293    
4935        	10          	0.01004     	0.002528    	0.003398    	0.002112    
4940        	10          	0.007667    	0.002678    	0.003619    	0.002665    
4945        	10          	0.0105      	0.002936    	0.003918    	0.002636    
4950        	10          	0.007025    	0.002535    	0.00326     	0.002943    
4955        	10          	0.007344    	0.001835    	0.003396    	0.00284     
4960        	10          	0.01064     	0.002242    	0.003364    	0.00301     
4965        	10          	0.009889    	0.002011    	0.002213    	0.003012    
4970        	10          	0.003281    	0.001886    	0.002004    	0.003151    
4975        	10          	0.005247    	0.0021      	0.002217    	0.002313    
4980        	10          	0.002003    	0.001399    	0.001833    	0.001704    
4985        	10          	0.0039      	0.00205     	0.001959    	0.002877    
4990        	10          	0.002558    	0.002815    	0.001626    	0.00297     
4995        	10          	0.0019      	0.002615    	0.002319    	0.002821    
5000        	10          	0.005833    	0.002848    	0.002839    	0.002931    
