generation  	alive.rpl   	n.adlt.rs   	n.adlt.fst.wc_p1-2	n.adlt.fst.wc_p1-3	n.adlt.fst.wc_p2-3
5           	10          	18.73       	0.002681    	0.003566    	0.0023      
10          	10          	18.52       	0.003491    	0.006455    	0.003684    
15          	10          	18.41       	0.00334     	0.006673    	0.003736    
20          	10          	18.14       	0.004121    	0.007007    	0.004418    
25          	10          	18          	0.00377     	0.008158    	0.003145    
30          	10          	17.82       	0.004225    	0.009228    	0.004211    
35          	10          	17.64       	0.00347     	0.009172    	0.004156    
40          	10          	17.37       	0.00423     	0.01024     	0.004536    
45          	10          	17.23       	0.003519    	0.008793    	0.004048    
50          	10          	17.09       	0.004473    	0.008247    	0.003363    
55          	10          	16.92       	0.004072    	0.008042    	0.003912    
60          	10          	16.79       	0.003375    	0.009119    	0.003736    
65          	10          	16.53       	0.003611    	0.01043     	0.005033    
70          	10          	16.46       	0.005015    	0.01015     	0.00493     
75          	10          	16.29       	0.003732    	0.01003     	0.004694    
80          	10          	16.18       	0.003809    	0.01021     	0.004338    
85          	10          	15.95       	0.004342    	0.008784    	0.004092    
90          	10          	15.89       	0.003773    	0.009297    	0.003783    
95          	10          	15.58       	0.005908    	0.009746    	0.003915    
100         	10          	15.57       	0.003973    	0.00844     	0.003613    
105         	10          	15.35       	0.004532    	0.008367    	0.00464     
110         	10          	15.24       	0.005143    	0.01061     	0.00423     
115         	10          	15.22       	0.004087    	0.0101      	0.003728    
120         	10          	15.02       	0.005066    	0.01039     	0.004634    
125         	10          	14.77       	0.005499    	0.01035     	0.00558     
130         	10          	14.76       	0.003967    	0.009777    	0.00496     
135         	10          	14.65       	0.003793    	0.00914     	0.00496     
140         	10          	14.55       	0.00253     	0.008495    	0.004061    
145         	10          	14.41       	0.004551    	0.009114    	0.00488     
150         	10          	14.23       	0.004081    	0.009356    	0.004378    
155         	10          	14.15       	0.004489    	0.0105      	0.003543    
160         	10          	13.88       	0.006769    	0.01003     	0.006802    
165         	10          	13.92       	0.003184    	0.009976    	0.003751    
170         	10          	13.77       	0.003514    	0.00892     	0.002539    
175         	10          	13.59       	0.003733    	0.008775    	0.004043    
180         	10          	13.52       	0.004452    	0.007775    	0.00304     
185         	10          	13.38       	0.005267    	0.009802    	0.003728    
190         	10          	13.22       	0.004185    	0.009492    	0.004404    
195         	10          	13.24       	0.00575     	0.007634    	0.004014    
200         	10          	13.15       	0.0038      	0.009794    	0.00408     
205         	10          	13.09       	0.004029    	0.008695    	0.004912    
210         	10          	12.97       	0.004652    	0.0104      	0.004629    
215         	10          	12.79       	0.00413     	0.009116    	0.003071    
220         	10          	12.8        	0.004572    	0.009582    	0.003814    
225         	10          	12.68       	0.005515    	0.009845    	0.004511    
230         	10          	12.58       	0.005074    	0.01008     	0.004092    
235         	10          	12.6        	0.003535    	0.009093    	0.005708    
240         	10          	12.51       	0.004477    	0.009731    	0.004694    
245         	10          	12.46       	0.004564    	0.008052    	0.004417    
250         	10          	12.38       	0.002741    	0.007684    	0.004346    
255         	10          	12.37       	0.003324    	0.008729    	0.003763    
260         	10          	12.3        	0.003773    	0.009132    	0.00398     
265         	10          	12.22       	0.002579    	0.008689    	0.004345    
270         	10          	12.19       	0.002667    	0.007395    	0.003605    
275         	10          	12.13       	0.004697    	0.009891    	0.00356     
280         	10          	12.05       	0.004989    	0.008797    	0.00546     
285         	10          	11.96       	0.004564    	0.009333    	0.004067    
290         	10          	11.9        	0.004235    	0.008914    	0.002841    
295         	10          	11.84       	0.004287    	0.009289    	0.003288    
300         	10          	11.64       	0.004626    	0.009684    	0.003109    
305         	10          	11.57       	0.003798    	0.009484    	0.004355    
310         	10          	11.49       	0.004811    	0.009171    	0.004961    
315         	10          	11.52       	0.004139    	0.01082     	0.003976    
320         	10          	11.46       	0.005017    	0.009706    	0.003719    
325         	10          	11.4        	0.003666    	0.01022     	0.003728    
330         	10          	11.45       	0.003136    	0.008438    	0.002327    
335         	10          	11.32       	0.003979    	0.009438    	0.003738    
340         	10          	11.27       	0.003739    	0.009942    	0.004735    
345         	10          	11.32       	0.00364     	0.01103     	0.004094    
350         	10          	11.22       	0.003592    	0.009852    	0.001791    
355         	10          	11.1        	0.004313    	0.008668    	0.003379    
360         	10          	11.14       	0.004795    	0.008952    	0.006526    
365         	10          	11.11       	0.003035    	0.00734     	0.004345    
370         	10          	10.96       	0.00263     	0.006782    	0.003407    
375         	10          	10.89       	0.002785    	0.008946    	0.003512    
380         	10          	10.81       	0.004004    	0.0102      	0.004195    
385         	10          	10.77       	0.005299    	0.01041     	0.004487    
390         	10          	10.75       	0.004085    	0.009172    	0.004336    
395         	10          	10.7        	0.003884    	0.008425    	0.003644    
400         	10          	10.64       	0.004235    	0.01039     	0.005884    
405         	10          	10.54       	0.006382    	0.01098     	0.004998    
410         	10          	10.55       	0.004444    	0.008744    	0.004458    
415         	10          	10.48       	0.004012    	0.008604    	0.004967    
420         	10          	10.38       	0.003687    	0.009       	0.004321    
425         	10          	10.36       	0.005769    	0.01045     	0.00397     
430         	10          	10.45       	0.003344    	0.008763    	0.00381     
435         	10          	10.29       	0.003659    	0.008733    	0.004028    
440         	10          	10.24       	0.004869    	0.008922    	0.005645    
445         	10          	10.23       	0.00462     	0.008559    	0.003844    
450         	10          	10.22       	0.004961    	0.01014     	0.005872    
455         	10          	10.16       	0.003556    	0.007846    	0.005865    
460         	10          	10.11       	0.005972    	0.009884    	0.004884    
465         	10          	10.06       	0.005635    	0.009991    	0.003458    
470         	10          	10.07       	0.003903    	0.008246    	0.002121    
475         	10          	9.987       	0.003361    	0.007748    	0.0028      
480         	10          	9.982       	0.003358    	0.009056    	0.004525    
485         	10          	9.882       	0.002788    	0.007896    	0.004237    
490         	10          	9.91        	0.003408    	0.009419    	0.004075    
495         	10          	9.898       	0.004128    	0.008889    	0.003911    
500         	10          	9.873       	0.004852    	0.008761    	0.004305    
505         	10          	9.772       	0.005761    	0.01027     	0.003529    
510         	10          	9.77        	0.004238    	0.009195    	0.004072    
515         	10          	9.653       	0.004368    	0.009074    	0.006       
520         	10          	9.64        	0.005623    	0.008433    	0.003345    
525         	10          	9.55        	0.005278    	0.01012     	0.004967    
530         	10          	9.58        	0.003353    	0.00944     	0.004197    
535         	10          	9.503       	0.00447     	0.00801     	0.003308    
540         	10          	9.547       	0.007009    	0.009235    	0.005429    
545         	10          	9.537       	0.003369    	0.009043    	0.004927    
550         	10          	9.493       	0.002757    	0.009398    	0.003541    
555         	10          	9.405       	0.004998    	0.01154     	0.005506    
560         	10          	9.293       	0.005474    	0.01044     	0.005315    
565         	10          	9.288       	0.004583    	0.008964    	0.005314    
570         	10          	9.368       	0.004464    	0.008779    	0.003965    
575         	10          	9.248       	0.005927    	0.01056     	0.002796    
580         	10          	9.257       	0.00443     	0.009809    	0.00399     
585         	10          	9.142       	0.003874    	0.009381    	0.005549    
590         	10          	9.15        	0.002872    	0.008915    	0.004916    
595         	10          	9.122       	0.006006    	0.01023     	0.00459     
600         	10          	9.073       	0.004491    	0.009265    	0.004097    
605         	10          	9.058       	0.005038    	0.0108      	0.00371     
610         	10          	9.07        	0.003426    	0.01018     	0.004857    
615         	10          	9.067       	0.002893    	0.008194    	0.003514    
620         	10          	8.965       	0.004688    	0.007583    	0.005508    
625         	10          	8.998       	0.004327    	0.009269    	0.004086    
630         	10          	8.935       	0.005153    	0.01074     	0.004769    
635         	10          	8.995       	0.004157    	0.01026     	0.003825    
640         	10          	8.912       	0.004372    	0.01001     	0.003155    
645         	10          	8.792       	0.005459    	0.01109     	0.004876    
650         	10          	8.88        	0.005633    	0.0094      	0.003139    
655         	10          	8.843       	0.003867    	0.008953    	0.004624    
660         	10          	8.843       	0.0044      	0.007546    	0.004096    
665         	10          	8.772       	0.003425    	0.008779    	0.004195    
670         	10          	8.758       	0.002692    	0.009539    	0.004642    
675         	10          	8.655       	0.005534    	0.01324     	0.005474    
680         	10          	8.642       	0.002952    	0.008134    	0.005589    
685         	10          	8.623       	0.00454     	0.01063     	0.005354    
690         	10          	8.555       	0.003935    	0.01086     	0.004884    
695         	10          	8.605       	0.003714    	0.009092    	0.0034      
700         	10          	8.597       	0.005858    	0.009149    	0.005346    
705         	10          	8.423       	0.005879    	0.01222     	0.004487    
710         	10          	8.497       	0.005139    	0.008745    	0.003053    
715         	10          	8.467       	0.003461    	0.009424    	0.005354    
720         	10          	8.467       	0.003266    	0.009309    	0.006944    
725         	10          	8.468       	0.005392    	0.009744    	0.003949    
730         	10          	8.34        	0.004985    	0.009141    	0.004215    
735         	10          	8.39        	0.003444    	0.009574    	0.003513    
740         	10          	8.335       	0.004396    	0.01019     	0.003977    
745         	10          	8.34        	0.005539    	0.01019     	0.003023    
750         	10          	8.287       	0.004613    	0.008925    	0.002341    
755         	10          	8.257       	0.00391     	0.009488    	0.004822    
760         	10          	8.315       	0.006065    	0.01056     	0.004394    
765         	10          	8.248       	0.005188    	0.008274    	0.003095    
770         	10          	8.265       	0.004191    	0.009671    	0.00503     
775         	10          	8.25        	0.004922    	0.009228    	0.00526     
780         	10          	8.132       	0.004976    	0.009391    	0.004996    
785         	10          	8.11        	0.005786    	0.00854     	0.00392     
790         	10          	8.113       	0.00437     	0.01104     	0.005506    
795         	10          	8.073       	0.004578    	0.008357    	0.004149    
800         	10          	8.085       	0.004002    	0.008852    	0.004955    
805         	10          	7.997       	0.005088    	0.01293     	0.00574     
810         	10          	7.998       	0.006616    	0.01326     	0.008249    
815         	10          	8.07        	0.002412    	0.007239    	0.004774    
820         	10          	7.94        	0.006168    	0.008802    	0.001962    
825         	10          	7.947       	0.003848    	0.007254    	0.003625    
830         	10          	7.927       	0.004167    	0.0094      	0.004514    
835         	10          	7.935       	0.003447    	0.008803    	0.003379    
840         	10          	7.895       	0.005452    	0.009547    	0.002971    
845         	10          	7.908       	0.003822    	0.009696    	0.00285     
850         	10          	7.867       	0.005341    	0.0101      	0.004204    
855         	10          	7.852       	0.005305    	0.01008     	0.005206    
860         	10          	7.833       	0.003876    	0.009221    	0.004376    
865         	10          	7.817       	0.00406     	0.008776    	0.0042      
870         	10          	7.81        	0.004392    	0.008544    	0.003499    
875         	10          	7.827       	0.005043    	0.008537    	0.004015    
880         	10          	7.853       	0.004598    	0.009726    	0.005245    
885         	10          	7.808       	0.003551    	0.009907    	0.00202     
890         	10          	7.813       	0.004376    	0.007671    	0.003715    
895         	10          	7.8         	0.004       	0.009869    	0.005304    
900         	10          	7.753       	0.005363    	0.01001     	0.005657    
905         	10          	7.747       	0.003718    	0.00949     	0.00481     
910         	10          	7.715       	0.003778    	0.007368    	0.004925    
915         	10          	7.787       	0.004628    	0.008908    	0.003449    
920         	10          	7.715       	0.002028    	0.008431    	0.002115    
925         	10          	7.697       	0.004991    	0.009603    	0.003581    
930         	10          	7.652       	0.004855    	0.008635    	0.004167    
935         	10          	7.685       	0.003703    	0.008381    	0.003472    
940         	10          	7.657       	0.003372    	0.0081      	0.003496    
945         	10          	7.627       	0.005653    	0.009777    	0.003571    
950         	10          	7.577       	0.004254    	0.007644    	0.004048    
955         	10          	7.595       	0.003527    	0.009356    	0.004307    
960         	10          	7.642       	0.004855    	0.009136    	0.005838    
965         	10          	7.598       	0.006413    	0.009026    	0.003518    
970         	10          	7.598       	0.00563     	0.01131     	0.005095    
975         	10          	7.603       	0.002661    	0.008747    	0.004259    
980         	10          	7.542       	0.004217    	0.009082    	0.00579     
985         	10          	7.612       	0.003379    	0.008362    	0.003698    
990         	10          	7.543       	0.004224    	0.007068    	0.004333    
995         	10          	7.458       	0.00302     	0.009067    	0.00421     
1000        	10          	7.48        	0.003456    	0.008201    	0.004144    
1005        	10          	7.522       	0.006473    	0.01158     	0.004411    
1010        	10          	7.515       	0.005501    	0.008257    	0.005851    
1015        	10          	7.42        	0.005549    	0.01017     	0.004342    
1020        	10          	7.407       	0.007291    	0.009777    	0.006434    
1025        	10          	7.367       	0.004472    	0.009045    	0.004206    
1030        	10          	7.383       	0.003643    	0.008028    	0.004613    
1035        	10          	7.395       	0.003693    	0.009611    	0.005533    
1040        	10          	7.305       	0.002898    	0.006292    	0.003926    
1045        	10          	7.398       	0.002954    	0.008817    	0.00501     
1050        	10          	7.423       	0.003482    	0.008721    	0.00231     
1055        	10          	7.333       	0.003982    	0.008919    	0.003489    
1060        	10          	7.32        	0.004732    	0.007627    	0.0026      
1065        	10          	7.348       	0.004165    	0.01001     	0.004811    
1070        	10          	7.332       	0.005457    	0.008494    	0.003323    
1075        	10          	7.307       	0.003816    	0.008837    	0.004131    
1080        	10          	7.337       	0.004888    	0.008416    	0.003093    
1085        	10          	7.28        	0.005632    	0.01248     	0.00323     
1090        	10          	7.26        	0.004835    	0.009639    	0.004649    
1095        	10          	7.253       	0.003858    	0.006554    	0.00219     
1100        	10          	7.263       	0.004505    	0.007172    	0.003662    
1105        	10          	7.227       	0.005981    	0.009106    	0.00416     
1110        	10          	7.198       	0.001887    	0.007962    	0.001899    
1115        	10          	7.138       	0.003953    	0.011       	0.005252    
1120        	10          	7.202       	0.003201    	0.008077    	0.004887    
1125        	10          	7.207       	0.004582    	0.01183     	0.005073    
1130        	10          	7.107       	0.004319    	0.009528    	0.005858    
1135        	10          	7.122       	0.004807    	0.009295    	0.004358    
1140        	10          	7.135       	0.004974    	0.008835    	0.00424     
1145        	10          	7.145       	0.00431     	0.009195    	0.004833    
1150        	10          	7.118       	0.007505    	0.01028     	0.005075    
1155        	10          	7.042       	0.00384     	0.009044    	0.004363    
1160        	10          	7.033       	0.004906    	0.009909    	0.004555    
1165        	10          	7.063       	0.001928    	0.01033     	0.004746    
1170        	10          	7.047       	0.00313     	0.008402    	0.005134    
1175        	10          	7.077       	0.004652    	0.007239    	0.003404    
1180        	10          	7.057       	0.004296    	0.01026     	0.004629    
1185        	10          	7.055       	0.002849    	0.009457    	0.003991    
1190        	10          	7.033       	0.004532    	0.007201    	0.003338    
1195        	10          	7.05        	0.005551    	0.007994    	0.004373    
1200        	10          	7.035       	0.004665    	0.01162     	0.00474     
1205        	10          	7.005       	0.003995    	0.008504    	0.006376    
1210        	10          	6.972       	0.003548    	0.01037     	0.004414    
1215        	10          	6.967       	0.004901    	0.01135     	0.003927    
1220        	10          	7.052       	0.003165    	0.008771    	0.004952    
1225        	10          	6.987       	0.005306    	0.009191    	0.003593    
1230        	10          	6.95        	0.004305    	0.01077     	0.004422    
1235        	10          	6.957       	0.005079    	0.01076     	0.004761    
1240        	10          	6.973       	0.003033    	0.009309    	0.004687    
1245        	10          	6.898       	0.003599    	0.01063     	0.005066    
1250        	10          	6.948       	0.003567    	0.01085     	0.005033    
1255        	10          	6.877       	0.005775    	0.009198    	0.004541    
1260        	10          	6.915       	0.004852    	0.01123     	0.003422    
1265        	10          	6.922       	0.004904    	0.008418    	0.003854    
1270        	10          	6.917       	0.005114    	0.008681    	0.004229    
1275        	10          	6.932       	0.00247     	0.009369    	0.002185    
1280        	10          	6.83        	0.006198    	0.008965    	0.004316    
1285        	10          	6.883       	0.004582    	0.01083     	0.005798    
1290        	10          	6.79        	0.004621    	0.01069     	0.00167     
1295        	10          	6.83        	0.005368    	0.008768    	0.005194    
1300        	10          	6.807       	0.005298    	0.01116     	0.003668    
1305        	10          	6.857       	0.004063    	0.008197    	0.004312    
1310        	10          	6.852       	0.004577    	0.01018     	0.006156    
1315        	10          	6.878       	0.003741    	0.008576    	0.00492     
1320        	10          	6.787       	0.003501    	0.01066     	0.005015    
1325        	10          	6.8         	0.004281    	0.007836    	0.003278    
1330        	10          	6.833       	0.00327     	0.00915     	0.00426     
1335        	10          	6.832       	0.005862    	0.01077     	0.004228    
1340        	10          	6.743       	0.00534     	0.009345    	0.003507    
1345        	10          	6.782       	0.00555     	0.008335    	0.005446    
1350        	10          	6.747       	0.004304    	0.008187    	0.003968    
1355        	10          	6.743       	0.005094    	0.009909    	0.004013    
1360        	10          	6.75        	0.003449    	0.01029     	0.003851    
1365        	10          	6.712       	0.005998    	0.0094      	0.00492     
1370        	10          	6.73        	0.004798    	0.01        	0.004072    
1375        	10          	6.753       	0.003436    	0.01097     	0.005388    
1380        	10          	6.703       	0.004202    	0.008336    	0.004627    
1385        	10          	6.68        	0.003077    	0.009237    	0.004428    
1390        	10          	6.697       	0.003281    	0.007684    	0.005822    
1395        	10          	6.648       	0.005645    	0.007851    	0.001852    
1400        	10          	6.653       	0.004943    	0.007617    	0.002715    
1405        	10          	6.64        	0.004872    	0.009457    	0.0049      
1410        	10          	6.63        	0.006254    	0.009417    	0.003324    
1415        	10          	6.597       	0.004639    	0.01052     	0.005731    
1420        	10          	6.585       	0.003717    	0.009114    	0.004902    
1425        	10          	6.607       	0.004023    	0.00973     	0.004863    
1430        	10          	6.54        	0.003848    	0.00937     	0.004352    
1435        	10          	6.523       	0.002421    	0.006999    	0.004322    
1440        	10          	6.523       	0.004807    	0.01131     	0.005261    
1445        	10          	6.525       	0.00409     	0.008137    	0.002913    
1450        	10          	6.553       	0.005686    	0.009451    	0.005024    
1455        	10          	6.513       	0.004779    	0.01269     	0.007352    
1460        	10          	6.477       	0.003016    	0.009552    	0.002233    
1465        	10          	6.473       	0.005611    	0.008024    	0.004354    
1470        	10          	6.495       	0.004246    	0.008064    	0.004065    
1475        	10          	6.45        	0.005822    	0.00984     	0.004415    
1480        	10          	6.388       	0.006022    	0.009613    	0.004971    
1485        	10          	6.447       	0.002927    	0.008451    	0.003639    
1490        	10          	6.465       	0.005769    	0.008552    	0.005161    
1495        	10          	6.405       	0.004282    	0.006719    	0.00174     
1500        	10          	6.397       	0.004221    	0.008702    	0.004399    
1505        	10          	6.355       	0.002237    	0.007691    	0.002186    
1510        	10          	6.37        	0.003155    	0.008606    	0.003639    
1515        	10          	6.415       	0.004197    	0.008791    	0.003075    
1520        	10          	6.337       	0.005259    	0.01153     	0.005887    
1525        	10          	6.433       	0.004724    	0.009965    	0.004577    
1530        	10          	6.412       	0.00458     	0.006046    	0.002937    
1535        	10          	6.448       	0.003214    	0.00817     	0.002571    
1540        	10          	6.388       	0.003321    	0.006624    	0.002644    
1545        	10          	6.378       	0.003143    	0.01043     	0.00469     
1550        	10          	6.417       	0.002613    	0.01043     	0.004223    
1555        	10          	6.398       	0.005104    	0.01052     	0.003759    
1560        	10          	6.437       	0.002528    	0.008649    	0.002604    
1565        	10          	6.473       	0.003472    	0.009467    	0.005065    
1570        	10          	6.353       	0.004692    	0.006809    	0.003278    
1575        	10          	6.433       	0.004645    	0.01181     	0.004795    
1580        	10          	6.44        	0.005695    	0.01072     	0.005285    
1585        	10          	6.358       	0.004113    	0.008895    	0.004638    
1590        	10          	6.343       	0.005166    	0.008922    	0.00517     
1595        	10          	6.288       	0.004135    	0.009601    	0.004893    
1600        	10          	6.332       	0.004509    	0.008567    	0.002246    
1605        	10          	6.305       	0.003303    	0.008244    	0.003753    
1610        	10          	6.372       	0.003158    	0.008609    	0.00555     
1615        	10          	6.308       	0.003788    	0.007228    	0.003423    
1620        	10          	6.308       	0.006825    	0.01076     	0.006784    
1625        	10          	6.232       	0.00461     	0.008193    	0.005223    
1630        	10          	6.275       	0.003934    	0.008967    	0.002105    
1635        	10          	6.317       	0.005878    	0.007745    	0.004896    
1640        	10          	6.298       	0.00473     	0.01151     	0.004357    
1645        	10          	6.262       	0.006021    	0.01012     	0.004285    
1650        	10          	6.262       	0.004612    	0.008187    	0.003094    
1655        	10          	6.235       	0.005458    	0.01139     	0.005887    
1660        	10          	6.287       	0.006405    	0.01068     	0.004498    
1665        	10          	6.242       	0.00573     	0.01033     	0.00686     
1670        	10          	6.237       	0.005045    	0.01019     	0.005636    
1675        	10          	6.277       	0.004099    	0.009182    	0.004245    
1680        	10          	6.277       	0.005396    	0.00772     	0.002818    
1685        	10          	6.265       	0.004129    	0.01024     	0.007004    
1690        	10          	6.24        	0.005918    	0.01229     	0.007323    
1695        	10          	6.2         	0.002538    	0.007029    	0.00367     
1700        	10          	6.218       	0.003236    	0.01027     	0.001859    
1705        	10          	6.272       	0.002743    	0.0109      	0.002919    
1710        	10          	6.2         	0.00533     	0.01125     	0.005367    
1715        	10          	6.237       	0.005508    	0.01198     	0.006089    
1720        	10          	6.223       	0.003721    	0.009078    	0.002553    
1725        	10          	6.21        	0.003768    	0.01032     	0.004808    
1730        	10          	6.175       	0.004474    	0.009978    	0.004924    
1735        	10          	6.192       	0.005475    	0.00907     	0.005462    
1740        	10          	6.232       	0.005185    	0.01092     	0.005613    
1745        	10          	6.258       	0.005412    	0.007893    	0.005013    
1750        	10          	6.267       	0.002841    	0.007837    	0.003414    
1755        	10          	6.205       	0.005164    	0.006908    	0.004884    
1760        	10          	6.172       	0.003499    	0.008747    	0.005561    
1765        	10          	6.195       	0.004335    	0.00929     	0.002424    
1770        	10          	6.188       	0.003303    	0.009257    	0.005437    
1775        	10          	6.105       	0.005067    	0.01005     	0.006167    
1780        	10          	6.21        	0.003744    	0.01076     	0.005198    
1785        	10          	6.142       	0.002499    	0.009463    	0.005787    
1790        	10          	6.173       	0.004527    	0.005424    	0.00411     
1795        	10          	6.172       	0.006187    	0.008391    	0.002235    
1800        	10          	6.13        	0.004034    	0.006674    	0.004239    
1805        	10          	6.13        	0.006681    	0.008045    	0.002234    
1810        	10          	6.152       	0.005109    	0.008465    	0.003961    
1815        	10          	6.098       	0.005118    	0.009806    	0.003767    
1820        	10          	6.138       	0.004877    	0.008722    	0.005144    
1825        	10          	6.105       	0.004863    	0.01067     	0.004647    
1830        	10          	6.14        	0.005734    	0.00658     	0.005257    
1835        	10          	6.168       	0.002531    	0.008493    	0.002136    
1840        	10          	6.125       	0.002411    	0.009711    	0.003104    
1845        	10          	6.13        	0.00484     	0.009533    	0.00461     
1850        	10          	6.14        	0.005588    	0.01388     	0.006541    
1855        	10          	6.192       	0.003892    	0.008985    	0.004618    
1860        	10          	6.075       	0.0068      	0.009439    	0.003921    
1865        	10          	6.127       	0.002479    	0.009944    	0.005813    
1870        	10          	6.093       	0.004644    	0.01059     	0.004667    
1875        	10          	6.11        	0.003212    	0.009585    	0.004552    
1880        	10          	6.085       	0.006046    	0.00554     	0.004455    
1885        	10          	6.055       	0.004385    	0.008982    	0.003055    
1890        	10          	6.073       	0.003001    	0.007484    	0.004789    
1895        	10          	6.048       	0.003456    	0.009957    	0.005535    
1900        	10          	6.08        	0.004598    	0.008075    	0.002139    
1905        	10          	6.072       	0.00256     	0.008331    	0.004643    
1910        	10          	6.047       	0.006602    	0.01019     	0.0051      
1915        	10          	6.048       	0.005409    	0.007404    	0.003313    
1920        	10          	6.07        	0.005013    	0.008575    	0.004936    
1925        	10          	5.99        	0.00374     	0.007271    	0.003775    
1930        	10          	6           	0.004234    	0.007368    	0.002245    
1935        	10          	5.973       	0.005653    	0.01137     	0.00628     
1940        	10          	5.995       	0.004833    	0.01103     	0.007195    
1945        	10          	5.955       	0.004054    	0.0109      	0.004663    
1950        	10          	5.952       	0.005702    	0.01003     	0.004186    
1955        	10          	5.947       	0.005342    	0.009272    	0.006758    
1960        	10          	5.987       	0.002896    	0.008304    	0.006277    
1965        	10          	5.935       	0.005846    	0.0113      	0.004432    
1970        	10          	5.978       	0.002633    	0.00712     	0.005209    
1975        	10          	5.945       	0.002978    	0.009984    	0.004254    
1980        	10          	5.963       	0.00481     	0.01034     	0.003418    
1985        	10          	5.933       	0.001335    	0.00747     	0.002497    
1990        	10          	5.942       	0.007101    	0.008614    	0.006699    
1995        	10          	5.872       	0.003758    	0.00728     	0.004201    
2000        	10          	5.922       	0.002637    	0.009301    	0.004556    
2005        	10          	5.817       	0.004697    	0.009556    	0.005238    
2010        	10          	5.922       	0.005852    	0.01306     	0.004864    
2015        	10          	5.927       	0.004551    	0.01044     	0.005108    
2020        	10          	5.902       	0.005824    	0.007374    	0.005851    
2025        	10          	5.91        	0.005745    	0.008151    	0.006669    
2030        	10          	5.912       	0.003007    	0.005774    	0.003804    
2035        	10          	5.92        	0.004103    	0.008012    	0.004697    
2040        	10          	5.935       	0.005744    	0.009009    	0.002834    
2045        	10          	5.883       	0.004054    	0.0107      	0.005349    
2050        	10          	5.892       	0.002068    	0.007344    	0.003768    
2055        	10          	5.898       	0.004858    	0.01198     	0.005403    
2060        	10          	5.865       	0.005224    	0.01066     	0.002848    
2065        	10          	5.935       	0.004903    	0.008235    	0.003293    
2070        	10          	5.908       	0.004822    	0.008543    	0.003846    
2075        	10          	5.938       	0.002963    	0.00703     	0.003284    
2080        	10          	5.91        	0.006263    	0.008626    	0.004206    
2085        	10          	5.89        	0.004101    	0.007968    	0.002672    
2090        	10          	5.935       	0.003606    	0.008814    	0.005701    
2095        	10          	5.825       	0.00425     	0.007459    	0.002689    
2100        	10          	5.828       	0.003588    	0.008844    	0.002902    
2105        	10          	5.917       	0.004694    	0.01177     	0.002698    
2110        	10          	5.882       	0.004399    	0.008055    	0.005148    
2115        	10          	5.878       	0.002966    	0.007535    	0.00208     
2120        	10          	5.883       	0.004664    	0.01095     	0.005648    
2125        	10          	5.875       	0.005442    	0.01        	0.005951    
2130        	10          	5.883       	0.004908    	0.009719    	0.002846    
2135        	10          	5.883       	0.00629     	0.01391     	0.006318    
2140        	10          	5.91        	0.002581    	0.008507    	0.002574    
2145        	10          	5.88        	0.007637    	0.01065     	0.005135    
2150        	10          	5.888       	0.00558     	0.009639    	0.005008    
2155        	10          	5.823       	0.004024    	0.00955     	0.004175    
2160        	10          	5.853       	0.005833    	0.009337    	0.005996    
2165        	10          	5.803       	0.004722    	0.0086      	0.004379    
2170        	10          	5.815       	0.002597    	0.006399    	0.002748    
2175        	10          	5.747       	0.004915    	0.01053     	0.005773    
2180        	10          	5.78        	0.005132    	0.01031     	0.004493    
2185        	10          	5.775       	0.002363    	0.01102     	0.004003    
2190        	10          	5.717       	0.005205    	0.01024     	0.006485    
2195        	10          	5.785       	0.005958    	0.01027     	0.006654    
2200        	10          	5.74        	0.004198    	0.01154     	0.004516    
2205        	10          	5.828       	0.004491    	0.008587    	0.00277     
2210        	10          	5.813       	0.002744    	0.006925    	0.003739    
2215        	10          	5.755       	0.00322     	0.007915    	0.002317    
2220        	10          	5.792       	0.007271    	0.01        	0.00627     
2225        	10          	5.757       	0.00602     	0.012       	0.005465    
2230        	10          	5.718       	0.005132    	0.0097      	0.005424    
2235        	10          	5.758       	0.00416     	0.01195     	0.003836    
2240        	10          	5.723       	0.005146    	0.01049     	0.004014    
2245        	10          	5.743       	0.004536    	0.008453    	0.003573    
2250        	10          	5.738       	0.00459     	0.0103      	0.006113    
2255        	10          	5.698       	0.00398     	0.005675    	0.001857    
2260        	10          	5.68        	0.00414     	0.009336    	0.004655    
2265        	10          	5.692       	0.006927    	0.0107      	0.005468    
2270        	10          	5.68        	0.003288    	0.009028    	0.003071    
2275        	10          	5.658       	0.004669    	0.00741     	0.00392     
2280        	10          	5.732       	0.003418    	0.006291    	0.001552    
2285        	10          	5.66        	0.003676    	0.008255    	0.003128    
2290        	10          	5.663       	0.003979    	0.009906    	0.004865    
2295        	10          	5.698       	0.002456    	0.008944    	0.003103    
2300        	10          	5.675       	0.004905    	0.009105    	0.007037    
2305        	10          	5.685       	0.004974    	0.009196    	0.006161    
2310        	10          	5.737       	0.002975    	0.007394    	0.003712    
2315        	10          	5.68        	0.003683    	0.0107      	0.003033    
2320        	10          	5.705       	0.005459    	0.009718    	0.007743    
2325        	10          	5.718       	0.004471    	0.01091     	0.003355    
2330        	10          	5.748       	0.005067    	0.01079     	0.006442    
2335        	10          	5.728       	0.00473     	0.0106      	0.00285     
2340        	10          	5.728       	0.004351    	0.01296     	0.00424     
2345        	10          	5.695       	0.004938    	0.009147    	0.003532    
2350        	10          	5.658       	0.00339     	0.009216    	0.004991    
2355        	10          	5.64        	0.00229     	0.008262    	0.004223    
2360        	10          	5.72        	0.002882    	0.009065    	0.004865    
2365        	10          	5.692       	0.006214    	0.009084    	0.003383    
2370        	10          	5.748       	0.003428    	0.009643    	0.003457    
2375        	10          	5.692       	0.004616    	0.01111     	0.004958    
2380        	10          	5.67        	0.004237    	0.008059    	0.00293     
2385        	10          	5.722       	0.005625    	0.008474    	0.004647    
2390        	10          	5.702       	0.005024    	0.01016     	0.004025    
2395        	10          	5.698       	0.003298    	0.0102      	0.004651    
2400        	10          	5.667       	0.003953    	0.0096      	0.007717    
2405        	10          	5.69        	0.004376    	0.009491    	0.005127    
2410        	10          	5.663       	0.003758    	0.007668    	0.004148    
2415        	10          	5.648       	0.0004275   	0.00765     	0.002732    
2420        	10          	5.667       	0.002996    	0.007681    	0.003652    
2425        	10          	5.702       	0.003098    	0.007469    	0.002274    
2430        	10          	5.687       	0.003018    	0.01119     	0.003235    
2435        	10          	5.612       	0.005283    	0.01005     	0.004521    
2440        	10          	5.615       	0.002741    	0.006962    	0.00337     
2445        	10          	5.613       	0.006261    	0.009006    	0.006134    
2450        	10          	5.635       	0.004462    	0.008216    	0.004132    
2455        	10          	5.587       	0.003554    	0.009268    	0.003164    
2460        	10          	5.623       	0.005594    	0.008629    	0.003446    
2465        	10          	5.615       	0.003236    	0.008879    	0.006083    
2470        	10          	5.598       	0.00569     	0.01004     	0.005708    
2475        	10          	5.647       	0.003761    	0.008194    	0.003943    
2480        	10          	5.615       	0.004458    	0.008048    	0.00433     
2485        	10          	5.628       	0.005933    	0.009205    	0.003751    
2490        	10          	5.552       	0.003698    	0.01042     	0.003622    
2495        	10          	5.612       	0.003479    	0.009525    	0.006405    
2500        	10          	5.622       	0.003938    	0.01151     	0.005243    
2505        	10          	5.592       	0.003547    	0.007217    	0.003873    
2510        	10          	5.587       	0.005041    	0.01067     	0.002796    
2515        	10          	5.592       	0.004107    	0.009101    	0.003646    
2520        	10          	5.613       	0.005665    	0.01052     	0.004692    
2525        	10          	5.625       	0.004578    	0.009287    	0.003464    
2530        	10          	5.66        	0.005002    	0.007385    	0.003323    
2535        	10          	5.665       	0.002907    	0.008982    	0.001076    
2540        	10          	5.637       	0.006251    	0.00945     	0.00334     
2545        	10          	5.6         	0.001736    	0.007872    	0.004566    
2550        	10          	5.672       	0.006833    	0.01054     	0.00462     
2555        	10          	5.683       	0.002718    	0.006557    	0.002629    
2560        	10          	5.688       	0.004003    	0.009029    	0.004105    
2565        	10          	5.602       	0.002008    	0.01022     	0.00406     
2570        	10          	5.622       	0.00429     	0.007049    	0.003893    
2575        	10          	5.665       	0.003777    	0.006084    	0.002424    
2580        	10          	5.578       	0.004109    	0.01048     	0.005851    
2585        	10          	5.602       	0.002404    	0.007296    	0.005116    
2590        	10          	5.588       	0.006308    	0.01023     	0.0058      
2595        	10          	5.595       	0.006026    	0.01156     	0.004329    
2600        	10          	5.558       	0.005047    	0.008553    	0.003611    
2605        	10          	5.533       	0.005238    	0.008701    	0.004147    
2610        	10          	5.538       	0.004117    	0.01024     	0.003829    
2615        	10          	5.597       	0.004734    	0.01071     	0.005594    
2620        	10          	5.535       	0.003898    	0.008383    	0.00429     
2625        	10          	5.55        	0.00283     	0.008772    	0.003554    
2630        	10          	5.528       	0.004581    	0.008451    	0.00554     
2635        	10          	5.568       	0.002906    	0.00736     	0.003904    
2640        	10          	5.515       	0.006317    	0.009794    	0.00274     
2645        	10          	5.512       	0.005617    	0.01035     	0.002628    
2650        	10          	5.537       	0.005205    	0.01075     	0.00579     
2655        	10          	5.528       	0.003283    	0.007173    	0.004291    
2660        	10          	5.553       	0.005966    	0.01177     	0.003388    
2665        	10          	5.538       	0.003884    	0.008975    	0.003142    
2670        	10          	5.543       	0.005929    	0.01073     	0.005728    
2675        	10          	5.52        	0.004385    	0.007786    	0.004035    
2680        	10          	5.503       	0.003432    	0.006885    	0.002351    
2685        	10          	5.498       	0.003348    	0.01124     	0.004839    
2690        	10          	5.482       	0.004577    	0.009858    	0.003663    
2695        	10          	5.535       	0.002993    	0.009145    	0.004111    
2700        	10          	5.513       	0.00514     	0.009221    	0.00455     
2705        	10          	5.442       	0.005941    	0.009797    	0.006102    
2710        	10          	5.427       	0.005691    	0.007815    	0.006725    
2715        	10          	5.453       	0.006014    	0.01084     	0.005182    
2720        	10          	5.503       	0.003906    	0.009549    	0.005921    
2725        	10          	5.44        	0.004275    	0.008517    	0.003423    
2730        	10          	5.408       	0.002815    	0.01034     	0.004686    
2735        	10          	5.423       	0.004469    	0.01088     	0.005811    
2740        	10          	5.46        	0.003502    	0.006839    	0.003061    
2745        	10          	5.43        	0.005167    	0.008675    	0.003332    
2750        	10          	5.483       	0.004999    	0.01128     	0.003538    
2755        	10          	5.425       	0.002139    	0.007334    	0.004733    
2760        	10          	5.425       	0.005734    	0.008214    	0.007277    
2765        	10          	5.445       	0.004171    	0.006944    	0.001389    
2770        	10          	5.343       	0.004184    	0.01154     	0.00448     
2775        	10          	5.443       	0.004815    	0.005814    	0.001965    
2780        	10          	5.418       	0.003781    	0.008325    	0.003902    
2785        	10          	5.442       	0.00488     	0.006789    	0.005486    
2790        	10          	5.385       	0.004419    	0.01003     	0.004841    
2795        	10          	5.333       	0.002828    	0.01142     	0.004572    
2800        	10          	5.383       	0.002396    	0.007079    	0.004629    
2805        	10          	5.427       	0.004474    	0.007856    	0.004945    
2810        	10          	5.338       	0.004725    	0.009355    	0.002629    
2815        	10          	5.348       	0.001779    	0.009234    	0.004707    
2820        	10          	5.338       	0.004694    	0.008944    	0.005323    
2825        	10          	5.348       	0.006029    	0.007609    	0.005826    
2830        	10          	5.382       	0.004026    	0.008682    	0.005503    
2835        	10          	5.34        	0.006716    	0.009612    	0.005721    
2840        	10          	5.392       	0.002934    	0.00953     	0.004402    
2845        	10          	5.398       	0.004539    	0.008607    	0.004281    
2850        	10          	5.375       	0.003521    	0.008834    	0.003287    
2855        	10          	5.333       	0.005236    	0.009526    	0.003715    
2860        	10          	5.387       	0.003165    	0.008992    	0.004901    
2865        	10          	5.365       	0.005708    	0.008306    	0.003875    
2870        	10          	5.33        	0.003701    	0.009095    	0.00353     
2875        	10          	5.355       	0.004102    	0.005723    	0.003099    
2880        	10          	5.33        	0.003424    	0.01145     	0.003436    
2885        	10          	5.348       	0.005399    	0.01172     	0.004882    
2890        	10          	5.33        	0.004628    	0.009926    	0.004373    
2895        	10          	5.345       	0.004569    	0.008024    	0.005424    
2900        	10          	5.348       	0.002217    	0.006388    	0.004258    
2905        	10          	5.325       	0.004701    	0.006884    	0.00247     
2910        	10          	5.287       	0.0066      	0.01032     	0.005528    
2915        	10          	5.327       	0.001873    	0.007729    	0.002689    
2920        	10          	5.292       	0.004448    	0.01024     	0.004777    
2925        	10          	5.252       	0.00494     	0.008438    	0.004314    
2930        	10          	5.28        	0.005201    	0.01131     	0.005227    
2935        	10          	5.297       	0.004981    	0.01015     	0.005519    
2940        	10          	5.288       	0.002988    	0.008656    	0.003397    
2945        	10          	5.295       	0.002812    	0.01034     	0.00588     
2950        	10          	5.322       	0.00423     	0.008378    	0.002232    
2955        	10          	5.297       	0.007334    	0.01093     	0.003745    
2960        	10          	5.337       	0.006186    	0.01383     	0.00365     
2965        	10          	5.275       	0.003867    	0.009701    	0.004572    
2970        	10          	5.307       	0.005162    	0.009657    	0.006188    
2975        	10          	5.305       	0.002783    	0.008851    	0.003461    
2980        	10          	5.247       	0.004591    	0.0103      	0.003337    
2985        	10          	5.212       	0.003922    	0.009533    	0.006103    
2990        	10          	5.23        	0.004492    	0.008448    	0.003456    
2995        	10          	5.3         	0.004628    	0.008388    	0.004182    
3000        	10          	5.252       	0.002229    	0.007871    	0.00546     
3005        	10          	5.275       	0.00452     	0.008509    	0.004557    
3010        	10          	5.273       	0.003447    	0.009421    	0.004846    
3015        	10          	5.287       	0.003038    	0.009373    	0.006553    
3020        	10          	5.337       	0.003416    	0.009994    	0.003875    
3025        	10          	5.363       	0.004743    	0.0105      	0.001617    
3030        	10          	5.252       	0.006196    	0.01349     	0.004795    
3035        	10          	5.288       	0.004283    	0.0101      	0.002469    
3040        	10          	5.333       	0.005491    	0.009406    	0.003318    
3045        	10          	5.313       	0.005007    	0.01047     	0.004162    
3050        	10          	5.398       	0.002716    	0.008538    	0.001933    
3055        	10          	5.34        	0.005307    	0.01168     	0.003525    
3060        	10          	5.38        	0.001768    	0.01073     	0.004179    
3065        	10          	5.347       	0.006224    	0.01117     	0.003377    
3070        	10          	5.345       	0.007348    	0.01237     	0.003749    
3075        	10          	5.307       	0.00441     	0.01088     	0.004177    
3080        	10          	5.318       	0.005593    	0.009423    	0.003846    
3085        	10          	5.358       	0.00444     	0.01111     	0.004301    
3090        	10          	5.34        	0.004115    	0.009371    	0.006014    
3095        	10          	5.357       	0.005914    	0.01198     	0.005864    
3100        	10          	5.322       	0.003994    	0.009324    	0.003806    
3105        	10          	5.358       	0.00493     	0.007543    	0.001177    
3110        	10          	5.325       	0.003474    	0.00925     	0.003813    
3115        	10          	5.268       	0.001723    	0.00626     	0.003196    
3120        	10          	5.28        	0.001083    	0.007218    	0.003919    
3125        	10          	5.303       	0.003826    	0.01091     	0.0022      
3130        	10          	5.27        	0.005451    	0.005525    	0.003793    
3135        	10          	5.322       	0.004481    	0.00984     	0.003731    
3140        	10          	5.303       	0.005638    	0.007687    	0.005202    
3145        	10          	5.267       	0.004649    	0.009303    	0.003254    
3150        	10          	5.31        	0.004119    	0.01178     	0.004864    
3155        	10          	5.293       	0.0027      	0.00839     	0.005912    
3160        	10          	5.3         	0.004709    	0.008067    	0.005246    
3165        	10          	5.332       	0.001244    	0.008704    	0.005439    
3170        	10          	5.262       	0.004158    	0.008139    	0.003435    
3175        	10          	5.335       	0.002962    	0.008751    	0.001297    
3180        	10          	5.273       	0.004743    	0.01335     	0.005208    
3185        	10          	5.248       	0.003174    	0.01096     	0.003869    
3190        	10          	5.248       	0.004633    	0.008168    	0.004169    
3195        	10          	5.265       	0.004017    	0.00761     	0.003232    
3200        	10          	5.222       	0.006497    	0.009757    	0.006674    
3205        	10          	5.258       	0.004108    	0.008234    	0.00455     
3210        	10          	5.3         	0.006466    	0.009145    	0.002755    
3215        	10          	5.3         	0.005426    	0.01199     	0.00601     
3220        	10          	5.292       	0.004741    	0.008926    	0.004792    
3225        	10          	5.317       	0.004956    	0.00856     	0.003533    
3230        	10          	5.317       	0.002399    	0.01191     	0.004477    
3235        	10          	5.368       	0.00342     	0.01203     	0.003031    
3240        	10          	5.265       	0.007692    	0.0127      	0.004943    
3245        	10          	5.287       	0.00534     	0.01207     	0.004221    
3250        	10          	5.238       	0.004421    	0.009701    	0.003027    
3255        	10          	5.26        	0.005378    	0.009301    	0.003161    
3260        	10          	5.243       	0.00471     	0.01085     	0.008083    
3265        	10          	5.257       	0.005899    	0.01024     	0.003284    
3270        	10          	5.173       	0.004687    	0.007988    	0.004115    
3275        	10          	5.167       	0.006929    	0.01025     	0.003715    
3280        	10          	5.203       	0.005035    	0.00688     	0.002683    
3285        	10          	5.243       	0.004975    	0.00816     	0.003331    
3290        	10          	5.243       	0.003809    	0.01097     	0.004412    
3295        	10          	5.245       	0.005043    	0.007589    	0.004626    
3300        	10          	5.245       	0.004103    	0.008173    	0.003896    
3305        	10          	5.258       	0.003975    	0.009843    	0.005476    
3310        	10          	5.268       	0.003758    	0.007593    	0.002298    
3315        	10          	5.245       	0.004875    	0.006597    	0.003125    
3320        	10          	5.192       	0.001829    	0.008772    	0.003521    
3325        	10          	5.282       	0.004299    	0.007237    	0.004499    
3330        	10          	5.297       	0.005129    	0.0123      	0.004681    
3335        	10          	5.215       	0.003812    	0.01045     	0.00501     
3340        	10          	5.207       	0.004409    	0.00767     	0.00273     
3345        	10          	5.205       	0.005343    	0.01023     	0.003613    
3350        	10          	5.218       	0.003322    	0.01268     	0.005634    
3355        	10          	5.203       	0.003196    	0.008225    	0.004617    
3360        	10          	5.155       	0.003939    	0.008321    	0.003042    
3365        	10          	5.173       	0.003698    	0.009036    	0.00381     
3370        	10          	5.155       	0.003766    	0.009176    	0.004289    
3375        	10          	5.245       	0.003267    	0.009545    	0.00279     
3380        	10          	5.163       	0.005784    	0.01081     	0.006097    
3385        	10          	5.223       	0.001565    	0.007509    	0.003445    
3390        	10          	5.178       	0.003773    	0.008519    	0.003349    
3395        	10          	5.18        	0.003261    	0.01081     	0.00605     
3400        	10          	5.163       	0.004167    	0.008127    	0.003095    
3405        	10          	5.182       	0.004107    	0.008421    	0.005351    
3410        	10          	5.228       	0.005568    	0.007624    	0.003698    
3415        	10          	5.157       	0.003112    	0.007516    	0.002859    
3420        	10          	5.13        	0.002039    	0.009241    	0.004217    
3425        	10          	5.187       	0.003451    	0.008842    	0.00561     
3430        	10          	5.123       	0.003012    	0.006779    	0.003798    
3435        	10          	5.167       	0.005437    	0.007788    	0.005272    
3440        	10          	5.182       	0.004758    	0.007649    	0.004229    
3445        	10          	5.155       	0.003161    	0.008369    	0.003792    
3450        	10          	5.12        	0.004897    	0.009019    	0.002789    
3455        	10          	5.137       	0.002456    	0.008382    	0.003041    
3460        	10          	5.11        	0.003634    	0.006155    	0.004915    
3465        	10          	5.115       	0.005031    	0.009794    	0.004819    
3470        	10          	5.107       	0.003775    	0.007972    	0.004607    
3475        	10          	5.078       	0.005375    	0.009772    	0.004973    
3480        	10          	5.068       	0.001187    	0.008183    	0.005636    
3485        	10          	5.1         	0.004108    	0.01049     	0.004522    
3490        	10          	5.108       	0.003479    	0.009871    	0.004473    
3495        	10          	5.068       	0.004521    	0.009591    	0.002976    
3500        	10          	5.095       	0.003311    	0.007868    	0.005551    
3505        	10          	5.127       	0.004471    	0.008457    	5.909e-05   
3510        	10          	5.11        	0.004594    	0.007625    	0.002682    
3515        	10          	5.14        	0.004836    	0.01005     	0.002675    
3520        	10          	5.148       	0.003797    	0.008062    	0.005235    
3525        	10          	5.137       	0.004796    	0.009218    	0.004559    
3530        	10          	5.115       	0.002943    	0.009696    	0.004373    
3535        	10          	5.085       	0.005038    	0.005986    	0.003001    
3540        	10          	5.068       	0.003055    	0.006916    	0.002627    
3545        	10          	5.123       	0.003377    	0.01103     	0.003619    
3550        	10          	5.1         	0.00322     	0.009329    	0.003325    
3555        	10          	5.107       	0.003167    	0.007526    	0.003553    
3560        	10          	5.047       	0.005858    	0.01072     	0.00458     
3565        	10          	5.087       	0.004511    	0.006817    	0.002866    
3570        	10          	5.078       	0.00387     	0.008346    	0.004361    
3575        	10          	5.092       	0.004374    	0.009536    	0.006377    
3580        	10          	5.095       	0.007015    	0.008422    	0.004774    
3585        	10          	5.057       	0.002207    	0.009023    	0.003583    
3590        	10          	5.04        	0.004583    	0.00871     	0.002394    
3595        	10          	5.042       	0.002385    	0.007677    	0.002034    
3600        	10          	5.025       	0.004117    	0.007007    	0.003157    
3605        	10          	5.002       	0.004049    	0.005969    	0.003429    
3610        	10          	5.025       	0.002986    	0.007414    	0.003859    
3615        	10          	5.058       	0.004219    	0.008395    	0.003991    
3620        	10          	4.988       	0.003124    	0.007737    	0.007953    
3625        	10          	5.025       	0.003862    	0.008213    	0.005653    
3630        	10          	4.973       	0.003638    	0.009086    	0.0009972   
3635        	10          	5.02        	0.005277    	0.007964    	0.003926    
3640        	10          	5.02        	0.005612    	0.008179    	0.005081    
3645        	10          	4.962       	0.006062    	0.009777    	0.00482     
3650        	10          	5.03        	0.003738    	0.008983    	0.006387    
3655        	10          	5.04        	0.004773    	0.0105      	0.003356    
3660        	10          	4.988       	0.003295    	0.01041     	0.005215    
3665        	10          	5.028       	0.00229     	0.009714    	0.005086    
3670        	10          	5.002       	0.004772    	0.01159     	0.003162    
3675        	10          	4.99        	0.003808    	0.008971    	0.002967    
3680        	10          	4.995       	0.00515     	0.008157    	0.005372    
3685        	10          	4.998       	0.004672    	0.0101      	0.005086    
3690        	10          	5.025       	0.005084    	0.008598    	0.003207    
3695        	10          	5.047       	0.003132    	0.01028     	0.004756    
3700        	10          	4.998       	0.002351    	0.00723     	0.005258    
3705        	10          	4.962       	0.003947    	0.0111      	0.006326    
3710        	10          	4.993       	0.004172    	0.01189     	0.001147    
3715        	10          	4.958       	0.002944    	0.01044     	0.00697     
3720        	10          	4.963       	0.005065    	0.009505    	0.003668    
3725        	10          	4.972       	0.003442    	0.01071     	0.002421    
3730        	10          	4.998       	0.002723    	0.01265     	0.006643    
3735        	10          	4.958       	0.004068    	0.01083     	0.003104    
3740        	10          	4.973       	0.005133    	0.0118      	0.00372     
3745        	10          	4.958       	0.003058    	0.008598    	0.004843    
3750        	10          	4.982       	0.005241    	0.009104    	0.003031    
3755        	10          	4.963       	0.002741    	0.008797    	0.004093    
3760        	10          	4.983       	0.007326    	0.009675    	0.00187     
3765        	10          	4.963       	0.004933    	0.0097      	0.005286    
3770        	10          	4.962       	0.005423    	0.01041     	0.004462    
3775        	10          	4.98        	0.006837    	0.01388     	0.005963    
3780        	10          	4.92        	0.007028    	0.01147     	0.004919    
3785        	10          	4.965       	0.00603     	0.01102     	0.003874    
3790        	10          	4.942       	0.002668    	0.008709    	0.003981    
3795        	10          	4.983       	0.002292    	0.009845    	0.004606    
3800        	10          	4.932       	0.001609    	0.00732     	0.005674    
3805        	10          	4.978       	0.004437    	0.008111    	0.002012    
3810        	10          	4.997       	0.005134    	0.008459    	0.004804    
3815        	10          	4.938       	0.004703    	0.01149     	0.004489    
3820        	10          	4.94        	0.004437    	0.01197     	0.005129    
3825        	10          	4.967       	0.004852    	0.008559    	0.002498    
3830        	10          	4.907       	0.004946    	0.009186    	0.005141    
3835        	10          	4.918       	0.004395    	0.01436     	0.006108    
3840        	10          	4.923       	0.003777    	0.009535    	0.001751    
3845        	10          	4.898       	0.004205    	0.009931    	0.003475    
3850        	10          	4.918       	0.004221    	0.006596    	0.002107    
3855        	10          	4.875       	0.005066    	0.008468    	0.003674    
3860        	10          	4.88        	0.004081    	0.009598    	0.004813    
3865        	10          	4.897       	0.002129    	0.007407    	0.004416    
3870        	10          	4.957       	0.003646    	0.00648     	0.003923    
3875        	10          	4.942       	0.001445    	0.01225     	0.006589    
3880        	10          	4.97        	0.0007252   	0.007884    	0.002511    
3885        	10          	4.927       	0.004156    	0.007539    	0.006457    
3890        	10          	4.91        	0.006695    	0.01101     	0.003918    
3895        	10          	4.955       	0.004521    	0.008131    	0.005378    
3900        	10          	4.912       	0.006264    	0.01102     	0.005723    
3905        	10          	4.895       	0.00403     	0.007617    	0.005181    
3910        	10          	4.892       	0.006406    	0.008783    	0.004144    
3915        	10          	4.958       	0.004293    	0.01033     	0.006464    
3920        	10          	4.912       	0.003037    	0.01136     	0.006774    
3925        	10          	4.965       	0.003517    	0.00866     	0.004448    
3930        	10          	4.958       	0.005343    	0.009167    	0.005744    
3935        	10          	4.918       	0.004756    	0.01199     	0.004834    
3940        	10          	4.912       	0.003421    	0.01043     	0.002207    
3945        	10          	4.907       	0.004969    	0.00913     	0.004383    
3950        	10          	4.918       	0.003544    	0.01106     	0.003953    
3955        	10          	4.908       	0.002752    	0.007582    	0.005073    
3960        	10          	4.9         	0.002901    	0.007891    	0.003403    
3965        	10          	4.922       	0.001541    	0.009908    	0.006543    
3970        	10          	4.932       	0.004085    	0.01057     	0.008091    
3975        	10          	4.958       	0.003151    	0.007954    	0.003763    
3980        	10          	4.943       	0.004041    	0.006559    	0.004181    
3985        	10          	4.972       	0.006251    	0.01058     	0.004013    
3990        	10          	4.928       	0.003827    	0.008093    	0.004089    
3995        	10          	4.937       	0.004861    	0.00864     	0.003132    
4000        	10          	4.908       	0.004418    	0.00642     	0.00312     
4005        	10          	4.89        	0.01159     	0.01335     	0.00343     
4010        	10          	4.817       	0.01528     	0.01528     	0.006262    
4015        	10          	4.892       	0.02151     	0.01824     	0.003867    
4020        	10          	4.888       	0.02118     	0.02057     	0.004472    
4025        	10          	4.82        	0.02705     	0.02582     	0.004692    
4030        	10          	4.817       	0.02615     	0.0251      	0.003625    
4035        	10          	4.788       	0.02973     	0.03135     	0.003005    
4040        	10          	4.793       	0.03038     	0.02718     	0.004219    
4045        	10          	4.77        	0.0311      	0.03208     	0.004745    
4050        	10          	4.775       	0.03534     	0.03518     	0.00596     
4055        	10          	4.743       	0.03839     	0.04384     	0.004251    
4060        	10          	4.683       	0.04798     	0.04133     	0.006229    
4065        	10          	4.692       	0.04619     	0.04457     	0.005472    
4070        	10          	4.708       	0.04649     	0.04658     	0.002565    
4075        	10          	4.637       	0.05126     	0.0541      	0.005594    
4080        	10          	4.663       	0.05978     	0.05761     	0.005076    
4085        	10          	4.643       	0.06062     	0.05753     	0.003063    
4090        	10          	4.653       	0.06437     	0.06611     	0.004691    
4095        	10          	4.627       	0.06981     	0.06718     	0.005282    
4100        	10          	4.635       	0.07271     	0.06878     	0.004613    
4105        	10          	4.597       	0.08007     	0.082       	0.008192    
4110        	10          	4.635       	0.08444     	0.08121     	0.003896    
4115        	10          	4.595       	0.08407     	0.08381     	0.005665    
4120        	10          	4.602       	0.09193     	0.08739     	0.007141    
4125        	10          	4.597       	0.08383     	0.0892      	0.002908    
4130        	10          	4.582       	0.08946     	0.09186     	0.004793    
4135        	10          	4.583       	0.09625     	0.09059     	0.004559    
4140        	10          	4.56        	0.09677     	0.09561     	0.006212    
4145        	10          	4.545       	0.09224     	0.09374     	0.006259    
4150        	10          	4.54        	0.1001      	0.1002      	0.005143    
4155        	10          	4.513       	0.1031      	0.1008      	0.00526     
4160        	10          	4.503       	0.1082      	0.105       	0.00392     
4165        	10          	4.528       	0.0977      	0.1016      	0.00266     
4170        	10          	4.515       	0.1077      	0.1032      	0.004013    
4175        	10          	4.465       	0.1119      	0.1102      	0.006119    
4180        	10          	4.502       	0.1105      	0.1106      	0.006444    
4185        	10          	4.477       	0.113       	0.1146      	0.003786    
4190        	10          	4.485       	0.1205      	0.121       	0.003617    
4195        	10          	4.452       	0.119       	0.1188      	0.003896    
4200        	10          	4.442       	0.123       	0.1194      	0.004578    
4205        	10          	4.483       	0.1271      	0.121       	0.003861    
4210        	10          	4.417       	0.1243      	0.1247      	0.002222    
4215        	10          	4.455       	0.1291      	0.1265      	0.002808    
4220        	10          	4.45        	0.1357      	0.1329      	0.004056    
4225        	10          	4.387       	0.1373      	0.1447      	0.005345    
4230        	10          	4.427       	0.1422      	0.1385      	0.001467    
4235        	10          	4.423       	0.1422      	0.1382      	0.003269    
4240        	10          	4.418       	0.1463      	0.1461      	0.004792    
4245        	10          	4.402       	0.1408      	0.1415      	0.004625    
4250        	10          	4.402       	0.1471      	0.1502      	0.008263    
4255        	10          	4.445       	0.1495      	0.1492      	0.00307     
4260        	10          	4.373       	0.1519      	0.1482      	0.00395     
4265        	10          	4.362       	0.1568      	0.1603      	0.002983    
4270        	10          	4.367       	0.1603      	0.1582      	0.00643     
4275        	10          	4.368       	0.1513      	0.1531      	0.002929    
4280        	10          	4.41        	0.1591      	0.1611      	0.005761    
4285        	10          	4.372       	0.1622      	0.166       	0.001593    
4290        	10          	4.388       	0.1617      	0.1605      	0.003578    
4295        	10          	4.39        	0.1634      	0.1614      	0.004885    
4300        	10          	4.387       	0.1617      	0.1716      	0.004015    
4305        	10          	4.418       	0.1638      	0.16        	0.005392    
4310        	10          	4.392       	0.1661      	0.1647      	0.004016    
4315        	10          	4.373       	0.1666      	0.1673      	0.003355    
4320        	10          	4.385       	0.1674      	0.1654      	0.001345    
4325        	10          	4.382       	0.1661      	0.1678      	0.00558     
4330        	10          	4.365       	0.168       	0.1682      	0.004424    
4335        	10          	4.377       	0.1668      	0.1668      	0.003704    
4340        	10          	4.363       	0.1721      	0.1732      	0.004892    
4345        	10          	4.35        	0.1794      	0.1755      	0.004958    
4350        	10          	4.325       	0.1815      	0.1815      	0.005688    
4355        	10          	4.29        	0.1784      	0.1849      	0.005704    
4360        	10          	4.342       	0.1782      	0.1741      	0.003703    
4365        	10          	4.285       	0.1792      	0.1813      	0.003925    
4370        	10          	4.348       	0.1793      	0.1837      	0.003871    
4375        	10          	4.342       	0.1773      	0.1723      	0.001731    
4380        	10          	4.272       	0.1898      	0.1872      	0.003764    
4385        	10          	4.273       	0.1857      	0.1859      	0.004772    
4390        	10          	4.265       	0.1941      	0.1953      	0.004316    
4395        	10          	4.242       	0.1964      	0.2018      	0.003976    
4400        	10          	4.25        	0.198       	0.1927      	0.004714    
4405        	10          	4.268       	0.1901      	0.196       	0.007427    
4410        	10          	4.233       	0.2001      	0.1945      	0.00365     
4415        	10          	4.232       	0.1905      	0.1923      	0.003763    
4420        	10          	4.243       	0.1995      	0.1942      	0.005268    
4425        	10          	4.258       	0.2017      	0.196       	0.004464    
4430        	10          	4.265       	0.1999      	0.2002      	0.001376    
4435        	10          	4.24        	0.2014      	0.1982      	0.004689    
4440        	10          	4.198       	0.1998      	0.1999      	0.004916    
4445        	10          	4.237       	0.2054      	0.2061      	0.002323    
4450        	10          	4.198       	0.2145      	0.2085      	0.006135    
4455        	10          	4.197       	0.2153      	0.2143      	0.004218    
4460        	10          	4.202       	0.2206      	0.2185      	0.005256    
4465        	10          	4.205       	0.2179      	0.2175      	0.004193    
4470        	10          	4.22        	0.216       	0.2227      	0.003751    
4475        	10          	4.197       	0.2221      	0.224       	0.005518    
4480        	10          	4.177       	0.2212      	0.215       	0.002975    
4485        	10          	4.178       	0.2202      	0.2253      	0.004565    
4490        	10          	4.187       	0.2239      	0.2263      	0.005497    
4495        	10          	4.21        	0.2315      	0.2303      	0.005424    
4500        	10          	4.173       	0.2279      	0.2332      	0.005136    
4505        	10          	4.157       	0.2335      	0.2352      	0.00472     
4510        	10          	4.16        	0.2298      	0.2318      	0.005177    
4515        	10          	4.162       	0.242       	0.2361      	0.002603    
4520        	10          	4.135       	0.2385      	0.2375      	0.004518    
4525        	10          	4.142       	0.2393      	0.2474      	0.006384    
4530        	10          	4.143       	0.2442      	0.2425      	0.003307    
4535        	10          	4.17        	0.2472      	0.251       	0.005123    
4540        	10          	4.13        	0.2476      	0.246       	0.00475     
4545        	10          	4.157       	0.2478      	0.2519      	0.004086    
4550        	10          	4.157       	0.2556      	0.2506      	0.004173    
4555        	10          	4.175       	0.2475      	0.251       	0.0008476   
4560        	10          	4.123       	0.2564      	0.2585      	0.005102    
4565        	10          	4.088       	0.2573      	0.2525      	0.00441     
4570        	10          	4.118       	0.2483      	0.2471      	0.0009534   
4575        	10          	4.098       	0.2573      	0.262       	0.005613    
4580        	10          	4.133       	0.2608      	0.2572      	0.004778    
4585        	10          	4.09        	0.2563      	0.255       	0.004264    
4590        	10          	4.103       	0.2549      	0.2574      	0.001916    
4595        	10          	4.117       	0.25        	0.2558      	0.004278    
4600        	10          	4.122       	0.2601      	0.256       	0.006287    
4605        	10          	4.083       	0.254       	0.2538      	0.003589    
4610        	10          	4.078       	0.2651      	0.2653      	0.003252    
4615        	10          	4.117       	0.2665      	0.2631      	0.003084    
4620        	10          	4.082       	0.2742      	0.2729      	0.004145    
4625        	10          	4.123       	0.273       	0.2736      	0.004311    
4630        	10          	4.122       	0.2694      	0.2715      	0.00381     
4635        	10          	4.085       	0.2771      	0.2741      	0.003359    
4640        	10          	4.078       	0.2712      	0.2694      	0.003283    
4645        	10          	4.062       	0.2714      	0.2781      	0.004144    
4650        	10          	4.087       	0.2703      	0.272       	0.005646    
4655        	10          	4.063       	0.2753      	0.2718      	0.005138    
4660        	10          	4.033       	0.2732      	0.2666      	0.003578    
4665        	10          	4.045       	0.269       	0.2699      	0.005274    
4670        	10          	4.063       	0.2737      	0.2719      	0.004657    
4675        	10          	4.072       	0.2683      	0.2728      	0.003347    
4680        	10          	4.047       	0.2686      	0.2707      	0.002365    
4685        	10          	4.008       	0.2744      	0.273       	0.002043    
4690        	10          	4.042       	0.2677      	0.2709      	0.002154    
4695        	10          	4.053       	0.2669      	0.271       	0.004057    
4700        	10          	4.02        	0.2757      	0.2712      	0.006621    
4705        	10          	4.03        	0.2769      	0.2757      	0.006776    
4710        	10          	4.047       	0.2717      	0.2722      	0.007351    
4715        	10          	4.023       	0.2682      	0.2711      	0.007193    
4720        	10          	3.995       	0.272       	0.2679      	0.004091    
4725        	10          	4.04        	0.2752      	0.2713      	0.006166    
4730        	10          	4.063       	0.2672      	0.271       	0.004887    
4735        	10          	4.06        	0.2788      	0.2775      	0.003186    
4740        	10          	4.04        	0.2782      	0.2787      	0.005985    
4745        	10          	4.032       	0.2801      	0.2757      	0.00424     
4750        	10          	4.035       	0.2775      	0.2741      	0.002837    
4755        	10          	4.038       	0.2782      	0.2801      	0.005437    
4760        	10          	4.01        	0.2837      	0.2817      	0.001796    
4765        	10          	3.97        	0.2864      	0.2816      	0.005607    
4770        	10          	3.993       	0.2785      	0.2783      	0.002989    
4775        	10          	4.007       	0.2867      	0.2802      	0.00374     
4780        	10          	4.05        	0.2844      	0.2779      	0.002914    
4785        	10          	4.008       	0.2745      	0.2736      	0.003593    
4790        	10          	4.058       	0.2905      	0.279       	0.002792    
4795        	10          	4.053       	0.2823      	0.2843      	0.003505    
4800        	10          	3.988       	0.2789      	0.2761      	0.004239    
4805        	10          	3.97        	0.2857      	0.286       	0.008169    
4810        	10          	4.012       	0.2847      	0.2857      	0.005835    
4815        	10          	3.983       	0.2914      	0.2851      	0.003615    
4820        	10          	4.007       	0.2891      	0.2957      	0.003316    
4825        	10          	4.01        	0.2954      	0.2901      	0.001449    
4830        	10          	3.99        	0.3021      	0.2949      	0.003964    
4835        	10          	4.008       	0.3004      	0.298       	0.003134    
4840        	10          	4.013       	0.2927      	0.295       	0.005401    
4845        	10          	3.988       	0.2967      	0.2933      	0.002495    
4850        	10          	3.998       	0.2945      	0.2975      	0.003894    
4855        	10          	4.042       	0.2924      	0.2939      	0.001912    
4860        	10          	3.968       	0.3063      	0.3014      	0.004855    
4865        	10          	3.995       	0.2965      	0.3018      	0.00343     
4870        	10          	3.995       	0.2979      	0.2987      	0.00353     
4875        	10          	3.96        	0.2939      	0.2962      	0.002392    
4880        	10          	3.98        	0.2982      	0.2935      	0.004766    
4885        	10          	3.965       	0.2996      	0.2985      	0.003113    
4890        	10          	3.978       	0.2989      	0.2966      	0.002376    
4895        	10          	4.017       	0.2975      	0.2996      	0.004444    
4900        	10          	3.955       	0.2969      	0.2923      	0.003244    
4905        	10          	3.985       	0.2967      	0.2958      	0.007422    
4910        	10          	3.98        	0.3025      	0.2991      	0.003712    
4915        	10          	3.953       	0.3027      	0.2966      	0.002866    
4920        	10          	3.978       	0.3049      	0.3078      	0.00426     
4925        	10          	3.942       	0.3057      	0.3041      	0.004712    
4930        	10          	3.955       	0.3081      	0.3158      	0.001842    
4935        	10          	3.973       	0.3035      	0.3069      	0.001223    
4940        	10          	3.935       	0.3083      	0.3097      	0.007424    
4945        	10          	3.935       	0.3079      	0.3106      	0.004848    
4950        	10          	3.947       	0.3075      	0.3084      	0.005236    
4955        	10          	3.953       	0.3153      	0.3125      	0.005282    
4960        	10          	3.967       	0.3227      	0.3168      	0.005599    
4965        	10          	3.952       	0.3129      	0.3081      	0.004627    
4970        	10          	3.97        	0.3148      	0.3165      	0.00545     
4975        	10          	3.97        	0.3119      	0.3098      	0.003469    
4980        	10          	3.957       	0.3138      	0.3144      	0.003914    
4985        	10          	3.948       	0.3098      	0.3093      	0.003769    
4990        	10          	3.917       	0.3116      	0.3043      	0.00395     
4995        	10          	3.93        	0.3179      	0.3161      	0.004734    
5000        	10          	3.952       	0.3068      	0.305       	0.004909    
