generation  	alive.rpl   	n.adlt.rs   	n.adlt.fst.wc_p1-2	n.adlt.fst.wc_p1-3	n.adlt.fst.wc_p2-3
5           	10          	0.02675     	5.626e-07   	5.155e-07   	2.726e-06   
10          	10          	0.01611     	4.55e-06    	3.018e-06   	5.315e-06   
15          	10          	0.01429     	3.986e-06   	4.279e-06   	4.744e-06   
20          	10          	0.03139     	2.725e-06   	6.411e-06   	1.774e-06   
25          	10          	0.0166      	4.996e-07   	3.762e-06   	3.261e-06   
30          	10          	0.03439     	2.868e-06   	2.236e-06   	4.179e-06   
35          	10          	0.03323     	4.744e-06   	7.324e-06   	3.109e-06   
40          	10          	0.01383     	4.553e-06   	6.363e-06   	6.391e-06   
45          	10          	0.008511    	2.686e-06   	4.214e-06   	3.194e-06   
50          	10          	0.01368     	2.141e-06   	1.095e-06   	1.762e-06   
55          	10          	0.04768     	4.017e-06   	8.084e-06   	5.808e-06   
60          	10          	0.08461     	2.872e-06   	6.018e-06   	2.097e-06   
65          	10          	0.054       	3.068e-06   	5.348e-06   	1.668e-06   
70          	10          	0.03393     	4.3e-06     	3.165e-06   	4.317e-06   
75          	10          	0.02111     	1.882e-06   	8.284e-06   	4.439e-06   
80          	10          	0.04677     	3.713e-06   	8.936e-06   	3.964e-06   
85          	10          	0.087       	3.37e-06    	5.765e-06   	5.848e-06   
90          	10          	0.1121      	2.217e-06   	3.732e-06   	5.441e-06   
95          	10          	0.07578     	7.257e-06   	5.217e-06   	2.922e-06   
100         	10          	0.07941     	4.275e-06   	1.319e-05   	6.024e-06   
105         	10          	0.1769      	4.823e-06   	1.424e-06   	2.007e-06   
110         	10          	0.1045      	1.689e-06   	2.483e-06   	2.676e-06   
115         	10          	0.08636     	6.134e-06   	7.557e-06   	3.019e-06   
120         	10          	0.1134      	1.322e-05   	6.008e-06   	9.936e-06   
125         	10          	0.09939     	7.005e-06   	4.358e-06   	2.419e-06   
130         	10          	0.1278      	1.831e-06   	5.226e-06   	4.871e-07   
135         	10          	0.09378     	5.799e-06   	2.545e-06   	3.085e-06   
140         	10          	0.09725     	1.448e-05   	8.607e-06   	1.286e-06   
145         	10          	0.1046      	7.622e-06   	4.819e-06   	2.988e-06   
150         	10          	0.1004      	1.748e-06   	6.598e-06   	3.348e-06   
155         	10          	0.04464     	1.709e-06   	6.659e-06   	1.365e-06   
160         	10          	0.1107      	6.099e-06   	4.355e-06   	1.021e-05   
165         	10          	0.04825     	3.316e-06   	1.031e-05   	4.71e-06    
170         	10          	0.1081      	3.835e-06   	8.309e-06   	4.691e-06   
175         	10          	0.08357     	2.437e-06   	6.386e-06   	6.456e-06   
180         	10          	0.1325      	3.189e-06   	1.975e-06   	4.209e-06   
185         	10          	0.06578     	2.39e-06    	4.762e-06   	5.237e-06   
190         	10          	0.06462     	1.3e-06     	1.046e-05   	4.645e-06   
195         	10          	0.07882     	6.589e-06   	5.224e-06   	3.13e-06    
200         	10          	0.1046      	5.471e-06   	6.267e-06   	4.647e-06   
205         	10          	0.1095      	6.933e-06   	6.696e-06   	4.401e-06   
210         	10          	0.1659      	3.04e-06    	2.072e-05   	5.777e-06   
215         	10          	0.1335      	1.862e-06   	7.401e-06   	5.181e-06   
220         	10          	0.1212      	1.816e-06   	8.554e-06   	7.627e-06   
225         	10          	0.1267      	8.019e-06   	7.777e-06   	2.277e-06   
230         	10          	0.1565      	3.451e-06   	1.08e-05    	6.47e-06    
235         	10          	0.1175      	5.859e-06   	8.599e-06   	6.882e-06   
240         	10          	0.1064      	3.316e-06   	4.001e-06   	2.123e-06   
245         	10          	0.1725      	4.639e-06   	6.779e-06   	7.046e-06   
250         	10          	0.1032      	5.68e-06    	3.153e-06   	4.402e-06   
255         	10          	0.06919     	7.715e-06   	1.88e-05    	9.558e-07   
260         	10          	0.1491      	3.645e-06   	2.031e-06   	6.436e-06   
265         	10          	0.08043     	2.606e-06   	9.39e-06    	4.422e-06   
270         	10          	0.09193     	8.518e-06   	6.425e-06   	1.98e-06    
275         	10          	0.09846     	6.241e-06   	2.792e-06   	6.446e-06   
280         	10          	0.1031      	4.178e-06   	1.128e-05   	3.639e-06   
285         	10          	0.09989     	9.502e-06   	9.049e-06   	5.883e-06   
290         	10          	0.066       	1.414e-05   	9.058e-06   	1.224e-05   
295         	10          	0.1674      	3.463e-06   	7.091e-06   	2.241e-06   
300         	10          	0.09627     	5.172e-06   	9.166e-06   	3.879e-06   
305         	10          	0.08714     	5.217e-06   	6.013e-06   	7.968e-06   
310         	10          	0.08329     	4.517e-06   	8.253e-06   	1.013e-05   
315         	10          	0.06522     	3.995e-06   	8.544e-06   	6.938e-06   
320         	10          	0.07875     	6.799e-06   	1.147e-05   	3.366e-06   
325         	10          	0.08364     	3.289e-06   	1.042e-05   	8.814e-06   
330         	10          	0.07789     	3.712e-06   	1.152e-05   	4.109e-06   
335         	10          	0.06021     	4.357e-06   	5.171e-06   	7.536e-06   
340         	10          	0.09011     	3.383e-06   	5.336e-06   	8.752e-06   
345         	10          	0.05736     	7.046e-06   	1.461e-05   	9.806e-06   
350         	10          	0.04443     	4.808e-06   	9.23e-06    	1.621e-06   
355         	10          	0.1074      	5.594e-06   	7.625e-06   	5.957e-06   
360         	10          	0.09301     	4.585e-06   	1.432e-05   	6.115e-06   
365         	10          	0.0774      	3.859e-06   	6.139e-06   	7.601e-06   
370         	10          	0.04572     	3.586e-06   	3.564e-06   	7.16e-06    
375         	10          	0.0781      	7.5e-06     	1.195e-05   	9.747e-06   
380         	10          	0.08479     	3.988e-06   	6.594e-06   	3.837e-06   
385         	10          	0.1212      	5.454e-06   	9.43e-06    	5.482e-06   
390         	10          	0.07728     	3.352e-06   	3.097e-06   	7.128e-06   
395         	10          	0.1114      	6.753e-06   	1.469e-05   	5.143e-06   
400         	10          	0.1075      	6.662e-06   	1.834e-05   	1.1e-05     
405         	10          	0.07129     	9.558e-06   	1.927e-05   	6.242e-06   
410         	10          	0.02727     	3.194e-06   	2.427e-06   	5.098e-06   
415         	10          	0.03883     	5.685e-06   	1.047e-05   	4.111e-06   
420         	10          	0.03724     	7.99e-06    	1.322e-05   	1.152e-05   
425         	10          	0.06428     	1.819e-05   	4.468e-06   	9.031e-06   
430         	10          	0.05454     	2.645e-06   	1.395e-05   	5.166e-06   
435         	10          	0.03271     	7.687e-06   	9.202e-06   	9.746e-06   
440         	10          	0.0454      	1.035e-05   	3.519e-06   	1.355e-05   
445         	10          	0.06262     	4.691e-06   	1.186e-05   	3.399e-06   
450         	10          	0.0623      	6.948e-06   	1.022e-05   	8.275e-06   
455         	10          	0.09001     	3.745e-06   	4.973e-06   	8.576e-06   
460         	10          	0.0495      	1.37e-05    	1.221e-05   	5.785e-06   
465         	10          	0.09379     	9.094e-06   	1.477e-05   	9.472e-06   
470         	10          	0.0408      	6.723e-06   	1.645e-05   	2.487e-06   
475         	10          	0.0456      	1.043e-05   	1.113e-05   	6.473e-06   
480         	10          	0.02947     	2.485e-06   	6.745e-06   	6.46e-06    
485         	10          	0.04441     	1.411e-05   	8.939e-06   	8.09e-06    
490         	10          	0.08301     	5.148e-06   	9.109e-06   	1.144e-05   
495         	10          	0.02836     	4.808e-06   	5.041e-06   	9.977e-06   
500         	10          	0.0624      	6.931e-06   	9.457e-06   	8.433e-06   
505         	10          	0.05484     	1.088e-05   	1.772e-05   	3.041e-06   
510         	10          	0.1391      	2.249e-05   	8.744e-06   	5.805e-06   
515         	10          	0.05632     	6.075e-06   	7.321e-06   	8.397e-06   
520         	10          	0.04423     	1.282e-05   	9.569e-06   	4.618e-06   
525         	10          	0.06094     	1.048e-05   	5.577e-06   	3.233e-06   
530         	10          	0.07982     	6.113e-06   	1.138e-05   	4.254e-06   
535         	10          	0.06966     	4.936e-06   	2.211e-05   	4.611e-06   
540         	10          	0.08871     	2.43e-05    	1.59e-05    	8.311e-06   
545         	10          	0.0831      	5.031e-06   	9.586e-06   	8.204e-06   
550         	10          	0.07296     	5.048e-06   	7.034e-06   	3.302e-06   
555         	10          	0.0555      	3.115e-06   	7.309e-06   	9.834e-07   
560         	10          	0.0534      	4.687e-06   	1.571e-05   	4.884e-06   
565         	10          	0.1216      	4.975e-06   	1.264e-05   	7.961e-06   
570         	10          	0.1218      	2.413e-06   	2.806e-06   	5.04e-06    
575         	10          	0.07986     	1.398e-05   	1.712e-05   	4.365e-06   
580         	10          	0.07046     	2.817e-06   	8.121e-06   	1.244e-05   
585         	10          	0.117       	5.923e-06   	2.254e-05   	1.328e-05   
590         	10          	0.08206     	3.598e-06   	8.161e-06   	2.813e-06   
595         	10          	0.04723     	5.5e-06     	1.181e-05   	9.706e-06   
600         	10          	0.08223     	1.349e-05   	2.134e-05   	1.081e-05   
605         	10          	0.06201     	5.577e-06   	4.33e-06    	3.803e-06   
610         	10          	0.0501      	4.757e-06   	9.521e-06   	1.708e-05   
615         	10          	0.1104      	3.429e-06   	3.644e-06   	6.422e-06   
620         	10          	0.08908     	1.02e-05    	1.749e-05   	1.074e-05   
625         	10          	0.07402     	7.928e-06   	9.213e-06   	8.145e-06   
630         	10          	0.1253      	3.255e-06   	1.618e-05   	7.165e-06   
635         	10          	0.1306      	2.317e-05   	1.925e-05   	2.496e-06   
640         	10          	0.0675      	9.681e-06   	1.797e-05   	5.377e-06   
645         	10          	0.07018     	1.116e-05   	1.697e-05   	6.657e-06   
650         	10          	0.04582     	5.906e-06   	7.681e-06   	8.077e-06   
655         	10          	0.07268     	1.614e-05   	1.722e-05   	6.351e-06   
660         	10          	0.07712     	1.386e-05   	4.964e-06   	5.644e-06   
665         	10          	0.09111     	1.046e-05   	1.669e-05   	1.606e-05   
670         	10          	0.1141      	6.327e-06   	9.011e-06   	1.067e-05   
675         	10          	0.07784     	2.132e-05   	2.178e-05   	7.649e-06   
680         	10          	0.122       	4.302e-06   	1.161e-05   	6.136e-06   
685         	10          	0.08201     	1.26e-05    	8.168e-06   	3.914e-06   
690         	10          	0.1074      	5.952e-06   	1.384e-05   	1.374e-05   
695         	10          	0.136       	9.965e-06   	9.416e-06   	8.392e-06   
700         	10          	0.1657      	8.414e-06   	5.98e-06    	3.836e-06   
705         	10          	0.1436      	4.999e-06   	2.424e-05   	1.125e-05   
710         	10          	0.1095      	5.034e-06   	1.359e-05   	8.864e-06   
715         	10          	0.08772     	3.13e-06    	1.325e-05   	7.341e-06   
720         	10          	0.1427      	3.843e-06   	8.249e-06   	8.991e-06   
725         	10          	0.1254      	4.698e-06   	1.566e-05   	8.231e-06   
730         	10          	0.1175      	1.062e-05   	2.703e-05   	8.494e-06   
735         	10          	0.0919      	3.809e-06   	1.189e-05   	1.099e-05   
740         	10          	0.09941     	4.19e-06    	7.074e-06   	5.234e-06   
745         	10          	0.1072      	7.635e-06   	1.397e-05   	7.162e-06   
750         	10          	0.1234      	5.919e-06   	6.837e-06   	5.568e-06   
755         	10          	0.1638      	1.712e-05   	1.503e-05   	4.082e-06   
760         	10          	0.1237      	1.254e-05   	2.236e-05   	1.428e-05   
765         	10          	0.1344      	1.013e-05   	1.125e-05   	1.006e-05   
770         	10          	0.1242      	1.375e-05   	8.767e-06   	6.671e-06   
775         	10          	0.1401      	9.947e-06   	1.255e-05   	1.138e-05   
780         	10          	0.1611      	1.143e-05   	8.197e-06   	1.126e-05   
785         	10          	0.162       	4.922e-06   	9.442e-06   	7.161e-06   
790         	10          	0.1395      	7.895e-06   	1.78e-05    	6.809e-06   
795         	10          	0.1435      	4.033e-06   	1.614e-05   	6.769e-06   
800         	10          	0.1376      	7.119e-06   	1.196e-05   	6.432e-06   
805         	10          	0.1098      	6.729e-06   	2.316e-05   	1.037e-05   
810         	10          	0.1474      	4.67e-06    	2.536e-05   	2.676e-05   
815         	10          	0.1715      	4.431e-06   	9.19e-06    	1.233e-05   
820         	10          	0.1184      	5.265e-06   	1.556e-05   	3.788e-06   
825         	10          	0.06204     	5.101e-06   	1.557e-05   	1.27e-05    
830         	10          	0.07679     	3.186e-06   	1.284e-05   	1.001e-05   
835         	10          	0.0933      	6.215e-06   	7.237e-06   	7.793e-06   
840         	10          	0.09039     	9.483e-06   	1.786e-05   	5.931e-06   
845         	10          	0.1277      	9.259e-06   	2.181e-05   	9.264e-06   
850         	10          	0.05489     	9.016e-06   	1.984e-05   	7.359e-06   
855         	10          	0.06214     	1.785e-05   	2.128e-05   	9.814e-06   
860         	10          	0.04939     	4.57e-06    	3.534e-05   	9.057e-06   
865         	10          	0.1013      	1.058e-05   	1.96e-05    	6.724e-06   
870         	10          	0.07829     	9.621e-06   	2.394e-05   	2.519e-06   
875         	10          	0.04629     	4.174e-06   	1.189e-05   	8.295e-06   
880         	10          	0.1049      	7.06e-06    	1.579e-05   	1.164e-05   
885         	10          	0.09085     	5.555e-06   	6.126e-06   	3.404e-06   
890         	10          	0.1092      	2.347e-06   	5.389e-06   	6.535e-06   
895         	10          	0.08139     	2.035e-05   	2.385e-05   	1.533e-05   
900         	10          	0.09449     	1.91e-05    	2.731e-05   	5.368e-06   
905         	10          	0.09171     	6.745e-06   	2.351e-05   	8.597e-06   
910         	10          	0.09752     	2.445e-06   	1.559e-05   	1.376e-05   
915         	10          	0.1364      	1.708e-05   	1.157e-05   	5.909e-06   
920         	10          	0.06925     	5.939e-06   	1.285e-05   	3.113e-06   
925         	10          	0.06416     	6.183e-06   	1.472e-05   	5.681e-06   
930         	10          	0.06553     	6.381e-06   	2.275e-05   	3.158e-06   
935         	10          	0.09847     	5.258e-06   	1.727e-05   	2.48e-06    
940         	10          	0.09751     	3.152e-06   	4.51e-06    	3.888e-06   
945         	10          	0.157       	1.431e-05   	3.551e-05   	9.415e-06   
950         	10          	0.1075      	1.275e-05   	1.151e-05   	7.099e-06   
955         	10          	0.1287      	2.847e-06   	2.233e-05   	1.197e-05   
960         	10          	0.138       	1.05e-05    	1.287e-05   	1.26e-05    
965         	10          	0.1261      	6.501e-06   	1.602e-05   	1.497e-05   
970         	10          	0.1454      	1.767e-05   	1.217e-05   	1.251e-05   
975         	10          	0.233       	5.393e-06   	2.311e-05   	1.015e-05   
980         	10          	0.1327      	7.725e-06   	1.327e-05   	6.331e-06   
985         	10          	0.1888      	6.003e-06   	1.923e-05   	1.856e-05   
990         	10          	0.2082      	6.047e-06   	5.731e-06   	9.093e-06   
995         	10          	0.201       	1.18e-05    	2.309e-05   	8.29e-06    
1000        	10          	0.173       	1.244e-05   	1.614e-05   	2.071e-05   
1005        	10          	0.2019      	1.125e-05   	7.077e-06   	1.232e-05   
1010        	10          	0.1207      	7.812e-06   	9.87e-06    	1.835e-05   
1015        	10          	0.1405      	2.364e-05   	2.06e-05    	1.301e-05   
1020        	10          	0.1738      	1.375e-05   	8.388e-06   	2.159e-05   
1025        	10          	0.1299      	1.328e-05   	1.094e-05   	6.496e-06   
1030        	10          	0.1036      	7.699e-06   	7.644e-06   	1.037e-05   
1035        	10          	0.08784     	1.127e-05   	1.896e-05   	9.96e-06    
1040        	10          	0.1052      	8.254e-06   	1.334e-05   	2.212e-05   
1045        	10          	0.1182      	5.631e-06   	1.336e-05   	2.122e-05   
1050        	10          	0.09379     	3.755e-06   	1.828e-05   	9.029e-06   
1055        	10          	0.1131      	1.67e-05    	8.746e-06   	4.404e-06   
1060        	10          	0.116       	4.515e-06   	9.612e-06   	7.732e-06   
1065        	10          	0.1074      	1.46e-05    	2.037e-05   	8.557e-06   
1070        	10          	0.1027      	9.444e-06   	1.628e-05   	9.579e-06   
1075        	10          	0.1431      	1.073e-05   	3.795e-05   	1.653e-05   
1080        	10          	0.09271     	6.605e-06   	1.97e-05    	1.121e-05   
1085        	10          	0.1567      	5.001e-06   	5.415e-06   	2.025e-05   
1090        	10          	0.149       	4.601e-06   	1.519e-05   	6.62e-06    
1095        	10          	0.1192      	1.637e-05   	2.38e-05    	7.275e-06   
1100        	10          	0.1015      	8.074e-06   	2.306e-05   	6.89e-06    
1105        	10          	0.1008      	1.274e-05   	1.095e-05   	1.092e-05   
1110        	10          	0.1034      	9.805e-06   	1.967e-05   	5.502e-06   
1115        	10          	0.114       	1.041e-05   	1.612e-05   	9.296e-06   
1120        	10          	0.1321      	1.665e-05   	2.496e-05   	1.326e-05   
1125        	10          	0.1046      	2.375e-05   	3.53e-05    	1.008e-05   
1130        	10          	0.1182      	5.301e-06   	1.481e-05   	1.084e-05   
1135        	10          	0.09234     	5.36e-06    	1.571e-05   	9.403e-06   
1140        	10          	0.09941     	6.576e-06   	1.809e-06   	1.675e-05   
1145        	10          	0.09867     	4.373e-06   	2.669e-06   	6.67e-06    
1150        	10          	0.1675      	1.66e-05    	8.504e-06   	6.392e-06   
1155        	10          	0.07251     	7.549e-06   	1.329e-05   	5.442e-06   
1160        	10          	0.08533     	2.525e-05   	2.065e-05   	1.103e-05   
1165        	10          	0.1024      	6.586e-06   	1.714e-05   	8.286e-06   
1170        	10          	0.08454     	1.218e-05   	6.085e-06   	6.27e-06    
1175        	10          	0.1265      	1.878e-05   	2.102e-05   	2.039e-05   
1180        	10          	0.1756      	1.005e-05   	1.794e-05   	1.302e-05   
1185        	10          	0.1225      	1.265e-05   	1.873e-05   	1.118e-05   
1190        	10          	0.1087      	8.901e-06   	1.521e-05   	1.222e-05   
1195        	10          	0.09111     	7.738e-06   	1.174e-05   	1.563e-05   
1200        	10          	0.1024      	1.326e-05   	6.547e-06   	1.466e-05   
1205        	10          	0.1393      	1.393e-05   	1.782e-05   	1.88e-05    
1210        	10          	0.1055      	1.397e-05   	4.086e-05   	2.268e-05   
1215        	10          	0.1028      	1.212e-05   	2.194e-05   	8.605e-06   
1220        	10          	0.1027      	8.979e-06   	1.326e-05   	1.189e-05   
1225        	10          	0.1582      	9.894e-06   	1.376e-05   	5.878e-06   
1230        	10          	0.1487      	1.391e-05   	1.469e-05   	1.369e-05   
1235        	10          	0.1214      	9.23e-06    	1.267e-05   	1.097e-05   
1240        	10          	0.09451     	6.696e-06   	2.731e-05   	1.754e-05   
1245        	10          	0.1879      	2.039e-06   	2.941e-05   	1.429e-05   
1250        	10          	0.2109      	2.784e-06   	4.07e-05    	1.277e-05   
1255        	10          	0.2022      	3.772e-06   	6.715e-06   	6.54e-06    
1260        	10          	0.1613      	1.371e-05   	1.288e-05   	8.394e-06   
1265        	10          	0.155       	5.501e-06   	9.941e-06   	3.77e-06    
1270        	10          	0.1947      	1.08e-05    	2.605e-05   	2.777e-05   
1275        	10          	0.1679      	7.845e-06   	1.058e-05   	1.136e-05   
1280        	10          	0.149       	8.289e-06   	1.749e-05   	4.632e-06   
1285        	10          	0.1273      	9.066e-06   	1.309e-05   	1.838e-05   
1290        	10          	0.08023     	8.911e-06   	7.193e-06   	7.695e-06   
1295        	10          	0.1242      	2.113e-05   	1.28e-05    	5.062e-06   
1300        	10          	0.1517      	2.204e-05   	1.943e-05   	2.812e-06   
1305        	10          	0.1497      	7.729e-06   	1.732e-05   	1.36e-05    
1310        	10          	0.134       	7.394e-06   	3.965e-05   	2.403e-05   
1315        	10          	0.07878     	7.006e-06   	2.99e-05    	4.914e-06   
1320        	10          	0.1144      	1.599e-05   	1.152e-05   	1.315e-05   
1325        	10          	0.0765      	1.387e-05   	1.794e-05   	6.088e-06   
1330        	10          	0.1018      	9.082e-06   	4.448e-05   	3.15e-06    
1335        	10          	0.1002      	1.279e-05   	2.134e-05   	1.276e-05   
1340        	10          	0.1212      	2.789e-05   	5.577e-05   	1.518e-05   
1345        	10          	0.08369     	6.665e-06   	3.923e-06   	1.171e-05   
1350        	10          	0.1189      	1.861e-05   	2.855e-05   	1.554e-05   
1355        	10          	0.05957     	2.788e-05   	1.946e-05   	7.683e-06   
1360        	10          	0.07139     	1.495e-05   	2.033e-05   	1.346e-05   
1365        	10          	0.08884     	7.56e-06    	2.499e-05   	9.082e-06   
1370        	10          	0.09443     	1.14e-05    	2.259e-05   	8.371e-06   
1375        	10          	0.0841      	1.029e-05   	2.712e-05   	2.095e-05   
1380        	10          	0.06849     	2.069e-05   	1.453e-05   	3.047e-05   
1385        	10          	0.08482     	1.222e-05   	1.977e-05   	7.515e-06   
1390        	10          	0.118       	9.95e-06    	1.761e-05   	1.559e-05   
1395        	10          	0.07836     	1.306e-05   	2.305e-05   	9.646e-06   
1400        	10          	0.07121     	1.619e-05   	1.514e-05   	1.886e-05   
1405        	10          	0.06846     	1.193e-05   	2.369e-05   	9.345e-06   
1410        	10          	0.07593     	1.536e-05   	2.526e-05   	1.041e-05   
1415        	10          	0.1265      	4.769e-06   	1.704e-05   	2.369e-05   
1420        	10          	0.07552     	1.174e-05   	2.448e-05   	2.213e-05   
1425        	10          	0.06612     	2.552e-05   	2.279e-05   	2.935e-05   
1430        	10          	0.1167      	7.077e-06   	1.168e-05   	1.489e-05   
1435        	10          	0.1348      	5.236e-06   	1.241e-05   	1.124e-05   
1440        	10          	0.09146     	1.099e-05   	1.425e-05   	1.635e-05   
1445        	10          	0.1307      	8.202e-06   	1.381e-05   	7.277e-06   
1450        	10          	0.1332      	1.574e-05   	2.18e-05    	1.664e-05   
1455        	10          	0.1141      	1.059e-05   	4.545e-05   	7.929e-06   
1460        	10          	0.08196     	1.754e-05   	6.835e-06   	7.817e-06   
1465        	10          	0.09368     	2.484e-05   	4.258e-05   	1.388e-05   
1470        	10          	0.05989     	1.524e-05   	2.101e-05   	5.205e-06   
1475        	10          	0.09339     	1.854e-05   	2.374e-05   	1.174e-05   
1480        	10          	0.09995     	6.743e-06   	2.674e-05   	6.819e-06   
1485        	10          	0.08427     	1.771e-05   	1.643e-05   	8.388e-06   
1490        	10          	0.1076      	9.073e-06   	2.494e-05   	1.345e-05   
1495        	10          	0.1442      	7.425e-06   	8.892e-06   	1.053e-05   
1500        	10          	0.1088      	1.249e-05   	1.486e-05   	8.243e-06   
1505        	10          	0.1573      	1.246e-05   	1.141e-05   	7.55e-06    
1510        	10          	0.1499      	1.167e-05   	1.938e-05   	1.865e-05   
1515        	10          	0.09141     	3.035e-06   	1.388e-05   	9.374e-06   
1520        	10          	0.08316     	9.158e-06   	2.05e-05    	1.339e-05   
1525        	10          	0.1446      	7.535e-06   	2.414e-05   	1.443e-05   
1530        	10          	0.1087      	5.888e-06   	2.071e-05   	1.211e-05   
1535        	10          	0.1131      	9.772e-06   	4.74e-06    	1.378e-05   
1540        	10          	0.1134      	1.178e-05   	1.65e-05    	6.01e-06    
1545        	10          	0.1136      	4.621e-06   	1.199e-05   	1.676e-05   
1550        	10          	0.1743      	9.499e-06   	2.251e-05   	1.609e-05   
1555        	10          	0.1638      	1.305e-05   	3.348e-05   	1.35e-05    
1560        	10          	0.09593     	9.389e-06   	8.688e-06   	5.145e-06   
1565        	10          	0.1131      	1.583e-05   	1.149e-05   	1.001e-05   
1570        	10          	0.09782     	1.043e-05   	8.888e-06   	6.441e-06   
1575        	10          	0.1144      	1.058e-05   	2.582e-05   	3.269e-06   
1580        	10          	0.1377      	9.481e-06   	2.56e-05    	8.632e-06   
1585        	10          	0.1652      	8.216e-06   	1.974e-05   	1.924e-05   
1590        	10          	0.125       	2.574e-05   	3.176e-05   	5.03e-06    
1595        	10          	0.1563      	1.486e-05   	1.676e-05   	1.399e-05   
1600        	10          	0.1144      	9.591e-06   	1.139e-05   	6.103e-06   
1605        	10          	0.1505      	1.148e-05   	1.392e-05   	1.505e-05   
1610        	10          	0.1906      	9.729e-06   	2.004e-05   	5.911e-06   
1615        	10          	0.1797      	1.626e-05   	2.248e-05   	6.253e-06   
1620        	10          	0.2027      	2.195e-05   	2.062e-05   	1.561e-05   
1625        	10          	0.1304      	1.782e-05   	1.783e-05   	6.931e-06   
1630        	10          	0.1837      	9.23e-06    	3.144e-05   	1.4e-05     
1635        	10          	0.1674      	3.492e-05   	1.851e-05   	8.644e-06   
1640        	10          	0.2203      	1.999e-05   	2.1e-05     	1.862e-05   
1645        	10          	0.162       	7.139e-06   	2.464e-05   	6.501e-06   
1650        	10          	0.1919      	1.096e-05   	4.735e-06   	7.604e-06   
1655        	10          	0.1544      	1.783e-05   	1.845e-05   	8.64e-06    
1660        	10          	0.1582      	1.501e-05   	3.261e-05   	9.563e-06   
1665        	10          	0.1333      	1.432e-05   	4.426e-05   	1.99e-05    
1670        	10          	0.1615      	5.147e-06   	1.583e-05   	1.364e-05   
1675        	10          	0.1215      	2.239e-05   	7.308e-06   	1.308e-05   
1680        	10          	0.155       	1.222e-05   	4.732e-06   	7.518e-06   
1685        	10          	0.1365      	1.458e-05   	7.35e-06    	1.008e-05   
1690        	10          	0.1393      	1.206e-05   	1.4e-05     	1.857e-05   
1695        	10          	0.1347      	8.975e-06   	1.539e-05   	1.969e-05   
1700        	10          	0.1507      	2.18e-05    	2.302e-05   	3.552e-06   
1705        	10          	0.1571      	1.244e-05   	1.668e-05   	8.196e-06   
1710        	10          	0.1612      	4.986e-06   	2.52e-05    	2.079e-05   
1715        	10          	0.1963      	2.334e-05   	1.829e-05   	1.047e-05   
1720        	10          	0.1471      	1.388e-05   	1.775e-05   	1.899e-05   
1725        	10          	0.1628      	6.838e-06   	2.184e-05   	3.055e-05   
1730        	10          	0.1508      	3.87e-06    	1.527e-05   	8.316e-06   
1735        	10          	0.151       	2.057e-05   	8.19e-06    	8.548e-06   
1740        	10          	0.09864     	1.441e-05   	3.849e-05   	1.826e-05   
1745        	10          	0.1536      	8.596e-06   	7.676e-06   	1.269e-05   
1750        	10          	0.1316      	1.755e-05   	1.66e-05    	8.903e-06   
1755        	10          	0.09622     	6.843e-06   	8.188e-06   	1.304e-05   
1760        	10          	0.08234     	1.532e-05   	3.107e-05   	7.023e-06   
1765        	10          	0.102       	1.086e-05   	2.413e-05   	1.825e-05   
1770        	10          	0.1262      	1.15e-05    	9.036e-06   	2.394e-05   
1775        	10          	0.1279      	1.537e-05   	1.32e-05    	9.317e-06   
1780        	10          	0.1458      	1.522e-05   	2.464e-05   	1.131e-05   
1785        	10          	0.1502      	2.769e-06   	7.081e-06   	2.953e-05   
1790        	10          	0.08151     	1.708e-05   	1.747e-05   	7.497e-06   
1795        	10          	0.1182      	1.713e-05   	7.801e-06   	1.057e-05   
1800        	10          	0.09327     	1.148e-05   	1.563e-05   	2.015e-05   
1805        	10          	0.08749     	1.663e-05   	1.181e-05   	3.877e-06   
1810        	10          	0.09086     	7.527e-06   	1.291e-05   	4.758e-06   
1815        	10          	0.07625     	5.171e-06   	7.771e-06   	2.569e-05   
1820        	10          	0.1189      	1.237e-05   	7.305e-06   	2.013e-05   
1825        	10          	0.08589     	1.983e-05   	1.583e-05   	6.491e-06   
1830        	10          	0.08351     	2.229e-05   	8.306e-06   	1.711e-05   
1835        	10          	0.1177      	8.79e-06    	1.094e-05   	9.743e-06   
1840        	10          	0.1258      	7.379e-06   	1.571e-05   	3.161e-06   
1845        	10          	0.06554     	1.09e-05    	1.902e-05   	9.063e-06   
1850        	10          	0.06412     	1.523e-05   	2.47e-05    	3.335e-05   
1855        	10          	0.06362     	2.217e-05   	9.986e-06   	1.089e-05   
1860        	10          	0.06229     	1.637e-05   	1.647e-05   	1.924e-05   
1865        	10          	0.09162     	1.519e-05   	2.725e-05   	2.65e-05    
1870        	10          	0.06846     	1.359e-05   	6.583e-06   	8.606e-06   
1875        	10          	0.08301     	2.201e-05   	2.879e-05   	3.306e-05   
1880        	10          	0.06597     	8.535e-06   	1.09e-05    	2.027e-05   
1885        	10          	0.07595     	1.948e-05   	1.617e-05   	2.136e-05   
1890        	10          	0.1008      	1.308e-05   	1.783e-05   	1.463e-05   
1895        	10          	0.1054      	6.357e-06   	1.985e-05   	2.974e-06   
1900        	10          	0.1067      	1.344e-05   	3.536e-05   	1.387e-05   
1905        	10          	0.1132      	6.563e-06   	1.706e-05   	1.718e-05   
1910        	10          	0.07466     	1.286e-05   	2.216e-05   	3.125e-05   
1915        	10          	0.09014     	2.042e-05   	1.173e-05   	1.9e-05     
1920        	10          	0.09766     	2.479e-05   	5.703e-05   	1.554e-05   
1925        	10          	0.07484     	9.668e-06   	1.083e-05   	8.491e-06   
1930        	10          	0.1016      	1.06e-05    	8.823e-06   	6.182e-06   
1935        	10          	0.1158      	1.731e-05   	1.109e-05   	1.509e-05   
1940        	10          	0.08517     	1.215e-05   	1.07e-05    	6.479e-06   
1945        	10          	0.09873     	9.174e-06   	1.289e-05   	1.026e-05   
1950        	10          	0.06819     	8.382e-06   	1.048e-05   	1.843e-05   
1955        	10          	0.1122      	4.366e-06   	9.318e-06   	2e-05       
1960        	10          	0.1043      	8.822e-06   	2.547e-05   	1.109e-05   
1965        	10          	0.08908     	1.408e-05   	1.507e-05   	1.699e-05   
1970        	10          	0.1163      	7.332e-06   	2.257e-05   	1.007e-05   
1975        	10          	0.1128      	1.511e-05   	7.695e-06   	1.695e-05   
1980        	10          	0.1367      	1.045e-05   	1.915e-05   	4.477e-06   
1985        	10          	0.1021      	1.299e-05   	2.511e-05   	1.347e-05   
1990        	10          	0.09185     	1.29e-05    	3.423e-05   	2.591e-05   
1995        	10          	0.1202      	1.071e-05   	4.864e-06   	1.35e-05    
2000        	10          	0.08323     	5.89e-06    	1.382e-05   	8.152e-06   
2005        	10          	0.05872     	1.445e-05   	2.396e-05   	7.165e-06   
2010        	10          	0.1109      	1.1e-05     	1.596e-05   	9.136e-06   
2015        	10          	0.09951     	1.321e-05   	2.653e-05   	1.727e-05   
2020        	10          	0.134       	5.237e-05   	3.302e-05   	3.345e-05   
2025        	10          	0.1067      	1.638e-05   	1.469e-05   	1.607e-05   
2030        	10          	0.09661     	1.012e-05   	7.886e-06   	9.593e-06   
2035        	10          	0.07132     	1.007e-05   	2.19e-05    	1.449e-05   
2040        	10          	0.07536     	1.592e-05   	1.115e-05   	9.114e-06   
2045        	10          	0.1418      	1.173e-05   	2.102e-05   	8.693e-06   
2050        	10          	0.07107     	6.605e-06   	1.329e-05   	3.125e-06   
2055        	10          	0.09625     	1.202e-05   	9.594e-06   	1.524e-05   
2060        	10          	0.1019      	1.148e-05   	2.078e-05   	6.569e-06   
2065        	10          	0.07397     	1.727e-05   	2.991e-05   	9.717e-06   
2070        	10          	0.1205      	1.312e-05   	2.851e-05   	9.327e-06   
2075        	10          	0.1311      	1.154e-05   	1.644e-05   	7.712e-06   
2080        	10          	0.08368     	7.098e-06   	4.514e-05   	2.456e-05   
2085        	10          	0.1356      	7.41e-06    	1.204e-05   	9.172e-06   
2090        	10          	0.1149      	1.097e-05   	1.249e-05   	1.346e-05   
2095        	10          	0.1354      	1.106e-05   	1.35e-05    	5.135e-06   
2100        	10          	0.1222      	1.214e-05   	2.625e-05   	1.36e-05    
2105        	10          	0.1128      	1.792e-05   	2.867e-05   	1.534e-05   
2110        	10          	0.1262      	1.409e-05   	1.722e-05   	1.309e-05   
2115        	10          	0.1335      	1.172e-05   	9.249e-06   	1.253e-05   
2120        	10          	0.07761     	3.346e-05   	1.914e-05   	2.303e-05   
2125        	10          	0.09918     	1.928e-05   	1.563e-05   	1.5e-05     
2130        	10          	0.09589     	1.502e-05   	7.413e-06   	1.233e-05   
2135        	10          	0.09244     	8.506e-06   	4.564e-05   	2.335e-05   
2140        	10          	0.1187      	1.705e-05   	2.917e-05   	1.514e-05   
2145        	10          	0.1153      	7.992e-06   	2.06e-05    	1.255e-05   
2150        	10          	0.09617     	6.282e-06   	1.73e-05    	1.843e-05   
2155        	10          	0.0904      	1.282e-05   	1.388e-05   	1.389e-05   
2160        	10          	0.1093      	1.16e-05    	1.943e-05   	1.715e-05   
2165        	10          	0.09293     	1.641e-05   	1.501e-05   	3.45e-05    
2170        	10          	0.1189      	6.908e-06   	2.043e-05   	1.507e-05   
2175        	10          	0.1182      	1.301e-05   	1.79e-05    	2.485e-05   
2180        	10          	0.1193      	2.202e-05   	2.288e-05   	4.459e-06   
2185        	10          	0.1014      	1.504e-05   	6.921e-05   	1.82e-05    
2190        	10          	0.09189     	2.103e-05   	3.051e-05   	2.842e-05   
2195        	10          	0.09302     	5.77e-06    	4.03e-05    	2.059e-05   
2200        	10          	0.1314      	2.875e-06   	1.497e-05   	1.606e-05   
2205        	10          	0.1063      	1.848e-05   	3.436e-05   	9.065e-06   
2210        	10          	0.1354      	6.756e-06   	2.185e-05   	8.006e-06   
2215        	10          	0.1454      	3.791e-06   	1.214e-05   	1.968e-05   
2220        	10          	0.1504      	2.628e-05   	1.652e-05   	8.616e-06   
2225        	10          	0.1507      	1.262e-05   	2.22e-05    	1.358e-05   
2230        	10          	0.1169      	7.274e-06   	1.008e-05   	1.382e-05   
2235        	10          	0.136       	6.439e-06   	2.786e-05   	8.412e-06   
2240        	10          	0.1297      	8.338e-06   	3.125e-05   	1.255e-05   
2245        	10          	0.1607      	5.865e-06   	2.172e-05   	1.348e-05   
2250        	10          	0.1132      	1.637e-05   	1.358e-05   	7.187e-06   
2255        	10          	0.1289      	2.256e-05   	7.92e-06    	7.53e-06    
2260        	10          	0.1315      	1.002e-05   	9.89e-06    	1.638e-05   
2265        	10          	0.1104      	2.99e-05    	1.464e-05   	1.553e-05   
2270        	10          	0.1197      	6.445e-06   	5.924e-06   	6.013e-06   
2275        	10          	0.1206      	7.099e-06   	6.911e-06   	2.472e-05   
2280        	10          	0.09153     	1.014e-05   	1.247e-05   	9.618e-06   
2285        	10          	0.1146      	3.978e-06   	1.549e-05   	2.499e-05   
2290        	10          	0.09943     	3.689e-06   	1.17e-05    	2.029e-05   
2295        	10          	0.1358      	2.157e-05   	4.212e-05   	1.491e-05   
2300        	10          	0.1409      	1.321e-05   	2.143e-06   	1.264e-05   
2305        	10          	0.1572      	1.255e-05   	2.069e-05   	1.059e-05   
2310        	10          	0.1343      	4.82e-06    	5.671e-06   	3.094e-05   
2315        	10          	0.111       	1.201e-05   	2.783e-05   	1.58e-05    
2320        	10          	0.1272      	1.742e-05   	2.779e-05   	7.219e-06   
2325        	10          	0.1197      	1.95e-05    	4.097e-05   	8.534e-06   
2330        	10          	0.1183      	5.735e-06   	2.114e-05   	2.99e-05    
2335        	10          	0.1606      	2.684e-05   	1.645e-05   	7.683e-06   
2340        	10          	0.1215      	9.242e-06   	4.085e-05   	2.221e-05   
2345        	10          	0.08389     	2.113e-05   	2.164e-05   	1.474e-05   
2350        	10          	0.0699      	1.086e-05   	2.598e-05   	1.336e-05   
2355        	10          	0.09884     	1.302e-05   	1.148e-05   	1.427e-05   
2360        	10          	0.116       	2.104e-05   	2.273e-05   	1.956e-05   
2365        	10          	0.1223      	3.654e-06   	1.732e-05   	1.84e-05    
2370        	10          	0.1474      	1.15e-05    	2.904e-05   	1.031e-05   
2375        	10          	0.1176      	1.891e-05   	2.987e-05   	1.113e-05   
2380        	10          	0.109       	2.806e-05   	1.594e-05   	2.051e-05   
2385        	10          	0.1134      	1.462e-05   	1.28e-05    	5.707e-06   
2390        	10          	0.1049      	1.655e-05   	2.048e-05   	1.438e-05   
2395        	10          	0.08664     	2.396e-06   	1.148e-05   	5.693e-06   
2400        	10          	0.08383     	1.513e-05   	2.288e-05   	1.335e-05   
2405        	10          	0.08496     	1.093e-05   	2.147e-05   	8.453e-06   
2410        	10          	0.1143      	2.73e-05    	2.306e-05   	1.071e-05   
2415        	10          	0.08669     	9.266e-06   	9.387e-06   	1.287e-05   
2420        	10          	0.09456     	1.357e-05   	1.022e-05   	8.598e-06   
2425        	10          	0.0538      	1.373e-05   	1.226e-05   	1.07e-05    
2430        	10          	0.08327     	1.278e-05   	1.782e-05   	1.774e-05   
2435        	10          	0.09411     	1.285e-05   	3.959e-05   	8.924e-06   
2440        	10          	0.09097     	1.442e-05   	1.04e-05    	8.508e-06   
2445        	10          	0.07299     	3.183e-05   	1.232e-05   	1.269e-05   
2450        	10          	0.07436     	1.134e-05   	2.228e-05   	1.132e-05   
2455        	10          	0.07938     	1.286e-05   	1.96e-05    	6.961e-06   
2460        	10          	0.103       	4.799e-05   	3.856e-05   	1.622e-05   
2465        	10          	0.09503     	2.759e-05   	9.946e-06   	1.806e-05   
2470        	10          	0.1067      	1.475e-05   	4.107e-05   	2.568e-05   
2475        	10          	0.1042      	1.554e-05   	2.262e-05   	1.481e-05   
2480        	10          	0.08486     	1.446e-05   	6.649e-06   	8.997e-06   
2485        	10          	0.1021      	1.152e-05   	2.014e-05   	1.53e-05    
2490        	10          	0.09719     	1.086e-05   	1.401e-05   	3.295e-06   
2495        	10          	0.1356      	1.617e-05   	4.837e-05   	2.599e-05   
2500        	10          	0.1356      	7.473e-06   	2.864e-05   	1.895e-05   
2505        	10          	0.142       	1.261e-05   	9.161e-06   	1.912e-05   
2510        	10          	0.1417      	2.186e-05   	2.656e-05   	1.273e-05   
2515        	10          	0.1369      	1.627e-05   	1.43e-05    	7.881e-06   
2520        	10          	0.1575      	2.426e-05   	8.983e-06   	6.154e-06   
2525        	10          	0.1538      	9.939e-06   	1.057e-05   	1.169e-05   
2530        	10          	0.165       	3.435e-05   	1.19e-05    	1.636e-05   
2535        	10          	0.156       	4.72e-06    	1.5e-05     	4.112e-06   
2540        	10          	0.09382     	8.417e-06   	3.091e-05   	6.447e-06   
2545        	10          	0.1498      	1.365e-05   	9.358e-06   	8.747e-06   
2550        	10          	0.1524      	4.488e-05   	2.656e-05   	1.027e-05   
2555        	10          	0.1177      	1.571e-05   	2.062e-05   	5.175e-06   
2560        	10          	0.1841      	1.29e-05    	3.38e-05    	1.016e-05   
2565        	10          	0.09958     	1.328e-05   	2.353e-05   	1.451e-05   
2570        	10          	0.1334      	2.332e-05   	1.914e-05   	1.516e-05   
2575        	10          	0.1502      	1.18e-05    	6.329e-06   	7.726e-06   
2580        	10          	0.1276      	1.076e-05   	1.828e-05   	1.249e-05   
2585        	10          	0.1173      	1.171e-05   	1.468e-05   	3.25e-05    
2590        	10          	0.1292      	1.812e-05   	2.553e-05   	2.474e-05   
2595        	10          	0.1172      	1.273e-05   	9.952e-06   	9.6e-06     
2600        	10          	0.09196     	9.26e-06    	1.691e-05   	5.309e-06   
2605        	10          	0.1152      	2.177e-05   	1.325e-05   	1.082e-05   
2610        	10          	0.1156      	2.943e-05   	3.146e-05   	1.017e-05   
2615        	10          	0.1285      	1.102e-05   	1.719e-05   	8.591e-06   
2620        	10          	0.1268      	2.748e-05   	1.535e-05   	1.257e-05   
2625        	10          	0.09533     	7.689e-06   	2.886e-05   	1.262e-05   
2630        	10          	0.1186      	2.437e-05   	1.35e-05    	8.933e-06   
2635        	10          	0.1158      	4.141e-06   	3.117e-05   	9.367e-06   
2640        	10          	0.09969     	1.271e-05   	2.388e-05   	1.635e-05   
2645        	10          	0.08311     	9.831e-06   	3.058e-05   	1.771e-05   
2650        	10          	0.09504     	1.043e-05   	1.821e-05   	3.086e-05   
2655        	10          	0.1065      	9.077e-06   	6.232e-06   	2.746e-05   
2660        	10          	0.136       	7.388e-06   	2.072e-05   	1.19e-05    
2665        	10          	0.1251      	6.733e-06   	1.249e-05   	1.339e-05   
2670        	10          	0.1123      	2.737e-05   	3.691e-05   	3.574e-06   
2675        	10          	0.1301      	1.975e-05   	8.409e-06   	1.013e-05   
2680        	10          	0.1168      	1.969e-05   	1.063e-05   	1.213e-05   
2685        	10          	0.1217      	1.924e-05   	3.104e-05   	1.28e-05    
2690        	10          	0.1561      	1.189e-05   	1.201e-05   	9.408e-06   
2695        	10          	0.1317      	9.594e-06   	1.02e-05    	1.037e-05   
2700        	10          	0.1303      	7.944e-06   	1.798e-05   	6.736e-06   
2705        	10          	0.106       	1.422e-05   	9.228e-06   	1.812e-05   
2710        	10          	0.1144      	6.956e-06   	1.627e-05   	1.938e-05   
2715        	10          	0.1578      	2.463e-05   	2.015e-05   	8.616e-06   
2720        	10          	0.153       	1.347e-05   	2.042e-05   	1.301e-05   
2725        	10          	0.1181      	1.6e-05     	2.137e-05   	2.846e-05   
2730        	10          	0.1503      	1.538e-05   	1.713e-05   	1.555e-05   
2735        	10          	0.1281      	1.131e-05   	9.616e-06   	9.662e-06   
2740        	10          	0.1125      	1.161e-05   	2.32e-05    	1.455e-05   
2745        	10          	0.135       	2.559e-05   	1.082e-05   	2.601e-06   
2750        	10          	0.09139     	1.188e-05   	2.26e-05    	8.243e-06   
2755        	10          	0.1023      	1.315e-05   	2.137e-05   	2.039e-05   
2760        	10          	0.1207      	1.967e-05   	1.294e-05   	3.388e-05   
2765        	10          	0.1042      	1.311e-05   	2.411e-05   	1.915e-05   
2770        	10          	0.1088      	4.069e-06   	4.658e-05   	1.122e-05   
2775        	10          	0.09768     	8.92e-06    	5.962e-06   	1.011e-05   
2780        	10          	0.1239      	1.242e-05   	2.333e-05   	9.195e-06   
2785        	10          	0.124       	1.545e-05   	2.579e-05   	5.392e-06   
2790        	10          	0.1274      	8.177e-06   	3.636e-05   	1.32e-05    
2795        	10          	0.08867     	1.44e-05    	2.728e-05   	1.866e-05   
2800        	10          	0.07656     	1.077e-05   	8.589e-06   	1.398e-05   
2805        	10          	0.1246      	3.178e-05   	1.006e-05   	5.123e-06   
2810        	10          	0.08267     	2.801e-06   	1.088e-05   	1.574e-05   
2815        	10          	0.08647     	4.739e-06   	7.871e-06   	1.712e-05   
2820        	10          	0.1074      	2.885e-05   	1.975e-05   	3.128e-06   
2825        	10          	0.08241     	1.469e-05   	1.647e-05   	1.699e-05   
2830        	10          	0.1189      	1.008e-05   	9.701e-06   	5.14e-05    
2835        	10          	0.1072      	2.241e-05   	2.432e-05   	3.433e-05   
2840        	10          	0.08007     	6.276e-06   	1.38e-05    	8.179e-06   
2845        	10          	0.0588      	6.516e-06   	1.771e-05   	2.539e-05   
2850        	10          	0.06979     	2.371e-05   	1.634e-05   	1.095e-05   
2855        	10          	0.08444     	2.616e-05   	3.008e-05   	1.209e-05   
2860        	10          	0.05482     	1.557e-05   	4.427e-05   	2.676e-05   
2865        	10          	0.05103     	1.839e-05   	1.368e-05   	9.482e-06   
2870        	10          	0.09221     	2.073e-05   	1.51e-05    	1.596e-05   
2875        	10          	0.07167     	7.762e-06   	2.86e-06    	1.185e-05   
2880        	10          	0.07149     	5.145e-06   	2.772e-05   	6.627e-06   
2885        	10          	0.04502     	2.479e-05   	5.483e-05   	1.08e-05    
2890        	10          	0.03588     	2.343e-05   	2.349e-05   	1.029e-05   
2895        	10          	0.04084     	1.777e-05   	1.413e-05   	1.743e-05   
2900        	10          	0.06341     	9.854e-06   	1.232e-05   	1.044e-05   
2905        	10          	0.0914      	1.568e-05   	1.102e-05   	1.063e-05   
2910        	10          	0.06338     	2.123e-05   	1.411e-05   	1.102e-05   
2915        	10          	0.07751     	6.258e-06   	6.658e-06   	1.615e-05   
2920        	10          	0.07085     	1.777e-05   	1.685e-05   	1.677e-05   
2925        	10          	0.04786     	2.081e-05   	2.774e-05   	6.337e-06   
2930        	10          	0.05954     	2.126e-05   	3.47e-05    	8.36e-06    
2935        	10          	0.07032     	9.888e-06   	1.496e-05   	1.654e-05   
2940        	10          	0.07056     	1.204e-05   	1.791e-05   	1.102e-05   
2945        	10          	0.06989     	1.722e-05   	2.43e-05    	1.329e-05   
2950        	10          	0.06717     	1.456e-05   	1.495e-05   	9.118e-06   
2955        	10          	0.06099     	2.647e-05   	3.839e-05   	1.488e-05   
2960        	10          	0.09377     	2.77e-05    	8.668e-05   	1.57e-05    
2965        	10          	0.08574     	9.624e-06   	1.763e-05   	1.602e-05   
2970        	10          	0.09751     	1.933e-05   	2.272e-05   	1.637e-06   
2975        	10          	0.1048      	1.663e-05   	4.615e-05   	2.679e-05   
2980        	10          	0.07171     	3.384e-05   	5.336e-05   	1.006e-05   
2985        	10          	0.0755      	1.708e-05   	5.997e-06   	1.924e-05   
2990        	10          	0.0886      	6.774e-06   	2.109e-05   	1.307e-05   
2995        	10          	0.09611     	8.873e-06   	2.442e-05   	9.697e-06   
3000        	10          	0.09564     	2.693e-05   	4.562e-05   	2.761e-05   
3005        	10          	0.08768     	2.147e-05   	8.665e-06   	1.629e-05   
3010        	10          	0.1135      	1.448e-05   	1.479e-05   	2.312e-05   
3015        	10          	0.1202      	7.333e-06   	2.17e-05    	5.898e-05   
3020        	10          	0.09154     	1.753e-05   	2.02e-05    	1.311e-05   
3025        	10          	0.1109      	5.867e-06   	1.683e-05   	8.839e-06   
3030        	10          	0.1011      	1.212e-05   	1.88e-05    	2.528e-05   
3035        	10          	0.1224      	2.314e-05   	1.337e-05   	7.722e-06   
3040        	10          	0.1119      	1.074e-05   	4.284e-05   	1.151e-05   
3045        	10          	0.1071      	9.483e-06   	3.391e-05   	1.575e-05   
3050        	10          	0.1062      	1.751e-05   	1.561e-05   	1.256e-05   
3055        	10          	0.1028      	7.15e-06    	1.279e-05   	1.49e-05    
3060        	10          	0.113       	8.2e-06     	9.6e-06     	5.936e-06   
3065        	10          	0.1244      	1.022e-05   	8.206e-06   	8.664e-06   
3070        	10          	0.1589      	1.561e-05   	1.729e-05   	1.451e-05   
3075        	10          	0.1427      	8.751e-06   	3.915e-05   	2.607e-05   
3080        	10          	0.1214      	1.862e-05   	2.767e-05   	1.92e-05    
3085        	10          	0.1496      	5.824e-06   	2.287e-05   	1.468e-05   
3090        	10          	0.1425      	2.643e-05   	1.86e-05    	2.518e-05   
3095        	10          	0.1206      	1.474e-05   	2.598e-05   	2.553e-05   
3100        	10          	0.1487      	7.66e-06    	1.865e-05   	1.219e-05   
3105        	10          	0.1493      	2.217e-05   	2.1e-05     	8.947e-06   
3110        	10          	0.1606      	1.191e-05   	1.694e-05   	9.669e-06   
3115        	10          	0.1239      	1.453e-05   	1.39e-05    	6.599e-06   
3120        	10          	0.1547      	6.609e-06   	1.147e-05   	2.072e-05   
3125        	10          	0.126       	5.707e-06   	2.044e-05   	1.298e-05   
3130        	10          	0.13        	9.179e-06   	1.748e-05   	1.068e-05   
3135        	10          	0.1447      	2.443e-05   	1.9e-05     	2.191e-05   
3140        	10          	0.1443      	1.232e-05   	1.4e-05     	1.825e-05   
3145        	10          	0.1461      	1.831e-05   	2.583e-05   	2.017e-05   
3150        	10          	0.1692      	9.95e-06    	2.923e-05   	3.438e-05   
3155        	10          	0.1397      	7.262e-06   	1.797e-05   	7.686e-06   
3160        	10          	0.1094      	2.131e-05   	1.732e-05   	1.005e-05   
3165        	10          	0.1326      	1.926e-05   	1.607e-05   	9.29e-06    
3170        	10          	0.1047      	1.389e-05   	1.489e-05   	6.425e-06   
3175        	10          	0.1102      	1.023e-05   	1.909e-05   	6.959e-06   
3180        	10          	0.1259      	1.098e-05   	3.561e-05   	1.278e-05   
3185        	10          	0.1362      	2.008e-05   	2.415e-05   	2.238e-05   
3190        	10          	0.1047      	1.06e-05    	1.088e-05   	4.214e-06   
3195        	10          	0.1196      	2.361e-05   	1.984e-05   	2.137e-05   
3200        	10          	0.1242      	2.351e-05   	1.268e-05   	1.061e-05   
3205        	10          	0.09068     	5.056e-06   	1.83e-05    	3.05e-05    
3210        	10          	0.099       	3.055e-05   	4.272e-05   	5.171e-06   
3215        	10          	0.1005      	1.207e-05   	6.552e-05   	3.474e-05   
3220        	10          	0.08568     	9.61e-06    	3.102e-05   	1.675e-05   
3225        	10          	0.1062      	1.996e-05   	2.212e-05   	1.798e-05   
3230        	10          	0.1024      	1.255e-05   	3.96e-05    	1.335e-05   
3235        	10          	0.1145      	6.649e-06   	2.868e-05   	1.092e-05   
3240        	10          	0.1222      	6.606e-06   	1.704e-05   	6.059e-06   
3245        	10          	0.1403      	1.952e-05   	3.044e-05   	2.06e-05    
3250        	10          	0.1387      	2.721e-05   	3.562e-05   	1.14e-05    
3255        	10          	0.1222      	1.242e-05   	2.988e-05   	1.467e-05   
3260        	10          	0.114       	2.272e-05   	4.6e-05     	3.949e-05   
3265        	10          	0.1151      	1.652e-05   	4.628e-05   	1.006e-05   
3270        	10          	0.1127      	8.48e-06    	1.472e-05   	7.189e-06   
3275        	10          	0.09494     	2.275e-05   	8.788e-06   	1.351e-05   
3280        	10          	0.08366     	1.316e-05   	2.467e-05   	1.373e-05   
3285        	10          	0.07834     	1.536e-05   	1.618e-05   	1.391e-05   
3290        	10          	0.1234      	5.92e-06    	2.71e-05    	1.479e-05   
3295        	10          	0.1072      	1.273e-05   	6.714e-06   	2.137e-05   
3300        	10          	0.1009      	1.072e-05   	2.229e-05   	2.745e-05   
3305        	10          	0.1089      	2.913e-05   	2.918e-05   	1.299e-05   
3310        	10          	0.09191     	3.371e-05   	3.92e-05    	1.286e-05   
3315        	10          	0.08967     	1.985e-05   	1.606e-05   	4.988e-06   
3320        	10          	0.09351     	1.02e-05    	8.058e-06   	5.227e-06   
3325        	10          	0.112       	1.471e-05   	5.399e-06   	2.432e-05   
3330        	10          	0.1294      	2.474e-05   	2.638e-05   	1.124e-05   
3335        	10          	0.09136     	1.403e-05   	7.109e-06   	1.632e-05   
3340        	10          	0.101       	1.145e-05   	9.8e-06     	1.165e-05   
3345        	10          	0.09267     	2.394e-05   	2.408e-05   	1.287e-05   
3350        	10          	0.1197      	9.427e-06   	2.243e-05   	2.017e-05   
3355        	10          	0.1236      	1.037e-05   	1.013e-05   	1.487e-05   
3360        	10          	0.1207      	1.955e-05   	9.909e-06   	1.665e-05   
3365        	10          	0.09568     	2.071e-05   	2.194e-05   	1.205e-05   
3370        	10          	0.08934     	1.193e-05   	3.094e-05   	1.89e-05    
3375        	10          	0.08895     	1.356e-05   	2.689e-05   	1.697e-05   
3380        	10          	0.09171     	1.527e-05   	1.579e-05   	2.171e-05   
3385        	10          	0.1026      	6.63e-06    	7.956e-06   	1.105e-05   
3390        	10          	0.064       	6.593e-06   	1.285e-05   	2.819e-06   
3395        	10          	0.1055      	1.842e-05   	2.375e-05   	7.054e-06   
3400        	10          	0.1038      	8.666e-06   	9.094e-06   	1.177e-05   
3405        	10          	0.08852     	5.45e-06    	7.006e-06   	1.739e-05   
3410        	10          	0.113       	3.001e-05   	2.841e-05   	2.019e-05   
3415        	10          	0.1078      	8.369e-06   	2.639e-05   	1.654e-05   
3420        	10          	0.1435      	1.112e-05   	1.876e-05   	1.659e-05   
3425        	10          	0.08954     	1.311e-05   	2.607e-05   	1.393e-05   
3430        	10          	0.06562     	1.775e-05   	1.751e-05   	9.843e-06   
3435        	10          	0.06494     	2.55e-05    	2.116e-05   	1.34e-05    
3440        	10          	0.1089      	1.986e-05   	2.8e-05     	1.136e-05   
3445        	10          	0.06428     	1.678e-05   	1.541e-05   	3.139e-06   
3450        	10          	0.09277     	1.458e-05   	2.306e-05   	9.567e-06   
3455        	10          	0.09271     	2.349e-05   	4.847e-06   	1.149e-05   
3460        	10          	0.07773     	2.045e-05   	2.234e-05   	3.042e-05   
3465        	10          	0.07186     	9.398e-06   	2.776e-05   	1.878e-05   
3470        	10          	0.07246     	1.171e-05   	3.954e-05   	2.371e-05   
3475        	10          	0.06761     	1.331e-05   	8.219e-05   	1.046e-05   
3480        	10          	0.08664     	1.451e-05   	1.248e-05   	4.476e-05   
3485        	10          	0.07661     	1.902e-05   	4.242e-05   	3.009e-05   
3490        	10          	0.08635     	2.568e-05   	2.6e-05     	1.12e-05    
3495        	10          	0.07764     	1.814e-05   	1.463e-05   	1.781e-05   
3500        	10          	0.08445     	1.724e-05   	9.441e-06   	1.512e-05   
3505        	10          	0.05268     	2.767e-05   	2.695e-05   	7.989e-06   
3510        	10          	0.08846     	9.992e-06   	1.03e-05    	3.428e-05   
3515        	10          	0.06596     	1.588e-05   	1.258e-05   	1.618e-05   
3520        	10          	0.07791     	1.349e-05   	1.82e-05    	2.686e-05   
3525        	10          	0.06399     	1.12e-05    	2.588e-05   	5.962e-06   
3530        	10          	0.09797     	1.165e-05   	2.414e-05   	1.069e-05   
3535        	10          	0.09941     	1.362e-05   	2.417e-05   	1.589e-05   
3540        	10          	0.09108     	1.874e-05   	2.643e-05   	2.04e-05    
3545        	10          	0.1055      	2.027e-05   	2.094e-05   	2.421e-05   
3550        	10          	0.1161      	3.48e-06    	3e-05       	7.433e-06   
3555        	10          	0.1217      	1.506e-05   	3.858e-05   	1.385e-05   
3560        	10          	0.1054      	1.826e-05   	3.682e-05   	2.249e-05   
3565        	10          	0.08054     	1.353e-05   	2.262e-05   	1.732e-05   
3570        	10          	0.122       	8.017e-06   	1.791e-05   	1.209e-05   
3575        	10          	0.1286      	2.044e-05   	2.739e-05   	2.725e-05   
3580        	10          	0.1294      	1.693e-05   	2.977e-05   	1.515e-05   
3585        	10          	0.1191      	1.751e-05   	3.242e-05   	1.065e-05   
3590        	10          	0.1384      	1.883e-05   	1.442e-05   	1.562e-05   
3595        	10          	0.1424      	2.503e-05   	1.465e-05   	3.696e-06   
3600        	10          	0.1046      	1.342e-05   	1.259e-05   	9.4e-06     
3605        	10          	0.09286     	5.762e-06   	2.404e-05   	2.602e-05   
3610        	10          	0.1138      	1.387e-05   	2.17e-05    	1.87e-05    
3615        	10          	0.1122      	1.877e-05   	7.702e-06   	1.691e-05   
3620        	10          	0.1403      	1.416e-05   	3.596e-05   	2.12e-05    
3625        	10          	0.1338      	1.805e-05   	2.643e-05   	7.506e-06   
3630        	10          	0.1098      	1.342e-05   	2.801e-05   	1.891e-05   
3635        	10          	0.1883      	2.246e-05   	7.253e-06   	8.589e-06   
3640        	10          	0.1286      	1.739e-05   	3.313e-05   	7.045e-06   
3645        	10          	0.1502      	1.792e-05   	1.634e-05   	2.661e-05   
3650        	10          	0.1355      	1.364e-05   	1.291e-05   	2.751e-05   
3655        	10          	0.1418      	1.165e-05   	5.648e-06   	2.051e-05   
3660        	10          	0.1194      	1.021e-05   	6.901e-05   	3.143e-05   
3665        	10          	0.1349      	1.474e-05   	3.362e-05   	2.2e-05     
3670        	10          	0.1368      	2.108e-05   	1.44e-05    	2.213e-05   
3675        	10          	0.1251      	1.936e-05   	1.916e-05   	6.532e-06   
3680        	10          	0.1363      	2.548e-05   	3.71e-05    	1.326e-05   
3685        	10          	0.1376      	1.221e-05   	2.428e-05   	1.386e-05   
3690        	10          	0.1296      	1.142e-05   	3.364e-05   	2.511e-05   
3695        	10          	0.1239      	2.184e-05   	1.391e-05   	4.665e-06   
3700        	10          	0.1361      	1.805e-05   	1.448e-05   	1.593e-05   
3705        	10          	0.1092      	4.789e-06   	2.71e-05    	3.188e-05   
3710        	10          	0.1683      	3.418e-05   	2.305e-05   	8.204e-06   
3715        	10          	0.137       	1.301e-05   	1.72e-05    	2.383e-05   
3720        	10          	0.114       	2.398e-05   	1.885e-05   	1.131e-05   
3725        	10          	0.1092      	1.853e-05   	1.971e-05   	1.37e-05    
3730        	10          	0.1296      	1.2e-05     	7.288e-06   	8.44e-06    
3735        	10          	0.1405      	3.555e-05   	2.69e-05    	6.189e-06   
3740        	10          	0.1645      	3.626e-05   	7.544e-05   	2.747e-05   
3745        	10          	0.1297      	9.875e-06   	1.138e-05   	9.609e-06   
3750        	10          	0.132       	1.421e-05   	1.957e-05   	1.314e-05   
3755        	10          	0.1542      	1.553e-05   	3.637e-05   	9.787e-06   
3760        	10          	0.1932      	3.513e-05   	2.248e-05   	1.196e-05   
3765        	10          	0.1651      	2.504e-05   	5.271e-05   	1.212e-05   
3770        	10          	0.1458      	3.118e-05   	3.686e-05   	2.212e-05   
3775        	10          	0.1527      	1.341e-05   	1.678e-05   	2.285e-05   
3780        	10          	0.1572      	1.538e-05   	4.929e-05   	1.686e-05   
3785        	10          	0.1675      	1.996e-05   	1.159e-05   	1.323e-05   
3790        	10          	0.1861      	1.286e-05   	4.739e-06   	1.183e-05   
3795        	10          	0.1872      	1.204e-05   	3.798e-05   	3.647e-05   
3800        	10          	0.1611      	7.365e-06   	1.67e-05    	8.566e-06   
3805        	10          	0.1973      	1.97e-05    	1.193e-05   	8.567e-06   
3810        	10          	0.1825      	2.358e-05   	1.797e-05   	2.443e-05   
3815        	10          	0.1801      	1.052e-05   	7.65e-06    	1.807e-05   
3820        	10          	0.184       	4.399e-05   	3.287e-05   	1.806e-05   
3825        	10          	0.1636      	1.02e-05    	2.722e-05   	2.475e-05   
3830        	10          	0.1527      	1.156e-05   	1.732e-05   	9.122e-06   
3835        	10          	0.1782      	1.518e-05   	3.788e-05   	3.093e-05   
3840        	10          	0.1177      	2.077e-05   	2.997e-05   	1.602e-05   
3845        	10          	0.1756      	6.948e-06   	1.798e-05   	1.428e-05   
3850        	10          	0.182       	2.371e-05   	3.334e-05   	1.587e-05   
3855        	10          	0.1503      	1.723e-05   	4.883e-05   	1.87e-05    
3860        	10          	0.1683      	5.847e-06   	2.402e-05   	1.588e-05   
3865        	10          	0.157       	5.603e-06   	1.555e-05   	2.889e-05   
3870        	10          	0.1422      	5.708e-06   	7.455e-06   	1.754e-05   
3875        	10          	0.1452      	1.204e-05   	7.773e-05   	1.574e-05   
3880        	10          	0.136       	1.354e-05   	3.94e-05    	3.003e-05   
3885        	10          	0.1236      	1.923e-05   	1.569e-05   	2.071e-05   
3890        	10          	0.1375      	2.206e-05   	2.402e-05   	2.902e-05   
3895        	10          	0.1521      	4.295e-06   	1.372e-05   	1.375e-05   
3900        	10          	0.1165      	1.691e-05   	2.295e-05   	2.665e-05   
3905        	10          	0.1063      	1.273e-05   	2.849e-05   	2.226e-05   
3910        	10          	0.09812     	1.331e-05   	1.08e-05    	2.679e-05   
3915        	10          	0.1288      	1.555e-05   	3.094e-05   	3.491e-05   
3920        	10          	0.09845     	2.606e-05   	5.003e-05   	1.853e-05   
3925        	10          	0.1265      	1.531e-05   	1.875e-05   	2.563e-05   
3930        	10          	0.1225      	3.118e-05   	4.172e-05   	1.817e-05   
3935        	10          	0.08786     	2.789e-05   	4.303e-05   	2.596e-05   
3940        	10          	0.0735      	1.234e-05   	3.689e-05   	1.535e-05   
3945        	10          	0.09901     	1.882e-05   	2.229e-05   	1.727e-05   
3950        	10          	0.1433      	1.584e-05   	3.037e-05   	7.262e-06   
3955        	10          	0.1249      	8.372e-06   	2.756e-05   	3.206e-05   
3960        	10          	0.1241      	5.669e-06   	1.233e-05   	7.754e-06   
3965        	10          	0.1074      	7.147e-06   	8.897e-06   	1.185e-05   
3970        	10          	0.1051      	1.517e-05   	4.127e-05   	2.784e-05   
3975        	10          	0.09785     	1.307e-05   	3.845e-05   	1.145e-05   
3980        	10          	0.1099      	2.786e-05   	3.204e-05   	2.427e-05   
3985        	10          	0.1144      	1.713e-05   	1.484e-05   	1.704e-05   
3990        	10          	0.1104      	1.353e-05   	2.927e-05   	1.305e-05   
3995        	10          	0.07932     	1.443e-05   	1.524e-05   	8.851e-06   
4000        	10          	0.08612     	1.854e-05   	2.143e-05   	6.401e-06   
4005        	10          	0.09212     	3.168e-05   	3.637e-05   	1.882e-05   
4010        	10          	0.06639     	1.648e-05   	8.677e-06   	1.134e-05   
4015        	10          	0.08735     	2.086e-05   	5.195e-05   	1.294e-05   
4020        	10          	0.09128     	3.345e-05   	1.177e-05   	2.322e-05   
4025        	10          	0.1         	5.159e-05   	1.564e-05   	1.069e-05   
4030        	10          	0.06844     	3.892e-05   	3.758e-05   	6.847e-06   
4035        	10          	0.0885      	2.901e-05   	3.67e-05    	2.517e-05   
4040        	10          	0.1012      	5.588e-05   	6.63e-05    	1.877e-05   
4045        	10          	0.08132     	2.032e-05   	6.371e-05   	2.418e-05   
4050        	10          	0.09357     	6.033e-05   	4.554e-05   	2.045e-05   
4055        	10          	0.08657     	9.216e-05   	9.213e-05   	2.638e-05   
4060        	10          	0.06744     	8.435e-05   	8.379e-05   	2.574e-05   
4065        	10          	0.1007      	5.335e-05   	3.583e-05   	9.538e-06   
4070        	10          	0.0934      	8.765e-05   	8.067e-05   	2.655e-05   
4075        	10          	0.09693     	5.056e-05   	7.711e-05   	2.021e-05   
4080        	10          	0.1169      	0.0001148   	4.831e-05   	8.092e-06   
4085        	10          	0.09996     	0.0001365   	8.061e-05   	1.461e-05   
4090        	10          	0.117       	0.0001169   	6.161e-05   	6.51e-06    
4095        	10          	0.1181      	6.405e-05   	4.671e-05   	9.827e-06   
4100        	10          	0.0823      	0.000133    	0.000186    	1.622e-05   
4105        	10          	0.09438     	0.0001484   	0.0001063   	2.8e-05     
4110        	10          	0.1006      	6.859e-05   	0.0001291   	1.303e-05   
4115        	10          	0.08945     	0.0001497   	0.0001312   	1.581e-05   
4120        	10          	0.07541     	0.0001774   	0.0002382   	2.599e-05   
4125        	10          	0.09154     	0.0002311   	0.0002693   	7.05e-06    
4130        	10          	0.06397     	0.0003019   	0.0002492   	1.08e-05    
4135        	10          	0.08811     	0.0002289   	0.0001403   	6.346e-06   
4140        	10          	0.0929      	0.0001901   	0.0001271   	3.056e-05   
4145        	10          	0.1107      	0.0001303   	0.0001629   	1.35e-05    
4150        	10          	0.09946     	0.0002334   	0.0002119   	2.48e-05    
4155        	10          	0.1054      	1.446e-05   	0.0001547   	1.935e-05   
4160        	10          	0.07171     	0.0001537   	0.0001564   	7.276e-06   
4165        	10          	0.093       	0.0001235   	0.0002589   	1.28e-05    
4170        	10          	0.0713      	0.0002013   	0.0001702   	2.501e-05   
4175        	10          	0.08869     	0.0001716   	0.0001181   	1.688e-05   
4180        	10          	0.06203     	0.0001765   	0.0002259   	1.58e-05    
4185        	10          	0.07096     	0.0002032   	0.0002375   	9.388e-06   
4190        	10          	0.07502     	8.228e-05   	0.0003044   	8.309e-06   
4195        	10          	0.07186     	0.0001761   	0.0001446   	1.108e-05   
4200        	10          	0.0814      	0.0003067   	0.0002976   	1.588e-05   
4205        	10          	0.07689     	0.0004275   	0.0004202   	1.484e-05   
4210        	10          	0.04683     	0.0005022   	0.000563    	9.972e-06   
4215        	10          	0.05278     	0.0003769   	0.0002541   	1.73e-05    
4220        	10          	0.055       	0.0005878   	0.0007734   	1.8e-05     
4225        	10          	0.06654     	0.0003521   	0.0005817   	2.451e-05   
4230        	10          	0.06879     	0.0004257   	0.0003804   	2.378e-05   
4235        	10          	0.05873     	0.0001513   	0.0003711   	4.507e-06   
4240        	10          	0.05691     	0.000572    	0.000469    	1.065e-05   
4245        	10          	0.06675     	0.0002491   	0.0003574   	1.448e-05   
4250        	10          	0.05641     	0.0004036   	0.0005637   	2.049e-05   
4255        	10          	0.041       	0.00034     	0.0004625   	8.299e-06   
4260        	10          	0.0584      	0.0002981   	0.0004465   	1.114e-05   
4265        	10          	0.05495     	0.0002743   	0.0001454   	3.07e-05    
4270        	10          	0.0315      	0.0002786   	0.0001995   	9.12e-06    
4275        	10          	0.04675     	0.0002103   	0.0002637   	1.253e-05   
4280        	10          	0.03596     	0.0001334   	0.0005997   	1.985e-05   
4285        	10          	0.029       	0.0003131   	0.0002631   	1.884e-05   
4290        	10          	0.02845     	0.0001129   	0.0001513   	2.102e-05   
4295        	10          	0.05179     	0.0003735   	0.0003442   	1.224e-05   
4300        	10          	0.04004     	0.000752    	0.0003229   	1.035e-05   
4305        	10          	0.03403     	0.0004318   	0.000214    	4.735e-06   
4310        	10          	0.03218     	0.0003999   	0.0002082   	1.94e-05    
4315        	10          	0.02762     	0.0003055   	0.0003217   	6.078e-06   
4320        	10          	0.02547     	0.0004861   	0.0005051   	1.013e-05   
4325        	10          	0.03186     	0.0004313   	0.0004004   	3.852e-05   
4330        	10          	0.03602     	0.0003523   	0.0003785   	6.492e-06   
4335        	10          	0.03734     	0.0003905   	0.0003171   	1.133e-05   
4340        	10          	0.04054     	0.0001568   	0.0001863   	2.732e-05   
4345        	10          	0.02972     	0.0003405   	0.0003956   	1.315e-05   
4350        	10          	0.02468     	0.0002526   	0.000449    	1.349e-05   
4355        	10          	0.02712     	0.000301    	0.0004836   	4.917e-06   
4360        	10          	0.02779     	0.0002248   	0.0003195   	2.937e-05   
4365        	10          	0.02658     	0.0003213   	0.0004433   	1.384e-05   
4370        	10          	0.03108     	9.522e-05   	0.0001241   	1.523e-05   
4375        	10          	0.03207     	0.0001157   	0.0002059   	7.074e-06   
4380        	10          	0.02545     	0.0002256   	0.0002017   	1.408e-05   
4385        	10          	0.03551     	0.0002406   	0.0002604   	4.579e-06   
4390        	10          	0.04097     	0.0002522   	0.0002622   	2.022e-05   
4395        	10          	0.05551     	0.0002459   	0.0002279   	1.732e-05   
4400        	10          	0.04828     	0.0003072   	0.0001173   	9.1e-06     
4405        	10          	0.02836     	0.0001643   	0.0002971   	3.297e-05   
4410        	10          	0.03411     	0.0001521   	7.024e-05   	1.404e-05   
4415        	10          	0.03836     	0.0002086   	0.0001686   	8.945e-06   
4420        	10          	0.03462     	0.0001496   	0.0001576   	2.678e-05   
4425        	10          	0.03685     	0.0001087   	6.94e-05    	2.366e-05   
4430        	10          	0.04991     	0.0002106   	0.0003602   	1.132e-05   
4435        	10          	0.03401     	0.0002023   	0.0002656   	2.845e-05   
4440        	10          	0.03614     	0.0001689   	0.000347    	2.086e-05   
4445        	10          	0.0361      	0.0003298   	0.0002921   	1.09e-05    
4450        	10          	0.04814     	0.0003971   	0.0003101   	1.055e-05   
4455        	10          	0.01854     	0.0004797   	0.0002005   	1.089e-05   
4460        	10          	0.02691     	0.0002878   	0.0002509   	2.138e-05   
4465        	10          	0.045       	0.0004068   	0.0002386   	9.025e-06   
4470        	10          	0.02882     	0.0003019   	0.000352    	3.586e-06   
4475        	10          	0.03277     	0.0005814   	0.000654    	1.341e-05   
4480        	10          	0.02318     	0.0007085   	0.0004081   	1.575e-05   
4485        	10          	0.01528     	0.0003752   	0.0006212   	2.703e-05   
4490        	10          	0.03488     	0.0005591   	0.0007428   	6.693e-06   
4495        	10          	0.01846     	0.0005151   	0.0005006   	3.092e-05   
4500        	10          	0.04601     	0.0007449   	0.0007693   	8.573e-06   
4505        	10          	0.02679     	0.0007162   	0.0005276   	1.405e-05   
4510        	10          	0.0269      	0.0003808   	0.0006229   	1.307e-05   
4515        	10          	0.03267     	0.001146    	0.0008074   	1.569e-05   
4520        	10          	0.03569     	0.0009727   	0.0005743   	5.716e-06   
4525        	10          	0.02257     	0.0005033   	0.0004485   	3.593e-05   
4530        	10          	0.02823     	0.0008562   	0.0009961   	1.123e-05   
4535        	10          	0.03943     	0.0006151   	0.0006078   	1.736e-05   
4540        	10          	0.02988     	0.0009712   	0.0006991   	2.755e-05   
4545        	10          	0.0384      	0.001378    	0.001325    	1.593e-05   
4550        	10          	0.03196     	0.0005886   	0.0007269   	1.117e-05   
4555        	10          	0.04196     	0.001099    	0.0006955   	1.897e-05   
4560        	10          	0.03762     	0.0004695   	0.0008115   	1.64e-05    
4565        	10          	0.02934     	0.0004259   	0.0004029   	9.679e-06   
4570        	10          	0.02969     	0.0006442   	0.0005427   	1.681e-05   
4575        	10          	0.05375     	0.0002991   	0.0003171   	2.202e-05   
4580        	10          	0.03806     	0.0003296   	0.0004101   	3.284e-05   
4585        	10          	0.0359      	0.0004488   	0.000444    	8.509e-06   
4590        	10          	0.0366      	0.0004866   	0.0008019   	7.958e-06   
4595        	10          	0.03861     	0.000623    	0.0003595   	1.584e-05   
4600        	10          	0.02634     	0.000508    	0.0006666   	2.557e-05   
4605        	10          	0.02633     	0.0005044   	0.0005649   	2.06e-05    
4610        	10          	0.03706     	0.0002757   	0.0002267   	1.823e-05   
4615        	10          	0.03122     	0.0006058   	0.0005089   	1.66e-05    
4620        	10          	0.02264     	0.000641    	0.0006608   	1.815e-05   
4625        	10          	0.03862     	0.0006055   	0.0005608   	8.35e-06    
4630        	10          	0.035       	0.0004981   	0.0004008   	1.188e-05   
4635        	10          	0.03036     	0.0007426   	0.001017    	1.685e-05   
4640        	10          	0.03811     	0.0005395   	0.0006522   	1.176e-05   
4645        	10          	0.04017     	0.0008578   	0.0009085   	2.496e-05   
4650        	10          	0.03993     	0.0009232   	0.0006683   	2.48e-05    
4655        	10          	0.03838     	0.0006317   	0.0004758   	1.564e-05   
4660        	10          	0.0405      	0.001018    	0.001004    	1.411e-05   
4665        	10          	0.04406     	0.001376    	0.001549    	4.767e-05   
4670        	10          	0.04743     	0.001417    	0.001267    	1.985e-05   
4675        	10          	0.04611     	0.001592    	0.001873    	2.141e-05   
4680        	10          	0.05204     	0.0016      	0.001964    	1.362e-05   
4685        	10          	0.04724     	0.001968    	0.002161    	1.599e-05   
4690        	10          	0.04018     	0.00134     	0.001939    	6.776e-06   
4695        	10          	0.05093     	0.001544    	0.001663    	1.659e-05   
4700        	10          	0.04404     	0.001155    	0.001277    	1.845e-05   
4705        	10          	0.04554     	0.001274    	0.001095    	3.485e-05   
4710        	10          	0.03399     	0.001646    	0.001761    	1.342e-05   
4715        	10          	0.04929     	0.001263    	0.0009506   	1.796e-05   
4720        	10          	0.05278     	0.001023    	0.001445    	1.195e-05   
4725        	10          	0.05529     	0.0009514   	0.001221    	8.436e-06   
4730        	10          	0.04093     	0.001196    	0.001621    	1.804e-05   
4735        	10          	0.04007     	0.001086    	0.001097    	1.18e-05    
4740        	10          	0.04501     	0.000974    	0.001237    	1.988e-05   
4745        	10          	0.0413      	0.0009208   	0.001139    	1.547e-05   
4750        	10          	0.04775     	0.0007196   	0.001206    	1.316e-05   
4755        	10          	0.05223     	0.0007309   	0.0009679   	1.928e-05   
4760        	10          	0.0619      	0.001012    	0.0007846   	1.916e-05   
4765        	10          	0.02649     	0.0009676   	0.0007451   	1.175e-05   
4770        	10          	0.04668     	0.0007934   	0.001352    	1.782e-05   
4775        	10          	0.03579     	0.0008732   	0.001078    	2.527e-05   
4780        	10          	0.04006     	0.001178    	0.0009256   	2.349e-05   
4785        	10          	0.04374     	0.001066    	0.001486    	1.865e-05   
4790        	10          	0.03196     	0.001745    	0.001548    	9.553e-06   
4795        	10          	0.05116     	0.001453    	0.00128     	2.368e-05   
4800        	10          	0.0205      	0.001388    	0.001146    	2.588e-05   
4805        	10          	0.05121     	0.001325    	0.001177    	2.108e-05   
4810        	10          	0.03384     	0.001424    	0.001248    	1.912e-05   
4815        	10          	0.028       	0.001349    	0.001315    	1.31e-05    
4820        	10          	0.03046     	0.0007883   	0.0008203   	2.066e-05   
4825        	10          	0.0229      	0.0008492   	0.001129    	1.437e-05   
4830        	10          	0.02679     	0.00106     	0.001198    	1.131e-05   
4835        	10          	0.03307     	0.0008603   	0.0009054   	1.818e-05   
4840        	10          	0.02054     	0.001024    	0.001208    	9.381e-06   
4845        	10          	0.02822     	0.0007674   	0.0005456   	1.275e-05   
4850        	10          	0.02825     	0.0007177   	0.000685    	1.998e-05   
4855        	10          	0.02129     	0.0009004   	0.0009597   	2.475e-05   
4860        	10          	0.01969     	0.0007736   	0.0006754   	2.027e-05   
4865        	10          	0.02767     	0.0005857   	0.0006027   	2.459e-05   
4870        	10          	0.02817     	0.0006945   	0.0006212   	6.174e-06   
4875        	10          	0.02851     	0.001477    	0.0007391   	1.489e-05   
4880        	10          	0.02271     	0.001283    	0.001105    	2.542e-05   
4885        	10          	0.03125     	0.001262    	0.001012    	1.404e-05   
4890        	10          	0.02028     	0.001039    	0.0008009   	1.268e-05   
4895        	10          	0.01972     	0.001665    	0.001467    	1.107e-05   
4900        	10          	0.01673     	0.001704    	0.00131     	1.413e-05   
4905        	10          	0.01853     	0.0009815   	0.001149    	3.535e-05   
4910        	10          	0.02088     	0.001472    	0.001192    	2.435e-05   
4915        	10          	0.02866     	0.001445    	0.001021    	1.664e-05   
4920        	10          	0.03089     	0.00145     	0.001456    	7.724e-06   
4925        	10          	0.01713     	0.001254    	0.001345    	1.982e-05   
4930        	10          	0.01934     	0.001466    	0.001367    	1.884e-05   
4935        	10          	0.02773     	0.0008752   	0.001147    	7.961e-06   
4940        	10          	0.02375     	0.0008083   	0.00111     	1.068e-05   
4945        	10          	0.01458     	0.001216    	0.001042    	1.923e-05   
4950        	10          	0.0096      	0.0006788   	0.00121     	2.104e-05   
4955        	10          	0.01954     	0.001281    	0.00145     	2.426e-05   
4960        	10          	0.01972     	0.001006    	0.0009891   	3.621e-05   
4965        	10          	0.01847     	0.0009238   	0.0009176   	1.563e-05   
4970        	10          	0.02416     	0.001253    	0.0013      	1.614e-05   
4975        	10          	0.0351      	0.001551    	0.00147     	4.896e-06   
4980        	10          	0.02112     	0.0008848   	0.001079    	2.733e-05   
4985        	10          	0.01814     	0.0009521   	0.001459    	1.379e-05   
4990        	10          	0.03794     	0.001233    	0.0012      	3.4e-05     
4995        	10          	0.02271     	0.001557    	0.001211    	1.645e-05   
5000        	10          	0.02186     	0.001229    	0.001522    	2.778e-05   
