generation  	alive.rpl   	n.adlt.rs   	n.adlt.fst.wc_p1-2	n.adlt.fst.wc_p1-3	n.adlt.fst.wc_p2-3
5           	10          	0.01701     	7.395e-06   	4.549e-06   	2.326e-06   
10          	10          	0.03012     	9.151e-06   	4.422e-06   	7.578e-06   
15          	10          	0.1014      	2.318e-05   	1.26e-05    	2.722e-05   
20          	10          	0.06428     	1.436e-05   	1.294e-05   	1.487e-05   
25          	10          	0.1109      	1.443e-05   	1.328e-05   	1.479e-05   
30          	10          	0.04789     	2.117e-05   	3.232e-05   	1.524e-05   
35          	10          	0.03167     	7.168e-06   	3.754e-05   	1.47e-05    
40          	10          	0.0721      	3.391e-05   	2.98e-05    	1.043e-05   
45          	10          	0.1077      	8.29e-06    	1.072e-05   	2.977e-05   
50          	10          	0.1329      	4.928e-05   	5.402e-05   	2.073e-05   
55          	10          	0.1474      	2.587e-05   	8.358e-05   	2.734e-05   
60          	10          	0.1383      	3.994e-05   	8.241e-05   	4.208e-05   
65          	10          	0.09847     	2.658e-05   	4.18e-05    	1.806e-05   
70          	10          	0.09927     	2.21e-05    	5.741e-05   	1.121e-05   
75          	10          	0.07545     	3.884e-05   	6.614e-05   	2.954e-05   
80          	10          	0.1659      	3.927e-05   	5.886e-05   	3.303e-05   
85          	10          	0.05891     	7.11e-05    	8.982e-05   	8.812e-05   
90          	10          	0.07689     	1.595e-05   	6.812e-05   	2.012e-05   
95          	10          	0.08643     	3.003e-05   	8.619e-05   	3.439e-05   
100         	10          	0.1263      	4.232e-05   	5.83e-05    	2.092e-05   
105         	10          	0.06375     	4.15e-05    	9.097e-05   	1.11e-05    
110         	10          	0.08507     	3.649e-05   	9.448e-05   	2.192e-05   
115         	10          	0.1242      	7.155e-05   	0.000124    	2.59e-05    
120         	10          	0.08023     	1.975e-05   	5.754e-05   	3.779e-05   
125         	10          	0.05439     	2.555e-05   	7.988e-05   	3.084e-05   
130         	10          	0.06718     	7.182e-05   	4.063e-05   	3.248e-05   
135         	10          	0.06302     	6.249e-05   	9.598e-05   	3.276e-05   
140         	10          	0.1262      	2.185e-05   	7.09e-05    	4.004e-05   
145         	10          	0.08928     	4.707e-05   	0.0001153   	2.528e-05   
150         	10          	0.05436     	7.642e-05   	0.0001093   	4.754e-05   
155         	10          	0.06833     	4.258e-05   	8.611e-05   	1.689e-05   
160         	10          	0.06067     	5.918e-05   	7.336e-05   	3.929e-05   
165         	10          	0.07618     	5.174e-05   	8.193e-05   	5.557e-05   
170         	10          	0.0998      	2.284e-05   	5.957e-05   	6.195e-05   
175         	10          	0.06554     	7.849e-05   	4.885e-05   	6.202e-05   
180         	10          	0.09725     	6.1e-05     	0.0001255   	1.601e-05   
185         	10          	0.05218     	4.248e-05   	6.236e-05   	6.422e-05   
190         	10          	0.09456     	1.846e-05   	5.707e-05   	5.381e-05   
195         	10          	0.08266     	7.449e-05   	4.18e-05    	4.166e-05   
200         	10          	0.1117      	4.701e-05   	4.209e-05   	1.925e-05   
205         	10          	0.05458     	6.211e-05   	7.545e-05   	4.518e-05   
210         	10          	0.08511     	4.569e-05   	0.0001285   	6.8e-05     
215         	10          	0.1071      	1.787e-05   	0.0001359   	5.304e-05   
220         	10          	0.08495     	1.203e-05   	5.089e-05   	4.032e-05   
225         	10          	0.049       	3.06e-05    	7.544e-05   	5.162e-05   
230         	10          	0.05199     	9.228e-05   	6.818e-05   	5.314e-05   
235         	10          	0.02984     	4.464e-05   	8.922e-05   	3.767e-05   
240         	10          	0.03038     	5.857e-05   	8.93e-05    	3.067e-05   
245         	10          	0.01839     	8.423e-05   	0.0001483   	5.863e-05   
250         	10          	0.03969     	6.319e-05   	8.339e-05   	4.228e-05   
255         	10          	0.06418     	6.405e-05   	0.0001482   	6.621e-05   
260         	10          	0.02793     	4.185e-05   	0.0001351   	0.0001053   
265         	10          	0.04096     	6.715e-05   	7.343e-05   	3.508e-05   
270         	10          	0.0149      	4.572e-05   	0.0001389   	3.318e-05   
275         	10          	0.05282     	2.058e-05   	8.784e-05   	2.673e-05   
280         	10          	0.0525      	6.302e-05   	6.963e-05   	7.365e-05   
285         	10          	0.04296     	4.621e-05   	8.793e-05   	3.803e-05   
290         	10          	0.0309      	5.962e-05   	8.046e-05   	3.491e-05   
295         	10          	0.05582     	8.618e-05   	4.958e-05   	7.355e-05   
300         	10          	0.06708     	6.004e-05   	8.961e-05   	1.632e-05   
305         	10          	0.05874     	4.486e-05   	0.0001851   	9.718e-05   
310         	10          	0.04586     	5.039e-05   	3.203e-05   	3.219e-05   
315         	10          	0.04764     	7.884e-05   	0.0001354   	4.759e-05   
320         	10          	0.04013     	3.587e-05   	6.597e-05   	6.895e-05   
325         	10          	0.03954     	5.63e-05    	0.0001353   	0.0001571   
330         	10          	0.04951     	6.404e-05   	0.0001171   	5.305e-05   
335         	10          	0.0455      	0.0001362   	0.0002093   	4.68e-05    
340         	10          	0.07195     	2.448e-05   	0.0001994   	0.0001149   
345         	10          	0.09728     	4.453e-05   	7.455e-05   	3.519e-05   
350         	10          	0.08941     	6.288e-05   	0.000167    	2.954e-05   
355         	10          	0.06811     	3.584e-05   	0.0002127   	6.527e-05   
360         	10          	0.05097     	9.909e-05   	0.0002325   	1.677e-05   
365         	10          	0.07051     	0.0001219   	0.0002129   	2.057e-05   
370         	10          	0.06119     	0.0001187   	0.0001879   	2.488e-05   
375         	10          	0.04873     	7.183e-05   	0.0001143   	6.356e-05   
380         	10          	0.03108     	9.302e-05   	0.0002155   	9.383e-05   
385         	10          	0.05518     	0.000154    	0.0001661   	8.817e-05   
390         	10          	0.08111     	0.0001515   	0.0001337   	5.184e-05   
395         	10          	0.1178      	0.0001314   	0.0001056   	1.176e-05   
400         	10          	0.05756     	9.952e-05   	9.964e-05   	4.007e-05   
405         	10          	0.06574     	6.778e-05   	0.0002532   	5.751e-05   
410         	10          	0.06032     	5.282e-05   	0.0001493   	8.556e-05   
415         	10          	0.07795     	5.466e-05   	0.0001259   	3.025e-05   
420         	10          	0.07456     	8.84e-05    	5.349e-05   	0.0001064   
425         	10          	0.05211     	0.00013     	0.0001944   	3.949e-05   
430         	10          	0.065       	3.616e-05   	0.0001059   	5.817e-05   
435         	10          	0.06957     	7.24e-05    	9.122e-05   	0.0001245   
440         	10          	0.08618     	8.633e-05   	0.0001917   	7.724e-05   
445         	10          	0.08366     	4.462e-05   	0.0001551   	3.076e-05   
450         	10          	0.06233     	7.917e-05   	0.0002221   	8.643e-05   
455         	10          	0.05036     	7.147e-05   	9.388e-05   	6.145e-05   
460         	10          	0.05077     	0.0001507   	0.0001714   	5.519e-05   
465         	10          	0.0546      	0.0001675   	0.0002076   	3.391e-05   
470         	10          	0.05445     	0.0001141   	0.0001842   	3.685e-05   
475         	10          	0.07341     	9.123e-05   	0.0002042   	0.000161    
480         	10          	0.08216     	0.0001031   	0.0001165   	0.0001062   
485         	10          	0.06023     	1.593e-05   	3.869e-05   	7.838e-05   
490         	10          	0.0645      	7.991e-05   	4.418e-05   	4.795e-05   
495         	10          	0.03443     	3.602e-05   	0.0001134   	8.342e-05   
500         	10          	0.06511     	5.901e-05   	0.0002108   	7.374e-05   
505         	10          	0.04454     	9.052e-05   	0.0001522   	4.383e-05   
510         	10          	0.04579     	4.032e-05   	0.0002122   	4.296e-05   
515         	10          	0.08567     	0.0001286   	6.509e-05   	3.993e-05   
520         	10          	0.03269     	4.186e-05   	6.831e-05   	4.781e-05   
525         	10          	0.04358     	3.66e-05    	0.0001574   	7.055e-05   
530         	10          	0.05294     	0.000112    	8.604e-05   	3.36e-05    
535         	10          	0.0519      	7.921e-05   	6.936e-05   	8.578e-05   
540         	10          	0.05495     	2.949e-05   	9.253e-05   	3.564e-05   
545         	10          	0.04927     	7.342e-05   	0.0001586   	8.107e-05   
550         	10          	0.06795     	7.487e-05   	0.0002607   	8.808e-05   
555         	10          	0.07546     	0.000101    	0.0002612   	0.0001193   
560         	10          	0.04904     	9.285e-05   	0.0001063   	3.437e-05   
565         	10          	0.04685     	5.197e-05   	0.0002042   	0.000125    
570         	10          	0.08011     	5.622e-05   	0.0001659   	7.285e-05   
575         	10          	0.04706     	3.7e-05     	7.222e-05   	4.842e-05   
580         	10          	0.08484     	0.0001617   	0.0001247   	4.105e-05   
585         	10          	0.05204     	5.44e-05    	0.0001335   	9.506e-05   
590         	10          	0.0704      	0.000194    	0.0001378   	2.198e-05   
595         	10          	0.06171     	5.462e-05   	5.136e-05   	5.063e-05   
600         	10          	0.0575      	7.946e-05   	0.0001976   	9.721e-05   
605         	10          	0.09116     	5.396e-05   	0.0001529   	9.495e-05   
610         	10          	0.1015      	0.0001224   	0.0001254   	0.0001278   
615         	10          	0.0984      	0.0001202   	5.893e-05   	9.578e-05   
620         	10          	0.0846      	0.0001007   	8.024e-05   	7.694e-05   
625         	10          	0.09434     	0.0001325   	0.0001397   	2.597e-05   
630         	10          	0.08051     	8.705e-05   	7.941e-05   	0.0001059   
635         	10          	0.0678      	9.635e-06   	7.535e-05   	6.89e-05    
640         	10          	0.08282     	9.422e-05   	0.0002482   	0.0001407   
645         	10          	0.07397     	5.659e-05   	0.0002591   	0.0001228   
650         	10          	0.07457     	7.628e-05   	0.000357    	0.0001991   
655         	10          	0.06014     	4.448e-05   	0.0001062   	0.0001171   
660         	10          	0.09107     	3.48e-05    	0.0001891   	7.636e-05   
665         	10          	0.07088     	2.213e-05   	0.0002264   	0.0001065   
670         	10          	0.0765      	1.958e-05   	6.981e-05   	5.51e-05    
675         	10          	0.06554     	7.846e-05   	0.0001408   	0.0001233   
680         	10          	0.06817     	9.828e-05   	0.0001337   	4.367e-05   
685         	10          	0.07954     	0.0001109   	0.0002216   	4.49e-05    
690         	10          	0.07991     	8.562e-05   	0.0001647   	8.543e-05   
695         	10          	0.06764     	0.0001337   	9.938e-05   	4.162e-05   
700         	10          	0.08096     	0.000136    	0.0003582   	0.0001059   
705         	10          	0.08646     	0.0001017   	0.0003069   	6.69e-05    
710         	10          	0.1024      	4.394e-05   	6.86e-05    	4.046e-05   
715         	10          	0.088       	6.038e-05   	0.0003329   	0.0002166   
720         	10          	0.1296      	0.00011     	0.0003254   	0.0002403   
725         	10          	0.08823     	8.933e-05   	0.0003533   	0.0002355   
730         	10          	0.1193      	0.0001438   	0.0002328   	7.16e-05    
735         	10          	0.09199     	5.366e-05   	0.0001233   	6.273e-05   
740         	10          	0.09573     	6.872e-05   	0.0001251   	4.864e-05   
745         	10          	0.07083     	0.0001084   	0.0001822   	0.0001117   
750         	10          	0.1027      	3.216e-05   	0.0001226   	7.717e-05   
755         	10          	0.1016      	7.08e-05    	0.0002531   	5.955e-05   
760         	10          	0.1152      	0.0001204   	0.0001992   	5.625e-05   
765         	10          	0.1091      	6.058e-05   	0.0002149   	9.82e-05    
770         	10          	0.07979     	3.766e-05   	0.0001399   	7.967e-05   
775         	10          	0.08846     	1.685e-05   	0.0002806   	0.0002093   
780         	10          	0.09301     	0.0001092   	6.12e-05    	5.625e-05   
785         	10          	0.07717     	0.0001371   	0.0001746   	5.19e-05    
790         	10          	0.08973     	8.426e-05   	0.0001652   	4.956e-05   
795         	10          	0.117       	0.0001114   	0.0003132   	7.334e-05   
800         	10          	0.09045     	0.000104    	0.0002292   	0.0001232   
805         	10          	0.1106      	0.000147    	0.0003427   	8.317e-05   
810         	10          	0.1317      	0.0001223   	0.0001449   	7.19e-05    
815         	10          	0.1616      	0.0001505   	0.0003713   	9.62e-05    
820         	10          	0.1245      	0.0001401   	0.0004114   	8.138e-05   
825         	10          	0.1224      	0.0001645   	0.0003966   	0.0001637   
830         	10          	0.1226      	6.45e-05    	0.0001746   	0.0001052   
835         	10          	0.12        	7.104e-05   	0.0002369   	7.298e-05   
840         	10          	0.1052      	0.0001027   	0.0001145   	0.0001843   
845         	10          	0.127       	0.0001056   	0.000289    	0.0001828   
850         	10          	0.1004      	7.83e-05    	0.0001961   	0.0001288   
855         	10          	0.1014      	8.609e-05   	0.0003178   	0.0001049   
860         	10          	0.09686     	0.0001349   	0.000172    	5.496e-05   
865         	10          	0.1104      	0.0001338   	0.000212    	4.995e-05   
870         	10          	0.1215      	0.0001492   	0.0002766   	7.438e-05   
875         	10          	0.1238      	0.0001201   	0.0003156   	7.466e-05   
880         	10          	0.1172      	9.135e-05   	0.0001959   	0.0001187   
885         	10          	0.1102      	7.298e-05   	0.0002868   	0.0001391   
890         	10          	0.09273     	7.829e-05   	0.0001197   	5.512e-05   
895         	10          	0.1362      	6.439e-05   	7.183e-05   	7.765e-05   
900         	10          	0.1165      	3.718e-05   	0.0001357   	4.633e-05   
905         	10          	0.1123      	2.919e-05   	0.0001099   	4.914e-05   
910         	10          	0.1198      	4.242e-05   	0.0001074   	6.907e-05   
915         	10          	0.1125      	0.0001068   	0.0001101   	0.0001051   
920         	10          	0.1419      	3.644e-05   	0.0002626   	4.37e-05    
925         	10          	0.1368      	7.786e-05   	0.0001511   	5.427e-05   
930         	10          	0.1831      	9.345e-05   	0.0002496   	0.0001592   
935         	10          	0.1081      	5.66e-05    	0.0001098   	8.793e-05   
940         	10          	0.1251      	8.612e-05   	9.236e-05   	0.000126    
945         	10          	0.1448      	0.0001481   	0.0002671   	7.665e-05   
950         	10          	0.1231      	7.158e-05   	0.0001905   	9.406e-05   
955         	10          	0.1218      	8.456e-05   	0.0001166   	6.521e-05   
960         	10          	0.1381      	0.0001325   	0.0001163   	0.0001077   
965         	10          	0.1093      	0.000105    	0.0001658   	0.0002233   
970         	10          	0.1208      	7.981e-05   	0.0001848   	0.0001569   
975         	10          	0.09517     	0.0001432   	0.0001426   	0.0001527   
980         	10          	0.09646     	0.000129    	0.0003458   	0.0001409   
985         	10          	0.09912     	5.966e-05   	0.0003139   	0.0001351   
990         	10          	0.09852     	0.0001182   	0.0004479   	0.0001313   
995         	10          	0.1055      	8.769e-05   	0.0002001   	4.51e-05    
1000        	10          	0.06647     	5.806e-05   	0.0002614   	0.0001036   
1005        	10          	0.09769     	0.0001125   	0.0002      	6.494e-05   
1010        	10          	0.07419     	4.323e-05   	0.0001033   	0.0001965   
1015        	10          	0.0841      	7.966e-05   	0.0001681   	0.0001263   
1020        	10          	0.1116      	1.36e-05    	4.636e-05   	0.0001084   
1025        	10          	0.115       	8.716e-05   	0.0002132   	0.0003575   
1030        	10          	0.1093      	0.0001156   	0.0001368   	6.206e-05   
1035        	10          	0.09746     	7.107e-05   	0.0002971   	0.0001638   
1040        	10          	0.08775     	8.884e-05   	0.0004561   	7.988e-05   
1045        	10          	0.08768     	6.598e-05   	0.0001255   	4.067e-05   
1050        	10          	0.08491     	0.0001633   	0.0002636   	0.0001302   
1055        	10          	0.1048      	0.0002418   	0.000313    	0.0002149   
1060        	10          	0.09416     	0.0001684   	0.0001983   	0.0001217   
1065        	10          	0.08068     	6.552e-05   	0.000139    	9.883e-05   
1070        	10          	0.1022      	0.0001846   	0.0002064   	0.0001446   
1075        	10          	0.06518     	0.000196    	0.0002352   	0.0002234   
1080        	10          	0.09093     	0.0001585   	0.00028     	9.331e-05   
1085        	10          	0.09247     	5.353e-05   	0.0001757   	9.282e-05   
1090        	10          	0.08304     	0.0001415   	0.0001557   	9.222e-05   
1095        	10          	0.07167     	0.0001121   	0.0001138   	2.248e-05   
1100        	10          	0.08843     	4e-05       	0.0001346   	8.802e-05   
1105        	10          	0.08484     	8.112e-05   	0.0001079   	8.179e-05   
1110        	10          	0.084       	4.15e-05    	8.907e-05   	0.0001258   
1115        	10          	0.08201     	0.0001172   	0.0001262   	7.514e-05   
1120        	10          	0.08008     	0.0001366   	0.0002342   	8.081e-05   
1125        	10          	0.1118      	6.767e-05   	0.0002246   	4.873e-05   
1130        	10          	0.1001      	4.418e-05   	0.0001233   	6.638e-05   
1135        	10          	0.1305      	7.51e-05    	0.0003889   	0.000223    
1140        	10          	0.1443      	8.286e-05   	0.0002767   	0.0001192   
1145        	10          	0.1217      	4.761e-05   	0.0003933   	0.0001245   
1150        	10          	0.1065      	4.842e-05   	0.0003052   	4.812e-05   
1155        	10          	0.07539     	7.363e-05   	0.0001589   	0.0001142   
1160        	10          	0.107       	5.713e-05   	0.0002575   	0.0001142   
1165        	10          	0.1194      	3.183e-05   	0.0001471   	8.593e-05   
1170        	10          	0.1264      	6.566e-05   	0.0001817   	9.747e-05   
1175        	10          	0.1014      	0.0001044   	0.0001094   	0.0002065   
1180        	10          	0.08406     	7.765e-05   	9.26e-05    	5.841e-05   
1185        	10          	0.1114      	9.672e-05   	0.0002381   	0.0002607   
1190        	10          	0.1069      	0.0002423   	0.0005781   	0.0001442   
1195        	10          	0.1048      	0.0001069   	0.0004824   	4.201e-05   
1200        	10          	0.113       	7.075e-05   	0.0001634   	0.0001025   
1205        	10          	0.09988     	8.21e-05    	0.0003548   	0.0001644   
1210        	10          	0.1681      	0.0001409   	0.0004018   	0.0001329   
1215        	10          	0.1294      	0.0001254   	0.0002671   	9.757e-05   
1220        	10          	0.09384     	0.0001311   	0.000317    	0.0001342   
1225        	10          	0.08788     	7.189e-05   	0.0002282   	0.0001685   
1230        	10          	0.141       	0.0001122   	0.0003209   	4.657e-05   
1235        	10          	0.1207      	0.0001671   	0.00022     	8.185e-05   
1240        	10          	0.1124      	9.23e-05    	0.0001368   	4.446e-05   
1245        	10          	0.1001      	0.0001785   	0.0002392   	0.0001717   
1250        	10          	0.08178     	0.0001219   	0.0003252   	0.0002613   
1255        	10          	0.1078      	0.0001674   	0.0005453   	0.0002705   
1260        	10          	0.08496     	9.401e-05   	0.0002792   	0.0001004   
1265        	10          	0.09532     	0.0001348   	0.0003991   	0.0001163   
1270        	10          	0.1199      	5.615e-05   	0.0002891   	8.686e-05   
1275        	10          	0.1091      	7.961e-05   	0.0002037   	0.0001496   
1280        	10          	0.1157      	0.0001173   	0.0004543   	0.0001236   
1285        	10          	0.1098      	7.077e-05   	0.0002304   	0.0001692   
1290        	10          	0.09744     	3.949e-05   	0.0001508   	0.0001016   
1295        	10          	0.07132     	0.0001855   	4.274e-05   	0.0001697   
1300        	10          	0.1149      	9.508e-05   	0.0001611   	5.089e-05   
1305        	10          	0.07196     	0.0001371   	0.0002589   	8.89e-05    
1310        	10          	0.06379     	0.0001166   	0.0001813   	0.0001696   
1315        	10          	0.04967     	8.482e-05   	7.706e-05   	5.983e-05   
1320        	10          	0.07679     	0.0003069   	0.0002038   	3.894e-05   
1325        	10          	0.06279     	0.0001767   	0.0002301   	0.0001024   
1330        	10          	0.07496     	0.0001602   	0.0001481   	6.629e-05   
1335        	10          	0.07229     	0.0001584   	0.0003072   	8.516e-05   
1340        	10          	0.08254     	6.232e-05   	0.0001978   	0.0001703   
1345        	10          	0.09306     	7.593e-05   	0.0001797   	0.0001542   
1350        	10          	0.06245     	8.646e-05   	0.0001429   	0.0001179   
1355        	10          	0.06777     	0.0001345   	0.0001277   	7.422e-05   
1360        	10          	0.06941     	0.0001751   	0.0005366   	0.0001123   
1365        	10          	0.06407     	0.0002158   	5.46e-05    	0.000116    
1370        	10          	0.06773     	0.0001003   	3.62e-05    	0.0001745   
1375        	10          	0.086       	3.317e-05   	0.0001131   	3.935e-05   
1380        	10          	0.07601     	5.25e-05    	0.0001498   	6.753e-05   
1385        	10          	0.09045     	0.0001184   	0.0002414   	0.0001241   
1390        	10          	0.06664     	0.0002284   	0.0003569   	0.000124    
1395        	10          	0.05013     	0.0002384   	0.000235    	0.0001997   
1400        	10          	0.04784     	0.0001421   	0.0002378   	4.648e-05   
1405        	10          	0.05457     	0.0001438   	0.0002194   	0.000161    
1410        	10          	0.06571     	8.908e-05   	0.0003978   	0.000189    
1415        	10          	0.03108     	3.814e-05   	0.0002712   	0.0003798   
1420        	10          	0.02828     	9.197e-05   	0.0002364   	0.0001194   
1425        	10          	0.03468     	7.695e-05   	7.151e-05   	0.00014     
1430        	10          	0.03229     	0.0001449   	0.0001868   	0.0001361   
1435        	10          	0.04051     	0.0001209   	0.0001609   	0.0001005   
1440        	10          	0.03158     	0.0003733   	0.0002664   	0.0002369   
1445        	10          	0.0459      	0.0001824   	0.0003683   	0.000184    
1450        	10          	0.0288      	8.664e-05   	0.0002005   	0.0001523   
1455        	10          	0.04638     	7.401e-05   	0.0001344   	4.139e-05   
1460        	10          	0.04606     	8.113e-05   	0.0001195   	0.0001334   
1465        	10          	0.04573     	4.943e-05   	0.0001589   	8.219e-05   
1470        	10          	0.04256     	0.0001793   	0.000101    	8.132e-05   
1475        	10          	0.06043     	0.0001596   	0.0003714   	0.0001549   
1480        	10          	0.05457     	0.0001202   	0.0001551   	0.0001116   
1485        	10          	0.07085     	3.856e-05   	0.0002816   	0.0001926   
1490        	10          	0.0674      	0.0001368   	0.0004755   	9.252e-05   
1495        	10          	0.06458     	0.0001417   	0.0001461   	4.993e-05   
1500        	10          	0.0771      	5.372e-05   	0.0002467   	0.0001579   
1505        	10          	0.06496     	5.942e-05   	0.0001475   	5.921e-05   
1510        	10          	0.05408     	7.348e-05   	7.049e-05   	0.0001393   
1515        	10          	0.04268     	0.0001881   	0.0001451   	0.0001359   
1520        	10          	0.03197     	4.148e-05   	0.0003508   	0.0002185   
1525        	10          	0.03982     	6.368e-05   	0.000185    	4.241e-05   
1530        	10          	0.05091     	0.000131    	0.000213    	0.000196    
1535        	10          	0.0159      	4.306e-05   	0.0002205   	8.277e-05   
1540        	10          	0.02823     	0.0004107   	0.0003117   	0.0001478   
1545        	10          	0.04972     	0.0003411   	0.0002538   	0.0001611   
1550        	10          	0.03489     	0.0002099   	0.0002162   	9.696e-05   
1555        	10          	0.04594     	8.031e-05   	0.0001731   	6.565e-05   
1560        	10          	0.0326      	0.0001471   	0.0002352   	8.46e-05    
1565        	10          	0.04672     	7.79e-05    	0.0001509   	0.0001382   
1570        	10          	0.02939     	0.0001135   	0.0002889   	0.0001276   
1575        	10          	0.03684     	6.205e-05   	6.205e-05   	0.0001732   
1580        	10          	0.02233     	4.146e-05   	9.719e-05   	6.107e-05   
1585        	10          	0.03211     	0.000132    	0.0002872   	0.0001084   
1590        	10          	0.03012     	7.468e-05   	0.0001557   	0.0001394   
1595        	10          	0.03461     	0.0001421   	0.0003835   	3.435e-05   
1600        	10          	0.02991     	7.2e-05     	0.0001633   	0.0001466   
1605        	10          	0.03908     	0.0001003   	0.0002753   	0.0001066   
1610        	10          	0.02267     	0.0001317   	0.0001611   	5.468e-05   
1615        	10          	0.02645     	6.86e-05    	0.0001808   	4.298e-05   
1620        	10          	0.0286      	0.0001019   	0.0001982   	0.0001041   
1625        	10          	0.03039     	0.0001252   	0.0005608   	0.0001185   
1630        	10          	0.02816     	7.937e-05   	0.0001249   	0.0001402   
1635        	10          	0.02604     	0.0002495   	0.0001468   	0.0002187   
1640        	10          	0.02641     	0.0001842   	0.0002782   	9.702e-05   
1645        	10          	0.03596     	0.0001548   	0.0003514   	8.222e-05   
1650        	10          	0.02606     	5.52e-05    	0.0002391   	0.0001162   
1655        	10          	0.01807     	8.887e-05   	0.000142    	0.0001014   
1660        	10          	0.02077     	0.0001367   	0.000109    	6.151e-05   
1665        	10          	0.01795     	7.51e-05    	0.0001677   	0.0001283   
1670        	10          	0.03414     	5.35e-05    	0.0002162   	8.359e-05   
1675        	10          	0.02762     	0.0002237   	0.0002701   	6.148e-05   
1680        	10          	0.04844     	0.0001789   	9.862e-05   	0.000128    
1685        	10          	0.04118     	3.356e-05   	0.000105    	4.93e-05    
1690        	10          	0.03885     	6.917e-05   	0.0002481   	9.939e-05   
1695        	10          	0.03411     	5.692e-05   	0.0001216   	6.417e-05   
1700        	10          	0.03575     	6.418e-05   	0.0004757   	0.0001772   
1705        	10          	0.03302     	0.0001409   	0.0002684   	0.0002815   
1710        	10          	0.04197     	0.0001595   	0.0002418   	0.0001096   
1715        	10          	0.05662     	0.0002234   	0.0003124   	0.0001926   
1720        	10          	0.06061     	0.0001351   	0.0003911   	0.0001435   
1725        	10          	0.05106     	5.322e-05   	0.0002069   	9.362e-05   
1730        	10          	0.05568     	0.0001184   	0.0004029   	7.745e-05   
1735        	10          	0.05134     	8.871e-05   	0.0001787   	7.057e-05   
1740        	10          	0.05646     	0.0001379   	0.000285    	7.812e-05   
1745        	10          	0.06307     	0.000132    	8.918e-05   	0.0001191   
1750        	10          	0.03601     	6.33e-05    	0.0001822   	0.0001799   
1755        	10          	0.05111     	7.352e-05   	0.0002015   	6.949e-05   
1760        	10          	0.04151     	0.0001043   	0.0002058   	3.571e-05   
1765        	10          	0.05334     	0.0001344   	0.0004149   	9.642e-05   
1770        	10          	0.04423     	0.0001318   	0.0002461   	0.0001183   
1775        	10          	0.04617     	6.426e-05   	0.0004047   	0.0001404   
1780        	10          	0.04478     	0.0001113   	0.0005848   	0.0001218   
1785        	10          	0.03844     	0.0001744   	0.0003125   	0.0001159   
1790        	10          	0.0449      	0.0001493   	0.0002702   	4.451e-05   
1795        	10          	0.03803     	0.0001526   	0.0002192   	5.226e-05   
1800        	10          	0.03384     	0.0003344   	0.0003345   	7.133e-05   
1805        	10          	0.03089     	5.238e-05   	0.0001219   	6.359e-05   
1810        	10          	0.05246     	8.919e-05   	0.0001092   	0.0001407   
1815        	10          	0.03639     	0.0002971   	0.0001943   	0.0001615   
1820        	10          	0.04179     	7.861e-05   	0.0001452   	0.0001062   
1825        	10          	0.02725     	0.0001362   	0.0002421   	9.338e-05   
1830        	10          	0.0204      	0.0002325   	0.0004414   	7.197e-05   
1835        	10          	0.02293     	4.664e-05   	8.841e-05   	9.852e-05   
1840        	10          	0.03461     	0.0001096   	0.0001271   	0.000123    
1845        	10          	0.03656     	8.941e-05   	0.000178    	0.0001556   
1850        	10          	0.02551     	0.0001842   	0.0001311   	7.449e-05   
1855        	10          	0.02673     	6.477e-05   	0.0001555   	0.0001202   
1860        	10          	0.02522     	0.0004259   	0.0004672   	0.0002995   
1865        	10          	0.02634     	0.0003709   	0.0001976   	0.0001851   
1870        	10          	0.01454     	0.0001385   	0.0001311   	0.0001837   
1875        	10          	0.03852     	0.0001232   	0.0004073   	0.0001412   
1880        	10          	0.02369     	0.0001237   	0.0001749   	0.0001277   
1885        	10          	0.02327     	0.0001751   	0.0007507   	6.858e-05   
1890        	10          	0.03071     	0.0001899   	0.0001244   	6.692e-05   
1895        	10          	0.04022     	0.0002244   	0.0004111   	0.000113    
1900        	10          	0.03099     	0.0001648   	0.0002196   	0.0001354   
1905        	10          	0.0165      	0.0001649   	0.0003214   	6.793e-05   
1910        	10          	0.03218     	0.0001637   	0.0001783   	7.974e-05   
1915        	10          	0.02282     	9.905e-05   	0.0004148   	0.0001584   
1920        	10          	0.02221     	9.728e-05   	0.0003354   	0.000148    
1925        	10          	0.03382     	0.0001372   	0.0003909   	8.608e-05   
1930        	10          	0.027       	7.914e-05   	0.0003556   	0.0002004   
1935        	10          	0.01282     	8.775e-05   	0.0003753   	0.0001539   
1940        	10          	0.01993     	0.0001426   	0.0004865   	0.0002386   
1945        	10          	0.02493     	0.0001663   	0.0002746   	7.663e-05   
1950        	10          	0.03293     	0.0001178   	0.00037     	0.0001315   
1955        	10          	0.03199     	0.0001256   	0.0003474   	8.272e-05   
1960        	10          	0.02357     	0.000123    	0.0004648   	0.0001168   
1965        	10          	0.02661     	6.913e-05   	0.0004986   	0.0002445   
1970        	10          	0.02536     	8.384e-05   	0.0004483   	0.0001664   
1975        	10          	0.02229     	7.427e-05   	0.0004976   	0.0001018   
1980        	10          	0.0155      	6.884e-05   	0.0006326   	0.000205    
1985        	10          	0.04085     	6.445e-05   	0.0002763   	0.0001258   
1990        	10          	0.02833     	0.0001565   	0.0002563   	0.000502    
1995        	10          	0.02689     	4.497e-05   	0.0002111   	0.0001568   
2000        	10          	0.02934     	8.235e-05   	0.0001622   	0.0001568   
2005        	10          	0.04178     	6.316e-05   	0.0002587   	0.000158    
2010        	10          	0.02796     	0.000138    	0.0002687   	7.169e-05   
2015        	10          	0.03396     	0.0001236   	0.0001569   	0.0001065   
2020        	10          	0.0295      	5.08e-05    	0.0002374   	3.397e-05   
2025        	10          	0.02269     	0.0001874   	0.000256    	3.238e-05   
2030        	10          	0.03417     	0.0001258   	0.0002413   	0.0001138   
2035        	10          	0.0291      	0.0001568   	0.0001622   	0.0001598   
2040        	10          	0.04011     	0.0001665   	0.0005743   	0.0001776   
2045        	10          	0.03549     	0.0001457   	0.0006741   	0.0001157   
2050        	10          	0.03794     	7.281e-05   	0.0004221   	5.176e-05   
2055        	10          	0.04086     	0.0001181   	0.0004537   	0.000273    
2060        	10          	0.03329     	0.0001139   	0.0003298   	0.0001651   
2065        	10          	0.03371     	2.592e-05   	0.0002576   	0.0001528   
2070        	10          	0.02522     	7.742e-05   	0.0006214   	0.0001843   
2075        	10          	0.0246      	7.623e-05   	0.0001679   	0.0001709   
2080        	10          	0.02332     	7.932e-05   	0.0001104   	1.118e-05   
2085        	10          	0.01595     	6.332e-05   	3.522e-05   	6.108e-05   
2090        	10          	0.0208      	6.845e-05   	0.0001241   	6.523e-05   
2095        	10          	0.01893     	0.0002559   	0.0002634   	5.999e-05   
2100        	10          	0.03679     	0.0003099   	0.0003724   	0.0001449   
2105        	10          	0.02671     	6.839e-05   	0.000238    	0.0001543   
2110        	10          	0.02801     	9.324e-05   	0.0002633   	0.0001515   
2115        	10          	0.03249     	0.0001153   	0.0001174   	5.755e-05   
2120        	10          	0.03293     	8.845e-05   	0.0001659   	0.0001044   
2125        	10          	0.03141     	0.0001089   	0.0001406   	9.169e-05   
2130        	10          	0.03249     	0.0002152   	0.0005578   	0.0001469   
2135        	10          	0.03697     	6.737e-05   	0.0004247   	0.0001031   
2140        	10          	0.04116     	0.0001911   	0.0004183   	4.022e-05   
2145        	10          	0.03867     	0.0001019   	0.0001744   	0.0001562   
2150        	10          	0.02097     	0.0001138   	0.0001914   	0.0001166   
2155        	10          	0.02036     	0.0001158   	0.0003329   	0.0001288   
2160        	10          	0.02741     	7.556e-05   	0.0004536   	0.0002143   
2165        	10          	0.03778     	0.0001393   	0.0002639   	0.0001741   
2170        	10          	0.04684     	0.000165    	0.0003233   	9.536e-05   
2175        	10          	0.03554     	0.0003521   	0.0003094   	9.761e-05   
2180        	10          	0.02523     	0.0001118   	0.0007066   	9.144e-05   
2185        	10          	0.04199     	0.000115    	0.0003083   	4.433e-05   
2190        	10          	0.01907     	8.285e-05   	0.000414    	9.797e-05   
2195        	10          	0.02732     	0.0002027   	0.0007169   	0.0002107   
2200        	10          	0.02408     	0.0001012   	0.001       	0.0003314   
2205        	10          	0.02696     	0.0001207   	0.00111     	0.0005749   
2210        	10          	0.02307     	0.0001325   	0.001033    	0.0006058   
2215        	10          	0.02372     	0.0001447   	0.0004693   	0.0002105   
2220        	10          	0.04122     	6.281e-05   	0.0002869   	6.145e-05   
2225        	10          	0.034       	0.0002012   	0.0005799   	0.0001386   
2230        	10          	0.03561     	7.394e-05   	0.0005428   	0.0001584   
2235        	10          	0.03593     	8.385e-05   	0.0007137   	0.0002037   
2240        	10          	0.0226      	0.0001095   	0.0003488   	1.988e-05   
2245        	10          	0.03529     	7.319e-05   	0.0001386   	8.452e-05   
2250        	10          	0.04064     	0.0001552   	0.0003099   	9.429e-05   
2255        	10          	0.03808     	0.0001603   	0.0003339   	0.0001678   
2260        	10          	0.0126      	0.0001426   	0.0001902   	8.584e-05   
2265        	10          	0.01872     	0.0002902   	0.0002906   	7.453e-05   
2270        	10          	0.02341     	0.0001243   	0.0004521   	0.0001732   
2275        	10          	0.01449     	8.135e-05   	0.0002661   	9.306e-05   
2280        	10          	0.009667    	6.811e-05   	0.0002496   	0.0001519   
2285        	10          	0.01719     	5.118e-05   	0.00024     	0.0001892   
2290        	10          	0.01623     	0.0001275   	0.0004625   	0.0001811   
2295        	10          	0.0114      	4.761e-05   	0.0002737   	5.42e-05    
2300        	10          	0.01417     	3.762e-05   	0.0003682   	0.0001934   
2305        	10          	0.02789     	0.0001734   	0.0004328   	0.0001136   
2310        	10          	0.01773     	0.0001743   	0.0001984   	9.571e-05   
2315        	10          	0.01589     	9.907e-05   	0.0003316   	7.518e-05   
2320        	10          	0.01296     	0.0001623   	0.000218    	5.228e-05   
2325        	10          	0.009336    	0.0001717   	0.0003388   	7.266e-05   
2330        	10          	0.007278    	4.402e-05   	0.0002911   	4.614e-05   
2335        	10          	0.0184      	0.0001204   	0.000212    	8.917e-05   
2340        	10          	0.01918     	9.582e-05   	0.0002891   	7.721e-05   
2345        	10          	0.01939     	0.0001698   	0.0002915   	4.335e-05   
2350        	10          	0.01516     	0.0001878   	0.0003294   	9.419e-05   
2355        	10          	0.01947     	0.0001232   	0.0002997   	0.0002171   
2360        	10          	0.02479     	8.996e-05   	0.0002585   	8.726e-05   
2365        	10          	0.01821     	6.7e-05     	0.0003035   	7.918e-05   
2370        	10          	0.01967     	5.189e-05   	0.0001316   	0.0002336   
2375        	10          	0.02724     	7.249e-05   	0.0003456   	0.0001701   
2380        	10          	0.03012     	0.0001838   	0.0001629   	0.0001224   
2385        	10          	0.02617     	4.909e-05   	0.0004156   	6.227e-05   
2390        	10          	0.02257     	7.23e-05    	0.0001438   	0.0001146   
2395        	10          	0.02438     	0.0002475   	0.0001429   	3.059e-05   
2400        	10          	0.01667     	9.953e-05   	0.0001969   	7.237e-05   
2405        	10          	0.01718     	6.592e-05   	0.0001152   	5.486e-05   
2410        	10          	0.02589     	9.065e-05   	0.0003459   	0.0001722   
2415        	10          	0.02868     	7.081e-05   	0.0001981   	8.009e-05   
2420        	10          	0.03108     	0.0001131   	0.0001589   	3.273e-05   
2425        	10          	0.02816     	6.637e-05   	0.0001792   	3.242e-05   
2430        	10          	0.03018     	7.243e-05   	0.0002545   	4.488e-05   
2435        	10          	0.03251     	0.0001375   	0.0001928   	6.821e-05   
2440        	10          	0.03507     	0.0001529   	0.000279    	8.327e-05   
2445        	10          	0.03597     	7.14e-05    	6.991e-05   	0.0001418   
2450        	10          	0.03112     	0.0003186   	0.0004464   	8.725e-05   
2455        	10          	0.02961     	0.0001051   	5.039e-05   	2.265e-05   
2460        	10          	0.02171     	0.0001172   	0.0001833   	0.0001334   
2465        	10          	0.0248      	0.0001846   	5.92e-05    	5.381e-05   
2470        	10          	0.02211     	0.0001097   	0.0002491   	7.874e-05   
2475        	10          	0.0195      	8.972e-05   	0.0002193   	0.000108    
2480        	10          	0.02272     	8.625e-05   	0.0001869   	0.0001406   
2485        	10          	0.02261     	0.0001155   	0.0002751   	6.065e-05   
2490        	10          	0.01557     	0.0001001   	0.0003089   	6.556e-05   
2495        	10          	0.005333    	0.0001548   	0.0001387   	0.000119    
2500        	10          	0.008844    	8.541e-05   	0.0001254   	0.0001468   
2505        	10          	0.0188      	9.547e-05   	8.089e-05   	7.572e-05   
2510        	10          	0.01284     	7.449e-05   	0.0001106   	0.0002544   
2515        	10          	0.007278    	2.824e-05   	0.0001704   	6.147e-05   
2520        	10          	0.008447    	6.483e-05   	9.157e-05   	2.666e-05   
2525        	10          	0.007581    	7.023e-05   	0.0003351   	0.0001624   
2530        	10          	0.01141     	3.604e-05   	0.0001844   	0.0001018   
2535        	10          	0.01846     	7.959e-05   	0.0001882   	0.0001498   
2540        	10          	0.0164      	7.98e-05    	0.0002187   	0.0001026   
2545        	10          	0.02239     	0.0001385   	0.000287    	0.0002044   
2550        	10          	0.01101     	0.0001646   	0.0002431   	0.0001041   
2555        	10          	0.02917     	6.232e-05   	0.0001486   	0.0002124   
2560        	10          	0.0148      	0.0001394   	0.0001925   	9.853e-05   
2565        	10          	0.02106     	0.0001015   	0.0002323   	0.0001097   
2570        	10          	0.02322     	0.0002101   	5.739e-05   	8.271e-05   
2575        	10          	0.02708     	6.207e-05   	0.0002283   	0.0001039   
2580        	10          	0.02334     	0.0002104   	0.0002132   	9.481e-05   
2585        	10          	0.02001     	5.764e-05   	0.0002445   	8.683e-05   
2590        	10          	0.01696     	7.273e-05   	0.0001403   	6.255e-05   
2595        	10          	0.02361     	0.0002258   	0.0002624   	3.022e-05   
2600        	10          	0.02397     	8.807e-05   	9.825e-05   	8.157e-05   
2605        	10          	0.01864     	8.147e-05   	0.0004575   	0.0001554   
2610        	10          	0.01508     	0.0001317   	0.0003607   	0.0002522   
2615        	10          	0.007469    	0.000145    	0.000277    	0.0001487   
2620        	10          	0.01897     	6.596e-05   	0.0003185   	7.748e-05   
2625        	10          	0.01503     	9.538e-05   	0.0001887   	6.116e-05   
2630        	10          	0.01327     	7.612e-05   	0.0001963   	4.142e-05   
2635        	10          	0.01564     	0.0002811   	0.0003147   	6.589e-05   
2640        	10          	0.01986     	0.0001156   	0.0001439   	0.0001181   
2645        	10          	0.01228     	0.0001475   	0.0001145   	8.391e-05   
2650        	10          	0.01346     	3.992e-05   	0.0001635   	8.673e-05   
2655        	10          	0.01402     	0.0001278   	8.307e-05   	0.0001048   
2660        	10          	0.01454     	2.479e-05   	0.0001156   	9.047e-05   
2665        	10          	0.007489    	5.88e-05    	0.0001455   	0.0001017   
2670        	10          	0.007614    	0.0001053   	0.0001433   	5.894e-05   
2675        	10          	0.01095     	9.493e-05   	0.000175    	4.777e-05   
2680        	10          	0.02222     	0.0001401   	0.0002526   	5.577e-05   
2685        	10          	0.01585     	0.0001287   	0.0002327   	0.0001037   
2690        	10          	0.01811     	0.0001493   	0.0003131   	0.0002108   
2695        	10          	0.02861     	0.0001053   	0.0003216   	4.584e-05   
2700        	10          	0.01658     	0.0001236   	0.0003148   	0.0001367   
2705        	10          	0.01858     	0.0001372   	0.0002286   	0.0001107   
2710        	10          	0.02304     	9.421e-05   	6.537e-05   	0.0001072   
2715        	10          	0.02522     	0.000192    	0.0003901   	0.0001278   
2720        	10          	0.02969     	0.000141    	0.0004023   	0.0003545   
2725        	10          	0.0165      	0.0002888   	0.0005395   	6.548e-05   
2730        	10          	0.01171     	9.154e-05   	0.0001598   	8.954e-05   
2735        	10          	0.01811     	0.000156    	0.0003356   	4.996e-05   
2740        	10          	0.01778     	8.404e-05   	0.0001371   	0.0001432   
2745        	10          	0.02814     	0.0001387   	0.00034     	0.0001178   
2750        	10          	0.02946     	0.0001177   	0.0001992   	6.675e-05   
2755        	10          	0.01506     	0.0001523   	0.000369    	7.22e-05    
2760        	10          	0.02678     	8.209e-05   	0.0003806   	4.219e-05   
2765        	10          	0.01496     	0.0002179   	0.0006512   	9.639e-05   
2770        	10          	0.01466     	9.383e-05   	0.000335    	6.916e-05   
2775        	10          	0.02746     	0.0001074   	0.0003748   	0.0001579   
2780        	10          	0.0253      	0.0001882   	0.0004992   	0.0001915   
2785        	10          	0.0208      	4.024e-05   	0.0002409   	6.445e-05   
2790        	10          	0.03032     	0.0002581   	0.0003021   	5.461e-05   
2795        	10          	0.03186     	0.0001387   	0.0002561   	0.0002072   
2800        	10          	0.02601     	9.811e-05   	0.0002541   	0.0001809   
2805        	10          	0.0208      	0.0001059   	0.0002174   	0.0001922   
2810        	10          	0.04328     	9.763e-05   	0.0003232   	7.044e-05   
2815        	10          	0.0464      	9.183e-05   	0.0003093   	0.0002468   
2820        	10          	0.03816     	8.435e-05   	0.0001832   	9.284e-05   
2825        	10          	0.03012     	4.681e-05   	0.0002195   	0.0001183   
2830        	10          	0.04794     	0.0001327   	0.000134    	0.0002284   
2835        	10          	0.04034     	8.828e-05   	0.0001251   	5.97e-05    
2840        	10          	0.02864     	8.758e-05   	0.0002043   	0.0001577   
2845        	10          	0.03277     	0.000111    	0.0002266   	0.0002616   
2850        	10          	0.03927     	0.000155    	0.000349    	0.0002113   
2855        	10          	0.02679     	0.0001333   	0.0005379   	0.0001079   
2860        	10          	0.02895     	0.0002523   	0.0001039   	5.202e-05   
2865        	10          	0.02151     	0.0002995   	0.0001875   	0.0001507   
2870        	10          	0.03132     	0.0004319   	0.0002757   	8.143e-05   
2875        	10          	0.03469     	0.0003506   	0.000232    	0.0001      
2880        	10          	0.03206     	0.0001722   	0.0001053   	8.238e-05   
2885        	10          	0.03317     	0.0002385   	0.0003518   	9.789e-05   
2890        	10          	0.0335      	0.0001005   	0.0004584   	0.0001455   
2895        	10          	0.03354     	0.000213    	0.0003511   	0.0001791   
2900        	10          	0.03261     	0.0001096   	0.0002067   	0.00011     
2905        	10          	0.02063     	0.0002199   	0.0004049   	0.0002207   
2910        	10          	0.03273     	0.0001177   	0.0003513   	5.274e-05   
2915        	10          	0.03971     	0.0002262   	0.0001172   	7.588e-05   
2920        	10          	0.02404     	0.0001855   	0.0001293   	0.0001074   
2925        	10          	0.0295      	8.785e-05   	0.0001153   	8.133e-05   
2930        	10          	0.01853     	0.0002017   	0.0003012   	0.0001221   
2935        	10          	0.01696     	0.0002409   	0.0004729   	0.0001421   
2940        	10          	0.02267     	0.0001753   	0.0004828   	8.034e-05   
2945        	10          	0.01449     	0.0001692   	0.0004915   	0.0001152   
2950        	10          	0.01612     	0.0001333   	0.000331    	9.792e-05   
2955        	10          	0.008892    	0.0001655   	0.000262    	5.254e-05   
2960        	10          	0.0148      	0.0002028   	0.0004316   	4.721e-05   
2965        	10          	0.01096     	0.000144    	0.0005059   	0.0001601   
2970        	10          	0.01073     	0.0001468   	0.0005374   	0.0001009   
2975        	10          	0.009833    	8.707e-05   	0.0004286   	4.991e-05   
2980        	10          	0.01578     	0.0002567   	0.0004563   	0.0001386   
2985        	10          	0.02247     	5.508e-05   	0.0003459   	0.0002047   
2990        	10          	0.02388     	0.0002251   	0.0002529   	0.0001887   
2995        	10          	0.01782     	5.154e-05   	0.0002087   	0.0001148   
3000        	10          	0.02378     	0.0001145   	0.0003248   	4.728e-05   
3005        	10          	0.0288      	0.0001428   	0.000218    	0.0001157   
3010        	10          	0.02294     	0.0001903   	0.0006684   	0.0002379   
3015        	10          	0.02472     	0.0001089   	0.0003325   	0.0001579   
3020        	10          	0.02339     	0.0002078   	0.0003946   	3.439e-05   
3025        	10          	0.03112     	9.456e-05   	0.0002101   	0.0001551   
3030        	10          	0.02558     	0.0001007   	0.0004499   	7.674e-05   
3035        	10          	0.01916     	0.0001458   	0.0005015   	9.857e-05   
3040        	10          	0.03097     	8.223e-05   	0.0004805   	0.0002372   
3045        	10          	0.0284      	0.000211    	0.0006299   	0.0001094   
3050        	10          	0.03119     	3.549e-05   	0.0003709   	9.664e-05   
3055        	10          	0.0425      	6.868e-05   	0.0004994   	5.365e-05   
3060        	10          	0.04344     	0.0001776   	0.0006624   	4.882e-05   
3065        	10          	0.0335      	0.0001381   	0.0002019   	3.548e-05   
3070        	10          	0.0265      	0.0002085   	0.0003666   	0.0001123   
3075        	10          	0.03546     	0.0002435   	0.0002559   	0.0001548   
3080        	10          	0.03561     	0.0002777   	0.0002797   	5.928e-05   
3085        	10          	0.0374      	0.0001313   	0.0002523   	6.582e-05   
3090        	10          	0.04769     	0.0001668   	0.0003838   	0.0001635   
3095        	10          	0.04969     	0.0001229   	0.0004932   	0.0001645   
3100        	10          	0.05535     	0.0001034   	0.0002037   	6.707e-05   
3105        	10          	0.05556     	0.0001194   	0.0001601   	0.0001307   
3110        	10          	0.06384     	4.462e-05   	0.0002578   	7.741e-05   
3115        	10          	0.04925     	7.356e-05   	0.0001868   	9.501e-05   
3120        	10          	0.0398      	0.0001931   	0.0004178   	9.308e-05   
3125        	10          	0.05064     	9.967e-05   	0.0003984   	0.0001627   
3130        	10          	0.03608     	5.657e-05   	0.0003792   	5.449e-05   
3135        	10          	0.03556     	0.0001653   	0.000285    	0.0001339   
3140        	10          	0.02682     	5.179e-05   	0.0002473   	8.443e-05   
3145        	10          	0.02289     	8.408e-05   	8.083e-05   	0.0002007   
3150        	10          	0.02214     	6.44e-05    	0.0003187   	0.0001236   
3155        	10          	0.02858     	0.0001464   	0.0003187   	0.0001781   
3160        	10          	0.01285     	6.694e-05   	0.000365    	9.078e-05   
3165        	10          	0.02139     	7.96e-05    	0.0001703   	0.0001138   
3170        	10          	0.01896     	0.0001273   	0.0002794   	6.159e-05   
3175        	10          	0.01853     	0.0002374   	0.0004672   	6.93e-05    
3180        	10          	0.01361     	0.0001075   	0.0003551   	0.0001022   
3185        	10          	0.01827     	8.112e-05   	0.0005665   	9.277e-05   
3190        	10          	0.01441     	0.0001023   	0.000256    	0.000115    
3195        	10          	0.01761     	0.0001288   	0.0006875   	0.0001413   
3200        	10          	0.01671     	0.0001326   	0.0004872   	7.683e-05   
3205        	10          	0.01639     	0.0002213   	0.0002442   	0.0001382   
3210        	10          	0.02301     	0.0002595   	0.0004702   	8.355e-05   
3215        	10          	0.01807     	6.37e-05    	0.0004046   	0.0002373   
3220        	10          	0.01424     	9.924e-05   	0.000445    	0.0001228   
3225        	10          	0.0079      	8.149e-05   	0.0003325   	0.0001746   
3230        	10          	0.01606     	2.97e-05    	0.0002663   	0.0001097   
3235        	10          	0.01586     	7.295e-05   	0.0001525   	0.0001411   
3240        	10          	0.009456    	0.0001199   	0.000185    	0.000121    
3245        	10          	0.02025     	0.0001169   	0.0001315   	0.000208    
3250        	10          	0.01625     	0.0001096   	0.0002288   	6.47e-05    
3255        	10          	0.01075     	0.0001663   	0.0003061   	7.784e-05   
3260        	10          	0.02277     	0.000115    	0.0002146   	0.0001268   
3265        	10          	0.02322     	0.0001077   	0.0001993   	6.782e-05   
3270        	10          	0.01979     	9.59e-05    	0.000142    	6.668e-05   
3275        	10          	0.01747     	7.884e-05   	0.0002452   	4.162e-05   
3280        	10          	0.02377     	9.547e-05   	0.0005464   	3.204e-05   
3285        	10          	0.01593     	0.0002808   	0.0003419   	0.0001707   
3290        	10          	0.01246     	5.272e-05   	0.0003476   	9.946e-05   
3295        	10          	0.01482     	8.363e-05   	0.0001572   	0.0001502   
3300        	10          	0.02285     	0.0001514   	0.0001659   	8.21e-05    
3305        	10          	0.03391     	5.491e-05   	0.0003598   	0.000199    
3310        	10          	0.04284     	8.366e-05   	0.0004032   	0.0003619   
3315        	10          	0.03818     	0.0001171   	0.0006796   	0.0001315   
3320        	10          	0.03507     	6.844e-05   	0.0004185   	0.0001067   
3325        	10          	0.04254     	5.989e-05   	0.000417    	0.0001919   
3330        	10          	0.02989     	0.0001957   	0.0004646   	0.0002531   
3335        	10          	0.03662     	0.0001948   	0.0002576   	0.0002288   
3340        	10          	0.0283      	8.4e-05     	0.0006005   	0.0001396   
3345        	10          	0.04714     	0.0001489   	0.0003088   	0.0001459   
3350        	10          	0.02574     	0.0002611   	0.0003541   	9.039e-05   
3355        	10          	0.02846     	7.519e-05   	0.0003849   	8.801e-05   
3360        	10          	0.02229     	7.53e-05    	0.000223    	6.448e-05   
3365        	10          	0.03764     	0.0001601   	0.0001847   	5.074e-05   
3370        	10          	0.04084     	0.0001246   	0.0001991   	6.158e-05   
3375        	10          	0.03667     	4.242e-05   	0.0001431   	0.0001506   
3380        	10          	0.03017     	0.0001122   	0.0002503   	6.167e-05   
3385        	10          	0.0256      	7.471e-05   	0.0002272   	6.381e-05   
3390        	10          	0.02356     	9.765e-05   	0.0004334   	8.657e-05   
3395        	10          	0.04085     	7.392e-05   	0.0006931   	0.0002014   
3400        	10          	0.03197     	0.0001261   	0.000317    	6.97e-05    
3405        	10          	0.04873     	0.0001782   	0.0001825   	0.00012     
3410        	10          	0.05082     	0.000126    	0.0003961   	0.0002072   
3415        	10          	0.02601     	0.0003516   	0.0008581   	0.0001753   
3420        	10          	0.03711     	0.0002332   	0.0004736   	0.0001078   
3425        	10          	0.03086     	0.000141    	0.0004996   	0.0001574   
3430        	10          	0.03112     	3.654e-05   	0.0004117   	3.234e-05   
3435        	10          	0.04886     	8.155e-05   	0.0003977   	0.0001491   
3440        	10          	0.02678     	0.0001056   	0.0005526   	0.0001396   
3445        	10          	0.0465      	6.081e-05   	0.0004241   	5.887e-05   
3450        	10          	0.02633     	0.0001445   	0.0005486   	0.0001646   
3455        	10          	0.03401     	0.0001437   	0.0001551   	0.0001876   
3460        	10          	0.03536     	0.0001043   	0.0002057   	0.000271    
3465        	10          	0.02799     	0.0001414   	0.0001382   	0.0002572   
3470        	10          	0.03629     	0.000114    	0.0001594   	0.0001125   
3475        	10          	0.02423     	0.0001712   	0.0004853   	7.373e-05   
3480        	10          	0.02779     	0.0002104   	0.0002897   	0.0001165   
3485        	10          	0.01796     	7.935e-05   	0.000255    	0.0001301   
3490        	10          	0.01778     	0.0001954   	0.0003821   	0.0001671   
3495        	10          	0.02351     	5.446e-05   	0.0002701   	0.0002077   
3500        	10          	0.04952     	9.336e-05   	0.0003281   	0.0002364   
3505        	10          	0.02923     	0.0001343   	0.0002611   	0.0002692   
3510        	10          	0.02767     	0.0001103   	0.000319    	0.0003356   
3515        	10          	0.03684     	0.000168    	0.0002414   	0.0001723   
3520        	10          	0.03358     	5.298e-05   	0.0003447   	0.0002019   
3525        	10          	0.03834     	0.0002569   	0.000335    	0.0001357   
3530        	10          	0.03904     	8.984e-05   	0.0001913   	2.919e-05   
3535        	10          	0.03496     	9.869e-05   	0.0002742   	8.19e-05    
3540        	10          	0.05367     	0.000217    	0.0003905   	0.0001256   
3545        	10          	0.06063     	0.0001992   	0.0002267   	6.152e-05   
3550        	10          	0.04868     	9.978e-05   	0.0003408   	5.929e-05   
3555        	10          	0.02456     	7.573e-05   	0.0001815   	0.00011     
3560        	10          	0.0414      	4.343e-05   	0.0003212   	9.44e-05    
3565        	10          	0.0379      	0.0001023   	0.0005343   	0.0002437   
3570        	10          	0.03914     	0.0001214   	0.001058    	0.0001814   
3575        	10          	0.05702     	0.0002794   	0.0001808   	4.18e-05    
3580        	10          	0.05871     	9.153e-05   	0.000295    	0.0001234   
3585        	10          	0.06113     	8.368e-05   	0.0002723   	0.0001864   
3590        	10          	0.05135     	0.0002141   	0.0003791   	0.0001487   
3595        	10          	0.05617     	0.0001226   	0.0003655   	0.0001956   
3600        	10          	0.05171     	0.0002902   	0.0007077   	0.0001644   
3605        	10          	0.05267     	0.0001013   	0.0002236   	0.0001579   
3610        	10          	0.04823     	5.694e-05   	0.0004205   	0.0003129   
3615        	10          	0.05439     	0.0001154   	0.0002563   	0.0001633   
3620        	10          	0.04779     	0.000214    	0.0003073   	0.0001759   
3625        	10          	0.05443     	0.0001923   	0.0007945   	0.0001425   
3630        	10          	0.03528     	0.0001475   	0.0002494   	7.956e-05   
3635        	10          	0.04588     	0.0002917   	0.0008751   	0.0001553   
3640        	10          	0.0339      	0.0002245   	0.0008586   	9.117e-05   
3645        	10          	0.03904     	0.0001892   	0.0007815   	0.0003175   
3650        	10          	0.04427     	0.0002198   	0.0006213   	0.0002752   
3655        	10          	0.03479     	0.0002273   	0.0006518   	0.0001922   
3660        	10          	0.04028     	0.0001833   	0.0006656   	0.0001022   
3665        	10          	0.02946     	0.0001456   	0.0008483   	0.000209    
3670        	10          	0.02117     	8.995e-05   	0.0005043   	0.0001804   
3675        	10          	0.02084     	9.857e-05   	0.0005794   	0.0001035   
3680        	10          	0.03395     	9.457e-05   	0.0005473   	0.0002548   
3685        	10          	0.03467     	0.0002455   	0.0003707   	0.0001139   
3690        	10          	0.02954     	0.0001567   	0.0004216   	0.0001603   
3695        	10          	0.03591     	7.849e-05   	0.0001447   	5.886e-05   
3700        	10          	0.02688     	0.0001267   	0.0002144   	0.0001755   
3705        	10          	0.05021     	7.715e-05   	0.0002841   	1.995e-05   
3710        	10          	0.031       	0.0001842   	0.0003651   	8.36e-05    
3715        	10          	0.01628     	0.0001103   	0.0002176   	9.745e-05   
3720        	10          	0.04289     	0.0002366   	0.0002725   	7.494e-05   
3725        	10          	0.03184     	0.0002881   	0.0002956   	0.0001413   
3730        	10          	0.02501     	8.825e-05   	0.0003642   	0.0001446   
3735        	10          	0.02764     	0.000132    	0.0002048   	0.000237    
3740        	10          	0.02795     	0.0002141   	0.0002215   	0.0002071   
3745        	10          	0.02767     	9.024e-05   	0.0003204   	0.0001098   
3750        	10          	0.03644     	0.0002003   	0.0003276   	0.000194    
3755        	10          	0.0189      	0.0001094   	0.0003131   	9.134e-05   
3760        	10          	0.03079     	4.701e-05   	0.0001614   	0.0001083   
3765        	10          	0.03846     	0.0001416   	0.000223    	8.31e-05    
3770        	10          	0.02606     	4.302e-05   	0.0002226   	2.151e-05   
3775        	10          	0.03325     	0.000244    	0.0001317   	6.833e-05   
3780        	10          	0.0291      	0.0001046   	0.0002975   	0.0001246   
3785        	10          	0.0405      	0.0001029   	0.000516    	0.000114    
3790        	10          	0.03372     	0.0001744   	0.0004714   	0.0001167   
3795        	10          	0.03507     	0.0001993   	0.0005483   	5.48e-05    
3800        	10          	0.03229     	0.0002526   	0.0004326   	0.0001268   
3805        	10          	0.03778     	0.0002388   	0.0003842   	0.0001498   
3810        	10          	0.03201     	0.0001882   	0.0003422   	0.0001317   
3815        	10          	0.04339     	0.0001086   	0.0003062   	0.0001007   
3820        	10          	0.04017     	6.351e-05   	0.0002509   	0.0001154   
3825        	10          	0.025       	0.0001168   	0.000443    	4.614e-05   
3830        	10          	0.03724     	7.17e-05    	0.0002543   	0.0001792   
3835        	10          	0.03593     	0.0001139   	0.0001289   	6.38e-05    
3840        	10          	0.0456      	0.0001528   	0.0002232   	9.016e-05   
3845        	10          	0.03539     	9.454e-05   	0.0001246   	0.000115    
3850        	10          	0.03093     	7.887e-05   	8.383e-05   	0.000117    
3855        	10          	0.03449     	0.0001293   	0.0002502   	0.0001781   
3860        	10          	0.05054     	4.975e-05   	0.0002246   	5.563e-05   
3865        	10          	0.03596     	6.489e-05   	0.000225    	0.0001128   
3870        	10          	0.03528     	0.0001027   	0.0001497   	6.164e-05   
3875        	10          	0.03735     	5.87e-05    	0.0001786   	9.848e-05   
3880        	10          	0.02466     	7.212e-05   	0.0002918   	5.283e-05   
3885        	10          	0.02673     	9.742e-05   	0.000136    	5.432e-05   
3890        	10          	0.04351     	4.047e-05   	0.0002608   	6.543e-05   
3895        	10          	0.03762     	9.814e-05   	0.0003259   	0.0002199   
3900        	10          	0.05217     	4.274e-05   	0.0004539   	6.681e-05   
3905        	10          	0.03911     	4.786e-05   	0.000185    	5.213e-05   
3910        	10          	0.05027     	0.0001467   	0.0006254   	0.0002907   
3915        	10          	0.03946     	0.0001265   	0.0004109   	0.0002196   
3920        	10          	0.03379     	0.0001308   	0.0002437   	8.104e-05   
3925        	10          	0.0295      	5.137e-05   	0.0002403   	8.173e-05   
3930        	10          	0.02784     	0.0001422   	0.000114    	0.0001181   
3935        	10          	0.02667     	0.0001048   	0.000289    	5.333e-05   
3940        	10          	0.01404     	4.046e-05   	0.000292    	0.000146    
3945        	10          	0.02016     	0.0001332   	0.000172    	0.0001488   
3950        	10          	0.02018     	0.0002508   	9.23e-05    	9.53e-05    
3955        	10          	0.02351     	0.0002721   	0.0002394   	0.0001513   
3960        	10          	0.0254      	0.0001723   	0.0002697   	0.0001905   
3965        	10          	0.02134     	0.0001099   	0.0002316   	0.0001417   
3970        	10          	0.02723     	0.0001204   	0.0002131   	0.0001304   
3975        	10          	0.02601     	4.973e-05   	0.0002409   	5.449e-05   
3980        	10          	0.02964     	7.7e-05     	0.0002434   	8.521e-05   
3985        	10          	0.04522     	0.0001297   	0.0001727   	0.0001038   
3990        	10          	0.02651     	0.000215    	0.0007703   	0.0002361   
3995        	10          	0.02791     	0.0001002   	0.0003444   	0.0001549   
4000        	10          	0.03606     	3.616e-05   	0.0002797   	0.0003688   
4005        	10          	0.02036     	0.0002655   	0.0004316   	0.0002612   
4010        	10          	0.03161     	6.149e-05   	0.0002628   	0.0001407   
4015        	10          	0.02779     	7.717e-05   	0.0005392   	0.0001044   
4020        	10          	0.0375      	0.0001856   	0.0003475   	9.982e-05   
4025        	10          	0.03807     	3.997e-05   	0.0001577   	0.0001259   
4030        	10          	0.024       	9.318e-05   	4.465e-05   	7.306e-05   
4035        	10          	0.03584     	4.169e-05   	0.00028     	0.0001012   
4040        	10          	0.01404     	0.0001513   	0.0003434   	6.362e-05   
4045        	10          	0.02232     	0.0001244   	0.0005075   	7.431e-05   
4050        	10          	0.02813     	0.0003288   	0.0006165   	0.0001653   
4055        	10          	0.02116     	6.78e-05    	0.0005512   	0.0002694   
4060        	10          	0.0155      	0.0001828   	0.0005065   	0.0008075   
4065        	10          	0.02522     	0.0001421   	0.0004514   	0.0004399   
4070        	10          	0.01284     	8.012e-05   	0.000531    	0.0004196   
4075        	10          	0.01567     	7.715e-05   	0.0006302   	0.0003111   
4080        	10          	0.02007     	0.0001665   	0.0004466   	0.0004499   
4085        	10          	0.02266     	7.985e-05   	0.0002568   	0.0002315   
4090        	10          	0.02196     	0.0001751   	0.0003714   	0.0007859   
4095        	10          	0.02434     	9.447e-05   	0.0003773   	0.0004421   
4100        	10          	0.03247     	5.075e-05   	0.0007634   	0.0006962   
4105        	10          	0.0185      	0.0001422   	0.0005467   	0.0003964   
4110        	10          	0.01923     	0.0001196   	0.001888    	0.002401    
4115        	10          	0.02056     	0.0001395   	0.001481    	0.001707    
4120        	10          	0.02579     	6.26e-05    	0.001244    	0.001724    
4125        	10          	0.02084     	3.854e-05   	0.002372    	0.002538    
4130        	10          	0.02034     	0.0001232   	0.001945    	0.002467    
4135        	10          	0.01489     	0.0001103   	0.002945    	0.003721    
4140        	10          	0.02075     	0.0001134   	0.002516    	0.003339    
4145        	10          	0.01293     	9.356e-05   	0.002641    	0.003748    
4150        	10          	0.01996     	6.447e-05   	0.002401    	0.002914    
4155        	10          	0.01528     	8.947e-05   	0.002772    	0.002421    
4160        	10          	0.02341     	9.277e-05   	0.001981    	0.002204    
4165        	10          	0.01407     	9.896e-05   	0.002413    	0.002924    
4170        	10          	0.01182     	8.6e-05     	0.003167    	0.002735    
4175        	10          	0.01922     	8.239e-05   	0.00398     	0.004024    
4180        	10          	0.02308     	0.0001846   	0.002786    	0.004564    
4185        	10          	0.02216     	5.704e-05   	0.00303     	0.002576    
4190        	10          	0.02382     	0.0001456   	0.002414    	0.003282    
4195        	10          	0.03189     	9.636e-05   	0.002783    	0.002782    
4200        	10          	0.02596     	0.0001175   	0.001755    	0.002642    
4205        	10          	0.02586     	0.0002028   	0.002785    	0.002633    
4210        	10          	0.02093     	0.0001494   	0.003257    	0.003468    
4215        	10          	0.0169      	0.0003426   	0.002751    	0.002651    
4220        	10          	0.03421     	0.0003118   	0.003035    	0.00394     
4225        	10          	0.01984     	0.0002459   	0.001948    	0.002896    
4230        	10          	0.02408     	0.0003145   	0.003499    	0.004133    
4235        	10          	0.01557     	9.123e-05   	0.003888    	0.00492     
4240        	10          	0.0166      	5.687e-05   	0.00482     	0.003532    
4245        	10          	0.0169      	0.000172    	0.003966    	0.00435     
4250        	10          	0.01403     	0.0001559   	0.003747    	0.004879    
4255        	10          	0.01601     	0.0001194   	0.003003    	0.004305    
4260        	10          	0.0103      	0.0001089   	0.003985    	0.004648    
4265        	10          	0.01318     	4.905e-05   	0.004567    	0.004933    
4270        	10          	0.01527     	0.000129    	0.002839    	0.004375    
4275        	10          	0.02616     	0.000155    	0.006288    	0.005641    
4280        	10          	0.01664     	8.606e-05   	0.003597    	0.003436    
4285        	10          	0.02446     	0.0001291   	0.003553    	0.003546    
4290        	10          	0.01819     	0.000181    	0.004084    	0.002782    
4295        	10          	0.01768     	0.0001549   	0.004706    	0.00395     
4300        	10          	0.02599     	5.865e-05   	0.004162    	0.003925    
4305        	10          	0.01606     	0.000248    	0.002814    	0.004373    
4310        	10          	0.01884     	0.0002415   	0.002482    	0.003377    
4315        	10          	0.02697     	0.0001305   	0.002206    	0.003483    
4320        	10          	0.01196     	0.0001571   	0.003412    	0.003811    
4325        	10          	0.01839     	7.058e-05   	0.002763    	0.003752    
4330        	10          	0.01506     	0.0001599   	0.002662    	0.00419     
4335        	10          	0.0275      	0.0001614   	0.003032    	0.003141    
4340        	10          	0.01733     	0.0001357   	0.00351     	0.003098    
4345        	10          	0.03239     	0.0001734   	0.00349     	0.002925    
4350        	10          	0.02372     	0.0001042   	0.004033    	0.002861    
4355        	10          	0.0258      	0.0001532   	0.003478    	0.002261    
4360        	10          	0.02558     	0.0001123   	0.003543    	0.002868    
4365        	10          	0.02969     	0.000113    	0.00331     	0.003536    
4370        	10          	0.02327     	9.965e-05   	0.00327     	0.003644    
4375        	10          	0.03499     	0.0001575   	0.002435    	0.002617    
4380        	10          	0.04486     	0.0001913   	0.002753    	0.003125    
4385        	10          	0.02007     	8.614e-05   	0.002074    	0.003062    
4390        	10          	0.02834     	0.0001882   	0.002332    	0.004062    
4395        	10          	0.02684     	0.0002453   	0.002141    	0.003047    
4400        	10          	0.03        	0.0001895   	0.001611    	0.003288    
4405        	10          	0.01301     	0.0002769   	0.002007    	0.002651    
4410        	10          	0.01778     	0.0002161   	0.002207    	0.002413    
4415        	10          	0.02268     	0.000115    	0.001668    	0.002426    
4420        	10          	0.018       	8.086e-05   	0.002395    	0.003152    
4425        	10          	0.02067     	8.438e-05   	0.001799    	0.002834    
4430        	10          	0.01575     	7.875e-05   	0.002232    	0.002185    
4435        	10          	0.009392    	0.0001273   	0.002161    	0.002985    
4440        	10          	0.0131      	5.542e-05   	0.003569    	0.00268     
4445        	10          	0.01727     	8.094e-05   	0.002963    	0.002983    
4450        	10          	0.02918     	0.0001268   	0.003127    	0.002193    
4455        	10          	0.01538     	0.0002439   	0.002662    	0.002844    
4460        	10          	0.02152     	0.0001781   	0.003607    	0.002209    
4465        	10          	0.01967     	0.0002489   	0.002439    	0.002075    
4470        	10          	0.02007     	0.0001787   	0.003841    	0.002258    
4475        	10          	0.02082     	0.0001278   	0.003218    	0.002125    
4480        	10          	0.02304     	9.226e-05   	0.003227    	0.001729    
4485        	10          	0.01984     	0.0001102   	0.002971    	0.002359    
4490        	10          	0.02627     	0.0002017   	0.003162    	0.002154    
4495        	10          	0.02286     	0.0003164   	0.003015    	0.002371    
4500        	10          	0.01968     	0.0001905   	0.002503    	0.002411    
4505        	10          	0.0111      	0.0001461   	0.001916    	0.001607    
4510        	10          	0.01923     	0.0001691   	0.002164    	0.002129    
4515        	10          	0.0133      	0.0001089   	0.001934    	0.002196    
4520        	10          	0.02011     	0.0001816   	0.002372    	0.002685    
4525        	10          	0.01118     	9.234e-05   	0.002007    	0.002338    
4530        	10          	0.01089     	9.985e-05   	0.002413    	0.00167     
4535        	10          	0.01238     	2.468e-05   	0.002794    	0.002755    
4540        	10          	0.01653     	0.000122    	0.002311    	0.003006    
4545        	10          	0.01306     	0.0001334   	0.002396    	0.002972    
4550        	10          	0.01317     	3.058e-05   	0.001714    	0.002789    
4555        	10          	0.009947    	0.0001628   	0.001671    	0.001628    
4560        	10          	0.01067     	0.0002327   	0.001369    	0.001368    
4565        	10          	0.01764     	8.195e-05   	0.0009593   	0.001542    
4570        	10          	0.01329     	0.000149    	0.0009146   	0.0007869   
4575        	10          	0.007456    	0.0001561   	0.0008954   	0.001163    
4580        	10          	0.0159      	5.139e-05   	0.002088    	0.001724    
4585        	10          	0.02646     	0.0001143   	0.00143     	0.001803    
4590        	10          	0.01912     	0.0002252   	0.001948    	0.002001    
4595        	10          	0.01674     	7.965e-05   	0.001865    	0.002373    
4600        	10          	0.01262     	0.0002106   	0.002405    	0.001857    
4605        	10          	0.01316     	7.809e-05   	0.002485    	0.002536    
4610        	10          	0.01144     	0.0001867   	0.003073    	0.003215    
4615        	10          	0.01182     	0.0001131   	0.003479    	0.002837    
4620        	10          	0.008989    	0.0001329   	0.004144    	0.003929    
4625        	10          	0.01578     	9.034e-05   	0.002697    	0.003127    
4630        	10          	0.01419     	0.000299    	0.002763    	0.002748    
4635        	10          	0.01095     	4.614e-05   	0.003341    	0.002865    
4640        	10          	0.01374     	3.575e-05   	0.002693    	0.002559    
4645        	10          	0.01658     	6.443e-05   	0.003283    	0.003911    
4650        	10          	0.01656     	0.0001012   	0.003488    	0.004368    
4655        	10          	0.008781    	0.0001761   	0.004859    	0.003307    
4660        	10          	0.01171     	0.0001352   	0.004727    	0.004249    
4665        	10          	0.005433    	3.059e-05   	0.003207    	0.003129    
4670        	10          	0.01727     	0.0001345   	0.003467    	0.004173    
4675        	10          	0.01034     	0.0001007   	0.003455    	0.002852    
4680        	10          	0.01751     	8.029e-05   	0.004426    	0.003545    
4685        	10          	0.02956     	0.0001143   	0.005034    	0.003538    
4690        	10          	0.02511     	0.0002447   	0.004472    	0.002967    
4695        	10          	0.02467     	0.0001233   	0.005244    	0.003108    
4700        	10          	0.02379     	0.000235    	0.005627    	0.003709    
4705        	10          	0.02229     	9.376e-05   	0.005181    	0.003848    
4710        	10          	0.0359      	0.0001093   	0.005225    	0.004825    
4715        	10          	0.017       	8.284e-05   	0.006149    	0.004736    
4720        	10          	0.01611     	0.0001194   	0.004376    	0.003713    
4725        	10          	0.01228     	9.35e-05    	0.00495     	0.005223    
4730        	10          	0.01796     	0.00016     	0.004415    	0.004472    
4735        	10          	0.01596     	0.0001944   	0.003659    	0.004645    
4740        	10          	0.01184     	7.708e-05   	0.003803    	0.004686    
4745        	10          	0.0118      	0.0001119   	0.003554    	0.004478    
4750        	10          	0.01174     	0.0001452   	0.00352     	0.005183    
4755        	10          	0.008822    	0.0001166   	0.002899    	0.00436     
4760        	10          	0.008044    	0.0001097   	0.002819    	0.004022    
4765        	10          	0.01039     	0.0004162   	0.003447    	0.005631    
4770        	10          	0.02277     	0.0001483   	0.003406    	0.005916    
4775        	10          	0.01518     	0.0001942   	0.00459     	0.005708    
4780        	10          	0.01523     	0.0001812   	0.005718    	0.006383    
4785        	10          	0.01422     	0.0001652   	0.005272    	0.005724    
4790        	10          	0.01361     	0.0001271   	0.004832    	0.005661    
4795        	10          	0.01143     	0.0001509   	0.006411    	0.005998    
4800        	10          	0.01389     	0.0002303   	0.006892    	0.007387    
4805        	10          	0.006803    	0.0001929   	0.007414    	0.007315    
4810        	10          	0.01045     	9.148e-05   	0.006033    	0.00704     
4815        	10          	0.01758     	0.0001028   	0.00568     	0.006201    
4820        	10          	0.01634     	0.0002535   	0.007701    	0.008333    
4825        	10          	0.01529     	0.0002223   	0.007988    	0.01042     
4830        	10          	0.01458     	0.0001502   	0.007583    	0.01048     
4835        	10          	0.01799     	0.0001936   	0.007518    	0.007821    
4840        	10          	0.02462     	0.0001427   	0.009954    	0.008711    
4845        	10          	0.03289     	0.0002048   	0.009689    	0.01057     
4850        	10          	0.01701     	9.192e-05   	0.006792    	0.007981    
4855        	10          	0.01964     	0.0001006   	0.007224    	0.00743     
4860        	10          	0.0229      	0.0001608   	0.009122    	0.008137    
4865        	10          	0.0196      	0.000166    	0.00755     	0.007848    
4870        	10          	0.01417     	0.0003601   	0.007402    	0.008501    
4875        	10          	0.01395     	0.0002187   	0.007378    	0.0074      
4880        	10          	0.01089     	0.0003402   	0.008014    	0.006855    
4885        	10          	0.02249     	0.0001069   	0.006965    	0.00603     
4890        	10          	0.01846     	0.000105    	0.006877    	0.005941    
4895        	10          	0.01389     	3.451e-05   	0.004677    	0.004836    
4900        	10          	0.01706     	0.0001276   	0.004938    	0.003808    
4905        	10          	0.01599     	8.638e-05   	0.005645    	0.005549    
4910        	10          	0.01364     	0.0002433   	0.006058    	0.004571    
4915        	10          	0.01468     	0.0002167   	0.006261    	0.005577    
4920        	10          	0.009903    	0.0001528   	0.004972    	0.004499    
4925        	10          	0.01893     	0.0002831   	0.004518    	0.003277    
4930        	10          	0.01928     	0.0002896   	0.005984    	0.003985    
4935        	10          	0.01669     	0.0001651   	0.005354    	0.004884    
4940        	10          	0.02561     	9.913e-05   	0.004828    	0.005201    
4945        	10          	0.02458     	7.386e-05   	0.005123    	0.004797    
4950        	10          	0.04384     	0.000207    	0.004352    	0.005193    
4955        	10          	0.03784     	4.664e-05   	0.003508    	0.00445     
4960        	10          	0.02634     	0.0001509   	0.003632    	0.004099    
4965        	10          	0.03491     	0.0001429   	0.004623    	0.005638    
4970        	10          	0.02374     	0.000145    	0.00475     	0.004008    
4975        	10          	0.03128     	0.0001178   	0.005364    	0.003667    
4980        	10          	0.03508     	4.696e-05   	0.007023    	0.004096    
4985        	10          	0.04083     	0.0001017   	0.005458    	0.005302    
4990        	10          	0.049       	0.0001735   	0.004694    	0.004369    
4995        	10          	0.04161     	0.0001281   	0.005099    	0.004803    
5000        	10          	0.0395      	0.0001321   	0.005227    	0.004425    
