generation  	alive.rpl   	n.adlt.rs   	n.adlt.fst.wc_p1-2	n.adlt.fst.wc_p1-3	n.adlt.fst.wc_p2-3
5           	10          	18.21       	0.008055    	0.008538    	0.009628    
10          	10          	17.26       	0.01593     	0.01937     	0.01499     
15          	10          	16.53       	0.0178      	0.02512     	0.01826     
20          	10          	16.05       	0.02003     	0.03023     	0.02036     
25          	10          	15.33       	0.02388     	0.0377      	0.02338     
30          	10          	14.77       	0.02514     	0.04233     	0.02601     
35          	10          	14.55       	0.02652     	0.04564     	0.02391     
40          	10          	14.08       	0.02498     	0.04656     	0.02458     
45          	10          	13.67       	0.02765     	0.04928     	0.02439     
50          	10          	13.3        	0.02936     	0.05523     	0.02842     
55          	10          	13.22       	0.02866     	0.05585     	0.02759     
60          	10          	12.77       	0.02712     	0.05435     	0.02846     
65          	10          	12.43       	0.02944     	0.05858     	0.0321      
70          	10          	12.28       	0.02902     	0.05692     	0.02967     
75          	10          	11.96       	0.02585     	0.05908     	0.03035     
80          	10          	11.7        	0.02868     	0.05845     	0.0307      
85          	10          	11.45       	0.03003     	0.0583      	0.02869     
90          	10          	11.23       	0.02676     	0.05475     	0.03027     
95          	10          	11          	0.02925     	0.05577     	0.02729     
100         	10          	10.93       	0.02828     	0.05353     	0.02563     
105         	10          	10.62       	0.02624     	0.05744     	0.02827     
110         	10          	10.37       	0.03156     	0.05641     	0.02868     
115         	10          	10.16       	0.0298      	0.05593     	0.02761     
120         	10          	10.03       	0.03038     	0.05877     	0.02809     
125         	10          	10          	0.03213     	0.05528     	0.02649     
130         	10          	9.873       	0.03363     	0.06108     	0.02479     
135         	10          	9.702       	0.03214     	0.05688     	0.02484     
140         	10          	9.673       	0.02511     	0.05818     	0.02901     
145         	10          	9.467       	0.03187     	0.06034     	0.03051     
150         	10          	9.465       	0.03167     	0.05999     	0.02751     
155         	10          	9.283       	0.03204     	0.05789     	0.03183     
160         	10          	9.183       	0.02664     	0.05295     	0.02575     
165         	10          	9.007       	0.02721     	0.05506     	0.02785     
170         	10          	8.868       	0.02967     	0.05942     	0.02691     
175         	10          	8.713       	0.03345     	0.05816     	0.02449     
180         	10          	8.732       	0.03027     	0.0595      	0.02687     
185         	10          	8.573       	0.03115     	0.05593     	0.02542     
190         	10          	8.517       	0.03257     	0.05788     	0.02881     
195         	10          	8.387       	0.03234     	0.05834     	0.02789     
200         	10          	8.382       	0.02824     	0.0516      	0.02815     
205         	10          	8.182       	0.03015     	0.05576     	0.0258      
210         	10          	8.105       	0.03185     	0.06021     	0.0297      
215         	10          	8.013       	0.03268     	0.05683     	0.02565     
220         	10          	7.878       	0.0284      	0.05717     	0.02787     
225         	10          	7.895       	0.02939     	0.05642     	0.02785     
230         	10          	7.72        	0.03351     	0.05843     	0.02627     
235         	10          	7.678       	0.02641     	0.05592     	0.02952     
240         	10          	7.62        	0.02603     	0.05224     	0.02803     
245         	10          	7.512       	0.02806     	0.055       	0.0316      
250         	10          	7.482       	0.0258      	0.05743     	0.03406     
255         	10          	7.493       	0.02694     	0.05637     	0.03154     
260         	10          	7.403       	0.02576     	0.05312     	0.02659     
265         	10          	7.26        	0.03201     	0.05272     	0.02739     
270         	10          	7.258       	0.02718     	0.05549     	0.02997     
275         	10          	7.153       	0.02476     	0.05261     	0.02773     
280         	10          	7.078       	0.03269     	0.05738     	0.02944     
285         	10          	7.06        	0.02879     	0.05331     	0.02395     
290         	10          	6.973       	0.02758     	0.05651     	0.02657     
295         	10          	6.92        	0.02624     	0.05763     	0.02895     
300         	10          	6.832       	0.02699     	0.06184     	0.03006     
305         	10          	6.775       	0.02933     	0.06105     	0.02698     
310         	10          	6.682       	0.03367     	0.06171     	0.02702     
315         	10          	6.668       	0.03181     	0.05981     	0.02649     
320         	10          	6.642       	0.03259     	0.06164     	0.03063     
325         	10          	6.513       	0.03133     	0.05726     	0.02823     
330         	10          	6.543       	0.0307      	0.0593      	0.02981     
335         	10          	6.483       	0.03124     	0.06055     	0.02937     
340         	10          	6.438       	0.02769     	0.06367     	0.02735     
345         	10          	6.422       	0.02723     	0.06293     	0.0262      
350         	10          	6.382       	0.02973     	0.05779     	0.02511     
355         	10          	6.378       	0.03427     	0.0574      	0.02532     
360         	10          	6.298       	0.0279      	0.05523     	0.02455     
365         	10          	6.308       	0.03033     	0.05633     	0.02375     
370         	10          	6.252       	0.02947     	0.05745     	0.02689     
375         	10          	6.195       	0.02876     	0.06068     	0.03147     
380         	10          	6.168       	0.02566     	0.05795     	0.02753     
385         	10          	6.125       	0.02626     	0.05332     	0.02776     
390         	10          	6.145       	0.03304     	0.05914     	0.02628     
395         	10          	6.112       	0.02922     	0.05532     	0.02564     
400         	10          	6           	0.03123     	0.05755     	0.02611     
405         	10          	6.058       	0.02916     	0.05572     	0.03063     
410         	10          	5.997       	0.03124     	0.05522     	0.02996     
415         	10          	5.862       	0.03001     	0.05603     	0.02982     
420         	10          	5.828       	0.03139     	0.06135     	0.03353     
425         	10          	5.833       	0.03394     	0.05727     	0.02945     
430         	10          	5.75        	0.02871     	0.05914     	0.02962     
435         	10          	5.657       	0.03038     	0.06078     	0.03533     
440         	10          	5.692       	0.02789     	0.05443     	0.0285      
445         	10          	5.687       	0.02728     	0.05709     	0.03095     
450         	10          	5.683       	0.02666     	0.05202     	0.03032     
455         	10          	5.648       	0.02569     	0.05386     	0.03119     
460         	10          	5.637       	0.02958     	0.05551     	0.02847     
465         	10          	5.62        	0.02723     	0.05514     	0.02741     
470         	10          	5.555       	0.0278      	0.05458     	0.02863     
475         	10          	5.535       	0.03184     	0.05905     	0.03353     
480         	10          	5.52        	0.02447     	0.06141     	0.03385     
485         	10          	5.51        	0.02424     	0.05622     	0.02717     
490         	10          	5.467       	0.02742     	0.05828     	0.02882     
495         	10          	5.447       	0.02309     	0.05523     	0.03156     
500         	10          	5.4         	0.03045     	0.05503     	0.03057     
505         	10          	5.297       	0.02913     	0.05265     	0.02593     
510         	10          	5.343       	0.02929     	0.05944     	0.03059     
515         	10          	5.262       	0.0304      	0.05306     	0.02465     
520         	10          	5.298       	0.03146     	0.05581     	0.02644     
525         	10          	5.268       	0.02681     	0.05171     	0.0223      
530         	10          	5.267       	0.02593     	0.05072     	0.02736     
535         	10          	5.208       	0.03328     	0.05516     	0.03153     
540         	10          	5.172       	0.02566     	0.05489     	0.02811     
545         	10          	5.197       	0.02887     	0.06038     	0.03431     
550         	10          	5.138       	0.03168     	0.05716     	0.02826     
555         	10          	5.21        	0.03556     	0.06451     	0.02867     
560         	10          	5.153       	0.03247     	0.05821     	0.03098     
565         	10          	5.125       	0.02949     	0.06512     	0.0305      
570         	10          	5.088       	0.0316      	0.05704     	0.02951     
575         	10          	5.078       	0.02853     	0.06022     	0.02778     
580         	10          	5.038       	0.0292      	0.05383     	0.02763     
585         	10          	5.13        	0.02341     	0.06069     	0.02827     
590         	10          	5.057       	0.03101     	0.05691     	0.02857     
595         	10          	5.08        	0.02785     	0.04949     	0.02567     
600         	10          	5.038       	0.02904     	0.05221     	0.02699     
605         	10          	5.053       	0.02582     	0.05839     	0.02927     
610         	10          	5.002       	0.03124     	0.05724     	0.02852     
615         	10          	4.957       	0.03013     	0.05913     	0.03004     
620         	10          	4.897       	0.03075     	0.06304     	0.03039     
625         	10          	4.912       	0.02884     	0.05783     	0.02835     
630         	10          	4.91        	0.02532     	0.0602      	0.02902     
635         	10          	4.898       	0.0299      	0.0595      	0.02668     
640         	10          	4.897       	0.03006     	0.05693     	0.03426     
645         	10          	4.835       	0.03075     	0.0612      	0.03158     
650         	10          	4.86        	0.03384     	0.06202     	0.0312      
655         	10          	4.832       	0.0303      	0.05823     	0.03471     
660         	10          	4.81        	0.03228     	0.05979     	0.03311     
665         	10          	4.847       	0.02837     	0.05585     	0.02945     
670         	10          	4.828       	0.02711     	0.05557     	0.02575     
675         	10          	4.803       	0.02989     	0.05775     	0.02779     
680         	10          	4.783       	0.0335      	0.05822     	0.02689     
685         	10          	4.737       	0.03414     	0.05921     	0.02748     
690         	10          	4.748       	0.02791     	0.05956     	0.03236     
695         	10          	4.748       	0.03006     	0.05806     	0.02479     
700         	10          	4.725       	0.03086     	0.06249     	0.02952     
705         	10          	4.692       	0.03087     	0.06218     	0.03422     
710         	10          	4.717       	0.03256     	0.05924     	0.02789     
715         	10          	4.695       	0.03177     	0.062       	0.03208     
720         	10          	4.667       	0.02607     	0.0565      	0.03128     
725         	10          	4.695       	0.02875     	0.06123     	0.03206     
730         	10          	4.672       	0.03225     	0.06179     	0.02901     
735         	10          	4.653       	0.03068     	0.05818     	0.02742     
740         	10          	4.627       	0.03167     	0.06661     	0.03322     
745         	10          	4.617       	0.0292      	0.05933     	0.02962     
750         	10          	4.652       	0.02699     	0.05845     	0.02693     
755         	10          	4.59        	0.0293      	0.05949     	0.03389     
760         	10          	4.627       	0.03046     	0.05618     	0.02676     
765         	10          	4.585       	0.03129     	0.0636      	0.03115     
770         	10          	4.575       	0.03127     	0.06401     	0.03291     
775         	10          	4.557       	0.0312      	0.07028     	0.03639     
780         	10          	4.557       	0.02819     	0.06414     	0.02562     
785         	10          	4.483       	0.03362     	0.07109     	0.0296      
790         	10          	4.51        	0.03013     	0.0652      	0.03035     
795         	10          	4.52        	0.03181     	0.06388     	0.0271      
800         	10          	4.495       	0.03014     	0.06684     	0.03595     
805         	10          	4.515       	0.03222     	0.06171     	0.02707     
810         	10          	4.512       	0.0318      	0.05919     	0.02681     
815         	10          	4.49        	0.0331      	0.059       	0.02901     
820         	10          	4.465       	0.0271      	0.05418     	0.02121     
825         	10          	4.505       	0.03036     	0.0581      	0.02589     
830         	10          	4.45        	0.03297     	0.05955     	0.02921     
835         	10          	4.44        	0.02622     	0.05814     	0.02831     
840         	10          	4.38        	0.03222     	0.05661     	0.03165     
845         	10          	4.403       	0.03073     	0.05975     	0.03257     
850         	10          	4.383       	0.03082     	0.05908     	0.03065     
855         	10          	4.355       	0.03538     	0.05966     	0.02913     
860         	10          	4.368       	0.03398     	0.05579     	0.02682     
865         	10          	4.352       	0.02664     	0.05042     	0.02993     
870         	10          	4.353       	0.03434     	0.05707     	0.02976     
875         	10          	4.378       	0.03116     	0.06178     	0.03183     
880         	10          	4.333       	0.0298      	0.06827     	0.03309     
885         	10          	4.308       	0.02858     	0.06799     	0.03246     
890         	10          	4.357       	0.03219     	0.06231     	0.02817     
895         	10          	4.295       	0.03103     	0.05898     	0.02939     
900         	10          	4.273       	0.02643     	0.05957     	0.02704     
905         	10          	4.32        	0.02719     	0.05944     	0.02677     
910         	10          	4.275       	0.02497     	0.05934     	0.03034     
915         	10          	4.307       	0.02847     	0.05755     	0.02653     
920         	10          	4.302       	0.02965     	0.06682     	0.02843     
925         	10          	4.272       	0.03341     	0.06349     	0.03188     
930         	10          	4.29        	0.02486     	0.05821     	0.02969     
935         	10          	4.21        	0.02553     	0.05571     	0.03222     
940         	10          	4.205       	0.02724     	0.06093     	0.03382     
945         	10          	4.25        	0.03596     	0.06091     	0.03313     
950         	10          	4.247       	0.02322     	0.05849     	0.02911     
955         	10          	4.27        	0.02722     	0.05835     	0.02296     
960         	10          	4.252       	0.02761     	0.05038     	0.02794     
965         	10          	4.24        	0.02811     	0.06021     	0.03422     
970         	10          	4.243       	0.02906     	0.05591     	0.02434     
975         	10          	4.205       	0.02755     	0.0605      	0.02961     
980         	10          	4.227       	0.02725     	0.05527     	0.02765     
985         	10          	4.193       	0.03658     	0.06079     	0.0286      
990         	10          	4.168       	0.0364      	0.05536     	0.02415     
995         	10          	4.195       	0.03219     	0.05777     	0.02545     
1000        	10          	4.168       	0.03079     	0.05224     	0.0274      
1005        	10          	4.182       	0.02918     	0.05757     	0.03013     
1010        	10          	4.135       	0.02661     	0.05648     	0.03147     
1015        	10          	4.13        	0.02626     	0.05376     	0.02775     
1020        	10          	4.168       	0.03188     	0.06109     	0.03243     
1025        	10          	4.143       	0.03242     	0.06071     	0.03019     
1030        	10          	4.125       	0.02574     	0.05411     	0.02663     
1035        	10          	4.16        	0.03112     	0.05714     	0.03289     
1040        	10          	4.135       	0.03069     	0.05957     	0.02991     
1045        	10          	4.127       	0.03068     	0.05251     	0.02881     
1050        	10          	4.132       	0.0324      	0.06279     	0.03153     
1055        	10          	4.147       	0.03648     	0.06085     	0.03369     
1060        	10          	4.103       	0.02931     	0.05557     	0.03256     
1065        	10          	4.125       	0.02861     	0.05697     	0.02611     
1070        	10          	4.083       	0.03351     	0.06596     	0.02979     
1075        	10          	4.075       	0.0296      	0.06314     	0.03289     
1080        	10          	4.07        	0.02373     	0.05394     	0.02765     
1085        	10          	4.052       	0.03528     	0.06396     	0.03009     
1090        	10          	4.02        	0.03765     	0.06561     	0.02708     
1095        	10          	4.033       	0.03367     	0.05655     	0.02926     
1100        	10          	3.997       	0.03316     	0.05763     	0.02575     
1105        	10          	3.99        	0.02693     	0.05162     	0.03237     
1110        	10          	3.978       	0.03267     	0.05385     	0.03028     
1115        	10          	4.008       	0.03496     	0.05805     	0.02698     
1120        	10          	3.952       	0.03134     	0.05967     	0.02866     
1125        	10          	4.037       	0.02573     	0.05282     	0.02481     
1130        	10          	4.047       	0.02351     	0.048       	0.02362     
1135        	10          	4.047       	0.02275     	0.05272     	0.02911     
1140        	10          	4.03        	0.02333     	0.05533     	0.02851     
1145        	10          	4.065       	0.02466     	0.04989     	0.02366     
1150        	10          	3.998       	0.0277      	0.05355     	0.02237     
1155        	10          	4.017       	0.02579     	0.05509     	0.02825     
1160        	10          	4.02        	0.02746     	0.05168     	0.03092     
1165        	10          	3.95        	0.02759     	0.05862     	0.0281      
1170        	10          	3.95        	0.03456     	0.06453     	0.03458     
1175        	10          	3.955       	0.03297     	0.06811     	0.0298      
1180        	10          	3.967       	0.02388     	0.05961     	0.03216     
1185        	10          	3.948       	0.02923     	0.05957     	0.03079     
1190        	10          	3.885       	0.0296      	0.0629      	0.0295      
1195        	10          	3.883       	0.02658     	0.05863     	0.02713     
1200        	10          	3.862       	0.0269      	0.05763     	0.03084     
1205        	10          	3.837       	0.02852     	0.06354     	0.03979     
1210        	10          	3.902       	0.02919     	0.06155     	0.03194     
1215        	10          	3.887       	0.02645     	0.06383     	0.03149     
1220        	10          	3.86        	0.02917     	0.0601      	0.02909     
1225        	10          	3.903       	0.02777     	0.06583     	0.03778     
1230        	10          	3.863       	0.0241      	0.06243     	0.02558     
1235        	10          	3.89        	0.0296      	0.0629      	0.03142     
1240        	10          	3.903       	0.02745     	0.05995     	0.02683     
1245        	10          	3.912       	0.02555     	0.05673     	0.03044     
1250        	10          	3.822       	0.03084     	0.06234     	0.033       
1255        	10          	3.827       	0.03394     	0.07311     	0.03128     
1260        	10          	3.827       	0.03095     	0.06206     	0.02606     
1265        	10          	3.853       	0.02875     	0.0596      	0.03071     
1270        	10          	3.848       	0.02603     	0.06226     	0.03259     
1275        	10          	3.808       	0.02554     	0.06121     	0.0343      
1280        	10          	3.845       	0.0261      	0.0561      	0.0288      
1285        	10          	3.82        	0.02928     	0.06224     	0.03        
1290        	10          	3.883       	0.02533     	0.0563      	0.02739     
1295        	10          	3.813       	0.03305     	0.05676     	0.02583     
1300        	10          	3.818       	0.0364      	0.0647      	0.03265     
1305        	10          	3.793       	0.03211     	0.0632      	0.02993     
1310        	10          	3.792       	0.03172     	0.06051     	0.03373     
1315        	10          	3.812       	0.02361     	0.05391     	0.03001     
1320        	10          	3.773       	0.02728     	0.05496     	0.02512     
1325        	10          	3.743       	0.03429     	0.06006     	0.02762     
1330        	10          	3.758       	0.03784     	0.06501     	0.03342     
1335        	10          	3.757       	0.02951     	0.06255     	0.03005     
1340        	10          	3.713       	0.02992     	0.06371     	0.03416     
1345        	10          	3.755       	0.0273      	0.06072     	0.0312      
1350        	10          	3.705       	0.02372     	0.05565     	0.03157     
1355        	10          	3.697       	0.02681     	0.05348     	0.02838     
1360        	10          	3.718       	0.02607     	0.05852     	0.03005     
1365        	10          	3.725       	0.03415     	0.06381     	0.03272     
1370        	10          	3.738       	0.02974     	0.06025     	0.03187     
1375        	10          	3.722       	0.02972     	0.05668     	0.02817     
1380        	10          	3.658       	0.02725     	0.06273     	0.03249     
1385        	10          	3.722       	0.02666     	0.06746     	0.03152     
1390        	10          	3.652       	0.03205     	0.06854     	0.03113     
1395        	10          	3.642       	0.02964     	0.06772     	0.03122     
1400        	10          	3.655       	0.03159     	0.06729     	0.02839     
1405        	10          	3.627       	0.03217     	0.07015     	0.033       
1410        	10          	3.647       	0.02915     	0.06155     	0.03675     
1415        	10          	3.668       	0.02915     	0.06409     	0.03978     
1420        	10          	3.667       	0.03279     	0.05401     	0.03028     
1425        	10          	3.627       	0.03432     	0.04986     	0.02932     
1430        	10          	3.607       	0.03047     	0.05827     	0.0287      
1435        	10          	3.623       	0.02752     	0.05482     	0.02782     
1440        	10          	3.632       	0.03643     	0.055       	0.02856     
1445        	10          	3.608       	0.03453     	0.05647     	0.029       
1450        	10          	3.565       	0.02911     	0.06345     	0.03063     
1455        	10          	3.57        	0.02715     	0.06137     	0.02967     
1460        	10          	3.588       	0.02737     	0.06065     	0.02978     
1465        	10          	3.593       	0.02841     	0.05427     	0.03041     
1470        	10          	3.572       	0.0327      	0.05986     	0.02531     
1475        	10          	3.563       	0.02909     	0.05865     	0.02776     
1480        	10          	3.577       	0.02427     	0.05173     	0.02858     
1485        	10          	3.608       	0.02263     	0.05459     	0.03366     
1490        	10          	3.623       	0.02218     	0.05748     	0.03029     
1495        	10          	3.568       	0.02798     	0.05373     	0.0249      
1500        	10          	3.58        	0.03264     	0.05625     	0.02108     
1505        	10          	3.573       	0.02479     	0.05113     	0.02299     
1510        	10          	3.568       	0.02745     	0.05863     	0.02831     
1515        	10          	3.575       	0.02725     	0.05368     	0.0259      
1520        	10          	3.618       	0.02188     	0.05127     	0.02945     
1525        	10          	3.57        	0.02434     	0.05252     	0.02495     
1530        	10          	3.548       	0.03128     	0.05729     	0.03086     
1535        	10          	3.557       	0.0261      	0.04493     	0.02556     
1540        	10          	3.56        	0.03381     	0.0584      	0.02842     
1545        	10          	3.6         	0.03015     	0.05221     	0.0285      
1550        	10          	3.567       	0.03129     	0.05207     	0.02183     
1555        	10          	3.55        	0.03021     	0.0498      	0.02775     
1560        	10          	3.513       	0.02336     	0.05128     	0.02224     
1565        	10          	3.538       	0.03266     	0.04877     	0.02368     
1570        	10          	3.583       	0.02611     	0.05034     	0.02711     
1575        	10          	3.522       	0.02919     	0.04901     	0.02629     
1580        	10          	3.517       	0.02692     	0.04884     	0.02498     
1585        	10          	3.567       	0.02997     	0.04512     	0.02697     
1590        	10          	3.527       	0.02172     	0.05267     	0.02671     
1595        	10          	3.483       	0.02919     	0.05427     	0.02468     
1600        	10          	3.452       	0.02849     	0.05063     	0.02708     
1605        	10          	3.418       	0.029       	0.05413     	0.03101     
1610        	10          	3.438       	0.02808     	0.05073     	0.02831     
1615        	10          	3.438       	0.02941     	0.05769     	0.03225     
1620        	10          	3.413       	0.02878     	0.056       	0.02887     
1625        	10          	3.422       	0.03        	0.05419     	0.03023     
1630        	10          	3.447       	0.03037     	0.06406     	0.02986     
1635        	10          	3.437       	0.03118     	0.06042     	0.03499     
1640        	10          	3.402       	0.0276      	0.058       	0.02951     
1645        	10          	3.392       	0.02987     	0.05295     	0.03114     
1650        	10          	3.422       	0.02562     	0.05392     	0.03188     
1655        	10          	3.443       	0.02662     	0.04964     	0.03049     
1660        	10          	3.37        	0.02697     	0.054       	0.02622     
1665        	10          	3.422       	0.02291     	0.05735     	0.03119     
1670        	10          	3.452       	0.02418     	0.04993     	0.02535     
1675        	10          	3.46        	0.02547     	0.05107     	0.02703     
1680        	10          	3.433       	0.0271      	0.05703     	0.03245     
1685        	10          	3.427       	0.02257     	0.05101     	0.02438     
1690        	10          	3.475       	0.0236      	0.05435     	0.02397     
1695        	10          	3.495       	0.02888     	0.05294     	0.02426     
1700        	10          	3.468       	0.02562     	0.05247     	0.02835     
1705        	10          	3.482       	0.02819     	0.05391     	0.03092     
1710        	10          	3.482       	0.03019     	0.05103     	0.02579     
1715        	10          	3.475       	0.02749     	0.05954     	0.0285      
1720        	10          	3.478       	0.03297     	0.06784     	0.02519     
1725        	10          	3.5         	0.02907     	0.06238     	0.02731     
1730        	10          	3.492       	0.03168     	0.0492      	0.0239      
1735        	10          	3.505       	0.03106     	0.05424     	0.02632     
1740        	10          	3.475       	0.03169     	0.05313     	0.0254      
1745        	10          	3.477       	0.03027     	0.05492     	0.02943     
1750        	10          	3.442       	0.03127     	0.05819     	0.02485     
1755        	10          	3.467       	0.02989     	0.05767     	0.02557     
1760        	10          	3.475       	0.02907     	0.05093     	0.01825     
1765        	10          	3.407       	0.02628     	0.05153     	0.02038     
1770        	10          	3.428       	0.02537     	0.04903     	0.02499     
1775        	10          	3.433       	0.0257      	0.05135     	0.02641     
1780        	10          	3.45        	0.02465     	0.05613     	0.02676     
1785        	10          	3.4         	0.02976     	0.06125     	0.02987     
1790        	10          	3.44        	0.03091     	0.05453     	0.02713     
1795        	10          	3.432       	0.03243     	0.06416     	0.02855     
1800        	10          	3.41        	0.03192     	0.06057     	0.03225     
1805        	10          	3.4         	0.02749     	0.06198     	0.02794     
1810        	10          	3.407       	0.02681     	0.05949     	0.03217     
1815        	10          	3.417       	0.02681     	0.06286     	0.03954     
1820        	10          	3.357       	0.02554     	0.05981     	0.02988     
1825        	10          	3.435       	0.03116     	0.05538     	0.02818     
1830        	10          	3.408       	0.03251     	0.06121     	0.03        
1835        	10          	3.37        	0.02347     	0.05482     	0.03063     
1840        	10          	3.417       	0.02881     	0.05384     	0.0262      
1845        	10          	3.367       	0.02964     	0.05406     	0.03031     
1850        	10          	3.375       	0.02953     	0.05505     	0.03348     
1855        	10          	3.357       	0.02809     	0.06053     	0.03325     
1860        	10          	3.395       	0.03098     	0.0643      	0.02755     
1865        	10          	3.422       	0.0332      	0.04902     	0.03023     
1870        	10          	3.387       	0.02701     	0.05878     	0.02989     
1875        	10          	3.418       	0.02551     	0.06072     	0.0311      
1880        	10          	3.418       	0.02947     	0.05956     	0.02905     
1885        	10          	3.387       	0.03702     	0.07478     	0.03542     
1890        	10          	3.43        	0.03053     	0.06196     	0.02555     
1895        	10          	3.4         	0.03524     	0.06364     	0.03523     
1900        	10          	3.413       	0.0336      	0.05634     	0.02488     
1905        	10          	3.395       	0.03233     	0.06519     	0.02548     
1910        	10          	3.408       	0.03069     	0.06077     	0.02425     
1915        	10          	3.387       	0.03135     	0.06765     	0.02926     
1920        	10          	3.387       	0.03091     	0.06731     	0.02543     
1925        	10          	3.353       	0.02981     	0.06774     	0.03281     
1930        	10          	3.355       	0.03498     	0.0749      	0.03819     
1935        	10          	3.387       	0.03419     	0.06837     	0.02656     
1940        	10          	3.337       	0.03902     	0.06938     	0.03197     
1945        	10          	3.353       	0.03269     	0.05654     	0.02779     
1950        	10          	3.337       	0.03413     	0.06782     	0.0326      
1955        	10          	3.387       	0.02864     	0.0648      	0.03159     
1960        	10          	3.327       	0.02814     	0.05425     	0.02385     
1965        	10          	3.312       	0.02761     	0.06016     	0.03172     
1970        	10          	3.385       	0.02635     	0.06232     	0.03329     
1975        	10          	3.36        	0.02762     	0.06289     	0.03038     
1980        	10          	3.362       	0.0254      	0.0592      	0.03511     
1985        	10          	3.358       	0.03165     	0.06544     	0.03518     
1990        	10          	3.367       	0.02594     	0.05406     	0.03546     
1995        	10          	3.317       	0.0254      	0.06267     	0.03638     
2000        	10          	3.312       	0.03375     	0.06458     	0.03463     
2005        	10          	3.328       	0.02879     	0.05877     	0.03125     
2010        	10          	3.342       	0.03023     	0.05738     	0.02939     
2015        	10          	3.36        	0.02784     	0.0543      	0.02899     
2020        	10          	3.317       	0.0253      	0.05668     	0.0271      
2025        	10          	3.298       	0.02862     	0.04861     	0.02353     
2030        	10          	3.328       	0.03326     	0.05381     	0.02261     
2035        	10          	3.363       	0.024       	0.04517     	0.02946     
2040        	10          	3.355       	0.03033     	0.05606     	0.0312      
2045        	10          	3.303       	0.02756     	0.05119     	0.02795     
2050        	10          	3.3         	0.03134     	0.05598     	0.02954     
2055        	10          	3.352       	0.03072     	0.06247     	0.0288      
2060        	10          	3.308       	0.0247      	0.05986     	0.02899     
2065        	10          	3.32        	0.03021     	0.0629      	0.02832     
2070        	10          	3.322       	0.02968     	0.06258     	0.03382     
2075        	10          	3.297       	0.03378     	0.06297     	0.02829     
2080        	10          	3.287       	0.03001     	0.06271     	0.02529     
2085        	10          	3.312       	0.02846     	0.0549      	0.02592     
2090        	10          	3.302       	0.02771     	0.05645     	0.02323     
2095        	10          	3.263       	0.03603     	0.06222     	0.02608     
2100        	10          	3.277       	0.03216     	0.05976     	0.02969     
2105        	10          	3.27        	0.02988     	0.05076     	0.0266      
2110        	10          	3.292       	0.02618     	0.05133     	0.02363     
2115        	10          	3.313       	0.02444     	0.05353     	0.03137     
2120        	10          	3.253       	0.02404     	0.0482      	0.02754     
2125        	10          	3.285       	0.02677     	0.05526     	0.02458     
2130        	10          	3.253       	0.02919     	0.05571     	0.02934     
2135        	10          	3.248       	0.0237      	0.05826     	0.02846     
2140        	10          	3.247       	0.03099     	0.05994     	0.02667     
2145        	10          	3.305       	0.02576     	0.05406     	0.02673     
2150        	10          	3.265       	0.02525     	0.05248     	0.02586     
2155        	10          	3.248       	0.0263      	0.05592     	0.0247      
2160        	10          	3.265       	0.02333     	0.05401     	0.02622     
2165        	10          	3.272       	0.0304      	0.04866     	0.02848     
2170        	10          	3.262       	0.03261     	0.06241     	0.02614     
2175        	10          	3.287       	0.02928     	0.04999     	0.02078     
2180        	10          	3.273       	0.02733     	0.06113     	0.02357     
2185        	10          	3.247       	0.03451     	0.06346     	0.02185     
2190        	10          	3.24        	0.03399     	0.06379     	0.02437     
2195        	10          	3.213       	0.03621     	0.06956     	0.02843     
2200        	10          	3.235       	0.02853     	0.07009     	0.03639     
2205        	10          	3.243       	0.02794     	0.06646     	0.03236     
2210        	10          	3.26        	0.02676     	0.06578     	0.03646     
2215        	10          	3.2         	0.02295     	0.05953     	0.02883     
2220        	10          	3.233       	0.02448     	0.06074     	0.03129     
2225        	10          	3.262       	0.0253      	0.05709     	0.02992     
2230        	10          	3.267       	0.03522     	0.0687      	0.02829     
2235        	10          	3.237       	0.02289     	0.06492     	0.03384     
2240        	10          	3.247       	0.02748     	0.0632      	0.02859     
2245        	10          	3.243       	0.03145     	0.05595     	0.02483     
2250        	10          	3.285       	0.02704     	0.05827     	0.02724     
2255        	10          	3.215       	0.02686     	0.05488     	0.03011     
2260        	10          	3.237       	0.02757     	0.05948     	0.0326      
2265        	10          	3.283       	0.03024     	0.05284     	0.02382     
2270        	10          	3.268       	0.02856     	0.06622     	0.03045     
2275        	10          	3.28        	0.03038     	0.05995     	0.02827     
2280        	10          	3.25        	0.02633     	0.06249     	0.03506     
2285        	10          	3.268       	0.02051     	0.05239     	0.02995     
2290        	10          	3.26        	0.02797     	0.06326     	0.02886     
2295        	10          	3.257       	0.01983     	0.05466     	0.02393     
2300        	10          	3.267       	0.02369     	0.05737     	0.02841     
2305        	10          	3.245       	0.02807     	0.06143     	0.02562     
2310        	10          	3.24        	0.02822     	0.05905     	0.03122     
2315        	10          	3.228       	0.03032     	0.05546     	0.02339     
2320        	10          	3.242       	0.03268     	0.05734     	0.02067     
2325        	10          	3.255       	0.03169     	0.06327     	0.02637     
2330        	10          	3.233       	0.02926     	0.05696     	0.02476     
2335        	10          	3.242       	0.03073     	0.05807     	0.03209     
2340        	10          	3.26        	0.0281      	0.05896     	0.03272     
2345        	10          	3.245       	0.02797     	0.05726     	0.02714     
2350        	10          	3.23        	0.03009     	0.04838     	0.02566     
2355        	10          	3.232       	0.03031     	0.05351     	0.02438     
2360        	10          	3.208       	0.02838     	0.05168     	0.03206     
2365        	10          	3.237       	0.02751     	0.04934     	0.02688     
2370        	10          	3.238       	0.02836     	0.05783     	0.03525     
2375        	10          	3.192       	0.02413     	0.0581      	0.03592     
2380        	10          	3.243       	0.02252     	0.06109     	0.03036     
2385        	10          	3.25        	0.03161     	0.05865     	0.02736     
2390        	10          	3.26        	0.03608     	0.05454     	0.02688     
2395        	10          	3.263       	0.032       	0.05875     	0.02951     
2400        	10          	3.288       	0.02554     	0.05839     	0.02565     
2405        	10          	3.243       	0.02371     	0.05828     	0.03418     
2410        	10          	3.322       	0.02725     	0.05556     	0.03006     
2415        	10          	3.277       	0.02939     	0.05544     	0.03069     
2420        	10          	3.298       	0.02953     	0.05993     	0.02738     
2425        	10          	3.313       	0.02703     	0.04983     	0.021       
2430        	10          	3.275       	0.02967     	0.05701     	0.02677     
2435        	10          	3.308       	0.03307     	0.05549     	0.02408     
2440        	10          	3.275       	0.02998     	0.0582      	0.02603     
2445        	10          	3.268       	0.03033     	0.05728     	0.0296      
2450        	10          	3.343       	0.03063     	0.05782     	0.02285     
2455        	10          	3.295       	0.02967     	0.05291     	0.02093     
2460        	10          	3.28        	0.03225     	0.05642     	0.026       
2465        	10          	3.282       	0.02714     	0.04717     	0.02448     
2470        	10          	3.255       	0.03222     	0.05584     	0.02684     
2475        	10          	3.295       	0.02739     	0.05124     	0.02526     
2480        	10          	3.305       	0.02181     	0.05264     	0.02613     
2485        	10          	3.305       	0.02437     	0.05241     	0.02108     
2490        	10          	3.308       	0.02239     	0.04374     	0.01889     
2495        	10          	3.283       	0.02879     	0.05904     	0.02386     
2500        	10          	3.327       	0.02235     	0.05271     	0.0242      
2505        	10          	3.298       	0.02019     	0.05253     	0.02453     
2510        	10          	3.277       	0.02776     	0.05514     	0.03131     
2515        	10          	3.25        	0.02253     	0.05252     	0.02636     
2520        	10          	3.288       	0.01974     	0.04948     	0.02539     
2525        	10          	3.268       	0.02255     	0.05496     	0.03001     
2530        	10          	3.285       	0.02477     	0.05216     	0.02673     
2535        	10          	3.258       	0.03067     	0.05939     	0.03073     
2540        	10          	3.26        	0.02966     	0.0522      	0.02584     
2545        	10          	3.283       	0.027       	0.04811     	0.02515     
2550        	10          	3.257       	0.02975     	0.05315     	0.02247     
2555        	10          	3.267       	0.0273      	0.05407     	0.03091     
2560        	10          	3.248       	0.03219     	0.04901     	0.02581     
2565        	10          	3.283       	0.02576     	0.05029     	0.02569     
2570        	10          	3.283       	0.02642     	0.04404     	0.02627     
2575        	10          	3.252       	0.02779     	0.04987     	0.02561     
2580        	10          	3.262       	0.02892     	0.04979     	0.02173     
2585        	10          	3.243       	0.02873     	0.05537     	0.0288      
2590        	10          	3.277       	0.02479     	0.05512     	0.02768     
2595        	10          	3.288       	0.02815     	0.06093     	0.02977     
2600        	10          	3.268       	0.02387     	0.06053     	0.03542     
2605        	10          	3.235       	0.02619     	0.05762     	0.03336     
2610        	10          	3.218       	0.02434     	0.05951     	0.02759     
2615        	10          	3.248       	0.02814     	0.05376     	0.02605     
2620        	10          	3.248       	0.03        	0.06188     	0.02549     
2625        	10          	3.252       	0.03747     	0.06146     	0.02434     
2630        	10          	3.263       	0.03222     	0.05339     	0.02012     
2635        	10          	3.252       	0.03567     	0.0511      	0.02268     
2640        	10          	3.268       	0.03075     	0.05699     	0.02839     
2645        	10          	3.238       	0.03047     	0.05205     	0.02685     
2650        	10          	3.223       	0.02544     	0.04643     	0.02652     
2655        	10          	3.218       	0.02308     	0.05113     	0.02552     
2660        	10          	3.23        	0.02324     	0.04463     	0.02623     
2665        	10          	3.22        	0.02609     	0.05105     	0.02595     
2670        	10          	3.245       	0.03268     	0.0484      	0.0261      
2675        	10          	3.238       	0.02576     	0.05443     	0.02847     
2680        	10          	3.217       	0.03513     	0.07037     	0.02638     
2685        	10          	3.208       	0.03472     	0.06853     	0.02834     
2690        	10          	3.222       	0.03341     	0.06432     	0.03233     
2695        	10          	3.188       	0.02764     	0.06532     	0.03301     
2700        	10          	3.232       	0.0368      	0.06734     	0.0277      
2705        	10          	3.235       	0.03203     	0.05984     	0.03187     
2710        	10          	3.247       	0.03272     	0.06529     	0.02754     
2715        	10          	3.2         	0.03685     	0.06555     	0.03247     
2720        	10          	3.282       	0.02968     	0.0617      	0.03104     
2725        	10          	3.288       	0.03471     	0.05943     	0.02886     
2730        	10          	3.247       	0.03064     	0.0651      	0.02855     
2735        	10          	3.245       	0.02669     	0.05988     	0.02479     
2740        	10          	3.25        	0.03273     	0.06414     	0.03234     
2745        	10          	3.265       	0.03323     	0.07015     	0.0297      
2750        	10          	3.277       	0.03644     	0.06453     	0.02614     
2755        	10          	3.3         	0.02893     	0.05753     	0.02741     
2760        	10          	3.305       	0.03142     	0.06493     	0.02569     
2765        	10          	3.292       	0.03427     	0.06285     	0.02562     
2770        	10          	3.303       	0.03202     	0.05797     	0.02453     
2775        	10          	3.24        	0.0288      	0.0607      	0.02322     
2780        	10          	3.248       	0.03169     	0.05925     	0.02476     
2785        	10          	3.202       	0.02365     	0.05611     	0.02111     
2790        	10          	3.213       	0.031       	0.05557     	0.02121     
2795        	10          	3.235       	0.02463     	0.05328     	0.03246     
2800        	10          	3.21        	0.02694     	0.06343     	0.03401     
2805        	10          	3.198       	0.0288      	0.0605      	0.03479     
2810        	10          	3.183       	0.02138     	0.05937     	0.02629     
2815        	10          	3.193       	0.03252     	0.06762     	0.03685     
2820        	10          	3.23        	0.03228     	0.05599     	0.02146     
2825        	10          	3.193       	0.02939     	0.05661     	0.02193     
2830        	10          	3.183       	0.03262     	0.05755     	0.02852     
2835        	10          	3.178       	0.02812     	0.05231     	0.02114     
2840        	10          	3.185       	0.02712     	0.05476     	0.02365     
2845        	10          	3.187       	0.03132     	0.05394     	0.02449     
2850        	10          	3.197       	0.03237     	0.05645     	0.02875     
2855        	10          	3.175       	0.03359     	0.05431     	0.02876     
2860        	10          	3.205       	0.03204     	0.05537     	0.0241      
2865        	10          	3.223       	0.03144     	0.05338     	0.02963     
2870        	10          	3.213       	0.02952     	0.05496     	0.02559     
2875        	10          	3.248       	0.03673     	0.0538      	0.02844     
2880        	10          	3.238       	0.02995     	0.04638     	0.03342     
2885        	10          	3.217       	0.02704     	0.0464      	0.02329     
2890        	10          	3.195       	0.02368     	0.05095     	0.02795     
2895        	10          	3.187       	0.0263      	0.05466     	0.02782     
2900        	10          	3.217       	0.03132     	0.04884     	0.02581     
2905        	10          	3.192       	0.03116     	0.04741     	0.02762     
2910        	10          	3.205       	0.02324     	0.05232     	0.02423     
2915        	10          	3.187       	0.02401     	0.04755     	0.02644     
2920        	10          	3.187       	0.03147     	0.06023     	0.02857     
2925        	10          	3.2         	0.02943     	0.05631     	0.02097     
2930        	10          	3.215       	0.02813     	0.05696     	0.02588     
2935        	10          	3.242       	0.02734     	0.06126     	0.03153     
2940        	10          	3.228       	0.0262      	0.05732     	0.03616     
2945        	10          	3.18        	0.02939     	0.05491     	0.02757     
2950        	10          	3.175       	0.02391     	0.05085     	0.02521     
2955        	10          	3.195       	0.0288      	0.04741     	0.02618     
2960        	10          	3.198       	0.03132     	0.05052     	0.02523     
2965        	10          	3.19        	0.02993     	0.0491      	0.02891     
2970        	10          	3.19        	0.02609     	0.05621     	0.02926     
2975        	10          	3.183       	0.03171     	0.04955     	0.02653     
2980        	10          	3.162       	0.03204     	0.0518      	0.02607     
2985        	10          	3.182       	0.02839     	0.04965     	0.0232      
2990        	10          	3.187       	0.02739     	0.05282     	0.02185     
2995        	10          	3.197       	0.02516     	0.04827     	0.02372     
3000        	10          	3.155       	0.02473     	0.05243     	0.02612     
3005        	10          	3.202       	0.02752     	0.05822     	0.03125     
3010        	10          	3.217       	0.02677     	0.04786     	0.02676     
3015        	10          	3.205       	0.02357     	0.05083     	0.02998     
3020        	10          	3.205       	0.02476     	0.04471     	0.02535     
3025        	10          	3.21        	0.02058     	0.04504     	0.03125     
3030        	10          	3.235       	0.02677     	0.05588     	0.02815     
3035        	10          	3.213       	0.02438     	0.05928     	0.02798     
3040        	10          	3.202       	0.02872     	0.06517     	0.03054     
3045        	10          	3.207       	0.0299      	0.06131     	0.02603     
3050        	10          	3.185       	0.03213     	0.06007     	0.03039     
3055        	10          	3.178       	0.02837     	0.06103     	0.03232     
3060        	10          	3.217       	0.03855     	0.07317     	0.02929     
3065        	10          	3.195       	0.02923     	0.05642     	0.02362     
3070        	10          	3.188       	0.03342     	0.05826     	0.02634     
3075        	10          	3.175       	0.03306     	0.05229     	0.03215     
3080        	10          	3.195       	0.02859     	0.0542      	0.02669     
3085        	10          	3.223       	0.0254      	0.05387     	0.03346     
3090        	10          	3.232       	0.03038     	0.06148     	0.03478     
3095        	10          	3.218       	0.02813     	0.06087     	0.03072     
3100        	10          	3.208       	0.02609     	0.04858     	0.02518     
3105        	10          	3.222       	0.02607     	0.05752     	0.03259     
3110        	10          	3.155       	0.02573     	0.0576      	0.03206     
3115        	10          	3.198       	0.02875     	0.0631      	0.03166     
3120        	10          	3.182       	0.03437     	0.05803     	0.0259      
3125        	10          	3.152       	0.03097     	0.05577     	0.02868     
3130        	10          	3.202       	0.02827     	0.06066     	0.02467     
3135        	10          	3.188       	0.02988     	0.05987     	0.02749     
3140        	10          	3.17        	0.02836     	0.05057     	0.02268     
3145        	10          	3.155       	0.02768     	0.05287     	0.03186     
3150        	10          	3.168       	0.03263     	0.05902     	0.0245      
3155        	10          	3.168       	0.03012     	0.05726     	0.02656     
3160        	10          	3.175       	0.0321      	0.05646     	0.02874     
3165        	10          	3.172       	0.02893     	0.05798     	0.02251     
3170        	10          	3.177       	0.03919     	0.05441     	0.0257      
3175        	10          	3.202       	0.0269      	0.0571      	0.02732     
3180        	10          	3.205       	0.03008     	0.05708     	0.02112     
3185        	10          	3.203       	0.03322     	0.06007     	0.031       
3190        	10          	3.185       	0.03467     	0.05907     	0.03192     
3195        	10          	3.155       	0.0297      	0.06224     	0.03075     
3200        	10          	3.163       	0.02982     	0.05948     	0.02285     
3205        	10          	3.167       	0.0345      	0.06537     	0.02718     
3210        	10          	3.177       	0.02723     	0.06103     	0.02822     
3215        	10          	3.193       	0.02799     	0.05611     	0.02892     
3220        	10          	3.108       	0.02509     	0.05819     	0.0304      
3225        	10          	3.14        	0.03043     	0.05732     	0.02978     
3230        	10          	3.155       	0.02583     	0.05806     	0.02474     
3235        	10          	3.135       	0.02159     	0.05365     	0.03006     
3240        	10          	3.16        	0.03239     	0.05668     	0.03125     
3245        	10          	3.115       	0.02577     	0.05244     	0.02907     
3250        	10          	3.115       	0.03179     	0.05343     	0.03094     
3255        	10          	3.115       	0.03206     	0.05738     	0.03107     
3260        	10          	3.13        	0.03593     	0.05217     	0.0216      
3265        	10          	3.122       	0.03724     	0.05972     	0.03029     
3270        	10          	3.127       	0.03145     	0.05933     	0.0258      
3275        	10          	3.135       	0.03308     	0.054       	0.02413     
3280        	10          	3.137       	0.03148     	0.05059     	0.02589     
3285        	10          	3.103       	0.0311      	0.06081     	0.02803     
3290        	10          	3.077       	0.02539     	0.05388     	0.02572     
3295        	10          	3.13        	0.02468     	0.04852     	0.02802     
3300        	10          	3.125       	0.02505     	0.05453     	0.03258     
3305        	10          	3.118       	0.0267      	0.05772     	0.02949     
3310        	10          	3.112       	0.02447     	0.05952     	0.03831     
3315        	10          	3.093       	0.02936     	0.06069     	0.03345     
3320        	10          	3.075       	0.02528     	0.06318     	0.03477     
3325        	10          	3.063       	0.02635     	0.06194     	0.03226     
3330        	10          	3.105       	0.02775     	0.06402     	0.0325      
3335        	10          	3.077       	0.03005     	0.05989     	0.03347     
3340        	10          	3.118       	0.02493     	0.05916     	0.02889     
3345        	10          	3.098       	0.02913     	0.05617     	0.02877     
3350        	10          	3.075       	0.03017     	0.05952     	0.02315     
3355        	10          	3.06        	0.02504     	0.05788     	0.02723     
3360        	10          	3.057       	0.03438     	0.06641     	0.0298      
3365        	10          	3.082       	0.03089     	0.05617     	0.02295     
3370        	10          	3.088       	0.03204     	0.06244     	0.02775     
3375        	10          	3.105       	0.02854     	0.05485     	0.03088     
3380        	10          	3.088       	0.02795     	0.0663      	0.03405     
3385        	10          	3.097       	0.03682     	0.06201     	0.03257     
3390        	10          	3.105       	0.03281     	0.06674     	0.03364     
3395        	10          	3.108       	0.02633     	0.0612      	0.03083     
3400        	10          	3.085       	0.02784     	0.05358     	0.02766     
3405        	10          	3.105       	0.03143     	0.05488     	0.02602     
3410        	10          	3.063       	0.0335      	0.0594      	0.02466     
3415        	10          	3.06        	0.0335      	0.06081     	0.0262      
3420        	10          	3.028       	0.03548     	0.06061     	0.02396     
3425        	10          	3.068       	0.0317      	0.06422     	0.02785     
3430        	10          	3.06        	0.0297      	0.06008     	0.02654     
3435        	10          	3.048       	0.02937     	0.05364     	0.0289      
3440        	10          	3.062       	0.02801     	0.054       	0.02882     
3445        	10          	3.055       	0.02        	0.05367     	0.02604     
3450        	10          	3.033       	0.02318     	0.05822     	0.02941     
3455        	10          	3.04        	0.03182     	0.05427     	0.03025     
3460        	10          	3.002       	0.01653     	0.04508     	0.03625     
3465        	10          	3.003       	0.0286      	0.05241     	0.03368     
3470        	10          	2.993       	0.02676     	0.05209     	0.02981     
3475        	10          	3.005       	0.03086     	0.05517     	0.02678     
3480        	10          	3.007       	0.02738     	0.05202     	0.02761     
3485        	10          	3.027       	0.02406     	0.05479     	0.03019     
3490        	10          	3.017       	0.03326     	0.05798     	0.03359     
3495        	10          	2.99        	0.02692     	0.05018     	0.03115     
3500        	10          	3.018       	0.02116     	0.04998     	0.02792     
3505        	10          	3.028       	0.02725     	0.05463     	0.03254     
3510        	10          	3           	0.03408     	0.05344     	0.03198     
3515        	10          	3.057       	0.02905     	0.04693     	0.02632     
3520        	10          	3.015       	0.03038     	0.05705     	0.0306      
3525        	10          	3.038       	0.02755     	0.05805     	0.03203     
3530        	10          	3.037       	0.0296      	0.04908     	0.0192      
3535        	10          	3.043       	0.02615     	0.05442     	0.02508     
3540        	10          	3.067       	0.03058     	0.05756     	0.02388     
3545        	10          	3.025       	0.02958     	0.05602     	0.02615     
3550        	10          	3.023       	0.02713     	0.05094     	0.02696     
3555        	10          	3           	0.02735     	0.05192     	0.02723     
3560        	10          	3.043       	0.02875     	0.05134     	0.02958     
3565        	10          	2.977       	0.02471     	0.06347     	0.03276     
3570        	10          	3.002       	0.02659     	0.06421     	0.02603     
3575        	10          	3.052       	0.0284      	0.05333     	0.02304     
3580        	10          	3.037       	0.02734     	0.0563      	0.02336     
3585        	10          	3.025       	0.0274      	0.0681      	0.03136     
3590        	10          	3.058       	0.03125     	0.06359     	0.0266      
3595        	10          	3.078       	0.02834     	0.06233     	0.03271     
3600        	10          	3.097       	0.02326     	0.06487     	0.03069     
3605        	10          	3.055       	0.02454     	0.06144     	0.02936     
3610        	10          	3.062       	0.01977     	0.05949     	0.03279     
3615        	10          	3.055       	0.03001     	0.06832     	0.02925     
3620        	10          	3.06        	0.02805     	0.06318     	0.03        
3625        	10          	3.063       	0.03823     	0.06482     	0.03271     
3630        	10          	3.083       	0.03785     	0.06952     	0.03195     
3635        	10          	3.087       	0.03539     	0.07824     	0.03436     
3640        	10          	3.09        	0.03515     	0.06892     	0.03213     
3645        	10          	3.08        	0.03578     	0.0683      	0.03397     
3650        	10          	3.053       	0.03349     	0.07269     	0.03715     
3655        	10          	3.027       	0.0382      	0.07493     	0.03287     
3660        	10          	3.05        	0.03236     	0.07147     	0.03778     
3665        	10          	3.06        	0.0322      	0.06949     	0.03294     
3670        	10          	3.055       	0.03754     	0.06416     	0.03029     
3675        	10          	3.043       	0.03313     	0.06606     	0.03262     
3680        	10          	3.078       	0.03496     	0.06657     	0.03585     
3685        	10          	3.062       	0.0359      	0.06755     	0.02908     
3690        	10          	3.087       	0.02927     	0.06166     	0.03009     
3695        	10          	3.085       	0.02376     	0.05935     	0.03082     
3700        	10          	3.08        	0.03097     	0.0608      	0.02462     
3705        	10          	3.07        	0.02832     	0.0573      	0.02781     
3710        	10          	3.045       	0.02824     	0.06332     	0.02634     
3715        	10          	3.055       	0.03109     	0.05895     	0.02755     
3720        	10          	3.067       	0.03194     	0.06028     	0.03329     
3725        	10          	3.072       	0.03452     	0.06097     	0.03372     
3730        	10          	3.075       	0.02877     	0.06558     	0.03888     
3735        	10          	3.082       	0.02907     	0.06861     	0.03093     
3740        	10          	3.105       	0.02973     	0.06074     	0.03108     
3745        	10          	3.072       	0.02921     	0.05374     	0.03069     
3750        	10          	3.1         	0.02879     	0.05427     	0.0326      
3755        	10          	3.09        	0.02658     	0.05619     	0.02776     
3760        	10          	3.077       	0.02149     	0.0586      	0.02848     
3765        	10          	3.093       	0.02851     	0.05516     	0.0289      
3770        	10          	3.105       	0.03143     	0.0625      	0.03006     
3775        	10          	3.102       	0.02907     	0.05635     	0.02546     
3780        	10          	3.103       	0.02336     	0.05639     	0.02863     
3785        	10          	3.112       	0.03005     	0.05969     	0.02979     
3790        	10          	3.145       	0.02504     	0.05268     	0.02392     
3795        	10          	3.125       	0.03214     	0.05054     	0.01968     
3800        	10          	3.125       	0.02867     	0.04707     	0.02126     
3805        	10          	3.128       	0.03418     	0.05487     	0.02957     
3810        	10          	3.107       	0.02885     	0.05291     	0.02956     
3815        	10          	3.122       	0.03139     	0.05442     	0.02696     
3820        	10          	3.1         	0.02815     	0.05273     	0.02764     
3825        	10          	3.128       	0.02434     	0.0467      	0.02877     
3830        	10          	3.108       	0.02125     	0.04948     	0.03513     
3835        	10          	3.097       	0.02256     	0.05014     	0.02823     
3840        	10          	3.103       	0.02636     	0.05645     	0.02891     
3845        	10          	3.062       	0.03163     	0.05619     	0.02645     
3850        	10          	3.08        	0.01924     	0.05428     	0.02699     
3855        	10          	3.047       	0.02589     	0.05688     	0.03098     
3860        	10          	3.087       	0.02381     	0.05304     	0.02656     
3865        	10          	3.125       	0.02635     	0.05015     	0.02654     
3870        	10          	3.072       	0.02376     	0.05133     	0.02398     
3875        	10          	3.058       	0.02372     	0.05108     	0.02588     
3880        	10          	3.07        	0.02376     	0.04784     	0.02855     
3885        	10          	3.078       	0.02488     	0.05357     	0.03445     
3890        	10          	3.04        	0.02425     	0.05197     	0.02875     
3895        	10          	3.042       	0.02678     	0.05068     	0.03725     
3900        	10          	3.083       	0.02636     	0.05555     	0.03055     
3905        	10          	3.105       	0.0232      	0.05175     	0.02467     
3910        	10          	3.113       	0.02564     	0.05949     	0.03147     
3915        	10          	3.108       	0.02638     	0.05067     	0.02811     
3920        	10          	3.11        	0.02374     	0.05002     	0.02725     
3925        	10          	3.112       	0.02564     	0.05307     	0.03011     
3930        	10          	3.073       	0.03069     	0.05686     	0.0302      
3935        	10          	3.083       	0.03397     	0.06403     	0.02456     
3940        	10          	3.053       	0.0215      	0.05693     	0.03355     
3945        	10          	3.087       	0.02858     	0.05804     	0.02638     
3950        	10          	3.043       	0.03073     	0.05909     	0.03047     
3955        	10          	3.043       	0.03405     	0.05716     	0.03365     
3960        	10          	3.043       	0.02899     	0.05594     	0.02784     
3965        	10          	3.057       	0.03031     	0.05135     	0.02225     
3970        	10          	3.093       	0.03817     	0.05856     	0.02011     
3975        	10          	3.107       	0.02336     	0.04668     	0.02038     
3980        	10          	3.098       	0.0278      	0.05915     	0.03081     
3985        	10          	3.095       	0.02818     	0.06316     	0.02758     
3990        	10          	3.057       	0.0288      	0.05632     	0.02734     
3995        	10          	3.098       	0.02785     	0.05212     	0.02732     
4000        	10          	3.045       	0.02625     	0.05612     	0.0337      
4005        	10          	3.065       	0.0289      	0.05567     	0.02861     
4010        	10          	3.028       	0.03191     	0.06363     	0.03118     
4015        	10          	3.057       	0.03163     	0.05472     	0.03302     
4020        	10          	3.083       	0.02592     	0.04995     	0.0327      
4025        	10          	3.093       	0.02763     	0.04831     	0.02815     
4030        	10          	3.083       	0.02789     	0.04648     	0.02598     
4035        	10          	3.04        	0.02978     	0.05886     	0.03505     
4040        	10          	3.03        	0.0312      	0.06316     	0.03386     
4045        	10          	3.07        	0.02278     	0.05511     	0.02655     
4050        	10          	3.008       	0.03187     	0.07303     	0.04797     
4055        	10          	3.02        	0.03114     	0.0742      	0.05598     
4060        	10          	2.988       	0.02544     	0.07422     	0.06653     
4065        	10          	2.983       	0.02665     	0.08025     	0.0784      
4070        	10          	2.977       	0.02198     	0.08802     	0.07859     
4075        	10          	2.95        	0.02127     	0.09651     	0.08858     
4080        	10          	2.94        	0.02509     	0.1168      	0.1095      
4085        	10          	2.92        	0.02368     	0.1179      	0.1192      
4090        	10          	2.925       	0.03266     	0.1213      	0.127       
4095        	10          	2.893       	0.03145     	0.1208      	0.1257      
4100        	10          	2.882       	0.02416     	0.1404      	0.1396      
4105        	10          	2.912       	0.02983     	0.1488      	0.148       
4110        	10          	2.89        	0.03066     	0.1484      	0.1557      
4115        	10          	2.917       	0.03056     	0.1637      	0.166       
4120        	10          	2.89        	0.02462     	0.1793      	0.1699      
4125        	10          	2.912       	0.02595     	0.1767      	0.175       
4130        	10          	2.907       	0.03229     	0.1839      	0.185       
4135        	10          	2.867       	0.02701     	0.1896      	0.1955      
4140        	10          	2.852       	0.02395     	0.1881      	0.1997      
4145        	10          	2.87        	0.02192     	0.1986      	0.2049      
4150        	10          	2.843       	0.0217      	0.2051      	0.2159      
4155        	10          	2.828       	0.02524     	0.221       	0.2264      
4160        	10          	2.848       	0.03025     	0.2162      	0.2296      
4165        	10          	2.825       	0.02508     	0.2277      	0.229       
4170        	10          	2.797       	0.02586     	0.2329      	0.2317      
4175        	10          	2.817       	0.02986     	0.2364      	0.2364      
4180        	10          	2.785       	0.03503     	0.2329      	0.2369      
4185        	10          	2.787       	0.0338      	0.2327      	0.2356      
4190        	10          	2.797       	0.03151     	0.2418      	0.2454      
4195        	10          	2.805       	0.02582     	0.2394      	0.2435      
4200        	10          	2.823       	0.02722     	0.245       	0.2492      
4205        	10          	2.765       	0.03071     	0.2513      	0.2507      
4210        	10          	2.763       	0.03207     	0.2511      	0.2495      
4215        	10          	2.758       	0.02808     	0.2535      	0.2571      
4220        	10          	2.797       	0.0334      	0.2471      	0.26        
4225        	10          	2.773       	0.02621     	0.2599      	0.2572      
4230        	10          	2.798       	0.02766     	0.2561      	0.2602      
4235        	10          	2.79        	0.02877     	0.2696      	0.2646      
4240        	10          	2.787       	0.02658     	0.2833      	0.2784      
4245        	10          	2.777       	0.03236     	0.289       	0.2796      
4250        	10          	2.768       	0.03551     	0.2894      	0.2982      
4255        	10          	2.808       	0.03374     	0.3099      	0.3081      
4260        	10          	2.748       	0.03093     	0.307       	0.3127      
4265        	10          	2.757       	0.03627     	0.3155      	0.322       
4270        	10          	2.73        	0.02949     	0.3226      	0.3301      
4275        	10          	2.77        	0.0331      	0.3297      	0.3346      
4280        	10          	2.782       	0.03821     	0.3272      	0.3333      
4285        	10          	2.777       	0.02551     	0.3218      	0.3288      
4290        	10          	2.785       	0.03504     	0.3288      	0.3472      
4295        	10          	2.775       	0.03106     	0.3372      	0.3396      
4300        	10          	2.763       	0.02346     	0.336       	0.351       
4305        	10          	2.738       	0.0379      	0.3422      	0.3443      
4310        	10          	2.74        	0.03215     	0.3458      	0.3511      
4315        	10          	2.735       	0.03259     	0.3453      	0.3479      
4320        	10          	2.76        	0.03206     	0.3522      	0.3425      
4325        	10          	2.728       	0.02597     	0.3515      	0.3424      
4330        	10          	2.755       	0.03757     	0.3479      	0.3516      
4335        	10          	2.738       	0.03446     	0.3487      	0.3432      
4340        	10          	2.733       	0.0334      	0.355       	0.3422      
4345        	10          	2.728       	0.03236     	0.3494      	0.337       
4350        	10          	2.788       	0.02844     	0.3469      	0.333       
4355        	10          	2.718       	0.03633     	0.3539      	0.3434      
4360        	10          	2.718       	0.02404     	0.3436      	0.3466      
4365        	10          	2.718       	0.03116     	0.3547      	0.3565      
4370        	10          	2.72        	0.02308     	0.3527      	0.3554      
4375        	10          	2.737       	0.02963     	0.3456      	0.3585      
4380        	10          	2.718       	0.03123     	0.3544      	0.3629      
4385        	10          	2.69        	0.03027     	0.3644      	0.3808      
4390        	10          	2.693       	0.03347     	0.3656      	0.3811      
4395        	10          	2.688       	0.03288     	0.3702      	0.3784      
4400        	10          	2.738       	0.02789     	0.374       	0.3756      
4405        	10          	2.71        	0.03229     	0.3776      	0.3781      
4410        	10          	2.688       	0.0282      	0.3788      	0.3774      
4415        	10          	2.673       	0.0254      	0.3755      	0.3805      
4420        	10          	2.688       	0.02552     	0.3751      	0.3859      
4425        	10          	2.705       	0.02715     	0.3761      	0.3845      
4430        	10          	2.698       	0.02555     	0.3887      	0.3939      
4435        	10          	2.672       	0.02319     	0.3976      	0.4129      
4440        	10          	2.67        	0.02493     	0.395       	0.404       
4445        	10          	2.67        	0.02889     	0.4016      	0.4059      
4450        	10          	2.658       	0.03866     	0.4093      	0.4089      
4455        	10          	2.63        	0.03643     	0.3974      	0.4073      
4460        	10          	2.615       	0.03161     	0.4068      	0.4176      
4465        	10          	2.617       	0.03243     	0.4096      	0.4199      
4470        	10          	2.658       	0.03213     	0.4081      	0.4056      
4475        	10          	2.62        	0.02969     	0.4178      	0.4182      
4480        	10          	2.647       	0.02862     	0.404       	0.4014      
4485        	10          	2.623       	0.02959     	0.4072      	0.4161      
4490        	10          	2.647       	0.03375     	0.4068      	0.4221      
4495        	10          	2.635       	0.02502     	0.4044      	0.4157      
4500        	10          	2.625       	0.02739     	0.4006      	0.4091      
4505        	10          	2.647       	0.02529     	0.4165      	0.4285      
4510        	10          	2.638       	0.02558     	0.4089      	0.4098      
4515        	10          	2.632       	0.03186     	0.4015      	0.4103      
4520        	10          	2.645       	0.03481     	0.4062      	0.4181      
4525        	10          	2.64        	0.02418     	0.4113      	0.4236      
4530        	10          	2.678       	0.0251      	0.4162      	0.4269      
4535        	10          	2.637       	0.02372     	0.4135      	0.4139      
4540        	10          	2.618       	0.02909     	0.4294      	0.4254      
4545        	10          	2.628       	0.03442     	0.4283      	0.422       
4550        	10          	2.667       	0.03023     	0.4244      	0.4265      
4555        	10          	2.638       	0.02831     	0.4341      	0.432       
4560        	10          	2.6         	0.03028     	0.4366      	0.4334      
4565        	10          	2.635       	0.02302     	0.4328      	0.4342      
4570        	10          	2.657       	0.02766     	0.4327      	0.4397      
4575        	10          	2.657       	0.03033     	0.442       	0.4355      
4580        	10          	2.658       	0.03708     	0.4282      	0.417       
4585        	10          	2.625       	0.03001     	0.441       	0.4294      
4590        	10          	2.623       	0.03038     	0.4297      	0.4209      
4595        	10          	2.625       	0.02987     	0.439       	0.4277      
4600        	10          	2.61        	0.02943     	0.4371      	0.4302      
4605        	10          	2.58        	0.03614     	0.4358      	0.4369      
4610        	10          	2.567       	0.03222     	0.445       	0.4439      
4615        	10          	2.587       	0.02668     	0.4414      	0.4348      
4620        	10          	2.587       	0.03345     	0.451       	0.4476      
4625        	10          	2.572       	0.03358     	0.4394      	0.444       
4630        	10          	2.602       	0.0295      	0.4633      	0.4578      
4635        	10          	2.578       	0.02059     	0.4429      	0.4483      
4640        	10          	2.608       	0.02563     	0.4524      	0.4478      
4645        	10          	2.598       	0.03039     	0.4601      	0.4516      
4650        	10          	2.583       	0.02584     	0.4481      	0.4587      
4655        	10          	2.605       	0.02537     	0.4605      	0.4523      
4660        	10          	2.58        	0.0294      	0.4494      	0.4477      
4665        	10          	2.613       	0.0228      	0.4546      	0.4475      
4670        	10          	2.597       	0.02298     	0.4422      	0.4457      
4675        	10          	2.623       	0.02473     	0.4433      	0.4457      
4680        	10          	2.61        	0.02193     	0.4431      	0.4391      
4685        	10          	2.612       	0.02547     	0.4515      	0.4353      
4690        	10          	2.655       	0.03177     	0.45        	0.4312      
4695        	10          	2.655       	0.02743     	0.4415      	0.4202      
4700        	10          	2.608       	0.02547     	0.452       	0.4356      
4705        	10          	2.575       	0.0255      	0.4538      	0.4443      
4710        	10          	2.593       	0.03736     	0.4497      	0.4398      
4715        	10          	2.595       	0.03251     	0.4575      	0.4477      
4720        	10          	2.605       	0.02889     	0.4499      	0.4419      
4725        	10          	2.588       	0.03342     	0.4554      	0.4468      
4730        	10          	2.625       	0.02969     	0.4493      	0.4439      
4735        	10          	2.625       	0.02974     	0.4462      	0.4491      
4740        	10          	2.623       	0.02701     	0.4558      	0.4565      
4745        	10          	2.635       	0.02714     	0.4693      	0.4676      
4750        	10          	2.592       	0.02761     	0.4621      	0.4702      
4755        	10          	2.597       	0.02565     	0.4629      	0.4668      
4760        	10          	2.613       	0.02485     	0.4699      	0.4663      
4765        	10          	2.605       	0.04035     	0.4521      	0.4695      
4770        	10          	2.62        	0.03357     	0.4505      	0.4627      
4775        	10          	2.623       	0.02777     	0.4591      	0.4664      
4780        	10          	2.622       	0.0332      	0.4611      	0.4692      
4785        	10          	2.617       	0.03675     	0.4673      	0.4721      
4790        	10          	2.595       	0.03346     	0.4622      	0.4645      
4795        	10          	2.597       	0.03848     	0.4588      	0.4628      
4800        	10          	2.583       	0.03248     	0.4509      	0.4581      
4805        	10          	2.615       	0.02576     	0.4553      	0.4634      
4810        	10          	2.605       	0.03216     	0.4607      	0.4647      
4815        	10          	2.618       	0.02997     	0.4683      	0.464       
4820        	10          	2.622       	0.02796     	0.4687      	0.462       
4825        	10          	2.642       	0.02905     	0.4581      	0.4584      
4830        	10          	2.602       	0.02516     	0.463       	0.4571      
4835        	10          	2.613       	0.03028     	0.4702      	0.4645      
4840        	10          	2.61        	0.03106     	0.4754      	0.473       
4845        	10          	2.612       	0.03262     	0.4792      	0.4713      
4850        	10          	2.592       	0.02603     	0.4801      	0.4736      
4855        	10          	2.615       	0.02881     	0.4777      	0.4759      
4860        	10          	2.61        	0.02656     	0.4774      	0.4901      
4865        	10          	2.597       	0.03676     	0.4776      	0.4845      
4870        	10          	2.588       	0.03209     	0.4795      	0.4829      
4875        	10          	2.612       	0.02753     	0.4747      	0.4874      
4880        	10          	2.588       	0.0331      	0.4807      	0.4772      
4885        	10          	2.597       	0.0297      	0.4894      	0.4891      
4890        	10          	2.592       	0.02914     	0.4844      	0.4911      
4895        	10          	2.595       	0.02548     	0.4824      	0.4876      
4900        	10          	2.567       	0.02944     	0.4826      	0.4867      
4905        	10          	2.597       	0.03182     	0.4829      	0.4901      
4910        	10          	2.568       	0.02706     	0.4872      	0.493       
4915        	10          	2.525       	0.02185     	0.4993      	0.4992      
4920        	10          	2.542       	0.032       	0.495       	0.4915      
4925        	10          	2.537       	0.02922     	0.5028      	0.5005      
4930        	10          	2.538       	0.02919     	0.5017      	0.5078      
4935        	10          	2.498       	0.02792     	0.5018      	0.5005      
4940        	10          	2.517       	0.02072     	0.503       	0.4996      
4945        	10          	2.535       	0.02464     	0.4983      	0.4997      
4950        	10          	2.555       	0.02592     	0.4975      	0.4991      
4955        	10          	2.54        	0.02305     	0.4995      	0.5071      
4960        	10          	2.507       	0.02162     	0.5054      	0.5207      
4965        	10          	2.552       	0.0276      	0.5137      	0.5091      
4970        	10          	2.508       	0.02547     	0.5176      	0.5133      
4975        	10          	2.517       	0.02646     	0.5124      	0.5144      
4980        	10          	2.518       	0.02569     	0.5175      	0.5122      
4985        	10          	2.533       	0.02232     	0.5125      	0.5034      
4990        	10          	2.528       	0.02669     	0.504       	0.5037      
4995        	10          	2.533       	0.02672     	0.5123      	0.507       
5000        	10          	2.55        	0.03009     	0.5045      	0.5161      
