generation  	alive.rpl   	n.adlt.rs   	n.adlt.fst.wc_p1-2	n.adlt.fst.wc_p1-3	n.adlt.fst.wc_p2-3
5           	10          	18.26       	0.008403    	0.009338    	0.006596    
10          	10          	17.38       	0.01481     	0.01955     	0.01437     
15          	10          	16.53       	0.01853     	0.02674     	0.0183      
20          	10          	15.91       	0.02161     	0.03228     	0.02168     
25          	10          	15.36       	0.02211     	0.03761     	0.02342     
30          	10          	14.68       	0.02537     	0.04383     	0.02861     
35          	10          	14.39       	0.02703     	0.04456     	0.0254      
40          	10          	13.95       	0.02731     	0.04861     	0.02844     
45          	10          	13.78       	0.02715     	0.04855     	0.0269      
50          	10          	13.48       	0.02881     	0.04777     	0.02125     
55          	10          	13.12       	0.03046     	0.05123     	0.02679     
60          	10          	12.93       	0.02653     	0.0522      	0.0274      
65          	10          	12.47       	0.02866     	0.05391     	0.02682     
70          	10          	12.14       	0.02854     	0.05387     	0.03086     
75          	10          	11.91       	0.02907     	0.05519     	0.027       
80          	10          	11.68       	0.02866     	0.05194     	0.02784     
85          	10          	11.35       	0.02868     	0.05315     	0.02731     
90          	10          	11.26       	0.02628     	0.05352     	0.027       
95          	10          	10.93       	0.03145     	0.05714     	0.02758     
100         	10          	10.75       	0.031       	0.05559     	0.02963     
105         	10          	10.63       	0.02576     	0.05393     	0.02669     
110         	10          	10.43       	0.02743     	0.05082     	0.02408     
115         	10          	10.31       	0.0291      	0.05157     	0.02436     
120         	10          	10.11       	0.03033     	0.05622     	0.02857     
125         	10          	9.988       	0.03207     	0.05379     	0.02754     
130         	10          	9.817       	0.02983     	0.05492     	0.02666     
135         	10          	9.745       	0.02842     	0.0528      	0.02346     
140         	10          	9.6         	0.02987     	0.05662     	0.0266      
145         	10          	9.475       	0.0285      	0.05527     	0.02721     
150         	10          	9.327       	0.03044     	0.06102     	0.03042     
155         	10          	9.18        	0.02782     	0.05914     	0.02589     
160         	10          	9.027       	0.02931     	0.06294     	0.03143     
165         	10          	8.997       	0.02566     	0.05678     	0.0277      
170         	10          	8.79        	0.02987     	0.05686     	0.02853     
175         	10          	8.643       	0.03076     	0.05726     	0.03073     
180         	10          	8.593       	0.0259      	0.05822     	0.03076     
185         	10          	8.435       	0.02569     	0.05558     	0.02698     
190         	10          	8.383       	0.02566     	0.05611     	0.03123     
195         	10          	8.317       	0.02896     	0.05267     	0.02974     
200         	10          	8.308       	0.02846     	0.05624     	0.02716     
205         	10          	8.088       	0.02809     	0.06065     	0.02725     
210         	10          	7.975       	0.0295      	0.05979     	0.03016     
215         	10          	8.013       	0.03119     	0.05947     	0.02835     
220         	10          	7.795       	0.02539     	0.05644     	0.02586     
225         	10          	7.755       	0.02968     	0.06236     	0.03375     
230         	10          	7.668       	0.03242     	0.06301     	0.02935     
235         	10          	7.603       	0.03758     	0.06643     	0.02778     
240         	10          	7.478       	0.03423     	0.06969     	0.02968     
245         	10          	7.438       	0.02992     	0.06666     	0.03114     
250         	10          	7.355       	0.03439     	0.06576     	0.03076     
255         	10          	7.253       	0.03436     	0.06786     	0.03133     
260         	10          	7.107       	0.03001     	0.06513     	0.0306      
265         	10          	7.027       	0.03161     	0.0655      	0.03434     
270         	10          	7.048       	0.03194     	0.07181     	0.03284     
275         	10          	7.053       	0.03113     	0.06575     	0.03047     
280         	10          	6.918       	0.03067     	0.06637     	0.03562     
285         	10          	6.892       	0.03393     	0.06748     	0.03162     
290         	10          	6.83        	0.02879     	0.06208     	0.03058     
295         	10          	6.802       	0.02899     	0.0584      	0.02885     
300         	10          	6.723       	0.02968     	0.06154     	0.03076     
305         	10          	6.66        	0.02705     	0.05205     	0.02619     
310         	10          	6.653       	0.0295      	0.05376     	0.02708     
315         	10          	6.57        	0.02589     	0.05154     	0.02393     
320         	10          	6.525       	0.02573     	0.05555     	0.02937     
325         	10          	6.5         	0.02707     	0.05663     	0.03136     
330         	10          	6.465       	0.02802     	0.05322     	0.03455     
335         	10          	6.493       	0.02472     	0.05333     	0.03257     
340         	10          	6.393       	0.02525     	0.05161     	0.0298      
345         	10          	6.41        	0.02702     	0.05345     	0.02999     
350         	10          	6.355       	0.02259     	0.05619     	0.02878     
355         	10          	6.335       	0.02801     	0.05686     	0.03411     
360         	10          	6.232       	0.02736     	0.05854     	0.03384     
365         	10          	6.185       	0.02699     	0.05709     	0.03028     
370         	10          	6.167       	0.02983     	0.05659     	0.02802     
375         	10          	6.095       	0.02848     	0.05208     	0.02866     
380         	10          	6.062       	0.03099     	0.0567      	0.02898     
385         	10          	6.077       	0.03167     	0.05959     	0.02737     
390         	10          	5.942       	0.02948     	0.05715     	0.02402     
395         	10          	5.93        	0.03144     	0.06021     	0.02523     
400         	10          	5.902       	0.03381     	0.05844     	0.03131     
405         	10          	5.903       	0.02737     	0.05706     	0.03117     
410         	10          	5.873       	0.02946     	0.06093     	0.03145     
415         	10          	5.898       	0.03075     	0.06065     	0.02878     
420         	10          	5.835       	0.02792     	0.0556      	0.02945     
425         	10          	5.813       	0.02402     	0.05528     	0.02849     
430         	10          	5.808       	0.02593     	0.05687     	0.03282     
435         	10          	5.8         	0.03043     	0.06213     	0.03352     
440         	10          	5.795       	0.03293     	0.05983     	0.03246     
445         	10          	5.767       	0.02978     	0.05846     	0.03388     
450         	10          	5.733       	0.02988     	0.05559     	0.0264      
455         	10          	5.718       	0.02407     	0.05498     	0.02894     
460         	10          	5.7         	0.02376     	0.05072     	0.02936     
465         	10          	5.707       	0.02288     	0.04852     	0.02333     
470         	10          	5.655       	0.02586     	0.05637     	0.03039     
475         	10          	5.638       	0.02629     	0.05423     	0.02705     
480         	10          	5.647       	0.02691     	0.05712     	0.02945     
485         	10          	5.605       	0.02788     	0.0589      	0.0328      
490         	10          	5.597       	0.02792     	0.05741     	0.03202     
495         	10          	5.488       	0.02605     	0.05436     	0.02896     
500         	10          	5.505       	0.02637     	0.05075     	0.02959     
505         	10          	5.5         	0.02731     	0.05458     	0.02482     
510         	10          	5.492       	0.02817     	0.05207     	0.02508     
515         	10          	5.375       	0.03194     	0.05732     	0.02945     
520         	10          	5.408       	0.0299      	0.05142     	0.02821     
525         	10          	5.372       	0.0314      	0.05685     	0.02644     
530         	10          	5.303       	0.02808     	0.05577     	0.02579     
535         	10          	5.235       	0.03311     	0.05925     	0.03133     
540         	10          	5.257       	0.02861     	0.05801     	0.02598     
545         	10          	5.247       	0.02908     	0.06136     	0.02804     
550         	10          	5.197       	0.02676     	0.05412     	0.03209     
555         	10          	5.19        	0.03121     	0.05871     	0.0276      
560         	10          	5.235       	0.03038     	0.05321     	0.02653     
565         	10          	5.197       	0.03285     	0.05805     	0.03316     
570         	10          	5.142       	0.02986     	0.05705     	0.02353     
575         	10          	5.157       	0.03048     	0.05695     	0.02612     
580         	10          	5.153       	0.03336     	0.05746     	0.02966     
585         	10          	5.142       	0.03029     	0.05652     	0.02756     
590         	10          	5.122       	0.03505     	0.055       	0.0266      
595         	10          	5.162       	0.0326      	0.05134     	0.03164     
600         	10          	5.185       	0.03142     	0.05438     	0.02449     
605         	10          	5.148       	0.02454     	0.04587     	0.02795     
610         	10          	5.09        	0.02398     	0.04892     	0.02654     
615         	10          	5.088       	0.02553     	0.04774     	0.02855     
620         	10          	5.112       	0.02691     	0.05448     	0.02881     
625         	10          	5.067       	0.02622     	0.05249     	0.03122     
630         	10          	5.108       	0.02842     	0.0483      	0.02808     
635         	10          	5.032       	0.02567     	0.051       	0.0275      
640         	10          	5.05        	0.02567     	0.04765     	0.02352     
645         	10          	5.053       	0.02886     	0.05447     	0.02614     
650         	10          	5.038       	0.02601     	0.05547     	0.024       
655         	10          	4.95        	0.02581     	0.05659     	0.02533     
660         	10          	4.918       	0.03086     	0.06374     	0.02669     
665         	10          	4.98        	0.02741     	0.05748     	0.02785     
670         	10          	4.953       	0.02738     	0.05588     	0.02768     
675         	10          	4.935       	0.02712     	0.06287     	0.03483     
680         	10          	4.93        	0.02699     	0.06258     	0.03484     
685         	10          	4.933       	0.02535     	0.06264     	0.03192     
690         	10          	4.898       	0.03165     	0.06786     	0.02934     
695         	10          	4.9         	0.02971     	0.06215     	0.02781     
700         	10          	4.872       	0.02882     	0.05869     	0.03286     
705         	10          	4.833       	0.03023     	0.05599     	0.03226     
710         	10          	4.84        	0.03346     	0.06637     	0.03256     
715         	10          	4.877       	0.0311      	0.05779     	0.02603     
720         	10          	4.813       	0.03516     	0.06286     	0.02982     
725         	10          	4.768       	0.03101     	0.05851     	0.0301      
730         	10          	4.808       	0.0319      	0.05371     	0.03166     
735         	10          	4.768       	0.03722     	0.06013     	0.03242     
740         	10          	4.76        	0.02999     	0.05963     	0.02745     
745         	10          	4.703       	0.02946     	0.05994     	0.02825     
750         	10          	4.682       	0.03621     	0.06725     	0.03178     
755         	10          	4.702       	0.02828     	0.05768     	0.027       
760         	10          	4.705       	0.02762     	0.05753     	0.03035     
765         	10          	4.692       	0.0289      	0.06436     	0.03045     
770         	10          	4.662       	0.0289      	0.06842     	0.03412     
775         	10          	4.628       	0.03367     	0.0653      	0.03455     
780         	10          	4.612       	0.02704     	0.06191     	0.03412     
785         	10          	4.615       	0.02854     	0.05989     	0.03248     
790         	10          	4.595       	0.0283      	0.06471     	0.03232     
795         	10          	4.533       	0.03089     	0.06942     	0.0301      
800         	10          	4.553       	0.0316      	0.0679      	0.03131     
805         	10          	4.518       	0.02758     	0.06594     	0.03288     
810         	10          	4.553       	0.0314      	0.05868     	0.0309      
815         	10          	4.528       	0.0298      	0.05935     	0.0265      
820         	10          	4.537       	0.03152     	0.05486     	0.02764     
825         	10          	4.518       	0.0288      	0.06448     	0.03279     
830         	10          	4.51        	0.03094     	0.06615     	0.02751     
835         	10          	4.535       	0.02877     	0.05478     	0.02961     
840         	10          	4.512       	0.03261     	0.06506     	0.03167     
845         	10          	4.503       	0.03716     	0.06636     	0.03177     
850         	10          	4.518       	0.03088     	0.06465     	0.02768     
855         	10          	4.492       	0.03502     	0.07159     	0.0338      
860         	10          	4.483       	0.03346     	0.06331     	0.03276     
865         	10          	4.427       	0.03268     	0.06335     	0.03068     
870         	10          	4.407       	0.03125     	0.05894     	0.03015     
875         	10          	4.418       	0.02685     	0.06183     	0.03178     
880         	10          	4.37        	0.03073     	0.06219     	0.03423     
885         	10          	4.355       	0.03214     	0.05854     	0.03188     
890         	10          	4.317       	0.02476     	0.06255     	0.028       
895         	10          	4.323       	0.029       	0.05786     	0.02509     
900         	10          	4.303       	0.03155     	0.05861     	0.028       
905         	10          	4.307       	0.02936     	0.05467     	0.02969     
910         	10          	4.295       	0.02849     	0.05904     	0.02864     
915         	10          	4.292       	0.03011     	0.06068     	0.02711     
920         	10          	4.303       	0.03184     	0.05618     	0.02537     
925         	10          	4.258       	0.02498     	0.04904     	0.02756     
930         	10          	4.213       	0.03101     	0.05515     	0.02677     
935         	10          	4.193       	0.02741     	0.05648     	0.0323      
940         	10          	4.218       	0.02352     	0.05563     	0.02833     
945         	10          	4.238       	0.02781     	0.05172     	0.0268      
950         	10          	4.255       	0.02834     	0.0494      	0.02279     
955         	10          	4.253       	0.02344     	0.04926     	0.02608     
960         	10          	4.178       	0.02308     	0.05276     	0.02632     
965         	10          	4.22        	0.02686     	0.04888     	0.02505     
970         	10          	4.225       	0.03378     	0.0551      	0.02562     
975         	10          	4.248       	0.02606     	0.05177     	0.02542     
980         	10          	4.215       	0.02494     	0.05809     	0.03649     
985         	10          	4.187       	0.02774     	0.05761     	0.0268      
990         	10          	4.173       	0.0329      	0.06646     	0.02911     
995         	10          	4.138       	0.03018     	0.06645     	0.03542     
1000        	10          	4.168       	0.0286      	0.05943     	0.03173     
1005        	10          	4.135       	0.02388     	0.05635     	0.02863     
1010        	10          	4.192       	0.02596     	0.05823     	0.02976     
1015        	10          	4.068       	0.02803     	0.05495     	0.02701     
1020        	10          	4.073       	0.02417     	0.05635     	0.03053     
1025        	10          	4.063       	0.02324     	0.0482      	0.0293      
1030        	10          	4.077       	0.02831     	0.05518     	0.02833     
1035        	10          	3.995       	0.02974     	0.05621     	0.02371     
1040        	10          	4.015       	0.02833     	0.05405     	0.02711     
1045        	10          	4.03        	0.03463     	0.06205     	0.03404     
1050        	10          	4.012       	0.02652     	0.05723     	0.02694     
1055        	10          	4.023       	0.03037     	0.06176     	0.02986     
1060        	10          	4.02        	0.03094     	0.05605     	0.02659     
1065        	10          	3.977       	0.02888     	0.05648     	0.02564     
1070        	10          	3.985       	0.03044     	0.05725     	0.02899     
1075        	10          	3.973       	0.02915     	0.05705     	0.03276     
1080        	10          	3.993       	0.02569     	0.05378     	0.03091     
1085        	10          	3.983       	0.02966     	0.05539     	0.02653     
1090        	10          	4.053       	0.02861     	0.0553      	0.02891     
1095        	10          	3.993       	0.0293      	0.05627     	0.02877     
1100        	10          	3.96        	0.02367     	0.0585      	0.03101     
1105        	10          	3.925       	0.0334      	0.06795     	0.02882     
1110        	10          	3.913       	0.02671     	0.0595      	0.02453     
1115        	10          	3.902       	0.03217     	0.05457     	0.02364     
1120        	10          	3.967       	0.02899     	0.05242     	0.02883     
1125        	10          	3.975       	0.03524     	0.05347     	0.03046     
1130        	10          	3.962       	0.02454     	0.05814     	0.0272      
1135        	10          	3.94        	0.02783     	0.06022     	0.02578     
1140        	10          	3.93        	0.02519     	0.05691     	0.02839     
1145        	10          	3.948       	0.03305     	0.06502     	0.02696     
1150        	10          	3.932       	0.02919     	0.05499     	0.02494     
1155        	10          	3.957       	0.02542     	0.06199     	0.02573     
1160        	10          	3.958       	0.03216     	0.06642     	0.02693     
1165        	10          	3.953       	0.02464     	0.06091     	0.02945     
1170        	10          	3.887       	0.027       	0.06438     	0.02816     
1175        	10          	3.903       	0.02775     	0.04811     	0.0297      
1180        	10          	3.95        	0.02644     	0.05201     	0.02983     
1185        	10          	3.918       	0.02707     	0.05625     	0.03029     
1190        	10          	3.925       	0.03107     	0.05858     	0.02913     
1195        	10          	3.922       	0.03171     	0.06427     	0.02531     
1200        	10          	3.9         	0.03003     	0.05412     	0.02585     
1205        	10          	3.9         	0.02481     	0.06221     	0.02801     
1210        	10          	3.862       	0.0285      	0.05537     	0.02608     
1215        	10          	3.847       	0.02534     	0.05248     	0.02708     
1220        	10          	3.848       	0.02889     	0.05138     	0.02809     
1225        	10          	3.863       	0.03021     	0.05879     	0.02837     
1230        	10          	3.81        	0.03471     	0.05782     	0.03026     
1235        	10          	3.845       	0.02548     	0.06557     	0.02952     
1240        	10          	3.827       	0.03061     	0.06055     	0.02844     
1245        	10          	3.818       	0.02982     	0.06144     	0.02954     
1250        	10          	3.822       	0.02812     	0.06249     	0.03764     
1255        	10          	3.795       	0.03153     	0.06412     	0.0302      
1260        	10          	3.787       	0.02999     	0.06138     	0.03063     
1265        	10          	3.812       	0.0288      	0.05463     	0.03205     
1270        	10          	3.783       	0.02875     	0.06023     	0.03        
1275        	10          	3.815       	0.03304     	0.05947     	0.02887     
1280        	10          	3.753       	0.0324      	0.05872     	0.03778     
1285        	10          	3.73        	0.03042     	0.05482     	0.02427     
1290        	10          	3.763       	0.03029     	0.0612      	0.02932     
1295        	10          	3.753       	0.03162     	0.05742     	0.02516     
1300        	10          	3.758       	0.03071     	0.04965     	0.02145     
1305        	10          	3.797       	0.03193     	0.06355     	0.02532     
1310        	10          	3.73        	0.03905     	0.07157     	0.03126     
1315        	10          	3.802       	0.02678     	0.05955     	0.02844     
1320        	10          	3.772       	0.03354     	0.05897     	0.03055     
1325        	10          	3.758       	0.02133     	0.05365     	0.02738     
1330        	10          	3.803       	0.02712     	0.04966     	0.02708     
1335        	10          	3.808       	0.03467     	0.06372     	0.03173     
1340        	10          	3.755       	0.02997     	0.06149     	0.02856     
1345        	10          	3.787       	0.02829     	0.05659     	0.0287      
1350        	10          	3.738       	0.03157     	0.07003     	0.02375     
1355        	10          	3.773       	0.02588     	0.06711     	0.03246     
1360        	10          	3.785       	0.02818     	0.06019     	0.02591     
1365        	10          	3.745       	0.03523     	0.06079     	0.02797     
1370        	10          	3.708       	0.02919     	0.06239     	0.03025     
1375        	10          	3.708       	0.02872     	0.05836     	0.03001     
1380        	10          	3.727       	0.02673     	0.05806     	0.02915     
1385        	10          	3.738       	0.02544     	0.05777     	0.02859     
1390        	10          	3.758       	0.02754     	0.04999     	0.02577     
1395        	10          	3.743       	0.02672     	0.05891     	0.03422     
1400        	10          	3.778       	0.03171     	0.06045     	0.0308      
1405        	10          	3.703       	0.0268      	0.05921     	0.03281     
1410        	10          	3.678       	0.02605     	0.05315     	0.02699     
1415        	10          	3.63        	0.03351     	0.06069     	0.03678     
1420        	10          	3.688       	0.0305      	0.05864     	0.03492     
1425        	10          	3.678       	0.02997     	0.05578     	0.02954     
1430        	10          	3.687       	0.02533     	0.05344     	0.02901     
1435        	10          	3.665       	0.03249     	0.064       	0.03387     
1440        	10          	3.685       	0.02636     	0.06166     	0.03251     
1445        	10          	3.712       	0.02699     	0.05396     	0.02446     
1450        	10          	3.653       	0.02731     	0.06347     	0.02755     
1455        	10          	3.632       	0.02679     	0.06012     	0.02992     
1460        	10          	3.707       	0.02218     	0.06229     	0.02734     
1465        	10          	3.69        	0.02485     	0.05594     	0.03476     
1470        	10          	3.693       	0.02536     	0.05555     	0.02816     
1475        	10          	3.693       	0.02623     	0.05692     	0.0282      
1480        	10          	3.635       	0.02308     	0.0587      	0.02944     
1485        	10          	3.623       	0.02859     	0.06071     	0.02941     
1490        	10          	3.633       	0.03502     	0.06683     	0.03048     
1495        	10          	3.635       	0.03102     	0.06253     	0.02443     
1500        	10          	3.612       	0.03689     	0.06698     	0.02427     
1505        	10          	3.635       	0.03448     	0.0655      	0.03055     
1510        	10          	3.597       	0.03517     	0.06748     	0.02875     
1515        	10          	3.563       	0.02955     	0.06716     	0.02916     
1520        	10          	3.598       	0.0354      	0.06024     	0.03019     
1525        	10          	3.592       	0.02672     	0.059       	0.02529     
1530        	10          	3.592       	0.02945     	0.05677     	0.03406     
1535        	10          	3.6         	0.02783     	0.05401     	0.02702     
1540        	10          	3.623       	0.02686     	0.05521     	0.02671     
1545        	10          	3.647       	0.025       	0.05289     	0.02871     
1550        	10          	3.647       	0.02963     	0.05884     	0.02437     
1555        	10          	3.653       	0.03275     	0.06277     	0.02725     
1560        	10          	3.582       	0.02955     	0.05314     	0.02666     
1565        	10          	3.57        	0.02716     	0.05131     	0.02529     
1570        	10          	3.573       	0.02996     	0.0582      	0.02588     
1575        	10          	3.618       	0.03183     	0.05772     	0.02512     
1580        	10          	3.613       	0.03361     	0.06267     	0.03036     
1585        	10          	3.57        	0.02949     	0.06611     	0.03756     
1590        	10          	3.55        	0.03576     	0.06883     	0.03035     
1595        	10          	3.63        	0.03455     	0.06949     	0.02981     
1600        	10          	3.593       	0.02874     	0.06365     	0.02993     
1605        	10          	3.583       	0.02533     	0.05766     	0.02858     
1610        	10          	3.523       	0.02364     	0.05304     	0.02454     
1615        	10          	3.565       	0.02144     	0.05151     	0.02595     
1620        	10          	3.578       	0.02598     	0.05507     	0.02597     
1625        	10          	3.555       	0.03045     	0.06662     	0.03056     
1630        	10          	3.54        	0.0242      	0.06151     	0.0266      
1635        	10          	3.558       	0.02843     	0.06588     	0.02985     
1640        	10          	3.537       	0.03046     	0.06396     	0.02848     
1645        	10          	3.5         	0.03011     	0.06207     	0.02528     
1650        	10          	3.53        	0.02963     	0.06469     	0.02923     
1655        	10          	3.523       	0.03143     	0.06473     	0.02389     
1660        	10          	3.518       	0.02963     	0.05426     	0.02779     
1665        	10          	3.502       	0.03478     	0.06291     	0.02598     
1670        	10          	3.5         	0.03453     	0.05534     	0.02669     
1675        	10          	3.485       	0.02936     	0.05409     	0.02383     
1680        	10          	3.537       	0.03118     	0.05036     	0.02514     
1685        	10          	3.47        	0.02993     	0.05586     	0.02647     
1690        	10          	3.518       	0.0287      	0.06223     	0.02531     
1695        	10          	3.5         	0.02994     	0.05609     	0.03104     
1700        	10          	3.513       	0.02972     	0.05609     	0.01861     
1705        	10          	3.527       	0.02936     	0.05897     	0.02433     
1710        	10          	3.485       	0.03096     	0.05676     	0.0286      
1715        	10          	3.513       	0.0255      	0.05669     	0.02653     
1720        	10          	3.522       	0.02579     	0.0577      	0.02546     
1725        	10          	3.492       	0.02848     	0.06058     	0.02878     
1730        	10          	3.53        	0.03291     	0.06265     	0.0315      
1735        	10          	3.482       	0.03525     	0.0609      	0.03158     
1740        	10          	3.483       	0.02728     	0.06365     	0.02509     
1745        	10          	3.483       	0.02955     	0.06482     	0.02607     
1750        	10          	3.46        	0.02802     	0.05947     	0.0307      
1755        	10          	3.502       	0.02689     	0.05269     	0.0282      
1760        	10          	3.49        	0.02473     	0.04532     	0.0211      
1765        	10          	3.487       	0.02824     	0.05416     	0.02527     
1770        	10          	3.463       	0.03227     	0.05126     	0.02235     
1775        	10          	3.455       	0.02999     	0.05268     	0.03028     
1780        	10          	3.482       	0.0284      	0.05013     	0.02668     
1785        	10          	3.458       	0.02596     	0.05932     	0.02842     
1790        	10          	3.463       	0.02231     	0.05007     	0.02909     
1795        	10          	3.475       	0.02548     	0.05201     	0.03196     
1800        	10          	3.477       	0.02817     	0.05772     	0.02768     
1805        	10          	3.435       	0.03018     	0.05919     	0.02708     
1810        	10          	3.478       	0.0292      	0.05455     	0.02588     
1815        	10          	3.418       	0.03331     	0.05021     	0.02564     
1820        	10          	3.458       	0.03058     	0.05229     	0.02686     
1825        	10          	3.462       	0.03068     	0.05416     	0.02382     
1830        	10          	3.43        	0.03219     	0.06375     	0.02533     
1835        	10          	3.485       	0.02997     	0.05974     	0.03104     
1840        	10          	3.43        	0.02762     	0.05884     	0.02954     
1845        	10          	3.445       	0.03284     	0.06022     	0.02403     
1850        	10          	3.43        	0.02961     	0.06221     	0.02545     
1855        	10          	3.427       	0.03041     	0.05811     	0.03384     
1860        	10          	3.395       	0.03242     	0.05639     	0.02699     
1865        	10          	3.392       	0.03023     	0.05834     	0.02838     
1870        	10          	3.368       	0.02971     	0.06928     	0.03177     
1875        	10          	3.368       	0.0249      	0.05604     	0.02741     
1880        	10          	3.343       	0.03233     	0.05896     	0.0282      
1885        	10          	3.387       	0.02633     	0.05529     	0.02924     
1890        	10          	3.4         	0.03255     	0.06339     	0.03039     
1895        	10          	3.368       	0.02834     	0.05697     	0.02438     
1900        	10          	3.402       	0.02965     	0.05206     	0.02118     
1905        	10          	3.39        	0.03406     	0.05577     	0.02384     
1910        	10          	3.365       	0.02968     	0.05702     	0.02774     
1915        	10          	3.393       	0.03416     	0.06312     	0.0257      
1920        	10          	3.405       	0.03565     	0.05737     	0.02908     
1925        	10          	3.385       	0.03259     	0.0634      	0.03022     
1930        	10          	3.39        	0.0232      	0.05875     	0.02981     
1935        	10          	3.358       	0.03704     	0.06186     	0.03267     
1940        	10          	3.398       	0.03292     	0.05678     	0.02643     
1945        	10          	3.368       	0.03254     	0.05286     	0.025       
1950        	10          	3.332       	0.03331     	0.06098     	0.02692     
1955        	10          	3.355       	0.02561     	0.06705     	0.03268     
1960        	10          	3.342       	0.03295     	0.0614      	0.02872     
1965        	10          	3.337       	0.02988     	0.06295     	0.03122     
1970        	10          	3.308       	0.03122     	0.06831     	0.03077     
1975        	10          	3.32        	0.03554     	0.06001     	0.03218     
1980        	10          	3.307       	0.0349      	0.06569     	0.04074     
1985        	10          	3.298       	0.03084     	0.06348     	0.03685     
1990        	10          	3.32        	0.0341      	0.06563     	0.04021     
1995        	10          	3.315       	0.02918     	0.05939     	0.03756     
2000        	10          	3.3         	0.03548     	0.06519     	0.0347      
2005        	10          	3.298       	0.03366     	0.06076     	0.0311      
2010        	10          	3.332       	0.03419     	0.06326     	0.03082     
2015        	10          	3.307       	0.03497     	0.06384     	0.03529     
2020        	10          	3.343       	0.0267      	0.05518     	0.02425     
2025        	10          	3.37        	0.02836     	0.0526      	0.02661     
2030        	10          	3.283       	0.03596     	0.06054     	0.02688     
2035        	10          	3.328       	0.02477     	0.05289     	0.03003     
2040        	10          	3.338       	0.0323      	0.05772     	0.02398     
2045        	10          	3.333       	0.03227     	0.053       	0.02349     
2050        	10          	3.37        	0.02693     	0.05682     	0.02342     
2055        	10          	3.345       	0.02856     	0.05651     	0.03092     
2060        	10          	3.282       	0.02886     	0.05395     	0.02812     
2065        	10          	3.317       	0.02763     	0.04866     	0.02478     
2070        	10          	3.293       	0.03083     	0.05127     	0.02734     
2075        	10          	3.332       	0.03132     	0.05863     	0.02731     
2080        	10          	3.295       	0.02631     	0.04851     	0.02527     
2085        	10          	3.263       	0.02998     	0.05796     	0.02678     
2090        	10          	3.273       	0.02874     	0.05246     	0.02971     
2095        	10          	3.285       	0.02983     	0.05293     	0.03019     
2100        	10          	3.282       	0.03537     	0.06193     	0.02847     
2105        	10          	3.287       	0.02598     	0.0552      	0.02557     
2110        	10          	3.29        	0.02712     	0.05915     	0.02836     
2115        	10          	3.3         	0.02673     	0.06115     	0.03394     
2120        	10          	3.303       	0.02709     	0.05482     	0.02574     
2125        	10          	3.277       	0.02497     	0.0541      	0.02982     
2130        	10          	3.303       	0.02436     	0.05085     	0.02626     
2135        	10          	3.302       	0.03361     	0.05132     	0.02904     
2140        	10          	3.328       	0.0252      	0.04929     	0.02883     
2145        	10          	3.307       	0.02955     	0.05349     	0.0229      
2150        	10          	3.328       	0.02939     	0.04718     	0.02683     
2155        	10          	3.34        	0.03178     	0.05155     	0.02856     
2160        	10          	3.34        	0.02439     	0.04637     	0.02368     
2165        	10          	3.333       	0.03005     	0.0607      	0.03223     
2170        	10          	3.362       	0.02756     	0.05973     	0.03126     
2175        	10          	3.385       	0.02646     	0.0523      	0.03209     
2180        	10          	3.338       	0.02658     	0.05557     	0.03443     
2185        	10          	3.313       	0.02389     	0.05035     	0.02792     
2190        	10          	3.335       	0.02502     	0.05687     	0.02773     
2195        	10          	3.325       	0.02213     	0.05553     	0.02907     
2200        	10          	3.368       	0.02712     	0.0597      	0.02957     
2205        	10          	3.305       	0.03332     	0.06312     	0.03386     
2210        	10          	3.342       	0.02939     	0.06591     	0.03258     
2215        	10          	3.3         	0.02827     	0.06806     	0.03675     
2220        	10          	3.337       	0.02516     	0.05787     	0.03303     
2225        	10          	3.305       	0.03035     	0.06428     	0.02932     
2230        	10          	3.327       	0.03852     	0.06652     	0.0249      
2235        	10          	3.325       	0.03363     	0.06367     	0.03072     
2240        	10          	3.353       	0.0327      	0.06545     	0.02941     
2245        	10          	3.355       	0.02599     	0.05291     	0.03007     
2250        	10          	3.342       	0.0299      	0.06053     	0.02514     
2255        	10          	3.332       	0.03        	0.05699     	0.02445     
2260        	10          	3.323       	0.03038     	0.06151     	0.03442     
2265        	10          	3.323       	0.0323      	0.05467     	0.02593     
2270        	10          	3.318       	0.02366     	0.04702     	0.02799     
2275        	10          	3.31        	0.02892     	0.05652     	0.03171     
2280        	10          	3.307       	0.02751     	0.05127     	0.03216     
2285        	10          	3.285       	0.02942     	0.05647     	0.02908     
2290        	10          	3.262       	0.02939     	0.05227     	0.03068     
2295        	10          	3.287       	0.02909     	0.05558     	0.03031     
2300        	10          	3.298       	0.02755     	0.06006     	0.03038     
2305        	10          	3.267       	0.02838     	0.05537     	0.0271      
2310        	10          	3.213       	0.02944     	0.05602     	0.02651     
2315        	10          	3.272       	0.02545     	0.05579     	0.02579     
2320        	10          	3.287       	0.03238     	0.05156     	0.02538     
2325        	10          	3.283       	0.02438     	0.04651     	0.02508     
2330        	10          	3.302       	0.03299     	0.04929     	0.02264     
2335        	10          	3.29        	0.02679     	0.05348     	0.03064     
2340        	10          	3.272       	0.02845     	0.04725     	0.03074     
2345        	10          	3.298       	0.02673     	0.05566     	0.02457     
2350        	10          	3.333       	0.03132     	0.06244     	0.02408     
2355        	10          	3.32        	0.02618     	0.05755     	0.03414     
2360        	10          	3.308       	0.03003     	0.05966     	0.02997     
2365        	10          	3.298       	0.02827     	0.05923     	0.03203     
2370        	10          	3.313       	0.02372     	0.05693     	0.02798     
2375        	10          	3.305       	0.02892     	0.05427     	0.02662     
2380        	10          	3.33        	0.0277      	0.05569     	0.02915     
2385        	10          	3.3         	0.02877     	0.06545     	0.03108     
2390        	10          	3.28        	0.0286      	0.06063     	0.03136     
2395        	10          	3.298       	0.02919     	0.04897     	0.02339     
2400        	10          	3.295       	0.02064     	0.05643     	0.0314      
2405        	10          	3.335       	0.02485     	0.05403     	0.02345     
2410        	10          	3.323       	0.0286      	0.05445     	0.02669     
2415        	10          	3.31        	0.01968     	0.05607     	0.02282     
2420        	10          	3.292       	0.02807     	0.06183     	0.03338     
2425        	10          	3.298       	0.03382     	0.06154     	0.02607     
2430        	10          	3.327       	0.03241     	0.06469     	0.03157     
2435        	10          	3.322       	0.02545     	0.05824     	0.0343      
2440        	10          	3.337       	0.02873     	0.05973     	0.03008     
2445        	10          	3.32        	0.03069     	0.0621      	0.03157     
2450        	10          	3.302       	0.02941     	0.0591      	0.02633     
2455        	10          	3.335       	0.03085     	0.06092     	0.03076     
2460        	10          	3.337       	0.02334     	0.05535     	0.03016     
2465        	10          	3.29        	0.02738     	0.04823     	0.02804     
2470        	10          	3.308       	0.03248     	0.05416     	0.02643     
2475        	10          	3.34        	0.03134     	0.05194     	0.02588     
2480        	10          	3.32        	0.0276      	0.06081     	0.03322     
2485        	10          	3.35        	0.02902     	0.04874     	0.02696     
2490        	10          	3.332       	0.02683     	0.05059     	0.02759     
2495        	10          	3.355       	0.02317     	0.0539      	0.02679     
2500        	10          	3.332       	0.02257     	0.05115     	0.02686     
2505        	10          	3.343       	0.02627     	0.05254     	0.02513     
2510        	10          	3.352       	0.03058     	0.05255     	0.0269      
2515        	10          	3.383       	0.02366     	0.046       	0.03223     
2520        	10          	3.357       	0.02367     	0.04923     	0.02602     
2525        	10          	3.378       	0.02886     	0.05323     	0.02633     
2530        	10          	3.337       	0.02414     	0.05079     	0.02395     
2535        	10          	3.368       	0.02993     	0.05644     	0.02621     
2540        	10          	3.343       	0.03144     	0.05784     	0.02841     
2545        	10          	3.357       	0.02615     	0.05334     	0.026       
2550        	10          	3.378       	0.0266      	0.05469     	0.03178     
2555        	10          	3.323       	0.03062     	0.05769     	0.02802     
2560        	10          	3.367       	0.02782     	0.05374     	0.02585     
2565        	10          	3.308       	0.02586     	0.05172     	0.02561     
2570        	10          	3.377       	0.03342     	0.05255     	0.03071     
2575        	10          	3.347       	0.03698     	0.06219     	0.03221     
2580        	10          	3.355       	0.02832     	0.06059     	0.03271     
2585        	10          	3.373       	0.03295     	0.05367     	0.02748     
2590        	10          	3.343       	0.03483     	0.06058     	0.03139     
2595        	10          	3.283       	0.04096     	0.0658      	0.03428     
2600        	10          	3.293       	0.03036     	0.06158     	0.02944     
2605        	10          	3.332       	0.03362     	0.06182     	0.0293      
2610        	10          	3.307       	0.02891     	0.06265     	0.02934     
2615        	10          	3.342       	0.02546     	0.05693     	0.0313      
2620        	10          	3.352       	0.02985     	0.05874     	0.02643     
2625        	10          	3.342       	0.02699     	0.05615     	0.02274     
2630        	10          	3.332       	0.02737     	0.0564      	0.03002     
2635        	10          	3.322       	0.03107     	0.05786     	0.02625     
2640        	10          	3.37        	0.0296      	0.05018     	0.02409     
2645        	10          	3.345       	0.02932     	0.05294     	0.02295     
2650        	10          	3.317       	0.02287     	0.05321     	0.02482     
2655        	10          	3.308       	0.0322      	0.05456     	0.02141     
2660        	10          	3.25        	0.02774     	0.0548      	0.02651     
2665        	10          	3.297       	0.02692     	0.05733     	0.02704     
2670        	10          	3.348       	0.02594     	0.04613     	0.02746     
2675        	10          	3.35        	0.02659     	0.05458     	0.02668     
2680        	10          	3.348       	0.0301      	0.05513     	0.02958     
2685        	10          	3.34        	0.0295      	0.05575     	0.02591     
2690        	10          	3.31        	0.02782     	0.05869     	0.02546     
2695        	10          	3.318       	0.0251      	0.05082     	0.02974     
2700        	10          	3.303       	0.02934     	0.05703     	0.02487     
2705        	10          	3.293       	0.02748     	0.05594     	0.01985     
2710        	10          	3.333       	0.02971     	0.05367     	0.02595     
2715        	10          	3.325       	0.02686     	0.04666     	0.02355     
2720        	10          	3.312       	0.02696     	0.0511      	0.02427     
2725        	10          	3.302       	0.02733     	0.049       	0.02875     
2730        	10          	3.315       	0.02653     	0.04694     	0.02497     
2735        	10          	3.302       	0.02793     	0.04889     	0.0251      
2740        	10          	3.303       	0.02715     	0.05018     	0.02367     
2745        	10          	3.313       	0.03042     	0.04969     	0.02689     
2750        	10          	3.312       	0.02263     	0.04519     	0.0243      
2755        	10          	3.34        	0.0239      	0.04094     	0.02657     
2760        	10          	3.332       	0.0306      	0.04513     	0.03275     
2765        	10          	3.298       	0.02727     	0.05634     	0.02804     
2770        	10          	3.31        	0.03116     	0.05499     	0.02989     
2775        	10          	3.308       	0.02718     	0.05197     	0.02944     
2780        	10          	3.332       	0.02265     	0.05144     	0.02539     
2785        	10          	3.298       	0.0231      	0.04399     	0.0261      
2790        	10          	3.293       	0.0327      	0.05162     	0.02993     
2795        	10          	3.322       	0.02405     	0.05056     	0.02583     
2800        	10          	3.255       	0.02617     	0.05071     	0.02815     
2805        	10          	3.27        	0.02476     	0.05196     	0.02932     
2810        	10          	3.26        	0.02564     	0.0613      	0.03536     
2815        	10          	3.248       	0.03572     	0.06235     	0.02929     
2820        	10          	3.272       	0.02477     	0.04982     	0.02586     
2825        	10          	3.285       	0.03197     	0.06232     	0.02423     
2830        	10          	3.245       	0.02799     	0.06262     	0.02904     
2835        	10          	3.27        	0.02282     	0.05776     	0.03189     
2840        	10          	3.298       	0.02609     	0.05482     	0.0298      
2845        	10          	3.26        	0.02868     	0.05898     	0.02658     
2850        	10          	3.273       	0.03201     	0.0549      	0.03326     
2855        	10          	3.27        	0.03169     	0.05816     	0.0308      
2860        	10          	3.293       	0.03372     	0.06464     	0.03235     
2865        	10          	3.237       	0.03321     	0.05412     	0.02793     
2870        	10          	3.302       	0.03343     	0.05689     	0.0259      
2875        	10          	3.277       	0.03172     	0.05097     	0.02784     
2880        	10          	3.263       	0.02841     	0.04887     	0.02885     
2885        	10          	3.26        	0.02325     	0.04755     	0.02559     
2890        	10          	3.287       	0.02819     	0.05842     	0.02581     
2895        	10          	3.252       	0.03299     	0.05315     	0.0279      
2900        	10          	3.297       	0.02662     	0.0494      	0.02671     
2905        	10          	3.252       	0.02922     	0.05163     	0.0283      
2910        	10          	3.248       	0.02686     	0.0528      	0.03096     
2915        	10          	3.243       	0.03762     	0.05403     	0.02597     
2920        	10          	3.275       	0.02655     	0.0572      	0.02893     
2925        	10          	3.313       	0.03258     	0.05869     	0.0228      
2930        	10          	3.263       	0.02756     	0.05995     	0.02786     
2935        	10          	3.242       	0.02577     	0.05796     	0.02099     
2940        	10          	3.247       	0.02628     	0.05179     	0.02593     
2945        	10          	3.247       	0.02922     	0.05851     	0.02377     
2950        	10          	3.258       	0.0328      	0.04981     	0.02415     
2955        	10          	3.253       	0.0345      	0.05827     	0.02715     
2960        	10          	3.272       	0.0317      	0.06616     	0.02789     
2965        	10          	3.248       	0.02973     	0.05629     	0.03253     
2970        	10          	3.275       	0.02689     	0.05591     	0.0263      
2975        	10          	3.283       	0.02939     	0.05673     	0.02646     
2980        	10          	3.31        	0.03        	0.05442     	0.03025     
2985        	10          	3.303       	0.02602     	0.06308     	0.03455     
2990        	10          	3.305       	0.03071     	0.06311     	0.02946     
2995        	10          	3.308       	0.03131     	0.05649     	0.02556     
3000        	10          	3.245       	0.03091     	0.06445     	0.02921     
3005        	10          	3.297       	0.02935     	0.06199     	0.03124     
3010        	10          	3.265       	0.02988     	0.06165     	0.03351     
3015        	10          	3.263       	0.02469     	0.05069     	0.03121     
3020        	10          	3.257       	0.02367     	0.05835     	0.02728     
3025        	10          	3.225       	0.02879     	0.06533     	0.03182     
3030        	10          	3.247       	0.02767     	0.05665     	0.03154     
3035        	10          	3.263       	0.02961     	0.05891     	0.03481     
3040        	10          	3.197       	0.03274     	0.06533     	0.02979     
3045        	10          	3.232       	0.02902     	0.05924     	0.02963     
3050        	10          	3.152       	0.0268      	0.05742     	0.02937     
3055        	10          	3.207       	0.02755     	0.04967     	0.02774     
3060        	10          	3.233       	0.03222     	0.05352     	0.02677     
3065        	10          	3.208       	0.03688     	0.06066     	0.02687     
3070        	10          	3.185       	0.03564     	0.05606     	0.02716     
3075        	10          	3.212       	0.02887     	0.05581     	0.02846     
3080        	10          	3.217       	0.02884     	0.06212     	0.02941     
3085        	10          	3.16        	0.02816     	0.05556     	0.03009     
3090        	10          	3.2         	0.02361     	0.05061     	0.02724     
3095        	10          	3.178       	0.03041     	0.0538      	0.02348     
3100        	10          	3.153       	0.02974     	0.05882     	0.02024     
3105        	10          	3.205       	0.02804     	0.05228     	0.02554     
3110        	10          	3.217       	0.03332     	0.05498     	0.02732     
3115        	10          	3.212       	0.0321      	0.06718     	0.02927     
3120        	10          	3.21        	0.03169     	0.05918     	0.02912     
3125        	10          	3.228       	0.02979     	0.05906     	0.03484     
3130        	10          	3.215       	0.02582     	0.05912     	0.03162     
3135        	10          	3.217       	0.02286     	0.05617     	0.03308     
3140        	10          	3.202       	0.0272      	0.06516     	0.02951     
3145        	10          	3.193       	0.02251     	0.06682     	0.03904     
3150        	10          	3.243       	0.02391     	0.0597      	0.03535     
3155        	10          	3.27        	0.02455     	0.0729      	0.03752     
3160        	10          	3.255       	0.0236      	0.05989     	0.03148     
3165        	10          	3.24        	0.02883     	0.05529     	0.02626     
3170        	10          	3.288       	0.02742     	0.05536     	0.02478     
3175        	10          	3.263       	0.03101     	0.04832     	0.02891     
3180        	10          	3.218       	0.02371     	0.04825     	0.02722     
3185        	10          	3.237       	0.02874     	0.04921     	0.02394     
3190        	10          	3.233       	0.02212     	0.05123     	0.02517     
3195        	10          	3.228       	0.02697     	0.04393     	0.02094     
3200        	10          	3.213       	0.02098     	0.03962     	0.02523     
3205        	10          	3.173       	0.02513     	0.04337     	0.02853     
3210        	10          	3.235       	0.02463     	0.04604     	0.02641     
3215        	10          	3.213       	0.022       	0.04702     	0.02704     
3220        	10          	3.207       	0.02199     	0.05725     	0.03052     
3225        	10          	3.187       	0.02317     	0.04815     	0.02366     
3230        	10          	3.19        	0.03547     	0.04923     	0.02642     
3235        	10          	3.172       	0.02993     	0.0533      	0.02857     
3240        	10          	3.135       	0.0325      	0.05025     	0.02639     
3245        	10          	3.15        	0.02989     	0.0576      	0.02808     
3250        	10          	3.168       	0.03405     	0.05352     	0.02953     
3255        	10          	3.18        	0.0311      	0.0517      	0.02934     
3260        	10          	3.188       	0.02788     	0.0462      	0.03198     
3265        	10          	3.198       	0.02228     	0.04983     	0.0307      
3270        	10          	3.208       	0.03019     	0.05871     	0.03317     
3275        	10          	3.195       	0.03542     	0.06616     	0.03671     
3280        	10          	3.172       	0.02387     	0.05039     	0.02664     
3285        	10          	3.168       	0.03056     	0.05454     	0.02748     
3290        	10          	3.155       	0.02567     	0.05993     	0.02799     
3295        	10          	3.137       	0.02821     	0.06037     	0.03566     
3300        	10          	3.142       	0.02575     	0.04982     	0.02898     
3305        	10          	3.168       	0.02547     	0.05337     	0.0299      
3310        	10          	3.107       	0.02928     	0.05657     	0.03075     
3315        	10          	3.132       	0.02322     	0.05627     	0.02864     
3320        	10          	3.108       	0.02469     	0.0629      	0.03153     
3325        	10          	3.117       	0.02755     	0.06545     	0.03163     
3330        	10          	3.095       	0.03094     	0.05893     	0.0327      
3335        	10          	3.138       	0.0295      	0.06314     	0.03404     
3340        	10          	3.165       	0.03079     	0.06385     	0.02889     
3345        	10          	3.165       	0.03085     	0.06203     	0.03357     
3350        	10          	3.158       	0.02885     	0.06058     	0.02985     
3355        	10          	3.122       	0.03165     	0.05689     	0.02465     
3360        	10          	3.123       	0.02851     	0.05236     	0.02147     
3365        	10          	3.133       	0.02364     	0.05643     	0.02832     
3370        	10          	3.185       	0.02983     	0.05357     	0.03047     
3375        	10          	3.117       	0.02564     	0.05832     	0.02626     
3380        	10          	3.163       	0.03344     	0.05784     	0.03109     
3385        	10          	3.162       	0.02829     	0.05465     	0.03222     
3390        	10          	3.125       	0.02667     	0.05594     	0.02849     
3395        	10          	3.135       	0.0297      	0.05812     	0.02643     
3400        	10          	3.137       	0.02591     	0.05759     	0.0365      
3405        	10          	3.135       	0.02862     	0.05563     	0.03197     
3410        	10          	3.118       	0.02687     	0.05701     	0.03433     
3415        	10          	3.123       	0.02787     	0.05113     	0.02932     
3420        	10          	3.112       	0.03583     	0.05697     	0.03616     
3425        	10          	3.103       	0.03568     	0.06425     	0.03504     
3430        	10          	3.1         	0.03322     	0.06223     	0.03299     
3435        	10          	3.088       	0.03563     	0.06724     	0.0303      
3440        	10          	3.1         	0.03678     	0.06573     	0.02884     
3445        	10          	3.123       	0.03477     	0.07111     	0.03712     
3450        	10          	3.112       	0.03627     	0.06554     	0.03072     
3455        	10          	3.142       	0.02653     	0.05187     	0.02755     
3460        	10          	3.147       	0.0259      	0.0538      	0.02797     
3465        	10          	3.147       	0.03651     	0.0589      	0.03197     
3470        	10          	3.177       	0.0305      	0.05882     	0.03074     
3475        	10          	3.172       	0.03045     	0.05859     	0.02605     
3480        	10          	3.125       	0.02829     	0.05779     	0.03278     
3485        	10          	3.128       	0.02713     	0.05579     	0.02794     
3490        	10          	3.12        	0.02902     	0.04765     	0.0307      
3495        	10          	3.103       	0.02683     	0.04822     	0.02826     
3500        	10          	3.14        	0.02495     	0.04931     	0.0286      
3505        	10          	3.13        	0.02692     	0.0493      	0.03121     
3510        	10          	3.13        	0.02395     	0.05311     	0.03727     
3515        	10          	3.09        	0.03056     	0.05891     	0.03369     
3520        	10          	3.105       	0.02249     	0.04953     	0.02899     
3525        	10          	3.107       	0.03439     	0.0572      	0.02951     
3530        	10          	3.105       	0.02828     	0.0528      	0.02316     
3535        	10          	3.113       	0.03603     	0.05077     	0.0258      
3540        	10          	3.087       	0.0329      	0.05219     	0.03055     
3545        	10          	3.072       	0.03294     	0.05044     	0.02329     
3550        	10          	3.108       	0.02895     	0.05088     	0.02512     
3555        	10          	3.09        	0.02831     	0.04986     	0.02645     
3560        	10          	3.107       	0.03049     	0.05828     	0.03241     
3565        	10          	3.138       	0.03125     	0.05804     	0.02436     
3570        	10          	3.103       	0.02583     	0.05314     	0.02698     
3575        	10          	3.098       	0.02534     	0.05711     	0.02658     
3580        	10          	3.122       	0.02877     	0.05163     	0.02437     
3585        	10          	3.118       	0.02714     	0.05041     	0.0258      
3590        	10          	3.137       	0.02246     	0.04883     	0.02908     
3595        	10          	3.155       	0.03082     	0.05525     	0.02892     
3600        	10          	3.088       	0.02628     	0.05728     	0.03194     
3605        	10          	3.15        	0.02406     	0.05182     	0.03209     
3610        	10          	3.09        	0.03045     	0.05143     	0.02897     
3615        	10          	3.098       	0.02945     	0.05095     	0.02927     
3620        	10          	3.112       	0.02815     	0.05764     	0.03463     
3625        	10          	3.113       	0.03181     	0.05903     	0.03053     
3630        	10          	3.1         	0.02068     	0.04973     	0.02388     
3635        	10          	3.108       	0.0274      	0.0511      	0.02496     
3640        	10          	3.095       	0.031       	0.06165     	0.02957     
3645        	10          	3.072       	0.02578     	0.05148     	0.0243      
3650        	10          	3.073       	0.02826     	0.05732     	0.02609     
3655        	10          	3.08        	0.02508     	0.0518      	0.02162     
3660        	10          	3.072       	0.02154     	0.0471      	0.027       
3665        	10          	3.118       	0.02231     	0.05129     	0.02879     
3670        	10          	3.085       	0.02147     	0.0515      	0.03086     
3675        	10          	3.11        	0.02129     	0.0588      	0.0292      
3680        	10          	3.112       	0.02643     	0.05924     	0.02872     
3685        	10          	3.11        	0.03438     	0.05282     	0.02249     
3690        	10          	3.138       	0.02398     	0.04988     	0.02756     
3695        	10          	3.107       	0.02663     	0.04855     	0.02311     
3700        	10          	3.093       	0.02753     	0.05138     	0.02777     
3705        	10          	3.11        	0.02184     	0.04977     	0.03144     
3710        	10          	3.128       	0.03162     	0.05508     	0.03741     
3715        	10          	3.145       	0.02632     	0.05465     	0.03325     
3720        	10          	3.107       	0.02681     	0.05568     	0.03159     
3725        	10          	3.138       	0.02979     	0.05326     	0.02679     
3730        	10          	3.183       	0.02227     	0.05059     	0.02817     
3735        	10          	3.137       	0.02406     	0.05216     	0.02798     
3740        	10          	3.14        	0.02444     	0.05375     	0.03176     
3745        	10          	3.127       	0.02465     	0.0477      	0.02504     
3750        	10          	3.103       	0.0241      	0.05313     	0.02534     
3755        	10          	3.105       	0.02394     	0.0524      	0.02472     
3760        	10          	3.125       	0.02973     	0.05658     	0.02614     
3765        	10          	3.11        	0.03071     	0.05817     	0.02673     
3770        	10          	3.098       	0.03355     	0.05796     	0.02901     
3775        	10          	3.11        	0.03171     	0.0532      	0.02363     
3780        	10          	3.07        	0.03332     	0.04892     	0.02639     
3785        	10          	3.09        	0.03561     	0.05721     	0.03017     
3790        	10          	3.127       	0.0336      	0.06059     	0.02865     
3795        	10          	3.122       	0.03426     	0.0594      	0.02705     
3800        	10          	3.092       	0.03009     	0.05065     	0.02384     
3805        	10          	3.1         	0.03117     	0.05144     	0.03372     
3810        	10          	3.118       	0.03066     	0.05934     	0.02721     
3815        	10          	3.102       	0.03404     	0.05173     	0.0264      
3820        	10          	3.102       	0.03137     	0.06345     	0.03378     
3825        	10          	3.085       	0.03188     	0.06318     	0.02717     
3830        	10          	3.107       	0.03215     	0.06495     	0.03593     
3835        	10          	3.172       	0.02713     	0.0643      	0.03151     
3840        	10          	3.097       	0.02755     	0.06054     	0.03591     
3845        	10          	3.122       	0.0304      	0.063       	0.03597     
3850        	10          	3.145       	0.03135     	0.05405     	0.02397     
3855        	10          	3.107       	0.03225     	0.05929     	0.0284      
3860        	10          	3.145       	0.02907     	0.06105     	0.02627     
3865        	10          	3.103       	0.02738     	0.06075     	0.02904     
3870        	10          	3.1         	0.03396     	0.05737     	0.02763     
3875        	10          	3.158       	0.02803     	0.04917     	0.02585     
3880        	10          	3.102       	0.02874     	0.05178     	0.02517     
3885        	10          	3.11        	0.03088     	0.06018     	0.03093     
3890        	10          	3.102       	0.02929     	0.05638     	0.03229     
3895        	10          	3.108       	0.02296     	0.05304     	0.02853     
3900        	10          	3.062       	0.02655     	0.05088     	0.03095     
3905        	10          	3.112       	0.02659     	0.05144     	0.02519     
3910        	10          	3.1         	0.02217     	0.05509     	0.0307      
3915        	10          	3.09        	0.02584     	0.05282     	0.02628     
3920        	10          	3.118       	0.02464     	0.05739     	0.02625     
3925        	10          	3.09        	0.02196     	0.05444     	0.03084     
3930        	10          	3.113       	0.02316     	0.04275     	0.02423     
3935        	10          	3.107       	0.02569     	0.05473     	0.02683     
3940        	10          	3.115       	0.02458     	0.04789     	0.03425     
3945        	10          	3.075       	0.03107     	0.052       	0.03202     
3950        	10          	3.117       	0.03214     	0.0521      	0.0322      
3955        	10          	3.118       	0.02855     	0.04383     	0.02868     
3960        	10          	3.138       	0.02532     	0.05031     	0.02267     
3965        	10          	3.098       	0.02155     	0.05175     	0.02848     
3970        	10          	3.107       	0.0274      	0.05056     	0.02516     
3975        	10          	3.085       	0.02949     	0.05385     	0.02609     
3980        	10          	3.11        	0.02651     	0.0515      	0.02837     
3985        	10          	3.09        	0.02737     	0.04937     	0.02924     
3990        	10          	3.113       	0.03001     	0.04799     	0.03        
3995        	10          	3.155       	0.01853     	0.04697     	0.02697     
4000        	10          	3.103       	0.0222      	0.05761     	0.03174     
4005        	10          	3.097       	0.03372     	0.05918     	0.03281     
4010        	10          	3.028       	0.04792     	0.06452     	0.0366      
4015        	10          	3.022       	0.05772     	0.07019     	0.03903     
4020        	10          	2.99        	0.06677     	0.07752     	0.02957     
4025        	10          	2.998       	0.07608     	0.0872      	0.02729     
4030        	10          	2.968       	0.07528     	0.09442     	0.02817     
4035        	10          	2.947       	0.09653     	0.1098      	0.03501     
4040        	10          	2.975       	0.1124      	0.1222      	0.03118     
4045        	10          	2.937       	0.1101      	0.1224      	0.03278     
4050        	10          	2.928       	0.1316      	0.1409      	0.04116     
4055        	10          	2.89        	0.1401      	0.1458      	0.05219     
4060        	10          	2.845       	0.1569      	0.1569      	0.05379     
4065        	10          	2.81        	0.1739      	0.1699      	0.06993     
4070        	10          	2.808       	0.1842      	0.1827      	0.08232     
4075        	10          	2.777       	0.194       	0.1865      	0.09502     
4080        	10          	2.752       	0.2066      	0.198       	0.1187      
4085        	10          	2.753       	0.2072      	0.1927      	0.1218      
4090        	10          	2.743       	0.224       	0.2018      	0.1379      
4095        	10          	2.693       	0.2273      	0.2018      	0.1306      
4100        	10          	2.697       	0.2241      	0.2093      	0.1458      
4105        	10          	2.667       	0.2353      	0.2134      	0.1489      
4110        	10          	2.658       	0.2402      	0.2315      	0.1734      
4115        	10          	2.64        	0.2637      	0.2384      	0.1971      
4120        	10          	2.647       	0.2709      	0.25        	0.1915      
4125        	10          	2.652       	0.2646      	0.2532      	0.195       
4130        	10          	2.617       	0.2758      	0.2579      	0.2097      
4135        	10          	2.635       	0.2768      	0.2542      	0.2177      
4140        	10          	2.623       	0.2875      	0.2624      	0.2223      
4145        	10          	2.617       	0.3122      	0.271       	0.2429      
4150        	10          	2.588       	0.3202      	0.2767      	0.251       
4155        	10          	2.54        	0.3181      	0.2813      	0.2538      
4160        	10          	2.547       	0.3322      	0.2916      	0.2722      
4165        	10          	2.575       	0.3305      	0.2775      	0.2732      
4170        	10          	2.533       	0.3299      	0.2848      	0.2808      
4175        	10          	2.515       	0.336       	0.2927      	0.2871      
4180        	10          	2.518       	0.3441      	0.3054      	0.3007      
4185        	10          	2.528       	0.3524      	0.2913      	0.3027      
4190        	10          	2.488       	0.3636      	0.3034      	0.3166      
4195        	10          	2.503       	0.3541      	0.3075      	0.316       
4200        	10          	2.517       	0.358       	0.3017      	0.3084      
4205        	10          	2.498       	0.3518      	0.3082      	0.3093      
4210        	10          	2.48        	0.3619      	0.3093      	0.3139      
4215        	10          	2.463       	0.3682      	0.3066      	0.3164      
4220        	10          	2.442       	0.3703      	0.3166      	0.3297      
4225        	10          	2.437       	0.3911      	0.3246      	0.3381      
4230        	10          	2.388       	0.4037      	0.3275      	0.3398      
4235        	10          	2.397       	0.4142      	0.3384      	0.342       
4240        	10          	2.407       	0.407       	0.3398      	0.3289      
4245        	10          	2.412       	0.407       	0.343       	0.3369      
4250        	10          	2.393       	0.4154      	0.3589      	0.3496      
4255        	10          	2.355       	0.4169      	0.3486      	0.3521      
4260        	10          	2.38        	0.4193      	0.3621      	0.3711      
4265        	10          	2.383       	0.4374      	0.3651      	0.366       
4270        	10          	2.375       	0.4304      	0.3688      	0.366       
4275        	10          	2.372       	0.439       	0.3636      	0.3765      
4280        	10          	2.373       	0.4559      	0.3834      	0.3818      
4285        	10          	2.322       	0.4523      	0.3793      	0.3965      
4290        	10          	2.363       	0.4473      	0.3823      	0.3964      
4295        	10          	2.382       	0.4511      	0.3978      	0.3981      
4300        	10          	2.337       	0.4542      	0.4001      	0.3853      
4305        	10          	2.353       	0.4672      	0.4176      	0.4063      
4310        	10          	2.333       	0.4681      	0.4094      	0.393       
4315        	10          	2.327       	0.4752      	0.4181      	0.3919      
4320        	10          	2.338       	0.4769      	0.4304      	0.4134      
4325        	10          	2.285       	0.4698      	0.432       	0.4068      
4330        	10          	2.288       	0.4645      	0.4332      	0.4175      
4335        	10          	2.307       	0.4617      	0.4258      	0.4024      
4340        	10          	2.277       	0.4644      	0.4359      	0.4178      
4345        	10          	2.298       	0.4639      	0.4311      	0.4146      
4350        	10          	2.247       	0.4761      	0.432       	0.431       
4355        	10          	2.288       	0.4705      	0.4276      	0.4339      
4360        	10          	2.325       	0.4698      	0.4334      	0.4133      
4365        	10          	2.32        	0.4747      	0.4446      	0.4329      
4370        	10          	2.295       	0.461       	0.4449      	0.4258      
4375        	10          	2.292       	0.4667      	0.4467      	0.427       
4380        	10          	2.293       	0.4654      	0.4582      	0.4248      
4385        	10          	2.288       	0.4631      	0.4534      	0.4145      
4390        	10          	2.293       	0.4746      	0.4697      	0.4263      
4395        	10          	2.308       	0.4685      	0.4667      	0.4343      
4400        	10          	2.278       	0.4829      	0.4838      	0.4439      
4405        	10          	2.28        	0.4894      	0.4869      	0.4545      
4410        	10          	2.285       	0.4887      	0.4784      	0.46        
4415        	10          	2.308       	0.493       	0.4878      	0.4688      
4420        	10          	2.292       	0.4843      	0.4714      	0.4616      
4425        	10          	2.287       	0.4899      	0.482       	0.4637      
4430        	10          	2.297       	0.4989      	0.4886      	0.473       
4435        	10          	2.282       	0.5023      	0.4952      	0.4778      
4440        	10          	2.258       	0.4983      	0.4955      	0.475       
4445        	10          	2.25        	0.5094      	0.4952      	0.483       
4450        	10          	2.247       	0.5059      	0.5002      	0.4888      
4455        	10          	2.243       	0.4858      	0.4907      	0.4745      
4460        	10          	2.262       	0.5038      	0.5021      	0.4926      
4465        	10          	2.242       	0.5126      	0.5051      	0.492       
4470        	10          	2.257       	0.5114      	0.5039      	0.482       
4475        	10          	2.253       	0.5187      	0.5102      	0.4951      
4480        	10          	2.245       	0.522       	0.5108      	0.5084      
4485        	10          	2.228       	0.5258      	0.5104      	0.4971      
4490        	10          	2.207       	0.5239      	0.5115      	0.4917      
4495        	10          	2.205       	0.5313      	0.5195      	0.4978      
4500        	10          	2.207       	0.5399      	0.5229      	0.5025      
4505        	10          	2.243       	0.5409      	0.5168      	0.504       
4510        	10          	2.247       	0.5326      	0.5251      	0.5179      
4515        	10          	2.207       	0.5475      	0.5373      	0.5251      
4520        	10          	2.2         	0.5537      	0.5343      	0.5252      
4525        	10          	2.178       	0.5664      	0.5354      	0.5245      
4530        	10          	2.202       	0.5554      	0.5334      	0.5251      
4535        	10          	2.2         	0.5694      	0.5362      	0.5187      
4540        	10          	2.22        	0.5621      	0.5306      	0.5115      
4545        	10          	2.217       	0.573       	0.5365      	0.5153      
4550        	10          	2.192       	0.5652      	0.546       	0.5094      
4555        	10          	2.248       	0.565       	0.5332      	0.51        
4560        	10          	2.233       	0.5735      	0.5416      	0.5159      
4565        	10          	2.24        	0.5669      	0.5374      	0.5107      
4570        	10          	2.235       	0.5729      	0.5434      	0.519       
4575        	10          	2.22        	0.5738      	0.5465      	0.5242      
4580        	10          	2.212       	0.5719      	0.5491      	0.5167      
4585        	10          	2.202       	0.5668      	0.5505      	0.5171      
4590        	10          	2.197       	0.5729      	0.5593      	0.5157      
4595        	10          	2.222       	0.5711      	0.5652      	0.5162      
4600        	10          	2.233       	0.5723      	0.5581      	0.5232      
4605        	10          	2.22        	0.583       	0.5586      	0.524       
4610        	10          	2.187       	0.5723      	0.5674      	0.5281      
4615        	10          	2.218       	0.5769      	0.5679      	0.5349      
4620        	10          	2.235       	0.5709      	0.5617      	0.5265      
4625        	10          	2.237       	0.574       	0.5636      	0.5286      
4630        	10          	2.24        	0.5771      	0.5653      	0.5372      
4635        	10          	2.227       	0.5755      	0.5682      	0.5331      
4640        	10          	2.202       	0.5753      	0.5628      	0.5377      
4645        	10          	2.18        	0.5876      	0.5688      	0.5389      
4650        	10          	2.19        	0.5873      	0.5778      	0.5525      
4655        	10          	2.18        	0.5804      	0.5625      	0.5555      
4660        	10          	2.197       	0.5852      	0.5661      	0.5505      
4665        	10          	2.208       	0.572       	0.5615      	0.5447      
4670        	10          	2.21        	0.5829      	0.5712      	0.5531      
4675        	10          	2.227       	0.581       	0.5656      	0.5575      
4680        	10          	2.193       	0.5785      	0.5644      	0.5514      
4685        	10          	2.217       	0.5866      	0.5761      	0.5575      
4690        	10          	2.218       	0.5919      	0.5715      	0.5552      
4695        	10          	2.225       	0.5933      	0.5699      	0.5646      
4700        	10          	2.233       	0.5827      	0.5775      	0.5572      
4705        	10          	2.228       	0.5922      	0.5705      	0.5569      
4710        	10          	2.252       	0.5935      	0.5737      	0.5679      
4715        	10          	2.228       	0.5966      	0.5752      	0.5615      
4720        	10          	2.24        	0.5996      	0.5713      	0.5589      
4725        	10          	2.242       	0.6024      	0.5718      	0.5604      
4730        	10          	2.243       	0.6064      	0.5703      	0.5613      
4735        	10          	2.232       	0.6021      	0.5724      	0.5712      
4740        	10          	2.222       	0.6037      	0.573       	0.5731      
4745        	10          	2.213       	0.6007      	0.5764      	0.5616      
4750        	10          	2.222       	0.6016      	0.5707      	0.564       
4755        	10          	2.222       	0.5985      	0.575       	0.5617      
4760        	10          	2.217       	0.6003      	0.5652      	0.5652      
4765        	10          	2.192       	0.5987      	0.5797      	0.5767      
4770        	10          	2.222       	0.6019      	0.5728      	0.5698      
4775        	10          	2.233       	0.5935      	0.5731      	0.5673      
4780        	10          	2.227       	0.5887      	0.5643      	0.5627      
4785        	10          	2.227       	0.6025      	0.5727      	0.5738      
4790        	10          	2.225       	0.6005      	0.5791      	0.5725      
4795        	10          	2.24        	0.6021      	0.5742      	0.5711      
4800        	10          	2.223       	0.5979      	0.5715      	0.5676      
4805        	10          	2.192       	0.6112      	0.5816      	0.5747      
4810        	10          	2.203       	0.6078      	0.5734      	0.5769      
4815        	10          	2.193       	0.6042      	0.5795      	0.5773      
4820        	10          	2.207       	0.6127      	0.5651      	0.5703      
4825        	10          	2.213       	0.614       	0.5773      	0.5728      
4830        	10          	2.213       	0.6153      	0.5807      	0.5716      
4835        	10          	2.238       	0.6185      	0.5775      	0.5711      
4840        	10          	2.208       	0.6168      	0.5799      	0.5798      
4845        	10          	2.22        	0.6146      	0.5761      	0.5796      
4850        	10          	2.208       	0.6153      	0.5747      	0.5804      
4855        	10          	2.24        	0.6278      	0.595       	0.587       
4860        	10          	2.197       	0.6274      	0.5953      	0.5939      
4865        	10          	2.243       	0.6174      	0.59        	0.5808      
4870        	10          	2.192       	0.6189      	0.591       	0.5855      
4875        	10          	2.188       	0.6243      	0.5975      	0.5961      
4880        	10          	2.207       	0.6261      	0.6009      	0.5988      
4885        	10          	2.183       	0.6326      	0.6015      	0.5992      
4890        	10          	2.193       	0.6315      	0.5981      	0.5971      
4895        	10          	2.18        	0.6329      	0.5996      	0.6015      
4900        	10          	2.183       	0.63        	0.6015      	0.5954      
4905        	10          	2.175       	0.6281      	0.6013      	0.593       
4910        	10          	2.205       	0.6262      	0.6011      	0.5877      
4915        	10          	2.158       	0.6303      	0.6043      	0.5823      
4920        	10          	2.182       	0.6221      	0.6001      	0.5807      
4925        	10          	2.198       	0.6192      	0.5966      	0.5835      
4930        	10          	2.177       	0.6187      	0.5958      	0.5861      
4935        	10          	2.157       	0.6307      	0.5989      	0.5903      
4940        	10          	2.177       	0.626       	0.6002      	0.5877      
4945        	10          	2.172       	0.6283      	0.5974      	0.5836      
4950        	10          	2.163       	0.6325      	0.6003      	0.5933      
4955        	10          	2.16        	0.628       	0.6015      	0.5872      
4960        	10          	2.16        	0.6321      	0.6041      	0.5909      
4965        	10          	2.157       	0.6314      	0.6013      	0.597       
4970        	10          	2.152       	0.6332      	0.6057      	0.5927      
4975        	10          	2.19        	0.6357      	0.6015      	0.5969      
4980        	10          	2.162       	0.6278      	0.6097      	0.5916      
4985        	10          	2.142       	0.6351      	0.6112      	0.5975      
4990        	10          	2.162       	0.6322      	0.613       	0.6015      
4995        	10          	2.15        	0.6369      	0.6197      	0.6053      
5000        	10          	2.14        	0.6421      	0.6281      	0.6195      
