generation  	alive.rpl   	n.adlt.rs   	n.adlt.fst.wc_p1-2	n.adlt.fst.wc_p1-3	n.adlt.fst.wc_p2-3
5           	10          	0.016       	1.208e-06   	4.025e-06   	1.612e-06   
10          	10          	0.01024     	7.133e-06   	1.659e-06   	2.895e-06   
15          	10          	0.06412     	2.041e-05   	1.105e-05   	7.015e-06   
20          	10          	0.03701     	2.508e-05   	3.14e-05    	4.01e-06    
25          	10          	0.07973     	3.253e-05   	1.391e-05   	2.416e-05   
30          	10          	0.07202     	1.757e-05   	2.631e-05   	2.09e-05    
35          	10          	0.05152     	8.459e-06   	2.756e-05   	1.699e-05   
40          	10          	0.09675     	1.803e-05   	3.553e-05   	2.128e-05   
45          	10          	0.08679     	1.87e-05    	2.742e-05   	1.627e-05   
50          	10          	0.08332     	2.909e-05   	1.705e-05   	2.602e-05   
55          	10          	0.0945      	2.961e-05   	4.457e-05   	4.051e-05   
60          	10          	0.08362     	1.968e-05   	7.002e-05   	1.327e-05   
65          	10          	0.06028     	1.362e-05   	3.28e-05    	3.942e-05   
70          	10          	0.09743     	2.217e-05   	4.154e-05   	2.257e-05   
75          	10          	0.07273     	2.485e-05   	6.576e-05   	2.512e-05   
80          	10          	0.05823     	1.29e-05    	3.148e-05   	4.021e-05   
85          	10          	0.0493      	6.092e-05   	0.0001116   	2.613e-05   
90          	10          	0.08111     	3.696e-05   	7.223e-05   	2.078e-05   
95          	10          	0.07217     	2.934e-05   	3.714e-05   	1.957e-05   
100         	10          	0.09054     	3.115e-05   	4.203e-05   	5.061e-05   
105         	10          	0.08234     	5.197e-05   	5.954e-05   	6.916e-06   
110         	10          	0.05064     	3.802e-05   	4.011e-05   	6.83e-05    
115         	10          	0.08566     	2.088e-05   	8.767e-05   	2.219e-05   
120         	10          	0.09962     	2.545e-05   	4.941e-05   	4.344e-05   
125         	10          	0.08739     	7.91e-05    	0.0001491   	1.581e-05   
130         	10          	0.1284      	2.84e-05    	9.656e-05   	2.243e-05   
135         	10          	0.1027      	4.879e-05   	2.425e-05   	3.471e-05   
140         	10          	0.1439      	4.057e-05   	8.575e-05   	4.059e-05   
145         	10          	0.1741      	8.504e-05   	9.116e-05   	2.594e-05   
150         	10          	0.2035      	5.28e-05    	6.043e-05   	5.891e-05   
155         	10          	0.2135      	4.198e-05   	8.301e-05   	5.027e-05   
160         	10          	0.1267      	4.176e-05   	6.091e-05   	3.361e-05   
165         	10          	0.1928      	5.657e-05   	0.0001939   	3.179e-05   
170         	10          	0.1806      	5.637e-05   	0.0001226   	5.897e-05   
175         	10          	0.1765      	6.601e-05   	0.0001017   	6.309e-05   
180         	10          	0.1292      	0.0001398   	8.455e-05   	9.284e-05   
185         	10          	0.08241     	5.096e-05   	4.882e-05   	1.734e-05   
190         	10          	0.1079      	2.035e-05   	3.418e-05   	5.056e-05   
195         	10          	0.1374      	2.979e-05   	8.069e-05   	2.27e-05    
200         	10          	0.1652      	4.816e-05   	0.0001625   	8.442e-05   
205         	10          	0.1753      	2.843e-05   	3.082e-05   	2.167e-05   
210         	10          	0.1093      	6.387e-05   	6.431e-05   	3.742e-05   
215         	10          	0.1639      	0.0001154   	5.47e-05    	5.736e-05   
220         	10          	0.2002      	8.119e-05   	4.409e-05   	5.779e-05   
225         	10          	0.221       	4.526e-05   	9.942e-05   	3.743e-05   
230         	10          	0.2481      	9.83e-05    	0.0002126   	7.379e-05   
235         	10          	0.1522      	0.0001162   	0.0001697   	1.657e-05   
240         	10          	0.1381      	0.0001761   	0.0002185   	7.642e-05   
245         	10          	0.1495      	7.898e-05   	0.0001165   	7.667e-05   
250         	10          	0.1446      	0.0001039   	0.0001621   	4.774e-05   
255         	10          	0.1577      	9.392e-05   	0.000158    	7.782e-05   
260         	10          	0.09623     	2.627e-05   	5.307e-05   	4.199e-05   
265         	10          	0.1011      	8.826e-05   	0.0002164   	2.236e-05   
270         	10          	0.1261      	5.128e-05   	0.0002001   	3.903e-05   
275         	10          	0.07071     	3.696e-05   	0.000114    	3.609e-05   
280         	10          	0.112       	9.3e-05     	0.000157    	3.153e-05   
285         	10          	0.143       	4.965e-05   	0.0002296   	9.901e-05   
290         	10          	0.09182     	3.302e-05   	0.0001459   	3.419e-05   
295         	10          	0.08603     	0.0001487   	0.0001651   	8.19e-05    
300         	10          	0.09279     	0.0001048   	0.0001043   	9.71e-05    
305         	10          	0.09301     	7.697e-05   	0.0001114   	2.321e-05   
310         	10          	0.1129      	0.0001028   	0.000235    	0.0001472   
315         	10          	0.142       	8.647e-05   	7.493e-05   	4.286e-05   
320         	10          	0.1085      	5.136e-05   	9.855e-05   	2.478e-05   
325         	10          	0.1274      	6.93e-05    	7.75e-05    	7.39e-05    
330         	10          	0.1247      	3.683e-05   	0.0002002   	7.617e-05   
335         	10          	0.1231      	1.54e-05    	0.0002582   	3.754e-05   
340         	10          	0.1028      	4.795e-05   	9.334e-05   	3.901e-05   
345         	10          	0.09607     	6.923e-05   	0.0002165   	7.431e-05   
350         	10          	0.06639     	5.693e-05   	7.845e-05   	9.261e-05   
355         	10          	0.05908     	7.565e-05   	0.0002091   	0.0001142   
360         	10          	0.08269     	0.0001135   	0.0002024   	2.311e-05   
365         	10          	0.08502     	7.208e-05   	0.000201    	4.608e-05   
370         	10          	0.0845      	7.338e-05   	0.0001525   	5.973e-05   
375         	10          	0.08756     	4.683e-05   	0.0001373   	0.0001      
380         	10          	0.07645     	7.159e-05   	0.0001942   	0.0001269   
385         	10          	0.1197      	8.697e-05   	7.913e-05   	3.898e-05   
390         	10          	0.08362     	6.405e-05   	9.208e-05   	2.501e-05   
395         	10          	0.06216     	9.945e-05   	5.681e-05   	4.079e-05   
400         	10          	0.07047     	0.0001289   	0.0001391   	8.298e-05   
405         	10          	0.1297      	5.643e-05   	0.000112    	7.987e-05   
410         	10          	0.0784      	8.099e-05   	0.0001814   	4.521e-05   
415         	10          	0.1042      	8.712e-05   	0.0001175   	8.45e-05    
420         	10          	0.109       	7.69e-05    	0.0001693   	7.611e-05   
425         	10          	0.09027     	5.146e-05   	3.711e-05   	2.676e-05   
430         	10          	0.07507     	5.615e-05   	0.0001354   	0.0001064   
435         	10          	0.1138      	2.635e-05   	0.0001102   	0.0001841   
440         	10          	0.09573     	0.0001747   	0.0001241   	8.973e-05   
445         	10          	0.1446      	4.883e-05   	6.715e-05   	1.577e-05   
450         	10          	0.1443      	4.616e-05   	9.233e-05   	5.959e-05   
455         	10          	0.1447      	5.009e-05   	6.761e-05   	1.771e-05   
460         	10          	0.1323      	6.394e-05   	0.0001248   	0.0001167   
465         	10          	0.1206      	3.636e-05   	0.0001955   	6.569e-05   
470         	10          	0.1198      	6.023e-05   	6.041e-05   	5.952e-05   
475         	10          	0.1583      	3.307e-05   	9.125e-05   	4.559e-05   
480         	10          	0.1209      	6.067e-05   	0.0001744   	6.905e-05   
485         	10          	0.1224      	6.331e-05   	7.378e-05   	0.0001349   
490         	10          	0.1271      	6.109e-05   	0.0001367   	6.872e-05   
495         	10          	0.1097      	5.345e-05   	4.17e-05    	9.064e-05   
500         	10          	0.1357      	3.435e-05   	3.249e-05   	0.0001016   
505         	10          	0.1362      	0.0001087   	0.0003116   	0.0001257   
510         	10          	0.1361      	0.0001081   	7.227e-05   	2.684e-05   
515         	10          	0.09385     	7.246e-05   	7.574e-05   	9.258e-05   
520         	10          	0.1147      	8.288e-05   	0.0002428   	6.074e-05   
525         	10          	0.171       	8.679e-05   	0.000259    	8.14e-05    
530         	10          	0.146       	5.661e-05   	0.000154    	4.78e-05    
535         	10          	0.1477      	6.352e-05   	8.926e-06   	8.018e-05   
540         	10          	0.1153      	4.71e-05    	0.0001237   	6.402e-05   
545         	10          	0.1479      	3.378e-05   	0.0001326   	8.756e-05   
550         	10          	0.1435      	0.0001059   	0.0001065   	0.0001836   
555         	10          	0.1775      	7.667e-05   	0.0001689   	0.0001106   
560         	10          	0.1208      	9.825e-05   	0.0003933   	8.314e-05   
565         	10          	0.1457      	6.549e-05   	0.0002403   	8.434e-05   
570         	10          	0.1162      	7.477e-05   	0.0001296   	4.965e-05   
575         	10          	0.1238      	4.312e-05   	0.0002196   	7.198e-05   
580         	10          	0.128       	9.021e-05   	0.0001344   	0.0001187   
585         	10          	0.139       	4.576e-05   	0.0002765   	5.168e-05   
590         	10          	0.1211      	2.659e-05   	0.0001043   	7.603e-05   
595         	10          	0.1587      	1.751e-05   	6.457e-05   	7.584e-05   
600         	10          	0.1451      	0.0001106   	0.0001355   	9.138e-05   
605         	10          	0.09425     	9.83e-05    	5.437e-05   	7.817e-05   
610         	10          	0.1701      	5.887e-05   	0.0001508   	3.885e-05   
615         	10          	0.1194      	4.668e-05   	0.0002462   	7.421e-05   
620         	10          	0.09556     	0.0001229   	0.0001488   	4.341e-05   
625         	10          	0.08944     	0.000151    	0.0001628   	7.002e-05   
630         	10          	0.1119      	0.0001202   	5.498e-05   	0.0001285   
635         	10          	0.06791     	3.659e-05   	0.0002602   	8.137e-05   
640         	10          	0.05022     	5.961e-05   	0.0002404   	5.417e-05   
645         	10          	0.06804     	0.00012     	0.0002261   	7.694e-05   
650         	10          	0.05522     	4.883e-05   	0.0003303   	7.556e-05   
655         	10          	0.051       	6.421e-05   	0.0001989   	6.639e-05   
660         	10          	0.0403      	0.0001546   	0.0005901   	8.432e-05   
665         	10          	0.05566     	0.0001193   	0.0002881   	2.2e-05     
670         	10          	0.07054     	6.271e-05   	0.0002373   	3.82e-05    
675         	10          	0.05286     	0.0001605   	0.0001366   	5.626e-05   
680         	10          	0.05927     	0.000211    	0.0004455   	9.086e-05   
685         	10          	0.03689     	5.046e-05   	0.00037     	0.0001353   
690         	10          	0.0493      	0.000122    	0.0001933   	0.0001434   
695         	10          	0.05794     	0.000139    	0.0002769   	0.0001038   
700         	10          	0.04534     	5.469e-05   	0.0002033   	0.0001049   
705         	10          	0.04411     	9.371e-05   	0.0001988   	0.0001188   
710         	10          	0.07162     	2.722e-05   	0.0001122   	7.605e-05   
715         	10          	0.0634      	3.191e-05   	0.0002304   	0.0001867   
720         	10          	0.03771     	0.0001393   	0.0002305   	5.352e-05   
725         	10          	0.04758     	8.97e-05    	0.0001496   	4.955e-05   
730         	10          	0.04257     	2.258e-05   	0.0001204   	5.512e-05   
735         	10          	0.04808     	0.0001306   	0.0002043   	8.369e-05   
740         	10          	0.04146     	0.0001192   	0.0002203   	3.573e-05   
745         	10          	0.03132     	0.0001039   	0.0002412   	0.000109    
750         	10          	0.04486     	0.0001282   	0.0001811   	3.871e-05   
755         	10          	0.05014     	0.0001113   	0.0002626   	0.0001021   
760         	10          	0.04678     	3.099e-05   	0.0001374   	3.658e-05   
765         	10          	0.03801     	4.233e-05   	0.0001263   	0.0001003   
770         	10          	0.05078     	9.259e-05   	0.000165    	8.164e-05   
775         	10          	0.04506     	3.936e-05   	7.757e-05   	9.06e-05    
780         	10          	0.03289     	5.277e-05   	0.0001111   	7.43e-05    
785         	10          	0.03097     	5.626e-05   	0.0002652   	0.0001481   
790         	10          	0.03434     	5.075e-05   	0.0001467   	0.0001235   
795         	10          	0.05711     	0.0001044   	0.0002837   	5.611e-05   
800         	10          	0.0656      	9.438e-05   	0.0002745   	9.228e-05   
805         	10          	0.05686     	5.914e-05   	0.0002088   	0.0001346   
810         	10          	0.04488     	8.42e-05    	0.0002592   	0.0001406   
815         	10          	0.03578     	0.000121    	0.0002109   	0.0001576   
820         	10          	0.04771     	7.383e-05   	0.0001039   	0.0001165   
825         	10          	0.05614     	9.989e-05   	0.0001717   	0.0001509   
830         	10          	0.07973     	3.869e-05   	4.718e-05   	8.703e-05   
835         	10          	0.0678      	7.532e-05   	0.0002507   	9.092e-05   
840         	10          	0.07306     	9.984e-05   	0.0003198   	0.0001012   
845         	10          	0.1031      	0.0001225   	0.0002611   	8.11e-05    
850         	10          	0.07536     	4.616e-05   	0.0002832   	6.263e-05   
855         	10          	0.08196     	3.019e-05   	0.0004457   	9.746e-05   
860         	10          	0.06744     	0.0001105   	0.0002583   	0.0002288   
865         	10          	0.06112     	0.0001693   	0.0001522   	5.899e-05   
870         	10          	0.0884      	0.0001005   	0.0001126   	0.0001365   
875         	10          	0.1058      	7.309e-05   	0.000213    	5.486e-05   
880         	10          	0.1076      	0.0001232   	0.0002051   	0.0001157   
885         	10          	0.075       	9.847e-05   	0.0003592   	9.624e-05   
890         	10          	0.1031      	0.0001017   	0.0003849   	4.599e-05   
895         	10          	0.09551     	0.000135    	0.0004119   	6.192e-05   
900         	10          	0.104       	6.519e-05   	0.0004101   	5.893e-05   
905         	10          	0.09179     	0.0001124   	0.0002616   	7.502e-05   
910         	10          	0.08195     	0.000135    	0.0003275   	6.136e-06   
915         	10          	0.06829     	0.0001103   	0.0001632   	5.681e-05   
920         	10          	0.05604     	8.279e-05   	0.0002283   	3.638e-05   
925         	10          	0.0684      	5.911e-05   	9.063e-05   	3.382e-05   
930         	10          	0.09143     	0.0001611   	0.0001438   	4.476e-05   
935         	10          	0.07368     	0.0001603   	0.0001718   	9.086e-05   
940         	10          	0.09702     	4.587e-05   	0.0001473   	7.878e-05   
945         	10          	0.09389     	5.08e-05    	0.0001034   	0.0001571   
950         	10          	0.06739     	5.384e-05   	0.0001795   	2.348e-05   
955         	10          	0.07693     	0.0001021   	0.0001002   	7.993e-05   
960         	10          	0.075       	4.685e-05   	0.0001791   	7.085e-05   
965         	10          	0.06654     	4.359e-05   	0.0001277   	0.0001066   
970         	10          	0.06885     	9.891e-05   	0.0001799   	9.419e-05   
975         	10          	0.06219     	8.765e-05   	0.0001935   	5.144e-05   
980         	10          	0.05903     	7.166e-05   	0.0002031   	0.0002549   
985         	10          	0.07304     	0.0001047   	0.0001378   	4.653e-05   
990         	10          	0.07562     	0.0001158   	9.922e-05   	6.532e-05   
995         	10          	0.05217     	0.0001685   	0.0001595   	0.0001583   
1000        	10          	0.06547     	6.052e-05   	0.0001993   	6.606e-05   
1005        	10          	0.0678      	0.0001187   	0.000184    	0.0001157   
1010        	10          	0.06701     	0.0001091   	0.0004053   	0.0001247   
1015        	10          	0.06141     	4.93e-05    	0.0001734   	4.52e-05    
1020        	10          	0.05507     	4.051e-05   	0.0001892   	0.0001809   
1025        	10          	0.04354     	0.0001252   	3.845e-05   	6.635e-05   
1030        	10          	0.05946     	0.0001208   	0.0002362   	0.000151    
1035        	10          	0.05723     	4.226e-05   	0.0001449   	4.001e-05   
1040        	10          	0.04675     	7.193e-05   	0.0002445   	0.0001231   
1045        	10          	0.05732     	5.831e-05   	0.000102    	0.0002692   
1050        	10          	0.067       	5.803e-05   	6.65e-05    	8.851e-05   
1055        	10          	0.04446     	5.294e-05   	0.0001995   	8.073e-05   
1060        	10          	0.06749     	0.0001085   	0.0002263   	7.243e-05   
1065        	10          	0.06729     	0.0001031   	0.000248    	0.0001264   
1070        	10          	0.07091     	6.302e-05   	0.0001539   	0.0001358   
1075        	10          	0.04568     	5.044e-05   	0.0001383   	0.0002122   
1080        	10          	0.04712     	0.0001069   	0.000102    	0.0001142   
1085        	10          	0.04006     	6.865e-05   	0.0002262   	7.666e-05   
1090        	10          	0.05949     	9.852e-05   	0.0001458   	0.0001569   
1095        	10          	0.04296     	8.934e-05   	0.0002488   	7.769e-05   
1100        	10          	0.04368     	5.703e-05   	0.0002473   	0.0001923   
1105        	10          	0.0689      	8.858e-05   	0.0004047   	0.0001125   
1110        	10          	0.05782     	9.501e-05   	0.000416    	7.312e-05   
1115        	10          	0.08997     	8.476e-05   	0.0001375   	2.609e-05   
1120        	10          	0.08161     	6.999e-05   	7.081e-05   	0.0001079   
1125        	10          	0.08907     	8.298e-05   	0.0003237   	5.333e-05   
1130        	10          	0.1013      	5.333e-05   	0.0002768   	0.0002055   
1135        	10          	0.06662     	4.873e-05   	0.0002844   	0.0001972   
1140        	10          	0.07427     	0.0001118   	0.0003568   	5.528e-05   
1145        	10          	0.0748      	5.148e-05   	0.0001568   	0.000142    
1150        	10          	0.08697     	9.891e-05   	0.0001219   	0.0001108   
1155        	10          	0.08818     	5.045e-05   	0.0002276   	7.326e-05   
1160        	10          	0.06874     	3.049e-05   	0.0003629   	4.973e-05   
1165        	10          	0.08193     	7.657e-05   	0.0001417   	9.352e-05   
1170        	10          	0.08043     	0.0001227   	9.53e-05    	0.0001059   
1175        	10          	0.0626      	0.0001297   	0.0001429   	0.0001022   
1180        	10          	0.08522     	0.0001046   	0.0002875   	0.0001322   
1185        	10          	0.06597     	2.752e-05   	3.075e-05   	5.612e-05   
1190        	10          	0.08979     	0.0001714   	0.0001606   	0.000149    
1195        	10          	0.08967     	0.0001831   	0.0003284   	9.202e-05   
1200        	10          	0.07889     	7.014e-05   	0.0001172   	0.0001035   
1205        	10          	0.07428     	3.562e-05   	0.000205    	9.925e-05   
1210        	10          	0.09478     	5.501e-05   	0.0001903   	8.475e-05   
1215        	10          	0.09399     	9.479e-05   	9.086e-05   	6.616e-05   
1220        	10          	0.06569     	9.574e-05   	9.494e-05   	9.568e-05   
1225        	10          	0.09093     	8.126e-05   	8.942e-05   	0.0001182   
1230        	10          	0.09162     	0.0001147   	0.00021     	8.338e-05   
1235        	10          	0.1021      	6.293e-05   	0.0003913   	0.000112    
1240        	10          	0.1157      	3.793e-05   	0.0002719   	7.255e-05   
1245        	10          	0.1004      	0.0001231   	0.0004057   	0.0003225   
1250        	10          	0.1002      	0.0001029   	0.0005333   	0.0001429   
1255        	10          	0.08684     	0.000131    	0.0006352   	5.869e-05   
1260        	10          	0.07027     	4.768e-05   	0.000255    	0.0001134   
1265        	10          	0.06445     	0.0001693   	0.000376    	3.876e-05   
1270        	10          	0.06006     	0.0001145   	0.0004168   	0.0001264   
1275        	10          	0.05997     	6.41e-05    	0.0001084   	3.492e-05   
1280        	10          	0.05454     	0.0001512   	0.0001528   	7.678e-05   
1285        	10          	0.07354     	6.106e-05   	0.0003797   	0.0001085   
1290        	10          	0.08732     	0.0001295   	0.0001432   	0.0001516   
1295        	10          	0.0496      	7.403e-05   	0.0001957   	0.0003181   
1300        	10          	0.07368     	0.0001244   	0.0001488   	0.0002118   
1305        	10          	0.06999     	0.0001786   	0.0004501   	2.781e-05   
1310        	10          	0.0616      	0.0003807   	0.0005626   	0.0001074   
1315        	10          	0.06758     	8.103e-05   	0.0005406   	0.0002583   
1320        	10          	0.062       	3.119e-05   	0.0001823   	0.0001255   
1325        	10          	0.06207     	5.625e-05   	0.0001837   	0.000218    
1330        	10          	0.05377     	7.285e-05   	0.0001726   	4.237e-05   
1335        	10          	0.05246     	9.507e-05   	0.0002441   	0.0001441   
1340        	10          	0.06217     	6.715e-05   	0.0002427   	6.357e-05   
1345        	10          	0.0511      	0.000136    	0.0002365   	2.82e-05    
1350        	10          	0.04978     	0.000237    	0.0002744   	7.311e-05   
1355        	10          	0.04196     	0.0002156   	0.0002867   	8.492e-05   
1360        	10          	0.04403     	0.0001055   	0.0001693   	6.497e-05   
1365        	10          	0.06961     	5.917e-05   	0.0004893   	9.361e-05   
1370        	10          	0.05179     	0.0001606   	0.0003722   	0.0001044   
1375        	10          	0.07368     	0.0001158   	0.0002936   	0.0001706   
1380        	10          	0.0519      	0.0001651   	0.0002138   	8.169e-05   
1385        	10          	0.05011     	3.346e-05   	0.0001335   	0.0001079   
1390        	10          	0.05024     	0.0001381   	0.0002438   	3.678e-05   
1395        	10          	0.04607     	4.209e-05   	6.405e-05   	0.000148    
1400        	10          	0.05834     	0.0001111   	6.156e-05   	0.000194    
1405        	10          	0.04671     	0.0001289   	0.0001227   	0.0001898   
1410        	10          	0.03056     	0.0001081   	6.904e-05   	0.0001029   
1415        	10          	0.04521     	0.0001354   	9.714e-05   	0.0001106   
1420        	10          	0.06134     	0.0001233   	0.0002946   	0.0001324   
1425        	10          	0.1011      	0.0001892   	0.0001335   	0.0001848   
1430        	10          	0.06632     	0.0001485   	0.0006809   	5.491e-05   
1435        	10          	0.04869     	0.0002379   	0.0007172   	8.509e-05   
1440        	10          	0.05297     	9.94e-05    	0.0003716   	0.0001639   
1445        	10          	0.06528     	0.0001106   	0.0001711   	8.044e-05   
1450        	10          	0.04932     	0.0001401   	0.0004285   	0.0001528   
1455        	10          	0.03364     	6.422e-05   	0.0002732   	0.0001169   
1460        	10          	0.04734     	6.071e-05   	0.0001219   	5.386e-05   
1465        	10          	0.0409      	8.212e-05   	0.0002131   	8.21e-05    
1470        	10          	0.04384     	6.359e-05   	0.0001093   	0.0001249   
1475        	10          	0.05434     	0.0001914   	0.0002292   	0.0001818   
1480        	10          	0.06414     	4.935e-05   	0.0002248   	0.0002179   
1485        	10          	0.05407     	8.293e-05   	0.0002094   	0.0001241   
1490        	10          	0.0645      	0.0001774   	0.0002128   	5.223e-05   
1495        	10          	0.05053     	0.0001203   	0.0001796   	0.0002085   
1500        	10          	0.03556     	8.976e-05   	0.0002158   	0.0001538   
1505        	10          	0.04436     	8.18e-05    	0.0004195   	8.868e-05   
1510        	10          	0.0491      	0.0001727   	0.0003308   	6.542e-05   
1515        	10          	0.05071     	7.506e-05   	0.0002724   	0.0002247   
1520        	10          	0.06358     	0.0001545   	0.0002745   	7.873e-05   
1525        	10          	0.06974     	4.961e-05   	0.000125    	5.231e-05   
1530        	10          	0.06251     	4.31e-05    	0.0004139   	0.0002601   
1535        	10          	0.04044     	5.799e-05   	0.0001568   	5.483e-05   
1540        	10          	0.0674      	8.488e-05   	0.0002257   	0.0001603   
1545        	10          	0.06971     	5.979e-05   	0.0001727   	6.364e-05   
1550        	10          	0.06504     	0.0001381   	0.000212    	7.127e-05   
1555        	10          	0.08738     	0.0001451   	0.0001122   	0.0001002   
1560        	10          	0.07591     	0.0001609   	5.665e-05   	6.796e-05   
1565        	10          	0.06493     	0.0001076   	0.0002094   	6.89e-05    
1570        	10          	0.07923     	0.0001928   	0.0002597   	5.551e-05   
1575        	10          	0.05841     	0.0002906   	0.0003241   	8.773e-05   
1580        	10          	0.04754     	7.721e-05   	0.000194    	9.302e-05   
1585        	10          	0.05016     	9.43e-05    	0.0002643   	0.0001486   
1590        	10          	0.04461     	6.476e-05   	0.0002923   	9.245e-05   
1595        	10          	0.05171     	0.0002028   	0.0002768   	6.129e-05   
1600        	10          	0.06729     	8.7e-05     	0.0003022   	8.488e-05   
1605        	10          	0.04889     	5.915e-05   	0.0003493   	0.0001416   
1610        	10          	0.03334     	5.327e-05   	0.0002444   	5.115e-05   
1615        	10          	0.0373      	0.0001302   	0.0002049   	4.138e-05   
1620        	10          	0.05678     	8.4e-05     	0.0002575   	5.455e-05   
1625        	10          	0.03506     	0.0001926   	0.0004189   	7.547e-05   
1630        	10          	0.06307     	0.0001281   	0.0002488   	0.0001105   
1635        	10          	0.06351     	0.0001074   	0.0003644   	9.247e-05   
1640        	10          	0.04849     	0.0001219   	0.00016     	0.0001533   
1645        	10          	0.05022     	0.0001496   	0.0002875   	9.923e-05   
1650        	10          	0.04588     	4.577e-05   	0.0001128   	8.721e-05   
1655        	10          	0.05673     	0.0001752   	0.0001695   	9.555e-05   
1660        	10          	0.03897     	0.0001624   	0.0002135   	0.0001071   
1665        	10          	0.0568      	0.0001266   	0.0004515   	8.307e-05   
1670        	10          	0.05556     	0.0001598   	0.0002414   	0.0001973   
1675        	10          	0.04169     	8.303e-05   	0.0001956   	0.0001057   
1680        	10          	0.05288     	8.192e-05   	0.0002642   	0.0001217   
1685        	10          	0.05432     	5.582e-05   	0.0001323   	8.917e-05   
1690        	10          	0.03897     	0.0001421   	0.0004374   	0.0001572   
1695        	10          	0.05289     	0.0001136   	0.0003365   	5.603e-05   
1700        	10          	0.02799     	0.0002374   	0.0004588   	5.239e-05   
1705        	10          	0.06062     	0.0002314   	0.0005262   	5.678e-05   
1710        	10          	0.05864     	0.0001899   	0.0003141   	8.271e-05   
1715        	10          	0.05443     	0.0001639   	0.0003981   	0.000142    
1720        	10          	0.05739     	4.751e-05   	0.0001351   	0.0001198   
1725        	10          	0.05146     	0.000109    	0.0003156   	8.304e-05   
1730        	10          	0.07299     	0.0001033   	0.0003565   	0.0001444   
1735        	10          	0.05491     	5.788e-05   	0.0001259   	0.0001852   
1740        	10          	0.05911     	6.596e-05   	0.0001874   	8.573e-05   
1745        	10          	0.05072     	0.0001058   	0.0001179   	8.966e-05   
1750        	10          	0.04562     	4.316e-05   	0.0002573   	0.0001708   
1755        	10          	0.03475     	6.22e-05    	0.0002916   	6.852e-05   
1760        	10          	0.04262     	5.9e-05     	0.0001269   	0.0001331   
1765        	10          	0.06799     	0.0001079   	0.0001222   	0.0001229   
1770        	10          	0.05216     	0.0001283   	0.00014     	5.128e-05   
1775        	10          	0.05011     	0.0001113   	0.0002517   	0.0002522   
1780        	10          	0.06169     	0.0001503   	0.0002607   	0.0002614   
1785        	10          	0.05779     	0.0001303   	0.0003047   	5.811e-05   
1790        	10          	0.04343     	7.161e-05   	0.0003014   	6.103e-05   
1795        	10          	0.04307     	8.973e-05   	0.0003154   	8.649e-05   
1800        	10          	0.04834     	0.0001256   	0.0003081   	6.703e-05   
1805        	10          	0.0723      	0.0001269   	0.0003204   	0.0001229   
1810        	10          	0.05184     	0.00019     	0.0003802   	0.0001081   
1815        	10          	0.03858     	0.0001172   	0.0003093   	9.296e-05   
1820        	10          	0.0454      	0.0002015   	0.000455    	0.0001339   
1825        	10          	0.07017     	0.0001548   	0.0002612   	0.0001373   
1830        	10          	0.03493     	9.609e-05   	0.0003768   	0.000145    
1835        	10          	0.05652     	4.313e-05   	0.0001769   	0.0001942   
1840        	10          	0.04532     	0.0001114   	0.0002425   	5.498e-05   
1845        	10          	0.03322     	9.658e-05   	0.0002875   	0.0001301   
1850        	10          	0.05004     	6.57e-05    	0.0002265   	0.0001047   
1855        	10          	0.03718     	0.0001352   	0.0003579   	0.0001452   
1860        	10          	0.06589     	0.0001931   	0.0002583   	9.232e-05   
1865        	10          	0.06312     	0.0002055   	0.0006546   	7.874e-05   
1870        	10          	0.02275     	0.0002044   	0.0003483   	0.0002341   
1875        	10          	0.02991     	7.159e-05   	0.0002138   	8.164e-05   
1880        	10          	0.03223     	0.0001603   	0.0002695   	0.0001292   
1885        	10          	0.03443     	7.708e-05   	0.0001986   	0.0001108   
1890        	10          	0.0335      	0.000241    	0.0002568   	0.0001074   
1895        	10          	0.0258      	6.426e-05   	0.0002322   	5.208e-05   
1900        	10          	0.02941     	0.0003084   	0.0002525   	7.505e-05   
1905        	10          	0.01457     	9.708e-05   	0.000557    	0.0001363   
1910        	10          	0.01919     	0.0001211   	0.0004221   	6.569e-05   
1915        	10          	0.01662     	5.002e-05   	0.000232    	4.47e-05    
1920        	10          	0.0125      	0.0001395   	0.0004108   	0.0001164   
1925        	10          	0.02019     	9.558e-05   	0.0003287   	0.0001451   
1930        	10          	0.02796     	4.759e-05   	0.0004302   	0.0002346   
1935        	10          	0.02218     	0.0003793   	0.0004965   	6.695e-05   
1940        	10          	0.01986     	0.0001197   	0.0003396   	9.17e-05    
1945        	10          	0.02286     	0.0001118   	0.0002248   	4.834e-05   
1950        	10          	0.02558     	0.0003419   	0.0003717   	8.915e-05   
1955        	10          	0.03222     	7.534e-05   	0.0002886   	0.0001339   
1960        	10          	0.02118     	0.0003448   	0.000541    	0.000241    
1965        	10          	0.0176      	0.0001217   	0.0004761   	0.0003105   
1970        	10          	0.01596     	0.0001362   	0.0002716   	0.0001326   
1975        	10          	0.02188     	0.0001682   	0.000314    	0.0001444   
1980        	10          	0.03068     	6.633e-05   	0.0003408   	0.0001506   
1985        	10          	0.04336     	5.132e-05   	0.0002574   	0.0003122   
1990        	10          	0.03038     	0.0001083   	0.0001612   	0.0002752   
1995        	10          	0.01825     	4.655e-05   	0.0001322   	0.0001965   
2000        	10          	0.02806     	7.585e-05   	0.0001715   	0.0001441   
2005        	10          	0.02902     	9.742e-05   	0.0001122   	0.0001659   
2010        	10          	0.03275     	7.158e-05   	0.000109    	5.025e-05   
2015        	10          	0.04018     	7.965e-05   	0.0001315   	0.0001366   
2020        	10          	0.0469      	5.07e-05    	0.0002552   	0.000111    
2025        	10          	0.03538     	6.124e-05   	0.0003061   	0.0001024   
2030        	10          	0.04206     	5.188e-05   	0.0005331   	8.064e-05   
2035        	10          	0.06339     	0.0001555   	0.0001461   	1.753e-05   
2040        	10          	0.04972     	0.0003304   	0.0002298   	8.978e-05   
2045        	10          	0.07639     	5.453e-05   	0.0002169   	9.017e-05   
2050        	10          	0.06199     	4.529e-05   	0.0002853   	4.263e-05   
2055        	10          	0.06878     	9.428e-05   	0.0001872   	0.0001628   
2060        	10          	0.04947     	6.283e-05   	0.0002099   	0.0003323   
2065        	10          	0.04956     	0.000109    	0.0001327   	7.606e-05   
2070        	10          	0.05873     	0.0001867   	0.0005218   	0.0001697   
2075        	10          	0.04025     	0.0001098   	0.0001846   	5.497e-05   
2080        	10          	0.04523     	3.769e-05   	0.0001587   	9.216e-05   
2085        	10          	0.03916     	8.537e-05   	0.0001534   	4.85e-05    
2090        	10          	0.0244      	8.436e-05   	0.0001272   	0.0001765   
2095        	10          	0.04619     	9.102e-05   	5.131e-05   	8.182e-05   
2100        	10          	0.03736     	0.0001144   	0.0002382   	9.564e-05   
2105        	10          	0.01971     	5.459e-05   	0.0001507   	7.706e-05   
2110        	10          	0.01373     	8.72e-05    	0.000162    	9.973e-05   
2115        	10          	0.02472     	0.0001104   	0.0003513   	0.0003297   
2120        	10          	0.01604     	7.46e-05    	0.0002826   	0.000153    
2125        	10          	0.01707     	5.172e-05   	0.0001592   	3.969e-05   
2130        	10          	0.02604     	9.553e-05   	0.0001321   	0.0001045   
2135        	10          	0.03547     	9.935e-05   	0.0003223   	7.238e-05   
2140        	10          	0.04711     	7.25e-05    	8.809e-05   	7.832e-05   
2145        	10          	0.02357     	8.591e-05   	0.0001858   	6.303e-05   
2150        	10          	0.04595     	5.961e-05   	7.509e-05   	0.0001288   
2155        	10          	0.03696     	9.75e-05    	9.074e-05   	6.596e-05   
2160        	10          	0.04468     	0.0001128   	0.0001253   	0.0001428   
2165        	10          	0.04361     	0.0001999   	0.0003448   	9.269e-05   
2170        	10          	0.04361     	0.0002175   	0.0003439   	0.0001897   
2175        	10          	0.04358     	0.0001688   	0.0008455   	0.0001876   
2180        	10          	0.04106     	8.976e-05   	0.0004272   	0.0001976   
2185        	10          	0.04793     	3.983e-05   	0.0005614   	0.0001206   
2190        	10          	0.04369     	0.0001079   	0.000197    	0.0001505   
2195        	10          	0.03963     	3.591e-05   	0.0001798   	0.0001386   
2200        	10          	0.03803     	0.0001466   	0.0001657   	0.0001765   
2205        	10          	0.02745     	6.833e-05   	0.0002201   	0.0003306   
2210        	10          	0.03707     	0.0001332   	0.0002802   	0.0002171   
2215        	10          	0.02383     	0.0001298   	0.000179    	0.000173    
2220        	10          	0.03738     	7.58e-05    	0.000241    	8.949e-05   
2225        	10          	0.02367     	6.316e-05   	0.0002691   	5.58e-05    
2230        	10          	0.03651     	0.0001571   	0.0001962   	0.0001057   
2235        	10          	0.04651     	0.0001427   	0.0001656   	0.0001169   
2240        	10          	0.03854     	0.0001665   	0.0003482   	7.815e-05   
2245        	10          	0.04222     	4.55e-05    	0.0002414   	5.935e-05   
2250        	10          	0.02185     	8.187e-05   	0.0002301   	0.0001001   
2255        	10          	0.02969     	6.621e-05   	0.0003295   	2.511e-05   
2260        	10          	0.03307     	4.326e-05   	0.0003408   	0.0001697   
2265        	10          	0.02762     	0.0001551   	0.0005096   	3.795e-05   
2270        	10          	0.02847     	0.000134    	0.0001343   	0.0001269   
2275        	10          	0.0334      	0.0001497   	0.0001814   	0.0001428   
2280        	10          	0.03468     	0.0001219   	0.0001242   	0.0001486   
2285        	10          	0.03753     	0.0002169   	0.0002066   	0.0001718   
2290        	10          	0.03578     	0.0001895   	0.0001828   	0.0001448   
2295        	10          	0.02793     	0.0001158   	8.452e-05   	8.897e-05   
2300        	10          	0.01914     	6.844e-05   	0.0001923   	0.0001245   
2305        	10          	0.03539     	0.0002426   	0.0002207   	9.235e-05   
2310        	10          	0.03366     	9.361e-05   	0.0002259   	5.74e-05    
2315        	10          	0.02456     	3.45e-05    	0.0002342   	0.0001392   
2320        	10          	0.02449     	0.0002136   	0.000246    	0.000127    
2325        	10          	0.027       	6.085e-05   	5.633e-05   	0.0001379   
2330        	10          	0.01164     	0.0001674   	0.0001415   	7.596e-05   
2335        	10          	0.0204      	0.0001903   	0.0003985   	0.0001317   
2340        	10          	0.02017     	5.194e-05   	0.0001441   	0.000155    
2345        	10          	0.02014     	0.0001179   	0.0001751   	5.693e-05   
2350        	10          	0.02728     	8.332e-05   	0.0002022   	9.382e-05   
2355        	10          	0.03154     	0.000139    	0.0001646   	0.0001402   
2360        	10          	0.02807     	0.0001986   	0.0001298   	0.0001702   
2365        	10          	0.0313      	0.0002438   	9.919e-05   	0.0001257   
2370        	10          	0.03693     	0.0001127   	0.0001968   	2.821e-05   
2375        	10          	0.01973     	0.0001506   	0.0004417   	6.727e-05   
2380        	10          	0.02938     	0.0001004   	0.0004499   	0.0001885   
2385        	10          	0.02733     	0.000136    	0.0007306   	8.224e-05   
2390        	10          	0.02393     	0.0001253   	0.0003604   	0.0001227   
2395        	10          	0.03502     	5.351e-05   	0.0003133   	4.777e-05   
2400        	10          	0.02656     	3.162e-05   	0.0004063   	0.0001104   
2405        	10          	0.03291     	0.0002461   	0.00045     	7.928e-05   
2410        	10          	0.02807     	6.622e-05   	0.0001812   	0.0001015   
2415        	10          	0.04073     	5.881e-05   	0.0004954   	5.588e-05   
2420        	10          	0.04851     	0.0001009   	0.0004102   	0.0001285   
2425        	10          	0.02247     	0.0001356   	0.0002301   	6.784e-05   
2430        	10          	0.03518     	0.0001849   	0.0002197   	0.0001183   
2435        	10          	0.03478     	8.422e-05   	0.000413    	0.0002778   
2440        	10          	0.03782     	0.0002017   	8.404e-05   	0.0001313   
2445        	10          	0.0546      	9.092e-05   	0.0001603   	0.0001711   
2450        	10          	0.04641     	0.0002127   	0.000409    	0.0001158   
2455        	10          	0.05597     	7.937e-05   	0.0005676   	0.0001446   
2460        	10          	0.0346      	4.704e-05   	0.0001905   	5.993e-05   
2465        	10          	0.02984     	1.982e-05   	8.183e-05   	0.0001064   
2470        	10          	0.03151     	0.0001225   	0.0002783   	0.0001572   
2475        	10          	0.03307     	0.0001096   	0.0004981   	0.0001315   
2480        	10          	0.04154     	0.0001025   	0.0003983   	9.162e-05   
2485        	10          	0.05006     	0.000137    	0.0001121   	0.000103    
2490        	10          	0.03025     	0.0001042   	0.0002357   	0.0001427   
2495        	10          	0.05434     	4.173e-05   	0.0003331   	0.000152    
2500        	10          	0.06658     	8.329e-05   	0.0006361   	0.0001958   
2505        	10          	0.06673     	8.052e-05   	0.0003195   	0.0001622   
2510        	10          	0.05864     	0.000171    	0.0003178   	0.0001136   
2515        	10          	0.06322     	8.248e-05   	0.0001399   	0.0001888   
2520        	10          	0.05551     	0.0001175   	0.0002663   	8.327e-05   
2525        	10          	0.06656     	0.0001011   	0.0003168   	0.0002977   
2530        	10          	0.07577     	9.455e-05   	0.0005278   	8.617e-05   
2535        	10          	0.07941     	8.419e-05   	0.0003229   	0.0001176   
2540        	10          	0.06946     	0.0001404   	0.0002057   	0.0001174   
2545        	10          	0.06862     	0.000119    	0.0002696   	4.244e-05   
2550        	10          	0.07222     	0.0001202   	0.0005483   	0.0003355   
2555        	10          	0.0694      	8.124e-05   	0.0003479   	0.0002099   
2560        	10          	0.06289     	0.0002453   	0.0005026   	7.238e-05   
2565        	10          	0.06735     	9.744e-05   	0.0003174   	5.477e-05   
2570        	10          	0.06712     	9.077e-05   	0.0002216   	7.462e-05   
2575        	10          	0.07593     	0.000297    	0.0003428   	0.0002029   
2580        	10          	0.07056     	0.0001528   	0.0001198   	9.602e-05   
2585        	10          	0.06579     	5.613e-05   	0.0003193   	5.023e-05   
2590        	10          	0.05829     	0.0002071   	0.0001683   	0.0001429   
2595        	10          	0.06583     	0.0001061   	0.0005593   	0.0001389   
2600        	10          	0.06901     	0.0001739   	0.0002612   	5.447e-05   
2605        	10          	0.05708     	0.0002189   	0.0002537   	7.911e-05   
2610        	10          	0.0414      	0.0001176   	0.0004526   	5.989e-05   
2615        	10          	0.05185     	0.0001374   	0.0004092   	8.095e-05   
2620        	10          	0.03886     	9.038e-05   	0.0002432   	9.72e-05    
2625        	10          	0.0444      	7.331e-05   	0.0002952   	0.0001014   
2630        	10          	0.05308     	0.0001368   	0.0005122   	0.0002799   
2635        	10          	0.04611     	0.000124    	0.0001844   	8.827e-05   
2640        	10          	0.05732     	3.553e-05   	0.0001544   	8.806e-05   
2645        	10          	0.04589     	6.304e-05   	0.000231    	6.715e-05   
2650        	10          	0.05733     	7.169e-05   	0.0001026   	3.272e-05   
2655        	10          	0.05485     	0.0001626   	0.0001798   	6.201e-05   
2660        	10          	0.04683     	6.945e-05   	0.0002177   	9.035e-05   
2665        	10          	0.05127     	3.946e-05   	0.0003626   	0.0001472   
2670        	10          	0.04453     	0.0001502   	0.0002759   	7.486e-05   
2675        	10          	0.07211     	5.645e-05   	0.0003576   	5.924e-05   
2680        	10          	0.05247     	8.542e-05   	0.0002617   	0.0001418   
2685        	10          	0.04718     	9.671e-05   	0.000214    	9.758e-05   
2690        	10          	0.03873     	2.511e-05   	6.948e-05   	8.286e-05   
2695        	10          	0.04802     	0.0001024   	0.0002051   	0.0001242   
2700        	10          	0.06216     	0.0001042   	0.0002146   	0.0001231   
2705        	10          	0.05629     	0.0001537   	0.0001455   	5.676e-05   
2710        	10          	0.07439     	0.0001046   	0.0002481   	0.0001495   
2715        	10          	0.1043      	4.121e-05   	0.0001142   	0.0001618   
2720        	10          	0.06972     	7.59e-05    	0.0001248   	0.0001868   
2725        	10          	0.07386     	4.125e-05   	7.287e-05   	0.0001514   
2730        	10          	0.07669     	0.00011     	0.0002761   	2.213e-05   
2735        	10          	0.0773      	0.0001353   	0.0001472   	7.255e-05   
2740        	10          	0.04971     	0.0002018   	0.0001045   	3.315e-05   
2745        	10          	0.06149     	0.000122    	0.000118    	9.237e-05   
2750        	10          	0.06434     	4.254e-05   	6.339e-05   	0.0001317   
2755        	10          	0.06973     	7.151e-05   	0.0001326   	0.0001121   
2760        	10          	0.06686     	0.0001823   	0.0001161   	0.0001265   
2765        	10          	0.0603      	0.0001278   	0.0002701   	0.0001209   
2770        	10          	0.05162     	0.0001925   	0.0001398   	0.0001224   
2775        	10          	0.07046     	0.00025     	0.000282    	0.0002311   
2780        	10          	0.04375     	8.907e-05   	0.0001787   	0.0001336   
2785        	10          	0.06658     	0.0001371   	0.0004524   	6.475e-05   
2790        	10          	0.06984     	9.539e-05   	0.0004372   	0.0001247   
2795        	10          	0.07511     	6.875e-05   	0.0005042   	7.416e-05   
2800        	10          	0.07372     	0.0001071   	0.0003167   	0.0001811   
2805        	10          	0.04904     	9.84e-05    	0.0004426   	0.0002736   
2810        	10          	0.05501     	0.0001613   	0.000411    	0.0002783   
2815        	10          	0.04719     	0.0001821   	0.0003101   	0.0001264   
2820        	10          	0.0545      	9.304e-05   	0.000184    	0.0001176   
2825        	10          	0.0628      	0.0001803   	0.0002692   	8.283e-05   
2830        	10          	0.05728     	9.337e-05   	0.0001726   	0.0001142   
2835        	10          	0.07027     	5.5e-05     	0.0001582   	8.539e-05   
2840        	10          	0.0488      	8.815e-05   	4.347e-05   	0.0001704   
2845        	10          	0.05484     	9.196e-05   	0.0002748   	0.0001129   
2850        	10          	0.03957     	4.831e-05   	8.164e-05   	0.0002522   
2855        	10          	0.04643     	7.526e-05   	0.0002246   	7.984e-05   
2860        	10          	0.03951     	9.651e-05   	0.0002084   	0.0001576   
2865        	10          	0.04449     	0.0001752   	0.0003287   	0.0001405   
2870        	10          	0.02719     	8.846e-05   	0.0002912   	0.0001309   
2875        	10          	0.03507     	0.0001236   	0.0004025   	9.512e-05   
2880        	10          	0.04293     	0.0001446   	0.0003449   	5.08e-05    
2885        	10          	0.06084     	9.835e-05   	0.0002736   	0.0001346   
2890        	10          	0.0421      	0.0002018   	0.0002608   	6.266e-05   
2895        	10          	0.03691     	4.449e-05   	0.0001793   	4.891e-05   
2900        	10          	0.05004     	0.0001308   	0.0001448   	9.554e-05   
2905        	10          	0.03319     	5.225e-05   	0.0001489   	0.0001421   
2910        	10          	0.04086     	0.0002046   	0.0004869   	5.297e-05   
2915        	10          	0.05318     	0.0002293   	0.0003001   	6.422e-05   
2920        	10          	0.04229     	0.0002502   	0.0003047   	0.0002008   
2925        	10          	0.0406      	0.0001074   	0.0003378   	3.627e-05   
2930        	10          	0.04021     	0.0001832   	0.0004089   	4.371e-05   
2935        	10          	0.03046     	8.499e-05   	0.0003658   	0.0001715   
2940        	10          	0.03749     	0.0002068   	0.0002054   	9.468e-05   
2945        	10          	0.04004     	8.846e-05   	0.000261    	3.831e-05   
2950        	10          	0.03529     	4.704e-05   	0.00021     	4.064e-05   
2955        	10          	0.03249     	8.434e-05   	0.000327    	0.0001097   
2960        	10          	0.04617     	0.0002144   	0.0002654   	0.0001002   
2965        	10          	0.02186     	0.0001332   	0.0001092   	5.206e-05   
2970        	10          	0.02279     	0.0001283   	0.0003843   	5.883e-05   
2975        	10          	0.03817     	0.0003058   	0.0001455   	0.0001035   
2980        	10          	0.0229      	9.351e-05   	0.0002519   	0.0001877   
2985        	10          	0.03216     	8.893e-05   	0.0002394   	0.0001578   
2990        	10          	0.03        	0.0001933   	0.0002764   	0.000117    
2995        	10          	0.02368     	0.0001198   	0.0003105   	0.0001092   
3000        	10          	0.0335      	0.000119    	0.0003806   	0.0001388   
3005        	10          	0.03093     	0.0001337   	0.0005863   	0.0001818   
3010        	10          	0.03252     	0.0001347   	0.0002215   	9.475e-05   
3015        	10          	0.02882     	0.0001064   	0.0002926   	0.0001505   
3020        	10          	0.0329      	0.0001071   	0.0001227   	5.658e-05   
3025        	10          	0.01568     	0.0001114   	0.0001354   	2.864e-05   
3030        	10          	0.02054     	0.0001855   	0.0003129   	0.0001389   
3035        	10          	0.03116     	0.0003691   	0.0003802   	0.0001883   
3040        	10          	0.03016     	0.0002016   	0.0002897   	0.0001044   
3045        	10          	0.02775     	0.0001483   	0.0002557   	0.0001412   
3050        	10          	0.03136     	0.000113    	0.0002061   	0.0001095   
3055        	10          	0.02484     	6.883e-05   	0.0002172   	3.035e-05   
3060        	10          	0.02639     	0.0001339   	0.0003134   	0.0001586   
3065        	10          	0.02835     	0.0003545   	0.0002148   	7.695e-05   
3070        	10          	0.01219     	0.0003526   	0.0002685   	7.833e-05   
3075        	10          	0.02472     	0.0001338   	0.0004029   	9.03e-05    
3080        	10          	0.03428     	0.0001956   	0.0001917   	0.0002481   
3085        	10          	0.02318     	0.0001801   	0.000547    	0.0002179   
3090        	10          	0.02717     	0.000104    	0.0001355   	0.0001618   
3095        	10          	0.02445     	0.0003797   	0.0003802   	4.671e-05   
3100        	10          	0.01621     	0.0002415   	0.0002322   	3.035e-05   
3105        	10          	0.01245     	0.0001953   	0.0003484   	9.989e-05   
3110        	10          	0.01522     	0.0001587   	0.0002789   	5.348e-05   
3115        	10          	0.012       	0.0001877   	0.0003038   	0.0002325   
3120        	10          	0.006622    	0.0001657   	0.0001942   	5.281e-05   
3125        	10          	0.006669    	0.0001985   	0.0001803   	0.0001395   
3130        	10          	0.01508     	0.0001901   	0.000246    	5.617e-05   
3135        	10          	0.01389     	0.0001448   	0.0001467   	0.0001224   
3140        	10          	0.02164     	9.015e-05   	0.0001346   	0.0001201   
3145        	10          	0.01612     	0.0002119   	0.0002683   	0.0002425   
3150        	10          	0.02618     	8.288e-05   	8.28e-05    	0.0002099   
3155        	10          	0.02866     	9.396e-05   	0.0006018   	0.0002235   
3160        	10          	0.01956     	2.755e-05   	0.0002277   	0.0001873   
3165        	10          	0.03834     	8.621e-05   	0.0002893   	0.0002323   
3170        	10          	0.02923     	7.673e-05   	0.0002035   	6.478e-05   
3175        	10          	0.03666     	9.338e-05   	0.0001751   	6.695e-05   
3180        	10          	0.02803     	0.0001862   	0.0001654   	9.367e-05   
3185        	10          	0.02738     	0.0002169   	0.0002331   	7.252e-05   
3190        	10          	0.01378     	5.52e-05    	0.0002356   	6.172e-05   
3195        	10          	0.01634     	9.324e-05   	0.0001042   	3.275e-05   
3200        	10          	0.02849     	4.261e-05   	8.775e-05   	0.0001163   
3205        	10          	0.02468     	0.0001156   	0.000138    	0.0001192   
3210        	10          	0.02553     	0.000189    	0.0001902   	6.244e-05   
3215        	10          	0.02771     	0.0001513   	0.0002207   	0.0001234   
3220        	10          	0.02429     	0.0002011   	0.0002091   	9.37e-05    
3225        	10          	0.0286      	7.892e-05   	8.759e-05   	3.95e-05    
3230        	10          	0.01979     	0.0001236   	0.0001762   	0.0001121   
3235        	10          	0.01689     	0.0001007   	0.000329    	0.0001262   
3240        	10          	0.02252     	0.0001484   	0.0002617   	7.95e-05    
3245        	10          	0.01878     	0.0001037   	0.0003189   	6.969e-05   
3250        	10          	0.01347     	0.0001421   	0.0001646   	0.0003222   
3255        	10          	0.0111      	6.367e-05   	0.0002555   	0.0001268   
3260        	10          	0.02295     	9.986e-05   	0.0001781   	0.000197    
3265        	10          	0.0203      	9.67e-05    	0.0001757   	3.744e-05   
3270        	10          	0.03024     	0.0003129   	0.0005867   	0.0001013   
3275        	10          	0.02306     	0.0001099   	0.0002824   	9.397e-05   
3280        	10          	0.02817     	0.000103    	7.627e-05   	4.03e-05    
3285        	10          	0.04769     	0.000141    	0.0003012   	0.0001843   
3290        	10          	0.03623     	0.0001003   	0.000285    	0.0002051   
3295        	10          	0.04727     	8.218e-05   	0.0001339   	7.352e-05   
3300        	10          	0.03274     	0.0001667   	0.0002204   	0.00027     
3305        	10          	0.02886     	0.0002598   	0.0002798   	7.941e-05   
3310        	10          	0.04368     	0.0001421   	0.0003729   	0.0002128   
3315        	10          	0.04158     	7.158e-05   	0.0003077   	9.584e-05   
3320        	10          	0.0359      	0.0001501   	0.0002416   	0.0001539   
3325        	10          	0.03661     	0.0001997   	0.0002489   	6.371e-05   
3330        	10          	0.04045     	0.0002106   	0.0003506   	0.000145    
3335        	10          	0.0355      	0.0001138   	0.0001628   	3.29e-05    
3340        	10          	0.04191     	0.0001448   	0.000648    	9.316e-05   
3345        	10          	0.02891     	0.0001066   	0.0002573   	0.0002355   
3350        	10          	0.03913     	0.0001884   	0.0001604   	5.74e-05    
3355        	10          	0.05389     	0.0003148   	0.0002084   	3.041e-05   
3360        	10          	0.06318     	0.0001608   	0.0002371   	2.091e-05   
3365        	10          	0.06161     	7.819e-05   	0.0001935   	0.0001124   
3370        	10          	0.03458     	0.0001409   	0.0003512   	0.0002294   
3375        	10          	0.05111     	0.0001476   	0.0006343   	0.0001548   
3380        	10          	0.05238     	0.0001508   	0.0004138   	0.000226    
3385        	10          	0.04261     	6.828e-05   	0.0003845   	0.000314    
3390        	10          	0.04735     	0.000176    	0.0003935   	7.738e-05   
3395        	10          	0.03586     	6.521e-05   	0.0002599   	5.44e-05    
3400        	10          	0.05204     	0.0002214   	0.0001201   	0.000133    
3405        	10          	0.03358     	0.0001627   	0.0003528   	0.0003049   
3410        	10          	0.04725     	4.495e-05   	0.0003344   	0.0002802   
3415        	10          	0.03523     	0.0001069   	0.0005354   	0.0001329   
3420        	10          	0.02145     	0.0002363   	0.0003082   	0.0002074   
3425        	10          	0.02738     	9.951e-05   	0.0007333   	0.000228    
3430        	10          	0.01872     	0.0001326   	0.0004561   	0.000255    
3435        	10          	0.01817     	0.0002459   	0.000321    	9.887e-05   
3440        	10          	0.01217     	0.0002653   	0.0004512   	0.0002579   
3445        	10          	0.0154      	0.0002305   	0.0006773   	0.0001383   
3450        	10          	0.01778     	0.0001447   	0.0007554   	0.0001114   
3455        	10          	0.01629     	7.836e-05   	0.0002005   	0.0001912   
3460        	10          	0.01182     	0.0001109   	0.0001717   	0.0001384   
3465        	10          	0.01304     	0.000325    	0.0003997   	0.0003387   
3470        	10          	0.01096     	0.0001114   	0.0003716   	0.0001556   
3475        	10          	0.01467     	0.0001383   	0.0002642   	8.54e-05    
3480        	10          	0.02107     	9.283e-05   	0.0001598   	0.0001395   
3485        	10          	0.01617     	0.0001638   	0.0004822   	0.0002023   
3490        	10          	0.01182     	6.756e-05   	0.0001716   	0.0003011   
3495        	10          	0.008878    	8.85e-05    	0.0002065   	4.938e-05   
3500        	10          	0.01057     	0.0001128   	0.0003746   	0.0001684   
3505        	10          	0.01393     	0.0002849   	0.0004296   	0.0001847   
3510        	10          	0.01354     	0.0001925   	0.0004798   	0.0001849   
3515        	10          	0.01312     	3.175e-05   	0.0002361   	8.543e-05   
3520        	10          	0.01584     	0.0001305   	0.000174    	0.0001362   
3525        	10          	0.02123     	0.0002566   	0.00036     	0.0002347   
3530        	10          	0.02361     	0.0001546   	0.0002152   	6.391e-05   
3535        	10          	0.01549     	0.0001452   	0.0001665   	9.109e-05   
3540        	10          	0.0186      	0.0002018   	0.0001088   	0.0001116   
3545        	10          	0.01278     	0.0001509   	0.0002415   	7.171e-05   
3550        	10          	0.02268     	7.931e-05   	0.0001634   	7.463e-05   
3555        	10          	0.02396     	8.559e-05   	0.0002632   	0.000169    
3560        	10          	0.02462     	0.000106    	0.0002997   	0.0002149   
3565        	10          	0.01917     	5.562e-05   	0.000105    	0.00019     
3570        	10          	0.02104     	7.035e-05   	0.0001626   	0.0002813   
3575        	10          	0.02891     	3.338e-05   	0.0001686   	0.0001152   
3580        	10          	0.02034     	0.0001578   	0.0002083   	0.000142    
3585        	10          	0.03202     	8.925e-05   	0.0002446   	0.0001005   
3590        	10          	0.03293     	0.000103    	0.0002335   	0.0002441   
3595        	10          	0.03589     	5.751e-05   	0.0001783   	0.0001102   
3600        	10          	0.04223     	0.0001031   	0.000256    	0.0001223   
3605        	10          	0.04306     	8.458e-05   	0.0002738   	7.327e-05   
3610        	10          	0.03618     	0.0001441   	8.95e-05    	0.000149    
3615        	10          	0.03303     	9.688e-05   	0.000143    	8.37e-05    
3620        	10          	0.03534     	0.0001275   	0.0001799   	0.0001827   
3625        	10          	0.04288     	0.0001602   	0.0002181   	0.0001303   
3630        	10          	0.03939     	5.24e-05    	3.85e-05    	4.634e-05   
3635        	10          	0.05618     	0.0001813   	0.0003943   	0.0003138   
3640        	10          	0.0565      	0.0001156   	0.0003821   	4.054e-05   
3645        	10          	0.04056     	0.0001041   	0.0001436   	0.0002143   
3650        	10          	0.04773     	0.0001815   	0.0001546   	0.0001042   
3655        	10          	0.04321     	0.0001693   	0.0003048   	3.926e-05   
3660        	10          	0.0505      	3.123e-05   	0.0001924   	9.366e-05   
3665        	10          	0.04586     	7.584e-05   	0.0002726   	0.0002092   
3670        	10          	0.03636     	3.628e-05   	0.0002795   	6.963e-05   
3675        	10          	0.03162     	0.0001317   	0.0003022   	7.898e-05   
3680        	10          	0.01489     	9.578e-05   	0.0001554   	6.374e-05   
3685        	10          	0.02873     	8.397e-05   	0.0001373   	2.93e-05    
3690        	10          	0.035       	4.517e-05   	0.0001548   	2.179e-05   
3695        	10          	0.03184     	0.0001393   	0.0001388   	7.1e-05     
3700        	10          	0.03834     	0.0001754   	0.0003161   	0.0002331   
3705        	10          	0.02407     	0.0001655   	0.0004496   	7.336e-05   
3710        	10          	0.03339     	0.0001268   	0.0004112   	0.0002719   
3715        	10          	0.02161     	0.0001489   	0.0003316   	0.0003103   
3720        	10          	0.04073     	9.005e-05   	0.0002055   	0.0001554   
3725        	10          	0.03456     	4.315e-05   	0.0002038   	3.884e-05   
3730        	10          	0.02317     	5.771e-05   	0.0002408   	0.0001116   
3735        	10          	0.03077     	8.04e-05    	0.0001561   	0.0001131   
3740        	10          	0.03607     	8.036e-05   	0.0003033   	9.656e-05   
3745        	10          	0.03618     	0.0001293   	6.595e-05   	6.029e-05   
3750        	10          	0.04149     	2.031e-05   	0.0003911   	9.586e-05   
3755        	10          	0.03995     	0.0001107   	0.0003013   	0.0001251   
3760        	10          	0.04513     	0.0002587   	0.0006371   	0.0001127   
3765        	10          	0.05379     	0.0001086   	0.0004135   	8.632e-05   
3770        	10          	0.05214     	8.941e-05   	0.0001972   	0.0001219   
3775        	10          	0.0624      	8.983e-05   	0.0001484   	6.572e-05   
3780        	10          	0.07127     	0.0001348   	0.0001664   	0.0001732   
3785        	10          	0.0639      	0.0002711   	0.0001166   	0.0002216   
3790        	10          	0.0679      	0.0002327   	0.0002224   	0.0003013   
3795        	10          	0.04161     	0.0001364   	0.0003977   	0.0002015   
3800        	10          	0.04318     	0.0001693   	0.0004579   	0.0001509   
3805        	10          	0.03822     	0.0001399   	0.0002442   	0.000163    
3810        	10          	0.02419     	0.0001322   	0.0004704   	3.865e-05   
3815        	10          	0.03764     	0.0001431   	0.0003934   	9.65e-05    
3820        	10          	0.04169     	0.0002133   	0.0008325   	8.675e-05   
3825        	10          	0.03408     	0.0001186   	0.0007537   	0.0001175   
3830        	10          	0.0289      	0.0001789   	0.0009604   	0.0001464   
3835        	10          	0.04006     	6.537e-05   	0.0006033   	6.852e-05   
3840        	10          	0.03932     	4.293e-05   	0.0003724   	0.0002105   
3845        	10          	0.04284     	0.0001643   	0.0004584   	0.0001679   
3850        	10          	0.06211     	9.625e-05   	0.000213    	9.285e-05   
3855        	10          	0.03651     	0.0002116   	0.0002534   	6.48e-05    
3860        	10          	0.04767     	0.000265    	0.0003592   	8.167e-05   
3865        	10          	0.03743     	0.0001884   	0.0004516   	7.725e-05   
3870        	10          	0.0355      	0.0002817   	0.000242    	8.503e-05   
3875        	10          	0.05362     	8.566e-05   	0.0001106   	0.0001424   
3880        	10          	0.03602     	0.0001307   	0.0003371   	0.0001372   
3885        	10          	0.05007     	4.183e-05   	0.0002464   	0.0002288   
3890        	10          	0.05303     	8.371e-05   	0.0001315   	0.0001601   
3895        	10          	0.04457     	9.596e-05   	0.0004667   	9.139e-05   
3900        	10          	0.03711     	0.0001586   	0.0002145   	0.0001524   
3905        	10          	0.03311     	0.0001217   	0.0002067   	3.631e-05   
3910        	10          	0.0275      	4.247e-05   	0.000167    	6.108e-05   
3915        	10          	0.03734     	8.498e-05   	0.000271    	7.867e-05   
3920        	10          	0.03091     	0.0001026   	0.000233    	9.046e-05   
3925        	10          	0.02551     	0.000112    	0.0002547   	0.0001095   
3930        	10          	0.04071     	5.851e-05   	0.0003113   	9.482e-05   
3935        	10          	0.02496     	0.0001838   	0.0004702   	0.0001023   
3940        	10          	0.04502     	0.0002435   	0.0003648   	0.0001081   
3945        	10          	0.03207     	0.000167    	0.0001344   	0.0003993   
3950        	10          	0.03889     	0.00023     	0.0001151   	4.083e-05   
3955        	10          	0.03625     	0.0001028   	0.0004501   	0.0001607   
3960        	10          	0.0265      	0.0001727   	0.0001935   	5.209e-05   
3965        	10          	0.04164     	0.0001924   	0.0002154   	8.108e-05   
3970        	10          	0.03012     	0.0001014   	0.0001843   	6.433e-05   
3975        	10          	0.03825     	0.0002343   	0.0002245   	0.0001097   
3980        	10          	0.03557     	0.0001769   	0.0001392   	0.0001145   
3985        	10          	0.02629     	0.0002836   	0.0002889   	0.0001058   
3990        	10          	0.03032     	0.0001625   	0.0002408   	0.0001218   
3995        	10          	0.0325      	6.453e-05   	0.0002558   	6.598e-05   
4000        	10          	0.02238     	2.096e-05   	0.0002137   	0.0002288   
4005        	10          	0.03816     	0.0001318   	6.378e-05   	8.848e-05   
4010        	10          	0.03456     	0.0002601   	0.0002263   	0.0002923   
4015        	10          	0.02989     	0.0002845   	0.0001939   	0.0001968   
4020        	10          	0.03412     	0.0003075   	0.0001021   	0.0001809   
4025        	10          	0.03953     	0.0005478   	0.0004598   	0.0001791   
4030        	10          	0.03325     	0.0007887   	0.0006255   	0.0002249   
4035        	10          	0.03071     	0.0008564   	0.0005168   	0.0001853   
4040        	10          	0.02046     	0.001606    	0.0007504   	9.587e-05   
4045        	10          	0.03766     	0.0006208   	0.0007775   	7.909e-05   
4050        	10          	0.03634     	0.00105     	0.00126     	0.0002791   
4055        	10          	0.04212     	0.001881    	0.0016      	0.0002568   
4060        	10          	0.04367     	0.001345    	0.001338    	0.0001965   
4065        	10          	0.02968     	0.0008293   	0.000949    	9.529e-05   
4070        	10          	0.04051     	0.001069    	0.001259    	0.0002654   
4075        	10          	0.02896     	0.000933    	0.0009736   	0.0003375   
4080        	10          	0.02752     	0.002698    	0.001389    	0.0004468   
4085        	10          	0.0196      	0.001937    	0.001674    	0.0009547   
4090        	10          	0.02018     	0.001929    	0.002579    	0.0005714   
4095        	10          	0.01112     	0.002011    	0.00245     	0.001107    
4100        	10          	0.01721     	0.002879    	0.001513    	0.00159     
4105        	10          	0.01561     	0.001687    	0.002425    	0.001493    
4110        	10          	0.02213     	0.001747    	0.003129    	0.002211    
4115        	10          	0.02118     	0.002265    	0.003056    	0.001423    
4120        	10          	0.01854     	0.00205     	0.00329     	0.002072    
4125        	10          	0.0143      	0.003869    	0.005682    	0.002427    
4130        	10          	0.02278     	0.002828    	0.00541     	0.002798    
4135        	10          	0.01414     	0.003768    	0.005582    	0.002716    
4140        	10          	0.01018     	0.002944    	0.00381     	0.002703    
4145        	10          	0.016       	0.003737    	0.005015    	0.003764    
4150        	10          	0.013       	0.003526    	0.005849    	0.002942    
4155        	10          	0.009011    	0.004825    	0.006742    	0.002437    
4160        	10          	0.01749     	0.00316     	0.004652    	0.002286    
4165        	10          	0.01701     	0.002112    	0.005418    	0.00196     
4170        	10          	0.02117     	0.001821    	0.003795    	0.001369    
4175        	10          	0.01408     	0.001689    	0.004103    	0.001323    
4180        	10          	0.01069     	0.001504    	0.00494     	0.001376    
4185        	10          	0.024       	0.002213    	0.004751    	0.001914    
4190        	10          	0.02989     	0.002119    	0.0055      	0.001388    
4195        	10          	0.02088     	0.001001    	0.003489    	0.001885    
4200        	10          	0.01733     	0.001237    	0.003699    	0.001602    
4205        	10          	0.0163      	0.001508    	0.003656    	0.001281    
4210        	10          	0.01577     	0.001524    	0.003315    	0.001818    
4215        	10          	0.009711    	0.00286     	0.002715    	0.001583    
4220        	10          	0.008625    	0.003258    	0.003785    	0.001667    
4225        	10          	0.01043     	0.003117    	0.003998    	0.002043    
4230        	10          	0.007281    	0.002339    	0.004911    	0.002975    
4235        	10          	0.01232     	0.002651    	0.004121    	0.002168    
4240        	10          	0.005178    	0.002873    	0.00492     	0.003494    
4245        	10          	0.008058    	0.002249    	0.00542     	0.002721    
4250        	10          	0.006844    	0.002698    	0.004418    	0.004588    
4255        	10          	0.01256     	0.002321    	0.004823    	0.003595    
4260        	10          	0.01316     	0.003469    	0.003613    	0.005681    
4265        	10          	0.007278    	0.00359     	0.005017    	0.002052    
4270        	10          	0.009458    	0.002569    	0.006321    	0.003466    
4275        	10          	0.006225    	0.00386     	0.003942    	0.002754    
4280        	10          	0.01157     	0.003584    	0.005119    	0.003414    
4285        	10          	0.006503    	0.005004    	0.004583    	0.003035    
4290        	10          	0.006989    	0.006374    	0.005626    	0.003706    
4295        	10          	0.01303     	0.007478    	0.005108    	0.003583    
4300        	10          	0.01099     	0.006836    	0.00578     	0.003273    
4305        	10          	0.008933    	0.006092    	0.005849    	0.002786    
4310        	10          	0.01194     	0.004665    	0.006941    	0.003681    
4315        	10          	0.009844    	0.004056    	0.007206    	0.0045      
4320        	10          	0.01106     	0.004689    	0.008597    	0.004008    
4325        	10          	0.007247    	0.004825    	0.006801    	0.004303    
4330        	10          	0.006225    	0.005181    	0.006543    	0.004058    
4335        	10          	0.007511    	0.004242    	0.006332    	0.006098    
4340        	10          	0.008344    	0.004171    	0.005616    	0.005688    
4345        	10          	0.004692    	0.004547    	0.005889    	0.005454    
4350        	10          	0.004433    	0.005389    	0.006644    	0.006147    
4355        	10          	0.006781    	0.004536    	0.006403    	0.006482    
4360        	10          	0.008903    	0.005148    	0.005886    	0.006384    
4365        	10          	0.007989    	0.005548    	0.005897    	0.006377    
4370        	10          	0.01461     	0.004451    	0.005634    	0.006417    
4375        	10          	0.007236    	0.003252    	0.004114    	0.005116    
4380        	10          	0.008289    	0.003597    	0.004552    	0.005579    
4385        	10          	0.01684     	0.002979    	0.003864    	0.007762    
4390        	10          	0.007789    	0.003196    	0.004213    	0.006457    
4395        	10          	0.01518     	0.003079    	0.004482    	0.00675     
4400        	10          	0.01072     	0.002501    	0.004331    	0.0078      
4405        	10          	0.0106      	0.00299     	0.005159    	0.006833    
4410        	10          	0.01675     	0.003       	0.003837    	0.008591    
4415        	10          	0.01518     	0.003667    	0.003969    	0.01029     
4420        	10          	0.02246     	0.004444    	0.00454     	0.008135    
4425        	10          	0.007211    	0.00593     	0.004371    	0.008728    
4430        	10          	0.006322    	0.003863    	0.004397    	0.007539    
4435        	10          	0.01858     	0.005738    	0.003901    	0.008669    
4440        	10          	0.01501     	0.005245    	0.004151    	0.007901    
4445        	10          	0.0115      	0.004697    	0.004338    	0.005562    
4450        	10          	0.01204     	0.005184    	0.004067    	0.00732     
4455        	10          	0.0124      	0.00609     	0.003356    	0.008982    
4460        	10          	0.01211     	0.003268    	0.002748    	0.004523    
4465        	10          	0.006236    	0.003223    	0.00286     	0.005664    
4470        	10          	0.006122    	0.004855    	0.004283    	0.005861    
4475        	10          	0.01099     	0.00508     	0.003082    	0.004686    
4480        	10          	0.008947    	0.003987    	0.002319    	0.005045    
4485        	10          	0.01123     	0.004837    	0.003868    	0.006277    
4490        	10          	0.007789    	0.005715    	0.002838    	0.007151    
4495        	10          	0.01189     	0.006265    	0.002416    	0.00728     
4500        	10          	0.01523     	0.00598     	0.003083    	0.006955    
4505        	10          	0.01023     	0.004545    	0.004018    	0.006264    
4510        	10          	0.01016     	0.005409    	0.002203    	0.005167    
4515        	10          	0.01084     	0.006103    	0.003104    	0.0065      
4520        	10          	0.004       	0.006589    	0.003612    	0.006929    
4525        	10          	0.004669    	0.005605    	0.003095    	0.007388    
4530        	10          	0.009081    	0.006692    	0.002164    	0.006648    
4535        	10          	0.006       	0.005035    	0.002935    	0.007289    
4540        	10          	0.003489    	0.005246    	0.002406    	0.006802    
4545        	10          	0.002333    	0.004585    	0.001613    	0.006762    
4550        	10          	0.005236    	0.003723    	0.00198     	0.006597    
4555        	10          	0.005136    	0.004384    	0.003816    	0.006636    
4560        	10          	0.004056    	0.004969    	0.003292    	0.00738     
4565        	10          	0.004678    	0.004428    	0.003528    	0.007108    
4570        	10          	0.007914    	0.003631    	0.002157    	0.005986    
4575        	10          	0.007322    	0.004165    	0.001639    	0.008546    
4580        	10          	0.01045     	0.004606    	0.002528    	0.008065    
4585        	10          	0.01086     	0.004099    	0.002068    	0.006837    
4590        	10          	0.01521     	0.002906    	0.002114    	0.006231    
4595        	10          	0.01167     	0.003431    	0.00223     	0.007216    
4600        	10          	0.01294     	0.002924    	0.001208    	0.005564    
4605        	10          	0.009878    	0.001739    	0.001357    	0.004784    
4610        	10          	0.01021     	0.003158    	0.002781    	0.005437    
4615        	10          	0.008747    	0.003238    	0.00209     	0.005729    
4620        	10          	0.005358    	0.004162    	0.001814    	0.006193    
4625        	10          	0.009156    	0.003897    	0.002356    	0.00746     
4630        	10          	0.01351     	0.002944    	0.002515    	0.005272    
4635        	10          	0.01018     	0.003407    	0.002803    	0.005845    
4640        	10          	0.008247    	0.002773    	0.002905    	0.006187    
4645        	10          	0.006878    	0.002227    	0.002251    	0.004863    
4650        	10          	0.006567    	0.003446    	0.002858    	0.003879    
4655        	10          	0.008878    	0.004085    	0.0044      	0.005547    
4660        	10          	0.008544    	0.004076    	0.002512    	0.004614    
4665        	10          	0.004292    	0.004343    	0.002901    	0.003468    
4670        	10          	0.009233    	0.004062    	0.003682    	0.004589    
4675        	10          	0.002511    	0.004039    	0.00388     	0.00424     
4680        	10          	0.006567    	0.004057    	0.003459    	0.003633    
4685        	10          	0.005722    	0.00447     	0.002813    	0.003297    
4690        	10          	0.007525    	0.004678    	0.003265    	0.002988    
4695        	10          	0.006958    	0.003824    	0.002216    	0.003389    
4700        	10          	0.004222    	0.0042      	0.002482    	0.002973    
4705        	10          	0.007169    	0.003486    	0.003487    	0.003889    
4710        	10          	0.004914    	0.003522    	0.003039    	0.0043      
4715        	10          	0.003058    	0.003272    	0.00311     	0.003715    
4720        	10          	0.004844    	0.00241     	0.002966    	0.004231    
4725        	10          	0.01018     	0.002618    	0.002677    	0.003558    
4730        	10          	0.01318     	0.002102    	0.002855    	0.00419     
4735        	10          	0.005858    	0.002798    	0.003439    	0.00435     
4740        	10          	0.003281    	0.003189    	0.003499    	0.003933    
4745        	10          	0.007989    	0.002508    	0.003359    	0.00263     
4750        	10          	0.005503    	0.002368    	0.004433    	0.002736    
4755        	10          	0.004058    	0.002462    	0.003247    	0.004048    
4760        	10          	0.004333    	0.001805    	0.004039    	0.002725    
4765        	10          	0.002958    	0.002858    	0.003917    	0.00213     
4770        	10          	0.009114    	0.002476    	0.004748    	0.002888    
4775        	10          	0.01067     	0.001673    	0.004871    	0.002474    
4780        	10          	0.005344    	0.002227    	0.004406    	0.002145    
4785        	10          	0.008622    	0.002162    	0.004704    	0.002274    
4790        	10          	0.007625    	0.002185    	0.005697    	0.001539    
4795        	10          	0.01157     	0.002475    	0.004317    	0.002513    
4800        	10          	0.005678    	0.002565    	0.005111    	0.001528    
4805        	10          	0.005014    	0.002123    	0.005872    	0.001407    
4810        	10          	0.006989    	0.002418    	0.006197    	0.001207    
4815        	10          	0.002067    	0.00266     	0.006191    	0.001351    
4820        	10          	0.002956    	0.002042    	0.00552     	0.002721    
4825        	10          	0.004933    	0.002304    	0.005248    	0.002064    
4830        	10          	0.0002111   	0.002171    	0.004143    	0.002453    
4835        	10          	0.005169    	0.001697    	0.003748    	0.001715    
4840        	10          	0.004181    	0.002592    	0.004294    	0.002669    
4845        	10          	0.004711    	0.002882    	0.004676    	0.002458    
4850        	10          	0.002625    	0.001799    	0.005715    	0.001672    
4855        	10          	0.005067    	0.001206    	0.004361    	0.002181    
4860        	10          	0.006322    	0.001659    	0.005495    	0.001233    
4865        	10          	0.007456    	0.001436    	0.004771    	0.001392    
4870        	10          	0.008514    	0.001297    	0.00667     	0.00113     
4875        	10          	0.004392    	0.002048    	0.006841    	0.001068    
4880        	10          	0.005844    	0.001652    	0.006124    	0.001284    
4885        	10          	0.004222    	0.001604    	0.007136    	0.001959    
4890        	10          	0.004622    	0.001488    	0.006376    	0.001995    
4895        	10          	0.0046      	0.001049    	0.006749    	0.001757    
4900        	10          	0.005       	0.0006996   	0.005588    	0.002216    
4905        	10          	0.008181    	0.0004912   	0.006486    	0.002528    
4910        	10          	0.006003    	0.0008882   	0.006455    	0.003199    
4915        	10          	0.003236    	0.001065    	0.004355    	0.002984    
4920        	10          	0.008914    	0.001218    	0.00501     	0.004441    
4925        	10          	0.007914    	0.001406    	0.003951    	0.003523    
4930        	10          	0.004011    	0.00149     	0.004926    	0.003178    
4935        	10          	0.0074      	0.001516    	0.004076    	0.00221     
4940        	10          	0.004011    	0.001312    	0.003489    	0.003202    
4945        	10          	0.008281    	0.001347    	0.005201    	0.003366    
4950        	10          	0.01177     	0.0009231   	0.004319    	0.003353    
4955        	10          	0.007289    	0.0009009   	0.005318    	0.002238    
4960        	10          	0.008178    	0.001207    	0.005151    	0.002631    
4965        	10          	0.007844    	0.001257    	0.004876    	0.00247     
4970        	10          	0.01358     	0.001076    	0.004533    	0.002346    
4975        	10          	0.01918     	0.0007628   	0.004907    	0.002901    
4980        	10          	0.02678     	0.0007742   	0.004788    	0.002655    
4985        	10          	0.02435     	0.0008427   	0.005003    	0.003412    
4990        	10          	0.01811     	0.001571    	0.004826    	0.002067    
4995        	10          	0.01978     	0.001736    	0.004509    	0.001192    
5000        	10          	0.01129     	0.001035    	0.003498    	0.001186    
