generation  	alive.rpl   	n.adlt.rs   	n.adlt.fst.wc_p1-2	n.adlt.fst.wc_p1-3	n.adlt.fst.wc_p2-3
5           	10          	0.02143     	1.929e-06   	1.684e-06   	2.826e-06   
10          	10          	0.02704     	6.062e-06   	8.738e-06   	8.633e-06   
15          	10          	0.01923     	1.964e-05   	8.186e-06   	1.79e-05    
20          	10          	0.02273     	5.696e-06   	1.865e-05   	5.967e-06   
25          	10          	0.06006     	5.368e-06   	1.512e-05   	1.838e-05   
30          	10          	0.03117     	2.52e-05    	2.49e-05    	1.506e-05   
35          	10          	0.04922     	1.581e-05   	1.632e-05   	1.661e-05   
40          	10          	0.04774     	1.052e-05   	1.741e-05   	2.677e-05   
45          	10          	0.08138     	4.89e-05    	0.0001079   	3.736e-05   
50          	10          	0.04239     	2.204e-05   	4.257e-05   	3.139e-05   
55          	10          	0.0996      	2.33e-05    	9.269e-05   	4.432e-05   
60          	10          	0.04218     	4.34e-05    	4.866e-05   	2.844e-05   
65          	10          	0.09141     	1.984e-05   	7.75e-05    	1.273e-05   
70          	10          	0.06972     	5.184e-05   	6.16e-05    	4.394e-05   
75          	10          	0.07747     	3.975e-05   	7.774e-06   	2.388e-05   
80          	10          	0.1545      	2.278e-05   	2.885e-05   	5.874e-06   
85          	10          	0.1207      	3.648e-05   	0.0001002   	1.995e-05   
90          	10          	0.1024      	3.388e-05   	0.0001822   	2.936e-05   
95          	10          	0.1358      	2.509e-05   	9.729e-05   	4.255e-05   
100         	10          	0.1624      	6.084e-05   	5.183e-05   	0.0001025   
105         	10          	0.2059      	3.202e-05   	2.103e-05   	4.159e-05   
110         	10          	0.106       	3.175e-05   	8.397e-05   	1.676e-05   
115         	10          	0.1151      	2.316e-05   	6.962e-05   	3.845e-05   
120         	10          	0.1268      	2.918e-05   	3.326e-05   	3.219e-05   
125         	10          	0.1464      	3.176e-05   	3.281e-05   	2.986e-05   
130         	10          	0.18        	4.491e-05   	9.154e-05   	3.224e-05   
135         	10          	0.1854      	6.234e-05   	0.0002179   	5.354e-05   
140         	10          	0.2668      	1.712e-05   	7.775e-05   	2.549e-05   
145         	10          	0.1381      	9.364e-05   	0.0001237   	5.753e-05   
150         	10          	0.1154      	4.509e-05   	0.0001133   	2.933e-05   
155         	10          	0.139       	6.825e-05   	0.0002238   	1.93e-05    
160         	10          	0.08828     	8.496e-05   	0.0001288   	2.191e-05   
165         	10          	0.1239      	4.992e-05   	0.0001655   	6.865e-05   
170         	10          	0.0771      	9.996e-06   	8.627e-05   	3.697e-05   
175         	10          	0.06304     	5.491e-05   	0.0001905   	5.688e-05   
180         	10          	0.09569     	2.171e-05   	9.143e-05   	5.889e-05   
185         	10          	0.09229     	5.719e-05   	0.0001035   	5.041e-05   
190         	10          	0.1016      	3.815e-05   	7.207e-05   	5.132e-05   
195         	10          	0.1367      	2.794e-05   	0.0001403   	5.497e-05   
200         	10          	0.1964      	4.697e-05   	8.207e-05   	4.863e-05   
205         	10          	0.1124      	5.271e-05   	9.94e-05    	3.252e-05   
210         	10          	0.1552      	4.071e-05   	0.0001057   	2.235e-05   
215         	10          	0.1139      	8.192e-05   	6.69e-05    	6.72e-05    
220         	10          	0.1045      	4.032e-05   	0.000154    	4.938e-05   
225         	10          	0.1718      	5.106e-05   	8.354e-05   	1.843e-05   
230         	10          	0.2065      	7.268e-05   	0.0001385   	0.0001235   
235         	10          	0.1835      	6.654e-05   	0.0001518   	6.297e-05   
240         	10          	0.1766      	9.038e-05   	0.000102    	3.614e-05   
245         	10          	0.2089      	7.186e-05   	0.0001735   	2.359e-05   
250         	10          	0.1419      	2.44e-05    	8.123e-05   	2.638e-05   
255         	10          	0.1301      	1.609e-05   	6.454e-05   	2.825e-05   
260         	10          	0.1582      	2.819e-05   	6.699e-05   	6.021e-05   
265         	10          	0.1379      	3.168e-05   	0.0001236   	7.823e-05   
270         	10          	0.1528      	4.369e-05   	7.508e-05   	5.465e-05   
275         	10          	0.1604      	2.858e-05   	4.671e-05   	5.017e-05   
280         	10          	0.1408      	6.727e-05   	0.0001999   	0.000121    
285         	10          	0.1366      	2.591e-05   	8.38e-05    	1.353e-05   
290         	10          	0.1122      	9.218e-05   	0.0001954   	6.151e-05   
295         	10          	0.07768     	6.921e-05   	0.0001078   	3.077e-05   
300         	10          	0.09443     	3.564e-05   	0.0001244   	8.267e-05   
305         	10          	0.0895      	3.735e-05   	0.0001715   	6.814e-05   
310         	10          	0.09483     	6.1e-05     	0.0001675   	3.528e-05   
315         	10          	0.1172      	3.766e-05   	0.0003033   	7.975e-05   
320         	10          	0.08216     	6.051e-05   	0.0001791   	6.174e-05   
325         	10          	0.08751     	2.69e-05    	6.765e-05   	6.795e-05   
330         	10          	0.1053      	5.68e-05    	0.0001061   	6.352e-05   
335         	10          	0.1054      	9.427e-05   	5.106e-05   	4.26e-05    
340         	10          	0.08266     	0.0001127   	4.943e-05   	5.851e-05   
345         	10          	0.09636     	5.931e-05   	6.765e-05   	6.626e-05   
350         	10          	0.0968      	5.913e-05   	6.413e-05   	3.862e-05   
355         	10          	0.1072      	8.313e-05   	7.346e-05   	0.0001026   
360         	10          	0.04873     	4.981e-05   	2.947e-05   	1.357e-05   
365         	10          	0.05267     	4.05e-05    	0.0001293   	2.746e-05   
370         	10          	0.05246     	6.662e-05   	9.231e-05   	3.163e-05   
375         	10          	0.03616     	1.834e-05   	5.521e-05   	5.342e-05   
380         	10          	0.04071     	4.546e-05   	7.501e-05   	6.47e-05    
385         	10          	0.05768     	8.762e-05   	8.558e-05   	0.000101    
390         	10          	0.05634     	6.485e-05   	0.0001163   	9.694e-05   
395         	10          	0.03979     	7.218e-05   	0.0002215   	7.782e-05   
400         	10          	0.05922     	0.0001236   	0.0001828   	5.772e-05   
405         	10          	0.06943     	7.224e-05   	0.0001596   	7.675e-05   
410         	10          	0.06071     	6.416e-05   	0.0001105   	4.539e-05   
415         	10          	0.03968     	0.0001236   	7.475e-05   	6.899e-05   
420         	10          	0.0349      	5.689e-05   	4.714e-05   	9.915e-05   
425         	10          	0.04506     	6.388e-05   	0.0001816   	7.329e-05   
430         	10          	0.03847     	9.575e-05   	0.000167    	1.983e-05   
435         	10          	0.03332     	0.0001352   	0.0005674   	0.0001112   
440         	10          	0.04629     	0.0001433   	0.0003427   	6.453e-05   
445         	10          	0.06069     	7.702e-05   	0.0001448   	4.671e-05   
450         	10          	0.06523     	4.87e-05    	0.0002007   	5.754e-05   
455         	10          	0.07393     	4.899e-05   	0.0001262   	3.995e-05   
460         	10          	0.08228     	6.285e-05   	7.312e-05   	4.84e-05    
465         	10          	0.0455      	2.843e-05   	0.0001051   	3.177e-05   
470         	10          	0.05679     	5.615e-05   	0.0001887   	7.308e-05   
475         	10          	0.06173     	5.914e-05   	0.000127    	5.32e-05    
480         	10          	0.09773     	2.14e-05    	0.0002627   	7.642e-05   
485         	10          	0.07429     	4.757e-05   	0.0002153   	7.255e-05   
490         	10          	0.06307     	8.749e-05   	0.0003604   	0.0001012   
495         	10          	0.046       	7.594e-05   	0.0003325   	1.716e-05   
500         	10          	0.0333      	6.819e-05   	0.0001015   	4.509e-05   
505         	10          	0.01561     	7.246e-05   	0.0002345   	5.434e-05   
510         	10          	0.01874     	1.827e-05   	7.487e-05   	6.18e-05    
515         	10          	0.01946     	6.232e-05   	0.0001707   	3.085e-05   
520         	10          	0.03401     	9.299e-05   	0.0002284   	0.0001066   
525         	10          	0.0364      	4.017e-05   	0.0002321   	8.001e-05   
530         	10          	0.03189     	4.292e-05   	0.0001905   	4.29e-05    
535         	10          	0.01658     	5.319e-05   	0.000205    	6.26e-05    
540         	10          	0.011       	7.649e-05   	0.0001453   	7.638e-05   
545         	10          	0.01429     	9.754e-05   	0.0001605   	5.662e-05   
550         	10          	0.03864     	3.923e-05   	0.0001391   	4.58e-05    
555         	10          	0.02073     	9.652e-05   	0.0001091   	8.456e-05   
560         	10          	0.02801     	9.484e-05   	0.0001936   	0.0001763   
565         	10          	0.03228     	5.178e-05   	0.0001627   	8.92e-05    
570         	10          	0.0296      	9.878e-05   	0.0001961   	7.888e-05   
575         	10          	0.03234     	9.744e-05   	0.0001834   	5.353e-05   
580         	10          	0.03274     	5.548e-05   	0.0001485   	2.206e-05   
585         	10          	0.05317     	5.391e-05   	8.602e-05   	7.589e-05   
590         	10          	0.04569     	9.182e-05   	0.0001382   	7.006e-05   
595         	10          	0.05696     	4.891e-05   	0.0001907   	0.0001674   
600         	10          	0.03117     	6.534e-05   	0.0002027   	2.466e-05   
605         	10          	0.0514      	3.088e-05   	0.0001267   	4.914e-05   
610         	10          	0.04803     	7.593e-05   	0.0002169   	0.0001834   
615         	10          	0.05562     	7.197e-05   	0.0002262   	9.671e-05   
620         	10          	0.04667     	8.902e-05   	0.0001531   	0.0001123   
625         	10          	0.06164     	6.714e-05   	0.0002227   	0.0001467   
630         	10          	0.04525     	0.0001263   	0.0002507   	5.676e-05   
635         	10          	0.03654     	9.305e-05   	0.0001947   	5.933e-05   
640         	10          	0.03728     	5.329e-05   	0.0001552   	8.888e-05   
645         	10          	0.03128     	3.986e-05   	3.246e-05   	5.9e-05     
650         	10          	0.04128     	4.836e-05   	0.0002326   	0.0001081   
655         	10          	0.02841     	6.394e-05   	0.0001321   	0.0001047   
660         	10          	0.03862     	5.242e-05   	0.0001475   	5.845e-05   
665         	10          	0.06211     	9.726e-05   	0.0001298   	8.64e-05    
670         	10          	0.05689     	5.289e-05   	0.0001406   	8.381e-05   
675         	10          	0.05646     	0.0001081   	0.0002248   	4.427e-05   
680         	10          	0.05869     	5.109e-05   	0.000401    	8.637e-05   
685         	10          	0.09428     	3.808e-05   	0.0001738   	6.361e-05   
690         	10          	0.06211     	9.149e-05   	0.0002189   	0.0001333   
695         	10          	0.05036     	6.616e-05   	0.0001546   	0.0001225   
700         	10          	0.05884     	4.734e-05   	0.0001043   	9.709e-05   
705         	10          	0.047       	0.0002386   	0.0001422   	6.666e-05   
710         	10          	0.0665      	3.043e-05   	0.0001045   	5.45e-05    
715         	10          	0.08996     	5.042e-05   	4.067e-05   	6.093e-05   
720         	10          	0.09011     	0.0001081   	6.597e-05   	3.347e-05   
725         	10          	0.1084      	4.471e-05   	0.0001723   	8.627e-05   
730         	10          	0.1159      	8.657e-05   	0.0001185   	6.188e-05   
735         	10          	0.1027      	6.527e-05   	0.0001557   	4.123e-05   
740         	10          	0.1037      	0.0001189   	0.0001673   	6.967e-05   
745         	10          	0.07717     	6.756e-05   	0.0001111   	0.0001759   
750         	10          	0.1173      	2.164e-05   	7.78e-05    	7.286e-05   
755         	10          	0.09917     	8.364e-05   	0.0002372   	5.399e-05   
760         	10          	0.1211      	8.081e-05   	0.0001431   	7.09e-05    
765         	10          	0.06746     	7.277e-05   	0.0001434   	0.0001188   
770         	10          	0.05884     	7.473e-05   	0.0001232   	4.685e-05   
775         	10          	0.04773     	9.273e-05   	0.000184    	4.387e-05   
780         	10          	0.05899     	3.028e-05   	6.897e-05   	4.124e-05   
785         	10          	0.05595     	8.093e-05   	0.0002908   	4.404e-05   
790         	10          	0.06982     	0.0001237   	0.0001019   	0.0001386   
795         	10          	0.06675     	0.0002048   	0.0001395   	5.843e-05   
800         	10          	0.07571     	4.627e-05   	0.0001572   	0.0001475   
805         	10          	0.06118     	4.55e-05    	0.0001688   	0.000119    
810         	10          	0.04646     	0.0001202   	0.0001437   	2.399e-05   
815         	10          	0.04216     	7.996e-05   	0.0002562   	0.0001044   
820         	10          	0.05714     	3.156e-05   	0.0001849   	0.0001215   
825         	10          	0.04386     	2.666e-05   	0.0003559   	0.0002507   
830         	10          	0.04443     	4.431e-05   	0.0001598   	7.247e-05   
835         	10          	0.04511     	0.0001078   	0.0002252   	0.0001631   
840         	10          	0.03496     	8.612e-05   	0.0001497   	0.0001345   
845         	10          	0.04571     	0.000122    	0.0002772   	5.086e-05   
850         	10          	0.05154     	7.612e-05   	0.0001231   	7.637e-05   
855         	10          	0.06206     	0.0001228   	0.0002632   	6.219e-05   
860         	10          	0.0573      	6.706e-05   	0.00013     	5.239e-05   
865         	10          	0.06873     	7.516e-05   	0.0001309   	5.98e-05    
870         	10          	0.04873     	0.0001097   	0.0002387   	6.701e-05   
875         	10          	0.04877     	2.258e-05   	0.0003489   	7.464e-05   
880         	10          	0.03954     	5.535e-05   	0.0003538   	0.0002293   
885         	10          	0.04922     	0.0001382   	0.0004191   	0.0001281   
890         	10          	0.07662     	0.0001282   	0.0004134   	7.197e-05   
895         	10          	0.05972     	4.888e-05   	0.000105    	6.341e-05   
900         	10          	0.05662     	5.449e-05   	0.0001      	3.852e-05   
905         	10          	0.05932     	3.025e-05   	0.000211    	0.0001524   
910         	10          	0.04608     	8.079e-05   	0.0001535   	0.0001086   
915         	10          	0.05573     	5.583e-05   	0.0002095   	8.066e-05   
920         	10          	0.05475     	0.0001734   	0.0002377   	4.92e-05    
925         	10          	0.07106     	9.522e-05   	8.722e-05   	6.73e-05    
930         	10          	0.06114     	2.511e-05   	4.59e-05    	4.365e-05   
935         	10          	0.04327     	8.571e-05   	0.0003304   	0.000113    
940         	10          	0.05757     	0.0001238   	0.0001428   	5.784e-05   
945         	10          	0.02545     	8.338e-05   	0.0001696   	8.082e-05   
950         	10          	0.07078     	4.54e-05    	0.0001858   	0.000222    
955         	10          	0.07273     	0.0001177   	0.000155    	6.541e-05   
960         	10          	0.06308     	0.0002394   	9.405e-05   	7.347e-05   
965         	10          	0.08839     	9.617e-05   	0.0002361   	9.132e-05   
970         	10          	0.04719     	0.000193    	0.0004027   	0.0001156   
975         	10          	0.06311     	0.0003248   	0.0001319   	5.019e-05   
980         	10          	0.04636     	7.661e-05   	0.000158    	7.436e-05   
985         	10          	0.03271     	0.0001482   	0.0001695   	0.0001075   
990         	10          	0.03249     	5.635e-05   	0.000156    	0.0001213   
995         	10          	0.05328     	9.013e-05   	0.0003283   	0.0001375   
1000        	10          	0.03668     	7.111e-05   	0.0003518   	8.176e-05   
1005        	10          	0.04916     	8.519e-05   	0.0002926   	3.563e-05   
1010        	10          	0.03499     	0.0001023   	0.0001616   	0.000102    
1015        	10          	0.04921     	9.724e-05   	0.0002457   	5.38e-05    
1020        	10          	0.05995     	4.441e-05   	0.0002264   	4.033e-05   
1025        	10          	0.05571     	8.732e-05   	0.0001731   	7.647e-05   
1030        	10          	0.05625     	5.234e-05   	0.0002658   	9.451e-05   
1035        	10          	0.06438     	8.231e-05   	0.0002371   	0.0001714   
1040        	10          	0.05443     	8.395e-05   	4.887e-05   	0.0001047   
1045        	10          	0.06717     	4.2e-05     	0.0001038   	7.508e-05   
1050        	10          	0.04404     	0.000112    	0.0001741   	0.0001583   
1055        	10          	0.0324      	4.911e-05   	0.0001248   	0.0001217   
1060        	10          	0.05506     	0.0001123   	0.0001738   	0.0001283   
1065        	10          	0.03171     	0.0002228   	0.0002132   	0.0003476   
1070        	10          	0.03484     	0.0001388   	0.0001736   	0.0002797   
1075        	10          	0.0348      	0.000149    	0.0002585   	0.0002066   
1080        	10          	0.04053     	0.0001242   	0.0002424   	0.0001074   
1085        	10          	0.03043     	0.0001386   	0.0002849   	5.601e-05   
1090        	10          	0.03251     	9.685e-05   	0.0002386   	6.69e-05    
1095        	10          	0.01938     	0.000115    	0.0003713   	0.0001505   
1100        	10          	0.02821     	7.382e-05   	0.0002676   	4.106e-05   
1105        	10          	0.03223     	5.719e-05   	0.0003459   	0.0001336   
1110        	10          	0.02336     	2.667e-05   	0.0004448   	7.219e-05   
1115        	10          	0.02234     	0.0001544   	0.0004648   	9.72e-05    
1120        	10          	0.01046     	5.614e-05   	0.0004191   	5.899e-05   
1125        	10          	0.01438     	4.435e-05   	0.0003328   	0.0001115   
1130        	10          	0.006458    	0.0001248   	0.0003348   	9.658e-05   
1135        	10          	0.01512     	5.427e-05   	0.0001552   	5.809e-05   
1140        	10          	0.01352     	4.053e-05   	0.0002056   	0.0001166   
1145        	10          	0.0325      	6.241e-05   	0.0002354   	7.197e-05   
1150        	10          	0.04817     	0.0002991   	0.0002461   	8.205e-05   
1155        	10          	0.04724     	8.309e-05   	0.0001553   	5.636e-05   
1160        	10          	0.03899     	6.719e-05   	0.0001635   	6.401e-05   
1165        	10          	0.05288     	5.538e-05   	0.0002268   	2.784e-05   
1170        	10          	0.03572     	6.699e-05   	0.0003013   	9.065e-05   
1175        	10          	0.0384      	4.642e-05   	0.0003621   	4.577e-05   
1180        	10          	0.03543     	6.676e-05   	0.0001693   	0.0001023   
1185        	10          	0.02862     	7.277e-05   	0.0003092   	0.0001009   
1190        	10          	0.04718     	0.0001105   	0.0001941   	7.047e-05   
1195        	10          	0.05434     	0.0001068   	0.0004673   	0.0001597   
1200        	10          	0.04124     	8.315e-05   	0.0003186   	4.505e-05   
1205        	10          	0.02888     	0.0001155   	0.0003485   	3.518e-05   
1210        	10          	0.03423     	6.438e-05   	0.0001083   	8.933e-05   
1215        	10          	0.03946     	0.0001125   	0.0001563   	5.567e-05   
1220        	10          	0.02941     	9.971e-05   	0.0001146   	4.129e-05   
1225        	10          	0.02399     	8.756e-05   	0.0001853   	0.0001093   
1230        	10          	0.0301      	9.335e-05   	0.0001098   	0.0001328   
1235        	10          	0.01735     	8.137e-05   	0.0002952   	9.839e-05   
1240        	10          	0.0284      	7.971e-05   	0.0004765   	0.000102    
1245        	10          	0.04043     	4.089e-05   	0.0004309   	9.737e-05   
1250        	10          	0.04473     	0.0001787   	0.0003901   	0.0001444   
1255        	10          	0.04789     	5.666e-05   	5.728e-05   	9.511e-05   
1260        	10          	0.04684     	0.0001286   	0.0001419   	4.961e-05   
1265        	10          	0.06039     	0.0001494   	0.0001337   	7.486e-05   
1270        	10          	0.05132     	0.0001743   	0.0001353   	0.000183    
1275        	10          	0.0309      	0.0001303   	4.914e-05   	0.0001312   
1280        	10          	0.03588     	9.204e-05   	4.919e-05   	5.832e-05   
1285        	10          	0.03467     	0.0001223   	0.0001448   	8.674e-05   
1290        	10          	0.06125     	0.0001482   	0.0001508   	0.0001407   
1295        	10          	0.04254     	6.128e-05   	0.0001637   	0.0001564   
1300        	10          	0.05224     	0.0001535   	0.0002783   	5.247e-05   
1305        	10          	0.03941     	0.0001096   	0.0002682   	7.668e-05   
1310        	10          	0.02939     	0.0001305   	0.0004105   	0.0002352   
1315        	10          	0.03666     	0.0001233   	0.0003779   	0.0001811   
1320        	10          	0.02882     	5.203e-05   	0.000183    	3.052e-05   
1325        	10          	0.02025     	1.543e-05   	0.0003887   	7.208e-05   
1330        	10          	0.04704     	0.0001898   	0.0003876   	9.807e-05   
1335        	10          	0.02878     	0.0001674   	0.0001826   	8.543e-05   
1340        	10          	0.02921     	0.0001517   	0.0002551   	7.597e-05   
1345        	10          	0.02539     	0.0001091   	0.0001609   	0.0001297   
1350        	10          	0.02783     	6.156e-05   	0.0002265   	0.0001413   
1355        	10          	0.02417     	0.0002355   	0.000389    	8.333e-05   
1360        	10          	0.0279      	0.0001583   	0.0002919   	0.0001734   
1365        	10          	0.02667     	0.0001078   	0.0005054   	0.0002156   
1370        	10          	0.03591     	5.631e-05   	0.0001768   	0.0001      
1375        	10          	0.02678     	0.0001096   	0.0004784   	8.885e-05   
1380        	10          	0.03233     	8.804e-05   	0.0002605   	8.883e-05   
1385        	10          	0.0233      	0.0001818   	0.0002128   	0.0001537   
1390        	10          	0.01801     	0.0001306   	0.0002753   	6.24e-05    
1395        	10          	0.02247     	9.289e-05   	0.0004029   	0.0001463   
1400        	10          	0.02351     	0.0001429   	0.0003437   	0.0002438   
1405        	10          	0.02762     	7.032e-05   	0.0002182   	3.31e-05    
1410        	10          	0.02818     	9.306e-05   	0.0002481   	5.646e-05   
1415        	10          	0.0221      	7.22e-05    	0.0001129   	7.111e-05   
1420        	10          	0.01984     	9.221e-05   	0.000169    	4.941e-05   
1425        	10          	0.01696     	6.221e-05   	0.0002785   	0.0001283   
1430        	10          	0.01478     	0.0001042   	0.000243    	8.822e-05   
1435        	10          	0.02518     	9.234e-05   	0.0002      	8.279e-05   
1440        	10          	0.027       	5.639e-05   	0.0001806   	0.000106    
1445        	10          	0.02636     	7.661e-05   	0.0003038   	0.0001003   
1450        	10          	0.02111     	0.0001075   	0.0001848   	9.367e-05   
1455        	10          	0.02675     	7.375e-06   	0.00027     	9.911e-05   
1460        	10          	0.02388     	0.0001521   	0.0001097   	7.527e-05   
1465        	10          	0.0275      	8.066e-05   	0.0001177   	6.594e-05   
1470        	10          	0.02672     	4.493e-05   	0.0003236   	0.0001216   
1475        	10          	0.01877     	9.521e-05   	0.00015     	7.67e-05    
1480        	10          	0.01646     	4.932e-05   	0.0002422   	0.0002232   
1485        	10          	0.02334     	0.0001012   	0.0001504   	0.0001079   
1490        	10          	0.02321     	0.0001371   	5.424e-05   	5.476e-05   
1495        	10          	0.02838     	0.0001442   	0.0002523   	0.0001418   
1500        	10          	0.02889     	9.283e-05   	0.000156    	7.488e-05   
1505        	10          	0.03456     	0.000101    	0.0003182   	7.786e-05   
1510        	10          	0.02094     	9.508e-05   	0.0001876   	0.0002643   
1515        	10          	0.03121     	9.127e-05   	0.0002675   	3.06e-05    
1520        	10          	0.02646     	0.0001545   	0.0001762   	0.0001527   
1525        	10          	0.0295      	3.703e-05   	8.468e-05   	4.943e-05   
1530        	10          	0.03195     	7.239e-05   	9.092e-05   	2.725e-05   
1535        	10          	0.04418     	8.388e-05   	0.0001475   	4.154e-05   
1540        	10          	0.03986     	8.11e-05    	0.000145    	9.196e-05   
1545        	10          	0.05099     	3.991e-05   	9.201e-05   	5.001e-05   
1550        	10          	0.0491      	8.536e-05   	0.0001718   	7.501e-05   
1555        	10          	0.03149     	7.29e-05    	0.0001573   	0.0002148   
1560        	10          	0.03922     	6.877e-05   	0.0001461   	0.0001098   
1565        	10          	0.04219     	0.0001098   	0.0001042   	7.139e-05   
1570        	10          	0.03197     	0.0001565   	0.0001496   	7.354e-05   
1575        	10          	0.02397     	0.0002763   	0.0002266   	6.738e-05   
1580        	10          	0.02797     	0.0001373   	0.0002553   	0.0001053   
1585        	10          	0.03446     	0.0001292   	0.0002435   	0.0001102   
1590        	10          	0.03586     	0.0001752   	0.0001692   	0.0001967   
1595        	10          	0.02541     	0.0001974   	0.0001947   	0.0001526   
1600        	10          	0.04112     	0.0001307   	0.0005945   	3.186e-05   
1605        	10          	0.02895     	5.711e-05   	0.0002229   	0.0001414   
1610        	10          	0.03057     	4.195e-05   	0.0002426   	7.04e-05    
1615        	10          	0.0458      	9.87e-05    	0.0001996   	0.0001349   
1620        	10          	0.02971     	0.0001458   	8.868e-05   	4.94e-05    
1625        	10          	0.02261     	0.0001618   	0.0002843   	0.0001158   
1630        	10          	0.01795     	0.0001369   	0.0002558   	5.901e-05   
1635        	10          	0.01212     	5.892e-05   	0.0002263   	3.784e-05   
1640        	10          	0.02654     	0.0002044   	0.000204    	9.982e-05   
1645        	10          	0.0126      	8.724e-05   	0.0003037   	5.394e-05   
1650        	10          	0.02545     	7.524e-05   	0.0003673   	0.0001398   
1655        	10          	0.02917     	0.0001278   	0.0001835   	6.158e-05   
1660        	10          	0.01382     	6.797e-05   	0.0001471   	8.883e-05   
1665        	10          	0.0124      	0.0001643   	0.0001167   	4.725e-05   
1670        	10          	0.02885     	9.638e-05   	0.0002055   	6.411e-05   
1675        	10          	0.03629     	7.722e-05   	0.0001565   	5.864e-05   
1680        	10          	0.03972     	0.0001416   	0.0003849   	0.000311    
1685        	10          	0.03096     	5.566e-05   	0.0004375   	0.0002893   
1690        	10          	0.04419     	6.375e-05   	0.0001425   	0.0001881   
1695        	10          	0.03832     	8.571e-05   	0.0002445   	4.622e-05   
1700        	10          	0.02834     	0.0001947   	0.0005291   	0.0001541   
1705        	10          	0.05006     	8.888e-05   	0.0001003   	9.07e-05    
1710        	10          	0.03273     	9.436e-05   	9.816e-05   	8.41e-05    
1715        	10          	0.03351     	9.814e-05   	0.0001579   	3.279e-05   
1720        	10          	0.03928     	4.324e-05   	0.0001679   	9.019e-05   
1725        	10          	0.04221     	0.0001291   	2.932e-05   	6.918e-05   
1730        	10          	0.04573     	6.341e-05   	0.000169    	4.63e-05    
1735        	10          	0.04301     	0.0001263   	0.0001842   	8.174e-05   
1740        	10          	0.05266     	0.0001234   	0.0002827   	9.851e-05   
1745        	10          	0.07004     	9.124e-05   	0.0001304   	6.829e-05   
1750        	10          	0.07901     	3.731e-05   	0.0001792   	0.0001123   
1755        	10          	0.07662     	8.136e-05   	0.0001387   	7.357e-05   
1760        	10          	0.07101     	0.0001714   	0.0001171   	4.779e-05   
1765        	10          	0.08186     	7.739e-05   	0.0002147   	0.000128    
1770        	10          	0.06899     	0.0001823   	0.0003262   	9.388e-05   
1775        	10          	0.07654     	9.859e-05   	0.0002821   	6.37e-05    
1780        	10          	0.06834     	0.0001282   	0.0004701   	7.398e-05   
1785        	10          	0.07578     	0.0001214   	0.00031     	0.0002793   
1790        	10          	0.06584     	8.875e-05   	0.0003907   	0.0002496   
1795        	10          	0.07847     	2.04e-05    	0.0006668   	0.0002566   
1800        	10          	0.0511      	9.515e-05   	0.0001858   	0.0001462   
1805        	10          	0.08779     	9.11e-05    	0.0002729   	0.0001043   
1810        	10          	0.09914     	7.795e-05   	0.0002029   	9.42e-05    
1815        	10          	0.07679     	0.0001389   	0.0004624   	9.603e-05   
1820        	10          	0.0756      	2.381e-05   	0.0001992   	0.0001752   
1825        	10          	0.1001      	8.638e-05   	0.0002772   	0.0001357   
1830        	10          	0.08246     	5.745e-05   	0.0001668   	0.000182    
1835        	10          	0.09872     	0.000129    	0.0002987   	0.0003211   
1840        	10          	0.1224      	7.621e-05   	0.0001505   	7.062e-05   
1845        	10          	0.1459      	3.514e-05   	0.000232    	0.0001855   
1850        	10          	0.1166      	0.0001428   	0.0001595   	0.0002039   
1855        	10          	0.1122      	6.774e-05   	0.0001742   	0.0001323   
1860        	10          	0.1218      	0.0001186   	0.0001197   	0.0001123   
1865        	10          	0.1377      	4.784e-05   	0.0003789   	0.000113    
1870        	10          	0.1406      	7.412e-05   	0.0001065   	9.858e-05   
1875        	10          	0.1232      	8.212e-05   	0.0003807   	0.0002539   
1880        	10          	0.1254      	6.369e-05   	0.0004419   	0.0001226   
1885        	10          	0.1523      	1.983e-05   	0.0005507   	0.0001202   
1890        	10          	0.1191      	0.0001364   	0.0002786   	3.002e-05   
1895        	10          	0.1117      	4.168e-05   	0.0002217   	0.0001249   
1900        	10          	0.1222      	8.783e-05   	0.000104    	7.998e-05   
1905        	10          	0.1064      	9.538e-05   	0.0002783   	7.007e-05   
1910        	10          	0.09622     	0.0001998   	0.0003896   	0.0001065   
1915        	10          	0.1028      	3.805e-05   	0.0002399   	0.0001878   
1920        	10          	0.09935     	0.0001506   	0.0002984   	0.0001056   
1925        	10          	0.08445     	6.713e-05   	0.0003358   	9.757e-05   
1930        	10          	0.1002      	0.0001084   	0.0003613   	0.000108    
1935        	10          	0.07627     	0.0001355   	0.0004033   	0.0002289   
1940        	10          	0.07217     	0.0001376   	0.0004637   	0.0003413   
1945        	10          	0.06834     	7.163e-05   	0.0002902   	0.0001359   
1950        	10          	0.04954     	0.0001548   	0.0003786   	0.0001283   
1955        	10          	0.05423     	7.293e-05   	0.0003387   	5.873e-05   
1960        	10          	0.07072     	8.676e-05   	0.000291    	0.0002344   
1965        	10          	0.06389     	0.000123    	0.0001096   	5.25e-05    
1970        	10          	0.07727     	4.895e-05   	0.0001905   	0.0001264   
1975        	10          	0.04921     	0.0001207   	0.0002301   	7.842e-05   
1980        	10          	0.0443      	0.000254    	0.0001559   	0.0001147   
1985        	10          	0.0445      	0.0002178   	0.0001644   	0.0001888   
1990        	10          	0.03138     	8.088e-05   	0.000357    	2.448e-05   
1995        	10          	0.04662     	0.000144    	0.0001628   	4.223e-05   
2000        	10          	0.03511     	0.0001631   	0.0002712   	0.0001188   
2005        	10          	0.04618     	0.0001228   	0.0001354   	0.0001254   
2010        	10          	0.02818     	0.0001415   	0.0005833   	0.0001107   
2015        	10          	0.03291     	0.0001288   	0.0005985   	0.0001028   
2020        	10          	0.03258     	4.254e-05   	0.0003932   	0.000106    
2025        	10          	0.02467     	0.0002197   	0.0004541   	0.0001943   
2030        	10          	0.03549     	0.0001103   	0.0001784   	3.462e-05   
2035        	10          	0.03328     	1.453e-05   	0.0001628   	0.0001071   
2040        	10          	0.02973     	7.948e-05   	0.0003143   	9.398e-05   
2045        	10          	0.02579     	9.729e-05   	0.0001194   	0.0003022   
2050        	10          	0.0249      	0.0002152   	0.0001618   	0.0001993   
2055        	10          	0.03336     	0.0001193   	0.0001611   	0.0002501   
2060        	10          	0.02968     	0.0001193   	0.0002215   	6.332e-05   
2065        	10          	0.04049     	0.0002161   	0.0003745   	3.599e-05   
2070        	10          	0.05377     	9.756e-05   	0.0003091   	3.648e-05   
2075        	10          	0.039       	0.0001305   	0.0002411   	0.0001143   
2080        	10          	0.02678     	0.0001774   	0.0004032   	0.0001068   
2085        	10          	0.02421     	0.0001286   	0.0003354   	7.912e-05   
2090        	10          	0.02102     	9.531e-05   	0.0002683   	0.0001425   
2095        	10          	0.01821     	0.0001326   	0.0001523   	0.0001439   
2100        	10          	0.02919     	0.0001673   	0.0001598   	2.922e-05   
2105        	10          	0.0238      	0.0001609   	5.783e-05   	5.157e-05   
2110        	10          	0.02941     	0.0002197   	0.0002173   	0.0001943   
2115        	10          	0.02389     	0.0001199   	0.0001367   	7.776e-05   
2120        	10          	0.01611     	6.506e-05   	0.0001377   	0.0001332   
2125        	10          	0.0149      	8.319e-05   	4.521e-05   	0.0001186   
2130        	10          	0.02414     	0.0001446   	0.0001383   	0.0001023   
2135        	10          	0.01883     	5.558e-05   	0.0002081   	9.53e-05    
2140        	10          	0.006711    	7.404e-05   	0.0002421   	0.0001215   
2145        	10          	0.01654     	0.0001119   	0.0004819   	0.0001423   
2150        	10          	0.01032     	5.115e-05   	0.0001404   	0.0002525   
2155        	10          	0.006914    	6.754e-05   	0.0002244   	0.0001589   
2160        	10          	0.01345     	0.0001305   	0.0003981   	0.0001731   
2165        	10          	0.007692    	0.0001357   	0.0005407   	8.514e-05   
2170        	10          	0.01606     	9.595e-05   	0.0006333   	0.0001573   
2175        	10          	0.006767    	0.0001661   	0.0005184   	8.858e-05   
2180        	10          	0.009892    	0.0002372   	0.0002187   	5.313e-05   
2185        	10          	0.01603     	0.0001849   	0.0005712   	7.293e-05   
2190        	10          	0.007458    	0.0001942   	0.0006872   	0.0002287   
2195        	10          	0.01023     	5.672e-05   	0.0005971   	0.000121    
2200        	10          	0.01273     	0.0001583   	0.00078     	0.0001421   
2205        	10          	0.009011    	3.488e-05   	0.0003773   	7.773e-05   
2210        	10          	0.0134      	0.0001435   	0.0005464   	0.0001199   
2215        	10          	0.02134     	0.0001936   	0.0003656   	9.422e-05   
2220        	10          	0.02225     	0.0003375   	0.0002761   	0.0002219   
2225        	10          	0.01864     	6.528e-05   	0.0004666   	0.0001776   
2230        	10          	0.019       	8.932e-05   	0.0003103   	6.797e-05   
2235        	10          	0.0243      	0.0001136   	0.000618    	0.0001375   
2240        	10          	0.0239      	0.000189    	0.0004393   	0.0001459   
2245        	10          	0.02294     	0.0001449   	0.000536    	6.534e-05   
2250        	10          	0.02907     	0.0001834   	0.0004802   	6.105e-05   
2255        	10          	0.0299      	3.809e-05   	0.0002816   	0.0001175   
2260        	10          	0.03089     	7.086e-05   	0.0004471   	0.000194    
2265        	10          	0.03177     	0.0001072   	0.0003495   	8.645e-05   
2270        	10          	0.02178     	0.0001485   	0.0004107   	0.0001201   
2275        	10          	0.02135     	6.887e-05   	0.0002502   	7.814e-05   
2280        	10          	0.02574     	0.0001137   	0.0001723   	2.401e-05   
2285        	10          	0.02682     	0.0001433   	0.0003231   	0.0002297   
2290        	10          	0.03057     	0.0001053   	0.0003027   	4.995e-05   
2295        	10          	0.05422     	8.167e-05   	0.0003572   	0.0002047   
2300        	10          	0.0338      	0.0002459   	0.0003343   	0.0001363   
2305        	10          	0.0364      	8.477e-05   	0.0005628   	7.425e-05   
2310        	10          	0.04746     	7.589e-05   	0.0002657   	0.0001635   
2315        	10          	0.03935     	4.554e-05   	0.000169    	0.0001619   
2320        	10          	0.03418     	7.041e-05   	0.0001874   	0.000133    
2325        	10          	0.05204     	0.0001424   	0.0004371   	3.217e-05   
2330        	10          	0.04896     	7.7e-05     	0.0002622   	6.626e-05   
2335        	10          	0.05173     	5.297e-05   	0.0002851   	9.696e-05   
2340        	10          	0.04997     	0.000103    	0.0001451   	3.675e-05   
2345        	10          	0.03511     	0.0001588   	0.0001923   	0.0001248   
2350        	10          	0.04541     	0.0003958   	0.0002213   	0.0001471   
2355        	10          	0.04528     	0.0003258   	0.0004375   	8.44e-05    
2360        	10          	0.04243     	9.424e-05   	0.0005154   	5.735e-05   
2365        	10          	0.04094     	9.262e-05   	0.0002205   	3.281e-05   
2370        	10          	0.03939     	0.0001841   	0.0004403   	0.0001198   
2375        	10          	0.04171     	0.0001862   	0.0006169   	0.0001321   
2380        	10          	0.03977     	0.0001218   	0.0004727   	0.000111    
2385        	10          	0.04451     	0.000174    	0.0005094   	4.839e-05   
2390        	10          	0.0296      	0.0001878   	0.000575    	1.772e-05   
2395        	10          	0.03477     	6.135e-05   	0.0004335   	0.0002394   
2400        	10          	0.03361     	0.0002134   	0.000264    	0.0001379   
2405        	10          	0.04084     	0.0001465   	0.0002138   	9.287e-05   
2410        	10          	0.05736     	0.0001147   	0.0004964   	0.0001528   
2415        	10          	0.04177     	0.0001123   	0.0001478   	4.515e-05   
2420        	10          	0.04511     	0.000134    	0.0003852   	8.194e-05   
2425        	10          	0.04271     	0.0002154   	0.0004307   	0.0001377   
2430        	10          	0.0535      	9.26e-05    	0.0002356   	0.0001462   
2435        	10          	0.04523     	0.0002237   	0.0002647   	4.025e-05   
2440        	10          	0.02611     	0.0003798   	0.0001748   	0.0001695   
2445        	10          	0.04054     	0.0002875   	0.0002579   	0.0001484   
2450        	10          	0.04813     	0.0003073   	0.0003937   	7.965e-05   
2455        	10          	0.04111     	0.0001638   	0.0002203   	0.0001302   
2460        	10          	0.03923     	0.0001602   	0.0003424   	7.165e-05   
2465        	10          	0.05666     	1.839e-05   	7.291e-05   	3.668e-05   
2470        	10          	0.04838     	0.0001617   	0.0002828   	0.000106    
2475        	10          	0.04701     	0.0001204   	0.0001714   	5.841e-05   
2480        	10          	0.04254     	8.221e-05   	0.0002742   	4.284e-05   
2485        	10          	0.06125     	0.0001277   	0.0001164   	0.0001765   
2490        	10          	0.0404      	6.661e-05   	0.0003078   	0.0001454   
2495        	10          	0.04901     	0.0001267   	0.0002825   	0.0001978   
2500        	10          	0.04034     	0.0001719   	0.0001767   	0.0001701   
2505        	10          	0.05582     	6.098e-05   	0.0004267   	0.0001091   
2510        	10          	0.03968     	3.246e-05   	0.0003603   	0.0001573   
2515        	10          	0.04418     	0.00011     	0.0005844   	0.0001376   
2520        	10          	0.04783     	7.989e-05   	0.0002775   	0.0001784   
2525        	10          	0.03827     	0.0001594   	0.0003074   	0.0001262   
2530        	10          	0.03329     	4.999e-05   	0.0001971   	0.000205    
2535        	10          	0.02389     	4.878e-05   	0.0001647   	0.0002365   
2540        	10          	0.04151     	5.249e-05   	0.000208    	9.456e-05   
2545        	10          	0.02917     	0.0002529   	0.0002626   	8.152e-05   
2550        	10          	0.05432     	9.543e-05   	0.0001462   	0.000144    
2555        	10          	0.04782     	0.0001341   	0.0002076   	0.0001165   
2560        	10          	0.04707     	0.0001284   	0.0005637   	5.881e-05   
2565        	10          	0.0393      	0.0001462   	0.0003224   	7.884e-05   
2570        	10          	0.03491     	0.0001181   	0.0001844   	6.835e-05   
2575        	10          	0.03356     	8.795e-05   	0.0003804   	0.0001074   
2580        	10          	0.0313      	0.0001154   	0.0002562   	8.925e-05   
2585        	10          	0.0385      	0.0001473   	0.0002275   	0.0001489   
2590        	10          	0.02451     	0.0002436   	0.000393    	0.0001627   
2595        	10          	0.03283     	0.0001766   	0.0001299   	0.0001158   
2600        	10          	0.04282     	0.0001505   	0.0002708   	5.293e-05   
2605        	10          	0.03149     	4.847e-05   	0.0002327   	0.000104    
2610        	10          	0.03464     	8.825e-05   	0.0001109   	0.0001538   
2615        	10          	0.03084     	0.0001563   	0.0002732   	0.0001162   
2620        	10          	0.0404      	8.64e-05    	0.0001349   	9.604e-05   
2625        	10          	0.03482     	9.384e-05   	0.0002783   	9.504e-05   
2630        	10          	0.03602     	3.416e-05   	0.0002241   	9.915e-05   
2635        	10          	0.0465      	5.74e-05    	0.0001226   	6.597e-05   
2640        	10          	0.04686     	0.0001179   	0.000176    	0.0001195   
2645        	10          	0.04757     	9.141e-05   	0.0002511   	0.000129    
2650        	10          	0.03872     	8.71e-05    	0.0001888   	0.0001098   
2655        	10          	0.04712     	7.225e-05   	0.0001671   	0.0001282   
2660        	10          	0.02491     	6.855e-05   	0.0001528   	0.0001184   
2665        	10          	0.0233      	0.0001467   	0.0003273   	0.0001744   
2670        	10          	0.03367     	0.0001666   	0.0001106   	0.000194    
2675        	10          	0.03271     	0.0001284   	0.0001065   	0.0001007   
2680        	10          	0.03596     	5.926e-05   	0.0001852   	0.0001748   
2685        	10          	0.02873     	0.0001451   	0.0003513   	8.126e-05   
2690        	10          	0.04045     	8.108e-05   	0.0001231   	7.906e-05   
2695        	10          	0.03812     	9.705e-05   	0.0001961   	0.0001496   
2700        	10          	0.04158     	0.0001492   	0.0002254   	0.0001333   
2705        	10          	0.03124     	8.31e-05    	0.0001286   	0.0001566   
2710        	10          	0.04475     	7.581e-05   	9.477e-05   	0.0001134   
2715        	10          	0.05867     	7e-05       	0.0001676   	8.577e-05   
2720        	10          	0.04924     	0.0001105   	0.0001665   	0.0001088   
2725        	10          	0.04418     	0.0001415   	0.0002299   	5.551e-05   
2730        	10          	0.03301     	0.0002038   	0.0002806   	0.000139    
2735        	10          	0.04017     	0.0001053   	0.0001856   	6.307e-05   
2740        	10          	0.03839     	0.0001624   	0.000345    	0.0001297   
2745        	10          	0.04191     	4.027e-05   	0.0004485   	0.0001519   
2750        	10          	0.02101     	7.824e-05   	0.0001259   	0.0001616   
2755        	10          	0.02756     	5.038e-05   	8.044e-05   	5.936e-05   
2760        	10          	0.02443     	0.0001588   	8.211e-05   	5.583e-05   
2765        	10          	0.02708     	0.0001757   	0.0003024   	9.69e-05    
2770        	10          	0.04802     	6.075e-05   	0.0003438   	0.0001034   
2775        	10          	0.03338     	7.068e-05   	0.0001226   	4.445e-05   
2780        	10          	0.03116     	0.0001807   	0.0001007   	2.215e-05   
2785        	10          	0.03782     	9.932e-05   	7.365e-05   	8.103e-05   
2790        	10          	0.02647     	9.551e-05   	8.321e-05   	6.324e-05   
2795        	10          	0.04338     	7.248e-05   	0.0002291   	0.0001015   
2800        	10          	0.05351     	7.506e-05   	0.0001163   	4.19e-05    
2805        	10          	0.03221     	0.0002211   	0.0002151   	0.0001296   
2810        	10          	0.04139     	6.115e-05   	0.0002701   	6.932e-05   
2815        	10          	0.03732     	5.73e-05    	0.0002394   	4.141e-05   
2820        	10          	0.03369     	0.0002285   	0.0002529   	0.0001485   
2825        	10          	0.03097     	0.0001465   	0.0002378   	0.0001233   
2830        	10          	0.03925     	0.0001163   	0.0004137   	0.0001161   
2835        	10          	0.05038     	4.477e-05   	4.356e-05   	4.47e-05    
2840        	10          	0.04184     	6.595e-05   	0.0001901   	8.245e-05   
2845        	10          	0.03923     	8.657e-05   	0.0001355   	5.837e-05   
2850        	10          	0.04519     	6.13e-05    	0.0001342   	0.0001248   
2855        	10          	0.05489     	0.0002005   	0.0001506   	0.0001305   
2860        	10          	0.05591     	7.279e-05   	0.0001838   	5.39e-05    
2865        	10          	0.05234     	0.0001261   	0.0004058   	0.0001421   
2870        	10          	0.06099     	0.0001458   	0.0002531   	6.973e-05   
2875        	10          	0.05984     	0.0002025   	0.0002554   	6.429e-05   
2880        	10          	0.04925     	0.000159    	0.0002406   	0.0001764   
2885        	10          	0.04961     	9.959e-05   	0.0004239   	0.0001412   
2890        	10          	0.05761     	8.68e-05    	0.00017     	0.0001202   
2895        	10          	0.04256     	8.053e-05   	9.137e-05   	0.0001598   
2900        	10          	0.03441     	0.000208    	0.0002705   	9.818e-05   
2905        	10          	0.03972     	0.0001451   	0.0001322   	3.421e-05   
2910        	10          	0.05514     	0.0001221   	0.0003372   	0.0002127   
2915        	10          	0.04935     	0.0001243   	0.0001998   	0.0001259   
2920        	10          	0.04888     	0.000115    	0.0002447   	0.0001099   
2925        	10          	0.04414     	8.372e-05   	0.0002391   	0.000102    
2930        	10          	0.05183     	9.554e-05   	0.0001866   	0.0003128   
2935        	10          	0.04663     	0.000124    	0.000443    	9.175e-05   
2940        	10          	0.04671     	0.0001036   	0.0001207   	0.000107    
2945        	10          	0.05679     	0.0001577   	0.0002779   	0.0001843   
2950        	10          	0.06888     	9.816e-05   	0.0002737   	0.0001754   
2955        	10          	0.06033     	0.0002064   	0.0003314   	8.886e-05   
2960        	10          	0.04843     	0.0001197   	0.0001107   	3.819e-05   
2965        	10          	0.0291      	0.00011     	0.0001519   	0.0001202   
2970        	10          	0.05139     	0.0001139   	0.0001659   	0.0001456   
2975        	10          	0.03038     	8.749e-05   	0.0002258   	6.795e-05   
2980        	10          	0.03991     	3.947e-05   	0.000137    	0.0002035   
2985        	10          	0.02162     	7.578e-05   	0.0001203   	0.0001431   
2990        	10          	0.02784     	5.574e-05   	0.0002214   	7.177e-05   
2995        	10          	0.04716     	0.0001527   	0.0002212   	3.89e-05    
3000        	10          	0.04427     	0.0001868   	0.000256    	6.998e-05   
3005        	10          	0.04661     	3.504e-05   	0.000128    	7.026e-05   
3010        	10          	0.05032     	3.837e-05   	0.0004089   	8.548e-05   
3015        	10          	0.02122     	0.0001024   	0.0001799   	4.994e-05   
3020        	10          	0.03834     	9.305e-05   	0.0001539   	5.605e-05   
3025        	10          	0.02329     	0.0001282   	0.0002382   	0.0001633   
3030        	10          	0.04027     	6.376e-05   	0.0003204   	0.0001382   
3035        	10          	0.03917     	6.325e-05   	0.0006872   	0.0001483   
3040        	10          	0.04534     	4.075e-05   	0.0003205   	0.0002186   
3045        	10          	0.04495     	0.0001469   	0.0003222   	0.0001842   
3050        	10          	0.0443      	4.573e-05   	0.0003072   	0.0002315   
3055        	10          	0.0374      	8.451e-05   	0.0001426   	0.0001261   
3060        	10          	0.04082     	6.52e-05    	0.0002766   	3.015e-05   
3065        	10          	0.04908     	5.289e-05   	0.0003943   	0.0003361   
3070        	10          	0.05711     	4.985e-05   	0.0003731   	0.0002608   
3075        	10          	0.05478     	0.0001463   	0.0002517   	0.0001706   
3080        	10          	0.0335      	0.0001549   	0.0003114   	0.0001852   
3085        	10          	0.02652     	0.0001197   	0.0004925   	0.0001112   
3090        	10          	0.03993     	8.436e-05   	0.0003842   	0.0002163   
3095        	10          	0.03925     	0.0001354   	0.0002447   	0.0003175   
3100        	10          	0.04391     	9.062e-05   	0.0001083   	6.319e-05   
3105        	10          	0.04097     	0.0001167   	0.0003455   	0.0001564   
3110        	10          	0.02517     	0.0001029   	0.0003661   	0.0001518   
3115        	10          	0.03428     	7.421e-05   	0.0004246   	8.821e-05   
3120        	10          	0.0409      	8.451e-05   	0.0002696   	8.988e-05   
3125        	10          	0.0318      	4.83e-05    	0.0002404   	0.0001319   
3130        	10          	0.03785     	0.0001821   	0.0004553   	6.261e-05   
3135        	10          	0.03282     	0.0002795   	0.0005925   	0.000167    
3140        	10          	0.02518     	0.0001518   	0.0002268   	6.646e-05   
3145        	10          	0.03434     	0.0002581   	0.0002543   	6.03e-05    
3150        	10          	0.03234     	0.0001824   	8.676e-05   	0.0001194   
3155        	10          	0.03291     	0.0001961   	0.0004003   	0.0001189   
3160        	10          	0.03189     	7.271e-05   	0.00021     	0.0001612   
3165        	10          	0.04186     	0.0001605   	0.0001817   	0.0001343   
3170        	10          	0.0509      	0.0001364   	0.0001088   	0.00026     
3175        	10          	0.03418     	6.398e-05   	0.00025     	7.258e-05   
3180        	10          	0.03564     	0.000142    	0.0001896   	3.897e-05   
3185        	10          	0.03249     	0.0002052   	0.0005054   	4.029e-05   
3190        	10          	0.03761     	0.0001517   	0.0002105   	4.777e-05   
3195        	10          	0.02682     	0.0001928   	0.0003358   	0.0001626   
3200        	10          	0.02488     	0.0002322   	0.0005968   	8.88e-05    
3205        	10          	0.02607     	8.688e-05   	0.0001441   	0.0001367   
3210        	10          	0.03953     	9.526e-05   	0.0001888   	0.0002687   
3215        	10          	0.03634     	6.804e-05   	0.0002815   	0.0001009   
3220        	10          	0.03457     	0.0001719   	0.0001589   	0.00013     
3225        	10          	0.02607     	5.89e-05    	0.0003451   	9.069e-05   
3230        	10          	0.0284      	7.68e-05    	0.0003508   	0.0001964   
3235        	10          	0.03496     	0.0001378   	0.0006108   	0.0002337   
3240        	10          	0.01769     	0.0001416   	0.0003562   	0.000132    
3245        	10          	0.02041     	0.0004154   	0.0003606   	0.0001301   
3250        	10          	0.0224      	0.0003054   	0.0003959   	0.0001      
3255        	10          	0.02284     	0.0001946   	0.0004553   	0.000121    
3260        	10          	0.01832     	0.0001337   	0.0003753   	8.298e-05   
3265        	10          	0.02639     	0.0001284   	0.000399    	0.0001246   
3270        	10          	0.01764     	0.0002605   	0.0005793   	7.34e-05    
3275        	10          	0.01679     	0.0001077   	9.958e-05   	0.0002316   
3280        	10          	0.02734     	0.0001167   	0.0002199   	0.0001102   
3285        	10          	0.01056     	7.653e-05   	0.0004223   	0.000165    
3290        	10          	0.01835     	0.0001184   	0.0005637   	0.0001996   
3295        	10          	0.02571     	8.697e-05   	0.0004846   	0.0001358   
3300        	10          	0.02366     	0.0001994   	0.0003321   	3.883e-05   
3305        	10          	0.01707     	0.0002079   	0.0005954   	0.0001691   
3310        	10          	0.013       	0.0001422   	0.0004693   	0.0001095   
3315        	10          	0.02975     	0.0004664   	0.000734    	7.888e-05   
3320        	10          	0.02846     	5.778e-05   	0.0004398   	0.0002197   
3325        	10          	0.03782     	0.0001587   	0.0005261   	0.0001563   
3330        	10          	0.03279     	7.519e-05   	0.00057     	0.000214    
3335        	10          	0.01783     	0.0002507   	0.0004136   	3.995e-05   
3340        	10          	0.02504     	6.336e-05   	0.000385    	9.503e-05   
3345        	10          	0.02018     	7.741e-05   	0.0002328   	7.677e-05   
3350        	10          	0.02016     	0.0001196   	9.165e-05   	0.0001344   
3355        	10          	0.01635     	0.0001061   	0.0002545   	7.553e-05   
3360        	10          	0.01806     	0.0001889   	0.0003945   	0.0001101   
3365        	10          	0.008014    	3.98e-05    	0.0003088   	0.0001556   
3370        	10          	0.01223     	4.894e-05   	0.0001256   	0.0002092   
3375        	10          	0.01735     	8.247e-05   	0.0001399   	3.129e-05   
3380        	10          	0.01777     	4.044e-05   	0.0002711   	0.0004126   
3385        	10          	0.01901     	2.457e-05   	7.389e-05   	5.148e-05   
3390        	10          	0.02075     	0.0002421   	0.0003084   	0.000186    
3395        	10          	0.0213      	9.559e-05   	0.0001217   	0.0003544   
3400        	10          	0.02521     	0.0001647   	0.0002545   	0.0003724   
3405        	10          	0.0234      	0.0001837   	0.0003391   	0.0001058   
3410        	10          	0.01818     	7.76e-05    	0.0002439   	0.0001289   
3415        	10          	0.02664     	6.485e-05   	0.0001262   	6.088e-05   
3420        	10          	0.02928     	0.0002448   	0.0003847   	6.932e-05   
3425        	10          	0.01189     	5.978e-05   	0.0001182   	7.53e-05    
3430        	10          	0.01484     	0.0001235   	0.0001785   	8.052e-05   
3435        	10          	0.01804     	7.87e-05    	0.0002942   	8.629e-05   
3440        	10          	0.01567     	6.485e-05   	0.0003785   	3.168e-05   
3445        	10          	0.02803     	0.000427    	0.0004628   	0.0002646   
3450        	10          	0.0204      	0.0002691   	0.0004534   	0.0002383   
3455        	10          	0.02941     	0.0001758   	0.0004351   	0.0001161   
3460        	10          	0.03034     	0.0004825   	0.0004632   	0.0003132   
3465        	10          	0.02721     	0.0002551   	0.0005214   	0.0002125   
3470        	10          	0.03154     	0.0001425   	0.0002602   	0.0002214   
3475        	10          	0.01875     	5.016e-05   	0.0002537   	0.0001253   
3480        	10          	0.02622     	0.0002903   	0.0003101   	0.0001428   
3485        	10          	0.0241      	0.0001902   	0.0002279   	0.0001183   
3490        	10          	0.02168     	0.0001344   	0.0002487   	9.083e-05   
3495        	10          	0.01999     	7.031e-05   	0.0002274   	7.337e-05   
3500        	10          	0.01747     	0.0001347   	0.0004243   	6.493e-05   
3505        	10          	0.0221      	0.0001113   	0.0003164   	0.0001214   
3510        	10          	0.02267     	0.000201    	0.0002213   	2.418e-05   
3515        	10          	0.02927     	0.0001535   	0.0002233   	7.719e-05   
3520        	10          	0.01793     	5.655e-05   	0.000366    	0.0001363   
3525        	10          	0.01593     	7.446e-05   	0.00022     	0.0001674   
3530        	10          	0.008447    	7.203e-05   	0.0001402   	0.0001294   
3535        	10          	0.01219     	0.0002369   	0.0002376   	8.072e-05   
3540        	10          	0.006225    	2.836e-05   	0.0001461   	0.0001169   
3545        	10          	0.0049      	9.547e-05   	0.0003019   	4.144e-05   
3550        	10          	0.008947    	0.0001212   	0.0003276   	4.59e-05    
3555        	10          	0.01091     	3.894e-05   	0.0002456   	2.293e-05   
3560        	10          	0.01318     	9.224e-05   	0.0003985   	0.0001701   
3565        	10          	0.007322    	6.116e-05   	0.0002547   	0.0001531   
3570        	10          	0.01184     	0.0001084   	0.0004748   	0.0003941   
3575        	10          	0.01153     	0.0001162   	0.0004067   	0.0001591   
3580        	10          	0.004       	7.189e-05   	0.00026     	0.0001254   
3585        	10          	0.01385     	7.497e-05   	0.000139    	0.0001609   
3590        	10          	0.01801     	9.208e-05   	0.0001247   	0.0001307   
3595        	10          	0.01136     	0.0002276   	0.0003086   	3.99e-05    
3600        	10          	0.008847    	9.455e-05   	0.0003739   	0.0002184   
3605        	10          	0.005114    	0.0001237   	7.765e-05   	0.0001366   
3610        	10          	0.007858    	0.0001758   	0.0004402   	4.711e-05   
3615        	10          	0.01032     	0.0001198   	0.0004972   	0.0002226   
3620        	10          	0.01645     	0.000104    	0.0003462   	0.0001034   
3625        	10          	0.01274     	0.0001316   	0.0003241   	7.874e-05   
3630        	10          	0.01346     	0.000171    	0.0003072   	0.0001524   
3635        	10          	0.02349     	7.979e-05   	3.45e-05    	0.0001335   
3640        	10          	0.01419     	3.565e-05   	0.0002365   	0.0001025   
3645        	10          	0.01369     	1.879e-05   	0.000313    	0.0001402   
3650        	10          	0.01478     	9.729e-05   	0.0002581   	8.865e-05   
3655        	10          	0.006914    	4.191e-05   	0.0002664   	9.989e-05   
3660        	10          	0.008511    	0.0001587   	0.000301    	0.0002804   
3665        	10          	0.006692    	0.0003181   	0.0004097   	9.528e-05   
3670        	10          	0.01258     	0.0001093   	0.0001796   	3.163e-05   
3675        	10          	0.004569    	0.0001105   	0.0003324   	0.0001514   
3680        	10          	0.02018     	0.0002065   	0.0002024   	0.000169    
3685        	10          	0.008358    	0.0001312   	0.0001752   	0.0001285   
3690        	10          	0.01736     	0.000124    	0.0003199   	7.932e-05   
3695        	10          	0.02234     	4.345e-05   	0.0001953   	8.071e-05   
3700        	10          	0.01282     	9.005e-05   	0.0002574   	7.292e-05   
3705        	10          	0.01449     	7.254e-05   	8.512e-05   	0.0002832   
3710        	10          	0.0139      	6.809e-05   	0.0002703   	7.404e-05   
3715        	10          	0.01496     	4.9e-05     	0.0002018   	8.033e-05   
3720        	10          	0.01047     	0.0001227   	0.0002512   	0.0001088   
3725        	10          	0.02323     	7.66e-05    	0.0003067   	0.0001805   
3730        	10          	0.0174      	0.0001399   	8.959e-05   	0.0001591   
3735        	10          	0.0135      	0.0001364   	0.0001241   	0.0001581   
3740        	10          	0.01214     	0.0002319   	0.0002927   	0.0001177   
3745        	10          	0.01101     	0.0001343   	0.0002507   	0.0002319   
3750        	10          	0.01794     	0.0001321   	0.0002153   	6.09e-05    
3755        	10          	0.009292    	0.0001825   	0.0003094   	0.0002359   
3760        	10          	0.01179     	0.0001873   	0.0004252   	0.0001086   
3765        	10          	0.01006     	0.0001319   	0.0006024   	0.0001044   
3770        	10          	0.01612     	0.0001531   	0.0003325   	8.374e-05   
3775        	10          	0.01125     	0.0001129   	0.00031     	0.0001132   
3780        	10          	0.008222    	0.0001359   	0.0002157   	0.0001308   
3785        	10          	0.007447    	2.716e-05   	0.0001581   	7.788e-05   
3790        	10          	0.02322     	3.902e-05   	0.0001974   	7.351e-05   
3795        	10          	0.01428     	8.806e-05   	0.0002463   	8.419e-05   
3800        	10          	0.008058    	0.0001462   	0.0003123   	5.156e-05   
3805        	10          	0.01153     	3.898e-05   	0.0001656   	0.0002057   
3810        	10          	0.01238     	0.0001231   	0.0001443   	8.772e-05   
3815        	10          	0.007403    	5.34e-05    	0.0001477   	3.056e-05   
3820        	10          	0.02097     	8.599e-05   	8.098e-05   	4.139e-05   
3825        	10          	0.02012     	0.0001072   	0.0003082   	5.854e-05   
3830        	10          	0.02225     	0.0002349   	0.0004491   	8.179e-05   
3835        	10          	0.01345     	3.864e-05   	0.0001692   	0.0001719   
3840        	10          	0.0136      	7.4e-05     	0.0004039   	9.928e-05   
3845        	10          	0.0173      	0.0001235   	0.0002946   	0.0001277   
3850        	10          	0.0163      	9.743e-05   	0.0004006   	0.0002219   
3855        	10          	0.02302     	0.000112    	0.000511    	0.0001448   
3860        	10          	0.019       	0.0001822   	0.0002726   	0.0002754   
3865        	10          	0.0146      	0.0001953   	0.0002921   	0.0001534   
3870        	10          	0.02646     	0.0002283   	0.0002194   	0.0001783   
3875        	10          	0.02949     	0.0003314   	0.0004281   	7.378e-05   
3880        	10          	0.04373     	0.000119    	0.0001553   	6.228e-05   
3885        	10          	0.01629     	0.0002454   	0.0001583   	0.000106    
3890        	10          	0.0396      	0.0001134   	0.0001794   	0.0001587   
3895        	10          	0.02589     	0.0001001   	0.000187    	0.0001241   
3900        	10          	0.03064     	0.0001967   	0.0003367   	5.513e-05   
3905        	10          	0.02146     	9.671e-05   	0.0002058   	0.000123    
3910        	10          	0.01834     	9.608e-05   	0.0001332   	5.358e-05   
3915        	10          	0.01589     	6.104e-05   	0.0002525   	0.0001198   
3920        	10          	0.01906     	9.974e-05   	0.0004697   	0.000187    
3925        	10          	0.01104     	6.104e-05   	0.000681    	0.0002532   
3930        	10          	0.01568     	0.0002741   	0.0005969   	0.0003096   
3935        	10          	0.01573     	0.0002019   	0.0003413   	0.0001668   
3940        	10          	0.02722     	0.0001377   	0.0001588   	8.579e-05   
3945        	10          	0.01184     	0.0003562   	0.0004602   	0.0001434   
3950        	10          	0.02051     	0.0003087   	0.001122    	0.0002427   
3955        	10          	0.02173     	0.0002019   	0.0003515   	0.0002537   
3960        	10          	0.03485     	0.0001463   	0.0006734   	0.0002804   
3965        	10          	0.0176      	0.0003052   	0.0006878   	0.0002251   
3970        	10          	0.02284     	0.0001136   	0.0004426   	0.0002115   
3975        	10          	0.02975     	0.0001621   	0.0003125   	0.0002034   
3980        	10          	0.03634     	0.0001028   	0.0003207   	0.0001604   
3985        	10          	0.02357     	6.688e-05   	0.0002123   	0.0002386   
3990        	10          	0.03604     	0.000122    	0.0004408   	0.0001776   
3995        	10          	0.02973     	0.0001291   	0.0003475   	0.0002109   
4000        	10          	0.02725     	0.0001164   	0.0002495   	0.0001041   
4005        	10          	0.03023     	0.00014     	0.0006242   	0.000236    
4010        	10          	0.02982     	0.0002586   	0.000456    	4.113e-05   
4015        	10          	0.0339      	0.0003424   	0.0006447   	0.0002231   
4020        	10          	0.02567     	0.0003197   	0.000635    	0.0001441   
4025        	10          	0.03075     	0.001093    	0.001257    	3.529e-05   
4030        	10          	0.03327     	0.0009453   	0.001714    	8.622e-05   
4035        	10          	0.02118     	0.00104     	0.001293    	0.000148    
4040        	10          	0.02606     	0.0003767   	0.000387    	0.0001571   
4045        	10          	0.02711     	0.0009425   	0.0009768   	0.0002964   
4050        	10          	0.01793     	0.0008718   	0.001358    	4.786e-05   
4055        	10          	0.02201     	0.0006308   	0.001013    	0.0001822   
4060        	10          	0.02651     	0.002129    	0.001776    	0.0003263   
4065        	10          	0.02325     	0.001306    	0.001514    	0.0005308   
4070        	10          	0.03043     	0.001563    	0.001188    	0.0006179   
4075        	10          	0.03017     	0.002045    	0.001768    	0.0007378   
4080        	10          	0.02256     	0.002153    	0.0018      	0.001018    
4085        	10          	0.02197     	0.002052    	0.002487    	0.00123     
4090        	10          	0.02711     	0.001467    	0.002558    	0.0003877   
4095        	10          	0.02899     	0.001533    	0.002464    	0.0002126   
4100        	10          	0.02967     	0.001336    	0.002538    	0.0002453   
4105        	10          	0.02834     	0.002006    	0.001856    	0.0001728   
4110        	10          	0.03499     	0.003394    	0.003493    	6.444e-05   
4115        	10          	0.04347     	0.00286     	0.004054    	0.0001834   
4120        	10          	0.03446     	0.003274    	0.003648    	6.895e-05   
4125        	10          	0.04012     	0.003891    	0.003007    	0.0001666   
4130        	10          	0.01986     	0.002476    	0.003344    	8.267e-05   
4135        	10          	0.02758     	0.003073    	0.002869    	2.839e-05   
4140        	10          	0.02246     	0.003579    	0.004399    	0.0001702   
4145        	10          	0.0404      	0.003799    	0.004292    	0.0002145   
4150        	10          	0.02764     	0.004012    	0.002272    	0.0001642   
4155        	10          	0.02639     	0.004782    	0.003226    	0.0001265   
4160        	10          	0.03221     	0.00349     	0.00393     	0.000182    
4165        	10          	0.03617     	0.004171    	0.005003    	0.0001696   
4170        	10          	0.02053     	0.004763    	0.004936    	0.0003555   
4175        	10          	0.02829     	0.003235    	0.004319    	0.0002174   
4180        	10          	0.02868     	0.006772    	0.005684    	0.0001869   
4185        	10          	0.032       	0.004399    	0.003811    	6.363e-05   
4190        	10          	0.02779     	0.005915    	0.004424    	0.0001204   
4195        	10          	0.02628     	0.003283    	0.003721    	4.499e-05   
4200        	10          	0.03566     	0.004793    	0.003339    	0.0002446   
4205        	10          	0.02971     	0.004199    	0.003115    	0.0001151   
4210        	10          	0.0299      	0.003703    	0.003726    	9.689e-05   
4215        	10          	0.03438     	0.005877    	0.003984    	0.000138    
4220        	10          	0.04291     	0.004317    	0.003841    	0.0001776   
4225        	10          	0.03734     	0.005023    	0.004783    	0.0001775   
4230        	10          	0.0239      	0.005537    	0.005973    	4.705e-05   
4235        	10          	0.03007     	0.005557    	0.005913    	0.0001135   
4240        	10          	0.03601     	0.006384    	0.006485    	8.626e-05   
4245        	10          	0.02907     	0.004849    	0.004237    	0.0002595   
4250        	10          	0.02161     	0.005216    	0.004985    	0.0001531   
4255        	10          	0.02794     	0.006631    	0.005373    	0.000146    
4260        	10          	0.02634     	0.005101    	0.005292    	0.0001434   
4265        	10          	0.02471     	0.005788    	0.004114    	0.0001282   
4270        	10          	0.03606     	0.006226    	0.00485     	0.0001824   
4275        	10          	0.02458     	0.006609    	0.003598    	0.0001104   
4280        	10          	0.02251     	0.005689    	0.003833    	0.0002919   
4285        	10          	0.02911     	0.004697    	0.003567    	0.0002227   
4290        	10          	0.02772     	0.004607    	0.003269    	0.0001281   
4295        	10          	0.02978     	0.007154    	0.003601    	0.0001892   
4300        	10          	0.027       	0.005393    	0.003846    	0.0001225   
4305        	10          	0.02127     	0.005703    	0.005213    	0.0003683   
4310        	10          	0.02336     	0.003224    	0.003366    	0.0001677   
4315        	10          	0.01984     	0.00453     	0.003209    	7.792e-05   
4320        	10          	0.01838     	0.004121    	0.003852    	0.0001152   
4325        	10          	0.02128     	0.005036    	0.004307    	6.688e-05   
4330        	10          	0.02725     	0.00473     	0.003733    	0.0004824   
4335        	10          	0.02579     	0.004996    	0.006053    	0.0001298   
4340        	10          	0.0278      	0.005389    	0.00562     	0.0001608   
4345        	10          	0.03227     	0.005081    	0.006119    	0.0001648   
4350        	10          	0.0224      	0.007081    	0.005941    	9.517e-05   
4355        	10          	0.01884     	0.005936    	0.005632    	3.397e-05   
4360        	10          	0.02223     	0.006085    	0.006146    	7.245e-05   
4365        	10          	0.01316     	0.008824    	0.007672    	0.0001316   
4370        	10          	0.01499     	0.009629    	0.007525    	8.534e-05   
4375        	10          	0.01835     	0.007712    	0.006057    	0.0001299   
4380        	10          	0.02251     	0.007513    	0.005261    	0.0001353   
4385        	10          	0.0191      	0.007568    	0.005092    	4.802e-05   
4390        	10          	0.01564     	0.007741    	0.005765    	0.0001222   
4395        	10          	0.01528     	0.007551    	0.004847    	8.362e-05   
4400        	10          	0.01541     	0.006812    	0.005898    	3.701e-05   
4405        	10          	0.02214     	0.007126    	0.003748    	0.0001023   
4410        	10          	0.009447    	0.006081    	0.005086    	7.171e-05   
4415        	10          	0.01707     	0.006699    	0.004646    	9.863e-05   
4420        	10          	0.02573     	0.007212    	0.005127    	0.0001053   
4425        	10          	0.02567     	0.005227    	0.002994    	0.0001257   
4430        	10          	0.02591     	0.004488    	0.004074    	0.0001708   
4435        	10          	0.01516     	0.004345    	0.002965    	0.0001807   
4440        	10          	0.02217     	0.003801    	0.003226    	0.0001458   
4445        	10          	0.02196     	0.005103    	0.004989    	0.0002387   
4450        	10          	0.02512     	0.00387     	0.004067    	0.0004128   
4455        	10          	0.01745     	0.003319    	0.003526    	0.0004621   
4460        	10          	0.01856     	0.003155    	0.003323    	0.0001294   
4465        	10          	0.02229     	0.004283    	0.00445     	6.109e-05   
4470        	10          	0.01951     	0.004193    	0.004306    	0.0001258   
4475        	10          	0.02022     	0.004222    	0.005027    	0.0002667   
4480        	10          	0.01813     	0.003455    	0.003812    	0.0001296   
4485        	10          	0.01644     	0.00404     	0.003193    	0.0001135   
4490        	10          	0.01707     	0.002841    	0.004298    	5.253e-05   
4495        	10          	0.01853     	0.004587    	0.005212    	0.0001446   
4500        	10          	0.02006     	0.004359    	0.003321    	7.985e-05   
4505        	10          	0.02139     	0.003624    	0.003862    	6.496e-05   
4510        	10          	0.01967     	0.004576    	0.004454    	0.0003105   
4515        	10          	0.02208     	0.004964    	0.003837    	0.0002193   
4520        	10          	0.02427     	0.006469    	0.005838    	0.0001891   
4525        	10          	0.03511     	0.004712    	0.006068    	0.0001038   
4530        	10          	0.03738     	0.004064    	0.005289    	0.0001974   
4535        	10          	0.03422     	0.005666    	0.00548     	5.052e-05   
4540        	10          	0.03163     	0.004978    	0.005387    	0.0002719   
4545        	10          	0.02477     	0.005388    	0.004047    	0.0002244   
4550        	10          	0.02969     	0.004513    	0.004245    	8.541e-05   
4555        	10          	0.01564     	0.004732    	0.004918    	0.0001934   
4560        	10          	0.02346     	0.006169    	0.005266    	0.0003155   
4565        	10          	0.02174     	0.004743    	0.006685    	0.0001381   
4570        	10          	0.02029     	0.004912    	0.006483    	0.0002151   
4575        	10          	0.03352     	0.004956    	0.005572    	6.77e-05    
4580        	10          	0.02018     	0.005746    	0.006063    	4.305e-05   
4585        	10          	0.02968     	0.005363    	0.007107    	0.0001664   
4590        	10          	0.0374      	0.005338    	0.0053      	0.0001487   
4595        	10          	0.02804     	0.005202    	0.005773    	0.0003268   
4600        	10          	0.03723     	0.004578    	0.004168    	0.0001555   
4605        	10          	0.03196     	0.003389    	0.00595     	0.0001514   
4610        	10          	0.02953     	0.003933    	0.004063    	5.56e-05    
4615        	10          	0.03651     	0.005       	0.004043    	6.873e-05   
4620        	10          	0.0361      	0.004413    	0.003613    	8.165e-05   
4625        	10          	0.0366      	0.005364    	0.005048    	0.000126    
4630        	10          	0.02572     	0.005162    	0.004157    	5.891e-05   
4635        	10          	0.02625     	0.004766    	0.003468    	8.42e-05    
4640        	10          	0.02249     	0.004005    	0.002571    	7.4e-05     
4645        	10          	0.03079     	0.002769    	0.002776    	0.0002023   
4650        	10          	0.03983     	0.003357    	0.002644    	0.0002818   
4655        	10          	0.02045     	0.002842    	0.00205     	3.032e-05   
4660        	10          	0.02841     	0.002682    	0.001954    	6.567e-05   
4665        	10          	0.03443     	0.002882    	0.002007    	6.815e-05   
4670        	10          	0.02677     	0.002294    	0.001568    	0.0002134   
4675        	10          	0.02468     	0.002061    	0.001535    	0.0001398   
4680        	10          	0.02284     	0.001504    	0.0008744   	0.0004568   
4685        	10          	0.02556     	0.001562    	0.001788    	7.89e-05    
4690        	10          	0.02058     	0.0004642   	0.0009834   	0.0001881   
4695        	10          	0.02943     	0.0008339   	0.001338    	8.968e-05   
4700        	10          	0.03064     	0.0009955   	0.001394    	0.000138    
4705        	10          	0.02667     	0.0006497   	0.0008421   	0.0001744   
4710        	10          	0.02464     	0.001231    	0.0007907   	0.000142    
4715        	10          	0.0349      	0.0003087   	0.0006838   	0.0001673   
4720        	10          	0.02345     	0.0004568   	0.000369    	0.0002081   
4725        	10          	0.02654     	0.001053    	0.0004768   	5.947e-05   
4730        	10          	0.01435     	0.000534    	0.0003631   	0.0005327   
4735        	10          	0.01156     	0.001127    	0.0006213   	0.0001096   
4740        	10          	0.02227     	0.001845    	0.001089    	9.88e-05    
4745        	10          	0.01591     	0.001007    	0.000791    	8.677e-05   
4750        	10          	0.01008     	0.001359    	0.0007311   	0.0001866   
4755        	10          	0.01057     	0.001156    	0.0008696   	0.0001932   
4760        	10          	0.0143      	0.00125     	0.00179     	0.0002822   
4765        	10          	0.008636    	0.001087    	0.001273    	0.0001784   
4770        	10          	0.01558     	0.001102    	0.001536    	0.0001071   
4775        	10          	0.01052     	0.001462    	0.001902    	0.0001319   
4780        	10          	0.01327     	0.002       	0.002204    	0.0002083   
4785        	10          	0.01001     	0.00183     	0.001948    	0.0001147   
4790        	10          	0.01266     	0.001842    	0.001256    	3.661e-05   
4795        	10          	0.01088     	0.001111    	0.001576    	8.918e-05   
4800        	10          	0.01504     	0.001772    	0.002035    	0.0001231   
4805        	10          	0.0176      	0.001213    	0.001345    	0.0001487   
4810        	10          	0.009469    	0.001921    	0.002296    	0.0003122   
4815        	10          	0.009058    	0.002235    	0.001495    	0.0002435   
4820        	10          	0.01641     	0.002208    	0.001871    	7.827e-05   
4825        	10          	0.01354     	0.002213    	0.0009307   	3.226e-05   
4830        	10          	0.01729     	0.002108    	0.002013    	0.0001011   
4835        	10          	0.0131      	0.002237    	0.001367    	0.0001651   
4840        	10          	0.007456    	0.001933    	0.002256    	9.673e-05   
4845        	10          	0.008044    	0.001939    	0.001615    	0.0001072   
4850        	10          	0.0125      	0.001385    	0.00161     	0.0001385   
4855        	10          	0.008544    	0.001557    	0.001768    	0.0001356   
4860        	10          	0.005503    	0.002231    	0.002449    	0.0001656   
4865        	10          	0.009669    	0.001729    	0.002252    	0.0002398   
4870        	10          	0.01121     	0.00204     	0.003274    	0.000168    
4875        	10          	0.01456     	0.001649    	0.002125    	0.0002751   
4880        	10          	0.01819     	0.002067    	0.00269     	0.0002863   
4885        	10          	0.02051     	0.001988    	0.003167    	0.0001616   
4890        	10          	0.01396     	0.00203     	0.002837    	0.0002453   
4895        	10          	0.01845     	0.001761    	0.002638    	0.0003772   
4900        	10          	0.01278     	0.001464    	0.003162    	0.0002045   
4905        	10          	0.01346     	0.001403    	0.002776    	0.0002373   
4910        	10          	0.005903    	0.001657    	0.002596    	3.802e-05   
4915        	10          	0.01541     	0.00133     	0.001445    	0.0002028   
4920        	10          	0.01003     	0.002032    	0.002225    	0.0002012   
4925        	10          	0.01064     	0.001173    	0.002002    	0.0001969   
4930        	10          	0.01993     	0.001356    	0.001912    	0.0002749   
4935        	10          	0.01696     	0.001477    	0.001939    	0.0001212   
4940        	10          	0.0171      	0.001003    	0.001774    	0.0001329   
4945        	10          	0.01321     	0.0009676   	0.001681    	8.689e-05   
4950        	10          	0.01229     	0.00169     	0.002784    	7.344e-05   
4955        	10          	0.01335     	0.001666    	0.001754    	9.74e-05    
4960        	10          	0.01152     	0.001192    	0.001565    	0.0001447   
4965        	10          	0.01045     	0.001759    	0.001465    	0.0001823   
4970        	10          	0.01278     	0.001292    	0.001407    	9.007e-05   
4975        	10          	0.01489     	0.001464    	0.001415    	0.0001646   
4980        	10          	0.03306     	0.002556    	0.001968    	7.098e-05   
4985        	10          	0.01814     	0.002367    	0.002254    	0.0002865   
4990        	10          	0.009344    	0.001778    	0.001955    	0.0001858   
4995        	10          	0.0091      	0.001542    	0.00169     	0.0001498   
5000        	10          	0.01351     	0.001267    	0.002299    	0.0001173   
