generation  	alive.rpl   	n.adlt.rs   	n.adlt.fst.wc_p1-2	n.adlt.fst.wc_p1-3	n.adlt.fst.wc_p2-3
5           	10          	18.25       	0.007704    	0.009827    	0.008123    
10          	10          	17.32       	0.01476     	0.01862     	0.01517     
15          	10          	16.38       	0.01974     	0.02657     	0.022       
20          	10          	15.89       	0.02155     	0.03208     	0.02234     
25          	10          	15.3        	0.02246     	0.03785     	0.02497     
30          	10          	14.92       	0.02555     	0.04288     	0.0262      
35          	10          	14.48       	0.02494     	0.04475     	0.02563     
40          	10          	14.28       	0.02272     	0.04499     	0.02671     
45          	10          	13.77       	0.02415     	0.04838     	0.02793     
50          	10          	13.46       	0.02689     	0.04978     	0.02862     
55          	10          	13.29       	0.02472     	0.05042     	0.02607     
60          	10          	12.81       	0.02834     	0.04936     	0.02744     
65          	10          	12.73       	0.0249      	0.04928     	0.02365     
70          	10          	12.33       	0.03038     	0.05451     	0.0268      
75          	10          	12.13       	0.02904     	0.05515     	0.02507     
80          	10          	11.73       	0.03227     	0.05741     	0.02622     
85          	10          	11.6        	0.02899     	0.05878     	0.02782     
90          	10          	11.33       	0.02939     	0.06088     	0.03141     
95          	10          	11.19       	0.02701     	0.05816     	0.03164     
100         	10          	11.02       	0.0322      	0.05877     	0.0329      
105         	10          	10.93       	0.02716     	0.05729     	0.0296      
110         	10          	10.63       	0.02744     	0.05787     	0.0303      
115         	10          	10.44       	0.03105     	0.05913     	0.02895     
120         	10          	10.25       	0.02658     	0.05701     	0.03002     
125         	10          	10.08       	0.02791     	0.05802     	0.02739     
130         	10          	10.01       	0.0294      	0.05742     	0.02603     
135         	10          	9.79        	0.02808     	0.06079     	0.03028     
140         	10          	9.658       	0.02933     	0.0584      	0.02817     
145         	10          	9.5         	0.03169     	0.06458     	0.03019     
150         	10          	9.287       	0.03071     	0.05962     	0.03062     
155         	10          	9.185       	0.0325      	0.06035     	0.02739     
160         	10          	9.062       	0.03054     	0.05815     	0.02731     
165         	10          	9.063       	0.0273      	0.05593     	0.02847     
170         	10          	8.87        	0.02708     	0.05788     	0.02893     
175         	10          	8.78        	0.02776     	0.06021     	0.03157     
180         	10          	8.648       	0.02775     	0.05684     	0.03078     
185         	10          	8.593       	0.02868     	0.05959     	0.03323     
190         	10          	8.483       	0.0293      	0.0551      	0.0314      
195         	10          	8.322       	0.03082     	0.06091     	0.03062     
200         	10          	8.25        	0.02839     	0.05817     	0.03038     
205         	10          	8.18        	0.02846     	0.05816     	0.02522     
210         	10          	8.063       	0.03164     	0.05898     	0.02667     
215         	10          	7.987       	0.03008     	0.0584      	0.02941     
220         	10          	7.935       	0.02846     	0.0591      	0.02699     
225         	10          	7.677       	0.03079     	0.06121     	0.03118     
230         	10          	7.643       	0.02888     	0.0629      	0.03124     
235         	10          	7.533       	0.02957     	0.05709     	0.03088     
240         	10          	7.457       	0.02859     	0.05862     	0.02912     
245         	10          	7.387       	0.02998     	0.05949     	0.03042     
250         	10          	7.382       	0.029       	0.05616     	0.02948     
255         	10          	7.325       	0.02512     	0.04861     	0.0269      
260         	10          	7.237       	0.02935     	0.04983     	0.02922     
265         	10          	7.23        	0.02594     	0.04964     	0.0265      
270         	10          	7.193       	0.02108     	0.04803     	0.02533     
275         	10          	7.087       	0.02436     	0.05247     	0.02843     
280         	10          	6.985       	0.02631     	0.05473     	0.03179     
285         	10          	6.978       	0.02842     	0.05237     	0.02496     
290         	10          	6.848       	0.02949     	0.05725     	0.02609     
295         	10          	6.823       	0.02737     	0.06311     	0.02865     
300         	10          	6.797       	0.02752     	0.05807     	0.02792     
305         	10          	6.683       	0.02742     	0.0581      	0.034       
310         	10          	6.617       	0.03127     	0.06502     	0.02871     
315         	10          	6.562       	0.031       	0.05886     	0.03083     
320         	10          	6.597       	0.02642     	0.06054     	0.02856     
325         	10          	6.457       	0.03734     	0.06976     	0.02994     
330         	10          	6.492       	0.03125     	0.06003     	0.02882     
335         	10          	6.508       	0.02947     	0.05876     	0.02841     
340         	10          	6.363       	0.03108     	0.05914     	0.02516     
345         	10          	6.332       	0.03574     	0.06343     	0.02902     
350         	10          	6.302       	0.02987     	0.05778     	0.03141     
355         	10          	6.335       	0.03222     	0.05213     	0.02872     
360         	10          	6.243       	0.02943     	0.05964     	0.02925     
365         	10          	6.2         	0.03088     	0.05376     	0.02698     
370         	10          	6.21        	0.0268      	0.0508      	0.02628     
375         	10          	6.18        	0.02485     	0.04899     	0.02211     
380         	10          	6.153       	0.02819     	0.04928     	0.02191     
385         	10          	6.125       	0.0245      	0.05097     	0.03067     
390         	10          	6.027       	0.02404     	0.05076     	0.0304      
395         	10          	5.99        	0.03076     	0.05188     	0.02903     
400         	10          	5.967       	0.03244     	0.04921     	0.0259      
405         	10          	5.937       	0.03009     	0.05055     	0.0218      
410         	10          	5.947       	0.02783     	0.05286     	0.02665     
415         	10          	5.907       	0.02845     	0.05965     	0.02991     
420         	10          	5.827       	0.02896     	0.05456     	0.02654     
425         	10          	5.812       	0.02706     	0.05835     	0.02761     
430         	10          	5.832       	0.02825     	0.05463     	0.02093     
435         	10          	5.737       	0.03058     	0.06093     	0.02831     
440         	10          	5.743       	0.0313      	0.061       	0.02489     
445         	10          	5.718       	0.02809     	0.05729     	0.0251      
450         	10          	5.705       	0.02956     	0.05498     	0.02645     
455         	10          	5.703       	0.02783     	0.05282     	0.02507     
460         	10          	5.622       	0.03074     	0.05397     	0.02271     
465         	10          	5.628       	0.03006     	0.05804     	0.02486     
470         	10          	5.623       	0.03353     	0.05649     	0.0263      
475         	10          	5.527       	0.03143     	0.05717     	0.02664     
480         	10          	5.56        	0.02669     	0.05        	0.0283      
485         	10          	5.507       	0.02846     	0.05611     	0.03071     
490         	10          	5.46        	0.02778     	0.05809     	0.02906     
495         	10          	5.462       	0.03023     	0.05344     	0.02436     
500         	10          	5.465       	0.02521     	0.05384     	0.02524     
505         	10          	5.338       	0.03202     	0.05827     	0.03122     
510         	10          	5.358       	0.03107     	0.05835     	0.03175     
515         	10          	5.343       	0.03151     	0.06739     	0.02967     
520         	10          	5.377       	0.03209     	0.06076     	0.0302      
525         	10          	5.358       	0.02757     	0.05748     	0.02765     
530         	10          	5.25        	0.02656     	0.06207     	0.03068     
535         	10          	5.252       	0.02678     	0.05508     	0.0286      
540         	10          	5.262       	0.02558     	0.05864     	0.0292      
545         	10          	5.192       	0.02692     	0.05672     	0.03005     
550         	10          	5.198       	0.02647     	0.05385     	0.0228      
555         	10          	5.16        	0.02785     	0.05873     	0.03311     
560         	10          	5.125       	0.02775     	0.055       	0.03057     
565         	10          	5.1         	0.02784     	0.05206     	0.03072     
570         	10          	5.097       	0.02649     	0.05212     	0.02778     
575         	10          	5.043       	0.03067     	0.05226     	0.02839     
580         	10          	5.058       	0.02965     	0.05579     	0.02778     
585         	10          	5.033       	0.02805     	0.0551      	0.03507     
590         	10          	5.068       	0.0262      	0.06052     	0.02455     
595         	10          	4.993       	0.03059     	0.05402     	0.02634     
600         	10          	4.967       	0.03144     	0.05672     	0.02801     
605         	10          	5.007       	0.02428     	0.05317     	0.03075     
610         	10          	4.985       	0.02914     	0.05167     	0.02563     
615         	10          	4.94        	0.02917     	0.056       	0.03201     
620         	10          	4.922       	0.027       	0.05308     	0.04038     
625         	10          	4.918       	0.03186     	0.05816     	0.02929     
630         	10          	4.918       	0.03288     	0.05439     	0.02709     
635         	10          	4.92        	0.02815     	0.05781     	0.03135     
640         	10          	4.928       	0.02537     	0.05534     	0.0322      
645         	10          	4.928       	0.0275      	0.05515     	0.03038     
650         	10          	4.938       	0.02686     	0.05112     	0.0293      
655         	10          	4.898       	0.02903     	0.05397     	0.03249     
660         	10          	4.86        	0.03104     	0.05614     	0.03293     
665         	10          	4.862       	0.02646     	0.05155     	0.02508     
670         	10          	4.862       	0.03002     	0.05803     	0.03014     
675         	10          	4.858       	0.02703     	0.05689     	0.0266      
680         	10          	4.848       	0.02586     	0.05965     	0.03028     
685         	10          	4.855       	0.03058     	0.05762     	0.02576     
690         	10          	4.855       	0.02633     	0.05934     	0.02881     
695         	10          	4.835       	0.03111     	0.05601     	0.03042     
700         	10          	4.812       	0.02561     	0.05343     	0.02571     
705         	10          	4.762       	0.03036     	0.05224     	0.02392     
710         	10          	4.733       	0.0267      	0.04758     	0.02667     
715         	10          	4.66        	0.03112     	0.0496      	0.02505     
720         	10          	4.662       	0.03033     	0.04653     	0.02623     
725         	10          	4.67        	0.02855     	0.05348     	0.02795     
730         	10          	4.697       	0.02641     	0.05553     	0.02692     
735         	10          	4.655       	0.0305      	0.05946     	0.02708     
740         	10          	4.653       	0.02982     	0.05272     	0.02622     
745         	10          	4.662       	0.02602     	0.05388     	0.02715     
750         	10          	4.653       	0.02722     	0.0559      	0.02652     
755         	10          	4.612       	0.0295      	0.05378     	0.02259     
760         	10          	4.57        	0.03003     	0.05099     	0.02452     
765         	10          	4.593       	0.03054     	0.05377     	0.02548     
770         	10          	4.557       	0.02611     	0.05233     	0.02568     
775         	10          	4.588       	0.02994     	0.06108     	0.03051     
780         	10          	4.553       	0.0219      	0.0543      	0.03396     
785         	10          	4.528       	0.02379     	0.05728     	0.02722     
790         	10          	4.52        	0.02007     	0.05296     	0.03328     
795         	10          	4.518       	0.02791     	0.05568     	0.02922     
800         	10          	4.47        	0.02395     	0.05794     	0.02894     
805         	10          	4.525       	0.02373     	0.05646     	0.02987     
810         	10          	4.525       	0.02913     	0.05783     	0.02914     
815         	10          	4.497       	0.02862     	0.05208     	0.02971     
820         	10          	4.502       	0.0274      	0.05641     	0.03088     
825         	10          	4.435       	0.02653     	0.05226     	0.0274      
830         	10          	4.437       	0.02535     	0.05573     	0.03256     
835         	10          	4.455       	0.02722     	0.06167     	0.02991     
840         	10          	4.408       	0.03053     	0.06192     	0.03188     
845         	10          	4.42        	0.02944     	0.0537      	0.02728     
850         	10          	4.387       	0.03298     	0.05945     	0.02832     
855         	10          	4.345       	0.02954     	0.05497     	0.02504     
860         	10          	4.402       	0.02779     	0.05095     	0.02644     
865         	10          	4.36        	0.0284      	0.05828     	0.02605     
870         	10          	4.373       	0.03078     	0.05675     	0.03201     
875         	10          	4.313       	0.0314      	0.06069     	0.02873     
880         	10          	4.32        	0.03243     	0.0623      	0.03255     
885         	10          	4.305       	0.02899     	0.06224     	0.02906     
890         	10          	4.257       	0.02932     	0.06282     	0.03503     
895         	10          	4.328       	0.0308      	0.06047     	0.03194     
900         	10          	4.227       	0.02965     	0.05569     	0.02422     
905         	10          	4.263       	0.02776     	0.05776     	0.02856     
910         	10          	4.302       	0.02967     	0.05931     	0.02687     
915         	10          	4.288       	0.03083     	0.06131     	0.03129     
920         	10          	4.282       	0.03093     	0.06141     	0.0277      
925         	10          	4.3         	0.02461     	0.05931     	0.02889     
930         	10          	4.215       	0.02983     	0.05742     	0.03118     
935         	10          	4.213       	0.02792     	0.05523     	0.0286      
940         	10          	4.24        	0.02504     	0.05395     	0.0295      
945         	10          	4.228       	0.03294     	0.0634      	0.0322      
950         	10          	4.245       	0.02727     	0.0547      	0.02842     
955         	10          	4.257       	0.03237     	0.05436     	0.02803     
960         	10          	4.215       	0.0344      	0.05543     	0.02702     
965         	10          	4.233       	0.02717     	0.0529      	0.03376     
970         	10          	4.185       	0.03177     	0.05691     	0.03289     
975         	10          	4.205       	0.02556     	0.05074     	0.02712     
980         	10          	4.168       	0.02329     	0.05532     	0.02778     
985         	10          	4.17        	0.02351     	0.05005     	0.03001     
990         	10          	4.137       	0.02172     	0.05235     	0.02694     
995         	10          	4.155       	0.02542     	0.05537     	0.0257      
1000        	10          	4.157       	0.02529     	0.04891     	0.0247      
1005        	10          	4.147       	0.02553     	0.04809     	0.02132     
1010        	10          	4.137       	0.02521     	0.04935     	0.02664     
1015        	10          	4.103       	0.02728     	0.04745     	0.02528     
1020        	10          	4.105       	0.02844     	0.04874     	0.02495     
1025        	10          	4.07        	0.02706     	0.06013     	0.03159     
1030        	10          	4.098       	0.02849     	0.05945     	0.03076     
1035        	10          	4.063       	0.03094     	0.06239     	0.03292     
1040        	10          	4.13        	0.02721     	0.06144     	0.03247     
1045        	10          	4.088       	0.02498     	0.05138     	0.03108     
1050        	10          	4.103       	0.02756     	0.05507     	0.02808     
1055        	10          	4.107       	0.02647     	0.05548     	0.02984     
1060        	10          	4.112       	0.02873     	0.06027     	0.03136     
1065        	10          	4.12        	0.02404     	0.05367     	0.0286      
1070        	10          	4.122       	0.02971     	0.06009     	0.03031     
1075        	10          	4.082       	0.02851     	0.0649      	0.03596     
1080        	10          	4.068       	0.02581     	0.0602      	0.03101     
1085        	10          	4.113       	0.03229     	0.07066     	0.03276     
1090        	10          	4.123       	0.02975     	0.05971     	0.03199     
1095        	10          	4.147       	0.02871     	0.06037     	0.0334      
1100        	10          	4.08        	0.03085     	0.0571      	0.0286      
1105        	10          	4.073       	0.02344     	0.0607      	0.0332      
1110        	10          	4.098       	0.02795     	0.06086     	0.02695     
1115        	10          	4.062       	0.0324      	0.06814     	0.03148     
1120        	10          	4.093       	0.02601     	0.05976     	0.02805     
1125        	10          	4.037       	0.02886     	0.05747     	0.02805     
1130        	10          	4.058       	0.03095     	0.06058     	0.03001     
1135        	10          	4.093       	0.0283      	0.05256     	0.02774     
1140        	10          	4.068       	0.03586     	0.06299     	0.0274      
1145        	10          	4.088       	0.0288      	0.05855     	0.02584     
1150        	10          	4.033       	0.03269     	0.05588     	0.03248     
1155        	10          	4.058       	0.0356      	0.0519      	0.02322     
1160        	10          	4.013       	0.03328     	0.0569      	0.02378     
1165        	10          	3.987       	0.02939     	0.05065     	0.02841     
1170        	10          	4.017       	0.02613     	0.04955     	0.02675     
1175        	10          	4.057       	0.02041     	0.05217     	0.02122     
1180        	10          	4.02        	0.02596     	0.05156     	0.02995     
1185        	10          	3.993       	0.03009     	0.05401     	0.03002     
1190        	10          	3.977       	0.02884     	0.05808     	0.02855     
1195        	10          	4.005       	0.0276      	0.05385     	0.02756     
1200        	10          	3.975       	0.02678     	0.05839     	0.02791     
1205        	10          	3.953       	0.02974     	0.05826     	0.02527     
1210        	10          	3.923       	0.02534     	0.05661     	0.02937     
1215        	10          	3.957       	0.02561     	0.06137     	0.03147     
1220        	10          	3.952       	0.02946     	0.05198     	0.0284      
1225        	10          	3.92        	0.02826     	0.0572      	0.02787     
1230        	10          	3.92        	0.02847     	0.0523      	0.02678     
1235        	10          	3.892       	0.0305      	0.05642     	0.02903     
1240        	10          	3.89        	0.03052     	0.06213     	0.03322     
1245        	10          	3.92        	0.02808     	0.05241     	0.02603     
1250        	10          	3.873       	0.03021     	0.05872     	0.02554     
1255        	10          	3.855       	0.03012     	0.05416     	0.02994     
1260        	10          	3.843       	0.03256     	0.05457     	0.02502     
1265        	10          	3.862       	0.02659     	0.05743     	0.02727     
1270        	10          	3.863       	0.0282      	0.06136     	0.03321     
1275        	10          	3.893       	0.02729     	0.05371     	0.02767     
1280        	10          	3.887       	0.02906     	0.05426     	0.02922     
1285        	10          	3.85        	0.03582     	0.05827     	0.02823     
1290        	10          	3.768       	0.03432     	0.05694     	0.02696     
1295        	10          	3.863       	0.02643     	0.05235     	0.0312      
1300        	10          	3.825       	0.02984     	0.05931     	0.0294      
1305        	10          	3.902       	0.02218     	0.05578     	0.03387     
1310        	10          	3.895       	0.02851     	0.05678     	0.03258     
1315        	10          	3.887       	0.02816     	0.06058     	0.0352      
1320        	10          	3.897       	0.02554     	0.05461     	0.03018     
1325        	10          	3.915       	0.02407     	0.05857     	0.03133     
1330        	10          	3.913       	0.03477     	0.06384     	0.0316      
1335        	10          	3.895       	0.03223     	0.06151     	0.02898     
1340        	10          	3.853       	0.02674     	0.05967     	0.02745     
1345        	10          	3.805       	0.02892     	0.06441     	0.03292     
1350        	10          	3.867       	0.02576     	0.05939     	0.02402     
1355        	10          	3.878       	0.03008     	0.05826     	0.02827     
1360        	10          	3.808       	0.03045     	0.05756     	0.03027     
1365        	10          	3.772       	0.02764     	0.06321     	0.03533     
1370        	10          	3.835       	0.02809     	0.05182     	0.02954     
1375        	10          	3.778       	0.03424     	0.06123     	0.03292     
1380        	10          	3.75        	0.02858     	0.06096     	0.03189     
1385        	10          	3.732       	0.03134     	0.05818     	0.02369     
1390        	10          	3.742       	0.03635     	0.06651     	0.0284      
1395        	10          	3.735       	0.02943     	0.06518     	0.02941     
1400        	10          	3.758       	0.02976     	0.06271     	0.02972     
1405        	10          	3.807       	0.03226     	0.06444     	0.02725     
1410        	10          	3.727       	0.0365      	0.06345     	0.03086     
1415        	10          	3.763       	0.03216     	0.05757     	0.02391     
1420        	10          	3.693       	0.03171     	0.05699     	0.02776     
1425        	10          	3.677       	0.03273     	0.06009     	0.02948     
1430        	10          	3.7         	0.02877     	0.058       	0.02492     
1435        	10          	3.693       	0.02918     	0.05786     	0.02557     
1440        	10          	3.738       	0.02625     	0.05946     	0.02625     
1445        	10          	3.682       	0.02517     	0.06287     	0.02628     
1450        	10          	3.633       	0.02915     	0.05462     	0.02822     
1455        	10          	3.698       	0.03088     	0.06763     	0.0291      
1460        	10          	3.68        	0.02688     	0.05949     	0.0274      
1465        	10          	3.712       	0.0252      	0.06018     	0.02762     
1470        	10          	3.662       	0.02596     	0.05714     	0.02922     
1475        	10          	3.67        	0.03128     	0.05774     	0.0326      
1480        	10          	3.623       	0.02955     	0.05205     	0.03426     
1485        	10          	3.638       	0.02204     	0.04938     	0.03392     
1490        	10          	3.613       	0.02445     	0.04624     	0.02635     
1495        	10          	3.62        	0.02818     	0.05433     	0.03242     
1500        	10          	3.6         	0.02586     	0.05044     	0.02301     
1505        	10          	3.588       	0.0246      	0.04627     	0.02441     
1510        	10          	3.583       	0.02728     	0.04937     	0.03113     
1515        	10          	3.613       	0.03009     	0.05101     	0.02436     
1520        	10          	3.558       	0.03322     	0.05189     	0.03        
1525        	10          	3.588       	0.02287     	0.05766     	0.02724     
1530        	10          	3.562       	0.02649     	0.05307     	0.02728     
1535        	10          	3.577       	0.03115     	0.05642     	0.02729     
1540        	10          	3.515       	0.02661     	0.0611      	0.02721     
1545        	10          	3.53        	0.02219     	0.05347     	0.02981     
1550        	10          	3.553       	0.02561     	0.05141     	0.02418     
1555        	10          	3.563       	0.02426     	0.0525      	0.02617     
1560        	10          	3.555       	0.02505     	0.05687     	0.02656     
1565        	10          	3.552       	0.02509     	0.05374     	0.02879     
1570        	10          	3.598       	0.0252      	0.04978     	0.02627     
1575        	10          	3.548       	0.02535     	0.05394     	0.02561     
1580        	10          	3.568       	0.0304      	0.05656     	0.0318      
1585        	10          	3.523       	0.03641     	0.0576      	0.03086     
1590        	10          	3.568       	0.02814     	0.05617     	0.03787     
1595        	10          	3.582       	0.02859     	0.05948     	0.03956     
1600        	10          	3.543       	0.02878     	0.05917     	0.03477     
1605        	10          	3.528       	0.02997     	0.05882     	0.03099     
1610        	10          	3.558       	0.03075     	0.05594     	0.02911     
1615        	10          	3.532       	0.02663     	0.05507     	0.02505     
1620        	10          	3.53        	0.03282     	0.0559      	0.02374     
1625        	10          	3.55        	0.0308      	0.05064     	0.0318      
1630        	10          	3.572       	0.02804     	0.05128     	0.02425     
1635        	10          	3.59        	0.0277      	0.0525      	0.02751     
1640        	10          	3.497       	0.02532     	0.04934     	0.02304     
1645        	10          	3.537       	0.02486     	0.0551      	0.02096     
1650        	10          	3.495       	0.02324     	0.04993     	0.02725     
1655        	10          	3.538       	0.03036     	0.05059     	0.02217     
1660        	10          	3.52        	0.02961     	0.04642     	0.02942     
1665        	10          	3.557       	0.02624     	0.04347     	0.0249      
1670        	10          	3.558       	0.0265      	0.04682     	0.02529     
1675        	10          	3.575       	0.02932     	0.05362     	0.02714     
1680        	10          	3.567       	0.02456     	0.0538      	0.02737     
1685        	10          	3.56        	0.02589     	0.05031     	0.02688     
1690        	10          	3.632       	0.02697     	0.0494      	0.02615     
1695        	10          	3.603       	0.02511     	0.04976     	0.02263     
1700        	10          	3.555       	0.02985     	0.05278     	0.02615     
1705        	10          	3.588       	0.02251     	0.05105     	0.03003     
1710        	10          	3.557       	0.02791     	0.0538      	0.02744     
1715        	10          	3.527       	0.02885     	0.05656     	0.02845     
1720        	10          	3.517       	0.02489     	0.05219     	0.02544     
1725        	10          	3.57        	0.03013     	0.05052     	0.02401     
1730        	10          	3.577       	0.02481     	0.04729     	0.02189     
1735        	10          	3.557       	0.0248      	0.04622     	0.02219     
1740        	10          	3.53        	0.02965     	0.05254     	0.03078     
1745        	10          	3.537       	0.03161     	0.05066     	0.02265     
1750        	10          	3.558       	0.02868     	0.0535      	0.02442     
1755        	10          	3.573       	0.02561     	0.05865     	0.02213     
1760        	10          	3.575       	0.02451     	0.05107     	0.02226     
1765        	10          	3.565       	0.02664     	0.05363     	0.02656     
1770        	10          	3.553       	0.02931     	0.06101     	0.02879     
1775        	10          	3.563       	0.02546     	0.05738     	0.03035     
1780        	10          	3.538       	0.0258      	0.05678     	0.02934     
1785        	10          	3.512       	0.02688     	0.05024     	0.02628     
1790        	10          	3.512       	0.02887     	0.05635     	0.03184     
1795        	10          	3.518       	0.02721     	0.05586     	0.03221     
1800        	10          	3.53        	0.02551     	0.04539     	0.02864     
1805        	10          	3.575       	0.02717     	0.04613     	0.03228     
1810        	10          	3.548       	0.02734     	0.05113     	0.03148     
1815        	10          	3.557       	0.02692     	0.05417     	0.03018     
1820        	10          	3.53        	0.0267      	0.05133     	0.0335      
1825        	10          	3.557       	0.02986     	0.05613     	0.02793     
1830        	10          	3.523       	0.0328      	0.06114     	0.03096     
1835        	10          	3.538       	0.0296      	0.05696     	0.03378     
1840        	10          	3.512       	0.02615     	0.05653     	0.03408     
1845        	10          	3.542       	0.02675     	0.05385     	0.03378     
1850        	10          	3.548       	0.02239     	0.05618     	0.02742     
1855        	10          	3.573       	0.02827     	0.05636     	0.02585     
1860        	10          	3.563       	0.02325     	0.05607     	0.02858     
1865        	10          	3.592       	0.02257     	0.05291     	0.0354      
1870        	10          	3.582       	0.02671     	0.05281     	0.03458     
1875        	10          	3.548       	0.03193     	0.05929     	0.03135     
1880        	10          	3.533       	0.02994     	0.06089     	0.03225     
1885        	10          	3.492       	0.02841     	0.06299     	0.03036     
1890        	10          	3.473       	0.02939     	0.06216     	0.02878     
1895        	10          	3.49        	0.02877     	0.05364     	0.02951     
1900        	10          	3.522       	0.02635     	0.05484     	0.02707     
1905        	10          	3.512       	0.02257     	0.05994     	0.02871     
1910        	10          	3.528       	0.03017     	0.06183     	0.02994     
1915        	10          	3.55        	0.02835     	0.06401     	0.03109     
1920        	10          	3.508       	0.03033     	0.06356     	0.03182     
1925        	10          	3.522       	0.03081     	0.06174     	0.03131     
1930        	10          	3.582       	0.03755     	0.05729     	0.02799     
1935        	10          	3.513       	0.03007     	0.06137     	0.03187     
1940        	10          	3.567       	0.02959     	0.0649      	0.04065     
1945        	10          	3.572       	0.02841     	0.0666      	0.03652     
1950        	10          	3.503       	0.03093     	0.06079     	0.03362     
1955        	10          	3.543       	0.03198     	0.06115     	0.02676     
1960        	10          	3.495       	0.02906     	0.06862     	0.0381      
1965        	10          	3.555       	0.03054     	0.05491     	0.02521     
1970        	10          	3.503       	0.03018     	0.05381     	0.02275     
1975        	10          	3.503       	0.03362     	0.05341     	0.02732     
1980        	10          	3.502       	0.02794     	0.05153     	0.03191     
1985        	10          	3.512       	0.02622     	0.05208     	0.02737     
1990        	10          	3.547       	0.02858     	0.05362     	0.02627     
1995        	10          	3.473       	0.02692     	0.05016     	0.02606     
2000        	10          	3.462       	0.0279      	0.05199     	0.03007     
2005        	10          	3.442       	0.02488     	0.04859     	0.02454     
2010        	10          	3.477       	0.02243     	0.04863     	0.02813     
2015        	10          	3.468       	0.02422     	0.0489      	0.02534     
2020        	10          	3.465       	0.02066     	0.05358     	0.02677     
2025        	10          	3.412       	0.02903     	0.051       	0.0323      
2030        	10          	3.463       	0.02388     	0.05318     	0.02739     
2035        	10          	3.422       	0.0251      	0.05494     	0.03334     
2040        	10          	3.373       	0.02651     	0.05476     	0.03124     
2045        	10          	3.393       	0.03001     	0.06091     	0.03207     
2050        	10          	3.407       	0.03572     	0.05756     	0.02413     
2055        	10          	3.415       	0.02866     	0.04868     	0.02948     
2060        	10          	3.393       	0.0254      	0.04314     	0.02472     
2065        	10          	3.403       	0.02963     	0.05191     	0.02221     
2070        	10          	3.397       	0.03381     	0.05601     	0.02298     
2075        	10          	3.4         	0.03497     	0.06224     	0.02723     
2080        	10          	3.372       	0.03338     	0.05996     	0.02738     
2085        	10          	3.413       	0.03098     	0.05782     	0.02304     
2090        	10          	3.448       	0.02961     	0.05473     	0.02854     
2095        	10          	3.42        	0.03194     	0.06049     	0.02805     
2100        	10          	3.368       	0.03097     	0.05558     	0.02464     
2105        	10          	3.365       	0.0288      	0.05111     	0.0242      
2110        	10          	3.368       	0.03019     	0.05022     	0.02704     
2115        	10          	3.372       	0.03015     	0.05139     	0.03114     
2120        	10          	3.355       	0.02477     	0.05586     	0.03713     
2125        	10          	3.323       	0.03176     	0.06088     	0.03856     
2130        	10          	3.352       	0.02991     	0.05445     	0.02754     
2135        	10          	3.317       	0.02229     	0.05958     	0.03551     
2140        	10          	3.337       	0.0242      	0.06549     	0.03967     
2145        	10          	3.347       	0.02891     	0.056       	0.02859     
2150        	10          	3.313       	0.02799     	0.05722     	0.02976     
2155        	10          	3.282       	0.03016     	0.06132     	0.03386     
2160        	10          	3.305       	0.02772     	0.06017     	0.0333      
2165        	10          	3.332       	0.03309     	0.06527     	0.03257     
2170        	10          	3.312       	0.02921     	0.05942     	0.02927     
2175        	10          	3.32        	0.03315     	0.06086     	0.0267      
2180        	10          	3.288       	0.02783     	0.05943     	0.03043     
2185        	10          	3.315       	0.02818     	0.05753     	0.02523     
2190        	10          	3.275       	0.0326      	0.06592     	0.03141     
2195        	10          	3.307       	0.02749     	0.05767     	0.03239     
2200        	10          	3.312       	0.02466     	0.06368     	0.02897     
2205        	10          	3.307       	0.02908     	0.06034     	0.02611     
2210        	10          	3.323       	0.03172     	0.06176     	0.02685     
2215        	10          	3.355       	0.02357     	0.05541     	0.02818     
2220        	10          	3.335       	0.03959     	0.06744     	0.03255     
2225        	10          	3.318       	0.03381     	0.05835     	0.02711     
2230        	10          	3.35        	0.0302      	0.06278     	0.02852     
2235        	10          	3.332       	0.02779     	0.0612      	0.02496     
2240        	10          	3.34        	0.03393     	0.05797     	0.03307     
2245        	10          	3.333       	0.03143     	0.05997     	0.02447     
2250        	10          	3.325       	0.02935     	0.05412     	0.01998     
2255        	10          	3.343       	0.0257      	0.05164     	0.02312     
2260        	10          	3.312       	0.02967     	0.05232     	0.02749     
2265        	10          	3.33        	0.02952     	0.05074     	0.02534     
2270        	10          	3.312       	0.03337     	0.06106     	0.03447     
2275        	10          	3.325       	0.02599     	0.05407     	0.02432     
2280        	10          	3.308       	0.02738     	0.04769     	0.03046     
2285        	10          	3.28        	0.02943     	0.05743     	0.03041     
2290        	10          	3.293       	0.02845     	0.05748     	0.02259     
2295        	10          	3.267       	0.02521     	0.05981     	0.03333     
2300        	10          	3.285       	0.03795     	0.06484     	0.02198     
2305        	10          	3.29        	0.02909     	0.05669     	0.02908     
2310        	10          	3.258       	0.02893     	0.05695     	0.03339     
2315        	10          	3.275       	0.03475     	0.06103     	0.02295     
2320        	10          	3.243       	0.03178     	0.06361     	0.02961     
2325        	10          	3.263       	0.03537     	0.05786     	0.02625     
2330        	10          	3.257       	0.02847     	0.05306     	0.02575     
2335        	10          	3.323       	0.02744     	0.05764     	0.02389     
2340        	10          	3.365       	0.02934     	0.05528     	0.02463     
2345        	10          	3.333       	0.02973     	0.06017     	0.03025     
2350        	10          	3.348       	0.02928     	0.0528      	0.02788     
2355        	10          	3.362       	0.02995     	0.06033     	0.0319      
2360        	10          	3.347       	0.03251     	0.06254     	0.03021     
2365        	10          	3.317       	0.03215     	0.05813     	0.02176     
2370        	10          	3.333       	0.02878     	0.06261     	0.03109     
2375        	10          	3.313       	0.03084     	0.05955     	0.02501     
2380        	10          	3.32        	0.0282      	0.06327     	0.03035     
2385        	10          	3.34        	0.03076     	0.06281     	0.03097     
2390        	10          	3.313       	0.03143     	0.06503     	0.02743     
2395        	10          	3.303       	0.02834     	0.07149     	0.03105     
2400        	10          	3.278       	0.03163     	0.06841     	0.0323      
2405        	10          	3.24        	0.03268     	0.06449     	0.03419     
2410        	10          	3.248       	0.03036     	0.05723     	0.03026     
2415        	10          	3.28        	0.03045     	0.06072     	0.03183     
2420        	10          	3.262       	0.02889     	0.0644      	0.0292      
2425        	10          	3.213       	0.02992     	0.06844     	0.03387     
2430        	10          	3.228       	0.03438     	0.06929     	0.02723     
2435        	10          	3.223       	0.03682     	0.06577     	0.02889     
2440        	10          	3.278       	0.03784     	0.06305     	0.02932     
2445        	10          	3.263       	0.03232     	0.06139     	0.02518     
2450        	10          	3.292       	0.02946     	0.05764     	0.03523     
2455        	10          	3.278       	0.02697     	0.05799     	0.03093     
2460        	10          	3.31        	0.02855     	0.06777     	0.03273     
2465        	10          	3.28        	0.03412     	0.0643      	0.02418     
2470        	10          	3.27        	0.03712     	0.06358     	0.02724     
2475        	10          	3.277       	0.03262     	0.05952     	0.02595     
2480        	10          	3.287       	0.03538     	0.05949     	0.02571     
2485        	10          	3.282       	0.02977     	0.04861     	0.02246     
2490        	10          	3.277       	0.02913     	0.05652     	0.03186     
2495        	10          	3.26        	0.03241     	0.05654     	0.02876     
2500        	10          	3.307       	0.02831     	0.06023     	0.03126     
2505        	10          	3.287       	0.02908     	0.0669      	0.02612     
2510        	10          	3.257       	0.03186     	0.06627     	0.02959     
2515        	10          	3.26        	0.02552     	0.06306     	0.0277      
2520        	10          	3.217       	0.02476     	0.05829     	0.03182     
2525        	10          	3.253       	0.02627     	0.04983     	0.02407     
2530        	10          	3.275       	0.02416     	0.05119     	0.02991     
2535        	10          	3.255       	0.02545     	0.04653     	0.02367     
2540        	10          	3.243       	0.01882     	0.04245     	0.02361     
2545        	10          	3.255       	0.02177     	0.0581      	0.03059     
2550        	10          	3.253       	0.02356     	0.0554      	0.03084     
2555        	10          	3.237       	0.02596     	0.05107     	0.02536     
2560        	10          	3.242       	0.03199     	0.05528     	0.02036     
2565        	10          	3.282       	0.02799     	0.05346     	0.02568     
2570        	10          	3.282       	0.02988     	0.05473     	0.02852     
2575        	10          	3.262       	0.02935     	0.04919     	0.02675     
2580        	10          	3.268       	0.02672     	0.05523     	0.02852     
2585        	10          	3.233       	0.02813     	0.05022     	0.02969     
2590        	10          	3.258       	0.03308     	0.05509     	0.02964     
2595        	10          	3.25        	0.02788     	0.05408     	0.02986     
2600        	10          	3.287       	0.02704     	0.04955     	0.02874     
2605        	10          	3.303       	0.01959     	0.04895     	0.02887     
2610        	10          	3.285       	0.03088     	0.05763     	0.03087     
2615        	10          	3.295       	0.02901     	0.04945     	0.03072     
2620        	10          	3.275       	0.02444     	0.04778     	0.02826     
2625        	10          	3.28        	0.02696     	0.05487     	0.02907     
2630        	10          	3.282       	0.02666     	0.05196     	0.02615     
2635        	10          	3.272       	0.02492     	0.05348     	0.02561     
2640        	10          	3.268       	0.02726     	0.05421     	0.02566     
2645        	10          	3.277       	0.02804     	0.05161     	0.02316     
2650        	10          	3.288       	0.02616     	0.05234     	0.02189     
2655        	10          	3.307       	0.02913     	0.05073     	0.02054     
2660        	10          	3.285       	0.02627     	0.05162     	0.025       
2665        	10          	3.285       	0.02552     	0.05804     	0.0275      
2670        	10          	3.272       	0.02742     	0.0568      	0.02882     
2675        	10          	3.287       	0.02849     	0.05345     	0.02762     
2680        	10          	3.31        	0.03043     	0.05719     	0.02942     
2685        	10          	3.257       	0.03015     	0.05806     	0.02677     
2690        	10          	3.322       	0.02662     	0.04839     	0.0256      
2695        	10          	3.325       	0.03506     	0.05734     	0.03063     
2700        	10          	3.282       	0.02989     	0.05495     	0.03178     
2705        	10          	3.308       	0.02599     	0.05524     	0.03386     
2710        	10          	3.298       	0.02625     	0.05739     	0.03239     
2715        	10          	3.317       	0.02644     	0.05844     	0.02844     
2720        	10          	3.342       	0.02356     	0.04602     	0.02635     
2725        	10          	3.325       	0.02959     	0.05558     	0.02763     
2730        	10          	3.307       	0.02856     	0.0537      	0.03115     
2735        	10          	3.3         	0.02105     	0.04802     	0.02628     
2740        	10          	3.305       	0.0301      	0.05187     	0.03467     
2745        	10          	3.315       	0.02623     	0.05173     	0.03254     
2750        	10          	3.307       	0.02222     	0.05229     	0.03325     
2755        	10          	3.322       	0.02727     	0.0591      	0.02648     
2760        	10          	3.297       	0.03257     	0.05712     	0.02473     
2765        	10          	3.298       	0.02409     	0.05162     	0.03014     
2770        	10          	3.318       	0.02496     	0.05393     	0.03404     
2775        	10          	3.337       	0.02366     	0.05195     	0.02763     
2780        	10          	3.303       	0.02922     	0.04854     	0.02261     
2785        	10          	3.28        	0.02597     	0.05654     	0.03192     
2790        	10          	3.268       	0.02778     	0.04842     	0.02697     
2795        	10          	3.263       	0.02954     	0.04952     	0.02656     
2800        	10          	3.273       	0.03004     	0.04961     	0.02665     
2805        	10          	3.263       	0.03051     	0.04298     	0.02483     
2810        	10          	3.317       	0.02762     	0.04606     	0.02537     
2815        	10          	3.303       	0.023       	0.05135     	0.02959     
2820        	10          	3.265       	0.03029     	0.05728     	0.02567     
2825        	10          	3.318       	0.02585     	0.05124     	0.02959     
2830        	10          	3.282       	0.02729     	0.04906     	0.02963     
2835        	10          	3.297       	0.01856     	0.04313     	0.02265     
2840        	10          	3.307       	0.02546     	0.0465      	0.0259      
2845        	10          	3.322       	0.02262     	0.05329     	0.02946     
2850        	10          	3.335       	0.02957     	0.05437     	0.02994     
2855        	10          	3.322       	0.02514     	0.05569     	0.02918     
2860        	10          	3.332       	0.02859     	0.05266     	0.02429     
2865        	10          	3.273       	0.03259     	0.05177     	0.03046     
2870        	10          	3.287       	0.03361     	0.04988     	0.02649     
2875        	10          	3.29        	0.03043     	0.05516     	0.02878     
2880        	10          	3.285       	0.03155     	0.05429     	0.02992     
2885        	10          	3.262       	0.02813     	0.0455      	0.02505     
2890        	10          	3.267       	0.02493     	0.05055     	0.02359     
2895        	10          	3.278       	0.03183     	0.05193     	0.02336     
2900        	10          	3.248       	0.0336      	0.05398     	0.02563     
2905        	10          	3.222       	0.03545     	0.06026     	0.02451     
2910        	10          	3.235       	0.03225     	0.06037     	0.02898     
2915        	10          	3.242       	0.03215     	0.06165     	0.0284      
2920        	10          	3.23        	0.03081     	0.06267     	0.03678     
2925        	10          	3.202       	0.02834     	0.06663     	0.03141     
2930        	10          	3.233       	0.03206     	0.06652     	0.02993     
2935        	10          	3.242       	0.0319      	0.05827     	0.03068     
2940        	10          	3.253       	0.03005     	0.05422     	0.02613     
2945        	10          	3.225       	0.02412     	0.05679     	0.03398     
2950        	10          	3.22        	0.02818     	0.04726     	0.02964     
2955        	10          	3.2         	0.03598     	0.06169     	0.03051     
2960        	10          	3.187       	0.02487     	0.04758     	0.02746     
2965        	10          	3.197       	0.02712     	0.0605      	0.03369     
2970        	10          	3.212       	0.02998     	0.05168     	0.0299      
2975        	10          	3.22        	0.02626     	0.05709     	0.02566     
2980        	10          	3.198       	0.02157     	0.04985     	0.02873     
2985        	10          	3.177       	0.02582     	0.04797     	0.02636     
2990        	10          	3.19        	0.02765     	0.0507      	0.02982     
2995        	10          	3.153       	0.02776     	0.05111     	0.028       
3000        	10          	3.197       	0.03028     	0.05414     	0.03164     
3005        	10          	3.183       	0.03103     	0.05407     	0.03363     
3010        	10          	3.17        	0.02748     	0.03985     	0.0266      
3015        	10          	3.217       	0.02129     	0.0488      	0.01844     
3020        	10          	3.21        	0.0286      	0.05599     	0.02018     
3025        	10          	3.243       	0.02775     	0.05024     	0.02791     
3030        	10          	3.197       	0.02107     	0.04812     	0.02677     
3035        	10          	3.205       	0.02652     	0.05321     	0.02548     
3040        	10          	3.207       	0.02374     	0.04908     	0.02469     
3045        	10          	3.195       	0.02636     	0.04952     	0.0239      
3050        	10          	3.202       	0.02573     	0.04924     	0.03332     
3055        	10          	3.157       	0.02476     	0.04661     	0.02765     
3060        	10          	3.163       	0.0272      	0.05315     	0.02782     
3065        	10          	3.168       	0.02257     	0.05227     	0.03352     
3070        	10          	3.162       	0.02149     	0.0565      	0.02883     
3075        	10          	3.188       	0.03285     	0.06293     	0.0304      
3080        	10          	3.162       	0.03255     	0.0633      	0.03155     
3085        	10          	3.118       	0.0314      	0.0624      	0.03051     
3090        	10          	3.137       	0.02947     	0.06119     	0.03255     
3095        	10          	3.202       	0.02681     	0.06016     	0.03332     
3100        	10          	3.168       	0.025       	0.05453     	0.02943     
3105        	10          	3.135       	0.02909     	0.05581     	0.02897     
3110        	10          	3.105       	0.02752     	0.06025     	0.03383     
3115        	10          	3.105       	0.03269     	0.06018     	0.02584     
3120        	10          	3.123       	0.03187     	0.06316     	0.02488     
3125        	10          	3.168       	0.03123     	0.06166     	0.02808     
3130        	10          	3.125       	0.02901     	0.06117     	0.02634     
3135        	10          	3.103       	0.03039     	0.06213     	0.03112     
3140        	10          	3.11        	0.03741     	0.0601      	0.0291      
3145        	10          	3.122       	0.03305     	0.05742     	0.02746     
3150        	10          	3.112       	0.02246     	0.04965     	0.02998     
3155        	10          	3.132       	0.02266     	0.04816     	0.02082     
3160        	10          	3.145       	0.02578     	0.05048     	0.02717     
3165        	10          	3.132       	0.02835     	0.0496      	0.02553     
3170        	10          	3.123       	0.03256     	0.05065     	0.02512     
3175        	10          	3.107       	0.03273     	0.04976     	0.02223     
3180        	10          	3.115       	0.02729     	0.04909     	0.02001     
3185        	10          	3.13        	0.03021     	0.04642     	0.02155     
3190        	10          	3.112       	0.02244     	0.04996     	0.02732     
3195        	10          	3.07        	0.02914     	0.05388     	0.02698     
3200        	10          	3.13        	0.03013     	0.05164     	0.02464     
3205        	10          	3.077       	0.0361      	0.05833     	0.02464     
3210        	10          	3.085       	0.02162     	0.04898     	0.02691     
3215        	10          	3.127       	0.02458     	0.0495      	0.02923     
3220        	10          	3.108       	0.02512     	0.04707     	0.02761     
3225        	10          	3.09        	0.02308     	0.05413     	0.03124     
3230        	10          	3.077       	0.02717     	0.06965     	0.03033     
3235        	10          	3.073       	0.03171     	0.06465     	0.02957     
3240        	10          	3.132       	0.0351      	0.06734     	0.03043     
3245        	10          	3.082       	0.03187     	0.06386     	0.03526     
3250        	10          	3.127       	0.02678     	0.05412     	0.03516     
3255        	10          	3.105       	0.0314      	0.05587     	0.02571     
3260        	10          	3.063       	0.02741     	0.05913     	0.02789     
3265        	10          	3.122       	0.02561     	0.05363     	0.02444     
3270        	10          	3.098       	0.02826     	0.0594      	0.02602     
3275        	10          	3.125       	0.0324      	0.059       	0.03272     
3280        	10          	3.088       	0.02741     	0.06681     	0.02902     
3285        	10          	3.122       	0.02597     	0.06399     	0.03339     
3290        	10          	3.108       	0.03233     	0.06393     	0.04042     
3295        	10          	3.087       	0.03139     	0.06601     	0.03578     
3300        	10          	3.097       	0.02345     	0.06248     	0.03686     
3305        	10          	3.077       	0.03567     	0.05907     	0.0244      
3310        	10          	3.117       	0.03566     	0.05764     	0.03195     
3315        	10          	3.102       	0.03432     	0.05699     	0.02482     
3320        	10          	3.092       	0.03047     	0.05279     	0.02902     
3325        	10          	3.103       	0.02834     	0.05473     	0.02604     
3330        	10          	3.107       	0.02707     	0.05007     	0.0265      
3335        	10          	3.133       	0.02691     	0.05516     	0.02733     
3340        	10          	3.147       	0.03521     	0.05875     	0.02775     
3345        	10          	3.175       	0.02513     	0.05524     	0.02828     
3350        	10          	3.13        	0.02142     	0.05137     	0.03111     
3355        	10          	3.108       	0.02882     	0.05768     	0.02694     
3360        	10          	3.122       	0.03188     	0.05896     	0.02919     
3365        	10          	3.108       	0.02821     	0.06187     	0.02941     
3370        	10          	3.107       	0.0298      	0.05764     	0.02827     
3375        	10          	3.092       	0.03397     	0.0539      	0.02615     
3380        	10          	3.097       	0.02154     	0.0541      	0.03249     
3385        	10          	3.14        	0.02414     	0.0429      	0.0241      
3390        	10          	3.135       	0.03304     	0.05727     	0.03508     
3395        	10          	3.118       	0.03021     	0.05209     	0.03192     
3400        	10          	3.103       	0.02743     	0.0523      	0.02819     
3405        	10          	3.14        	0.02748     	0.05158     	0.02137     
3410        	10          	3.158       	0.02491     	0.05118     	0.02717     
3415        	10          	3.115       	0.02826     	0.04863     	0.02584     
3420        	10          	3.122       	0.03314     	0.05928     	0.02373     
3425        	10          	3.122       	0.02352     	0.05        	0.02705     
3430        	10          	3.143       	0.02868     	0.04801     	0.02335     
3435        	10          	3.087       	0.02658     	0.05337     	0.02579     
3440        	10          	3.138       	0.02473     	0.04991     	0.02197     
3445        	10          	3.135       	0.03521     	0.05604     	0.02628     
3450        	10          	3.11        	0.03328     	0.05217     	0.02971     
3455        	10          	3.115       	0.02541     	0.04811     	0.02838     
3460        	10          	3.143       	0.0358      	0.06075     	0.03664     
3465        	10          	3.097       	0.0331      	0.05901     	0.03318     
3470        	10          	3.103       	0.02661     	0.0613      	0.04086     
3475        	10          	3.098       	0.02245     	0.05142     	0.0268      
3480        	10          	3.122       	0.03202     	0.06153     	0.03004     
3485        	10          	3.13        	0.03032     	0.06057     	0.02333     
3490        	10          	3.108       	0.02731     	0.05509     	0.02394     
3495        	10          	3.13        	0.02683     	0.05524     	0.02772     
3500        	10          	3.098       	0.02798     	0.05897     	0.02765     
3505        	10          	3.13        	0.03226     	0.0682      	0.03403     
3510        	10          	3.145       	0.02782     	0.05913     	0.02598     
3515        	10          	3.097       	0.02863     	0.05972     	0.03005     
3520        	10          	3.097       	0.02714     	0.05756     	0.02634     
3525        	10          	3.097       	0.03051     	0.0636      	0.02971     
3530        	10          	3.112       	0.02947     	0.05327     	0.02585     
3535        	10          	3.118       	0.02582     	0.05379     	0.02874     
3540        	10          	3.105       	0.03291     	0.04859     	0.02417     
3545        	10          	3.127       	0.02709     	0.05382     	0.02092     
3550        	10          	3.122       	0.0278      	0.05125     	0.02141     
3555        	10          	3.135       	0.02468     	0.04633     	0.02751     
3560        	10          	3.142       	0.0266      	0.05669     	0.03319     
3565        	10          	3.13        	0.02787     	0.05371     	0.02834     
3570        	10          	3.143       	0.0332      	0.05433     	0.03162     
3575        	10          	3.135       	0.02853     	0.05495     	0.0308      
3580        	10          	3.083       	0.02037     	0.04677     	0.03534     
3585        	10          	3.092       	0.02585     	0.04595     	0.02957     
3590        	10          	3.108       	0.02715     	0.05996     	0.03269     
3595        	10          	3.098       	0.02848     	0.0584      	0.03236     
3600        	10          	3.125       	0.02848     	0.04904     	0.02688     
3605        	10          	3.088       	0.02663     	0.04766     	0.02913     
3610        	10          	3.102       	0.03099     	0.05958     	0.02491     
3615        	10          	3.097       	0.03085     	0.05869     	0.03706     
3620        	10          	3.112       	0.028       	0.05516     	0.0264      
3625        	10          	3.075       	0.02759     	0.05578     	0.02825     
3630        	10          	3.058       	0.02977     	0.05708     	0.02603     
3635        	10          	3.063       	0.02371     	0.04939     	0.03019     
3640        	10          	3.085       	0.02793     	0.05438     	0.0262      
3645        	10          	3.082       	0.02455     	0.05448     	0.03586     
3650        	10          	3.083       	0.02409     	0.05202     	0.03325     
3655        	10          	3.115       	0.02751     	0.05355     	0.02818     
3660        	10          	3.09        	0.02952     	0.05223     	0.02902     
3665        	10          	3.115       	0.03014     	0.05131     	0.02182     
3670        	10          	3.165       	0.0287      	0.04692     	0.02835     
3675        	10          	3.142       	0.02225     	0.05362     	0.02775     
3680        	10          	3.123       	0.02906     	0.0492      	0.028       
3685        	10          	3.135       	0.03243     	0.05463     	0.03016     
3690        	10          	3.118       	0.02493     	0.05281     	0.02542     
3695        	10          	3.093       	0.02695     	0.05123     	0.03268     
3700        	10          	3.13        	0.02851     	0.06093     	0.02803     
3705        	10          	3.163       	0.02627     	0.05336     	0.02568     
3710        	10          	3.16        	0.02751     	0.0509      	0.0327      
3715        	10          	3.14        	0.0256      	0.05276     	0.02671     
3720        	10          	3.152       	0.02149     	0.05847     	0.03114     
3725        	10          	3.178       	0.02543     	0.05114     	0.0277      
3730        	10          	3.127       	0.03053     	0.04863     	0.02748     
3735        	10          	3.145       	0.02633     	0.04059     	0.02097     
3740        	10          	3.152       	0.02884     	0.04821     	0.03361     
3745        	10          	3.143       	0.02514     	0.05075     	0.03124     
3750        	10          	3.167       	0.028       	0.04436     	0.02908     
3755        	10          	3.142       	0.02946     	0.04854     	0.02495     
3760        	10          	3.16        	0.02725     	0.05021     	0.02492     
3765        	10          	3.128       	0.03282     	0.05728     	0.02263     
3770        	10          	3.157       	0.02162     	0.04483     	0.02261     
3775        	10          	3.148       	0.02583     	0.04838     	0.02131     
3780        	10          	3.15        	0.02443     	0.05008     	0.02542     
3785        	10          	3.128       	0.02506     	0.05161     	0.02486     
3790        	10          	3.095       	0.02089     	0.03873     	0.02216     
3795        	10          	3.133       	0.02369     	0.04298     	0.02228     
3800        	10          	3.095       	0.03062     	0.04577     	0.02305     
3805        	10          	3.082       	0.0306      	0.05001     	0.02458     
3810        	10          	3.087       	0.02746     	0.04794     	0.02117     
3815        	10          	3.108       	0.02345     	0.05163     	0.02526     
3820        	10          	3.098       	0.02662     	0.04521     	0.02348     
3825        	10          	3.09        	0.02839     	0.0514      	0.02501     
3830        	10          	3.098       	0.02532     	0.05229     	0.03042     
3835        	10          	3.062       	0.02352     	0.04609     	0.02957     
3840        	10          	3.13        	0.02417     	0.0492      	0.02582     
3845        	10          	3.118       	0.02368     	0.04446     	0.02139     
3850        	10          	3.082       	0.02251     	0.05285     	0.03077     
3855        	10          	3.118       	0.02169     	0.04742     	0.02318     
3860        	10          	3.1         	0.02792     	0.05083     	0.02846     
3865        	10          	3.103       	0.03045     	0.04573     	0.03031     
3870        	10          	3.127       	0.02905     	0.05327     	0.02137     
3875        	10          	3.137       	0.03416     	0.05805     	0.02657     
3880        	10          	3.095       	0.02564     	0.0513      	0.02317     
3885        	10          	3.092       	0.03074     	0.05188     	0.02662     
3890        	10          	3.12        	0.02543     	0.04983     	0.02643     
3895        	10          	3.083       	0.03057     	0.05655     	0.0284      
3900        	10          	3.085       	0.02854     	0.05272     	0.02392     
3905        	10          	3.058       	0.02861     	0.05041     	0.03027     
3910        	10          	3.077       	0.0182      	0.04866     	0.02339     
3915        	10          	3.033       	0.02515     	0.05311     	0.0288      
3920        	10          	3.045       	0.02662     	0.05567     	0.03242     
3925        	10          	3.02        	0.03012     	0.06221     	0.03765     
3930        	10          	3.023       	0.03174     	0.0629      	0.0388      
3935        	10          	3.043       	0.03142     	0.05842     	0.03489     
3940        	10          	3.1         	0.02586     	0.05513     	0.02631     
3945        	10          	3.06        	0.03358     	0.06688     	0.03168     
3950        	10          	3.06        	0.0306      	0.0589      	0.03012     
3955        	10          	3.078       	0.03153     	0.05756     	0.03614     
3960        	10          	3.075       	0.03036     	0.05921     	0.02882     
3965        	10          	3.08        	0.02999     	0.05254     	0.02907     
3970        	10          	3.078       	0.02958     	0.05607     	0.03019     
3975        	10          	3.098       	0.02961     	0.05864     	0.03781     
3980        	10          	3.078       	0.02159     	0.05418     	0.02745     
3985        	10          	3.093       	0.02402     	0.05706     	0.0338      
3990        	10          	3.087       	0.03076     	0.04988     	0.0273      
3995        	10          	3.043       	0.03095     	0.05581     	0.03379     
4000        	10          	3.082       	0.03247     	0.05831     	0.0293      
4005        	10          	3.038       	0.03858     	0.06638     	0.0301      
4010        	10          	3.07        	0.04425     	0.06724     	0.02154     
4015        	10          	3.043       	0.06376     	0.08616     	0.03004     
4020        	10          	3.012       	0.06566     	0.09207     	0.0266      
4025        	10          	2.982       	0.07864     	0.09413     	0.02955     
4030        	10          	2.997       	0.08873     	0.1041      	0.02914     
4035        	10          	2.96        	0.09084     	0.1002      	0.02802     
4040        	10          	2.978       	0.09837     	0.1124      	0.03379     
4045        	10          	2.95        	0.11        	0.1249      	0.03918     
4050        	10          	2.897       	0.1254      	0.1288      	0.03471     
4055        	10          	2.81        	0.1268      	0.1435      	0.04888     
4060        	10          	2.823       	0.1435      	0.1471      	0.05608     
4065        	10          	2.798       	0.1482      	0.1612      	0.07786     
4070        	10          	2.797       	0.1581      	0.167       	0.0891      
4075        	10          	2.783       	0.1704      	0.1807      	0.1007      
4080        	10          	2.738       	0.1776      	0.1862      	0.12        
4085        	10          	2.732       	0.173       	0.1782      	0.1054      
4090        	10          	2.795       	0.1733      	0.1753      	0.06652     
4095        	10          	2.82        	0.1891      	0.1907      	0.05111     
4100        	10          	2.812       	0.1756      	0.1761      	0.04396     
4105        	10          	2.843       	0.1912      	0.1872      	0.04034     
4110        	10          	2.803       	0.2094      	0.2107      	0.04063     
4115        	10          	2.818       	0.2075      	0.2009      	0.03553     
4120        	10          	2.758       	0.2137      	0.2103      	0.03263     
4125        	10          	2.773       	0.2222      	0.2099      	0.03204     
4130        	10          	2.768       	0.2124      	0.2199      	0.02357     
4135        	10          	2.782       	0.2254      	0.2258      	0.02595     
4140        	10          	2.81        	0.2399      	0.2375      	0.03277     
4145        	10          	2.773       	0.248       	0.2484      	0.03278     
4150        	10          	2.765       	0.2384      	0.245       	0.03239     
4155        	10          	2.755       	0.242       	0.2467      	0.03027     
4160        	10          	2.737       	0.2608      	0.2618      	0.03275     
4165        	10          	2.712       	0.2689      	0.2644      	0.03287     
4170        	10          	2.718       	0.2728      	0.2689      	0.02977     
4175        	10          	2.692       	0.2715      	0.2787      	0.03228     
4180        	10          	2.723       	0.2783      	0.282       	0.03185     
4185        	10          	2.738       	0.2705      	0.282       	0.02632     
4190        	10          	2.743       	0.2724      	0.2897      	0.01926     
4195        	10          	2.75        	0.2793      	0.2911      	0.02762     
4200        	10          	2.713       	0.2667      	0.2895      	0.03146     
4205        	10          	2.687       	0.2895      	0.2986      	0.02777     
4210        	10          	2.707       	0.2836      	0.3149      	0.02597     
4215        	10          	2.68        	0.3025      	0.3195      	0.02793     
4220        	10          	2.682       	0.2924      	0.3101      	0.02886     
4225        	10          	2.66        	0.3031      	0.3206      	0.02659     
4230        	10          	2.643       	0.3166      	0.3199      	0.02318     
4235        	10          	2.64        	0.3136      	0.3173      	0.02712     
4240        	10          	2.625       	0.3093      	0.331       	0.02401     
4245        	10          	2.627       	0.3246      	0.3282      	0.02576     
4250        	10          	2.672       	0.3149      	0.3238      	0.03098     
4255        	10          	2.667       	0.317       	0.3356      	0.03094     
4260        	10          	2.643       	0.3223      	0.3311      	0.02356     
4265        	10          	2.67        	0.3243      	0.3354      	0.02536     
4270        	10          	2.655       	0.3383      	0.3338      	0.02228     
4275        	10          	2.635       	0.3386      	0.3443      	0.03259     
4280        	10          	2.643       	0.3437      	0.3522      	0.02816     
4285        	10          	2.655       	0.3414      	0.3436      	0.03023     
4290        	10          	2.667       	0.3404      	0.3436      	0.03113     
4295        	10          	2.655       	0.3384      	0.3499      	0.03137     
4300        	10          	2.672       	0.3348      	0.3434      	0.0349      
4305        	10          	2.647       	0.348       	0.3412      	0.04256     
4310        	10          	2.615       	0.3589      	0.355       	0.04029     
4315        	10          	2.623       	0.3594      	0.3495      	0.03322     
4320        	10          	2.603       	0.3685      	0.3561      	0.03211     
4325        	10          	2.628       	0.3516      	0.3576      	0.02626     
4330        	10          	2.635       	0.3539      	0.3543      	0.03529     
4335        	10          	2.64        	0.3614      	0.3625      	0.02964     
4340        	10          	2.668       	0.3541      	0.3521      	0.02459     
4345        	10          	2.663       	0.3672      	0.3664      	0.02477     
4350        	10          	2.69        	0.356       	0.3627      	0.02665     
4355        	10          	2.662       	0.3678      	0.3821      	0.01969     
4360        	10          	2.66        	0.3648      	0.3763      	0.02457     
4365        	10          	2.597       	0.3796      	0.3778      	0.02527     
4370        	10          	2.603       	0.3772      	0.3727      	0.03347     
4375        	10          	2.592       	0.3857      	0.3862      	0.02426     
4380        	10          	2.625       	0.3857      	0.3834      	0.02716     
4385        	10          	2.613       	0.3816      	0.3811      	0.03008     
4390        	10          	2.618       	0.3947      	0.3913      	0.03032     
4395        	10          	2.633       	0.3946      	0.383       	0.02402     
4400        	10          	2.668       	0.398       	0.3938      	0.02325     
4405        	10          	2.635       	0.3896      	0.3881      	0.0293      
4410        	10          	2.612       	0.395       	0.4002      	0.02632     
4415        	10          	2.593       	0.3983      	0.4086      	0.02736     
4420        	10          	2.627       	0.3918      	0.3974      	0.02743     
4425        	10          	2.588       	0.4057      	0.4105      	0.03484     
4430        	10          	2.618       	0.403       	0.4098      	0.02392     
4435        	10          	2.63        	0.408       	0.4113      	0.02791     
4440        	10          	2.595       	0.4153      	0.4159      	0.02641     
4445        	10          	2.643       	0.4217      	0.4202      	0.03253     
4450        	10          	2.593       	0.4255      	0.4256      	0.03236     
4455        	10          	2.638       	0.4139      	0.419       	0.02949     
4460        	10          	2.612       	0.4215      	0.4239      	0.03009     
4465        	10          	2.61        	0.4078      	0.414       	0.02259     
4470        	10          	2.623       	0.4122      	0.4197      	0.03016     
4475        	10          	2.65        	0.4213      	0.4289      	0.03237     
4480        	10          	2.608       	0.4398      	0.4364      	0.02987     
4485        	10          	2.617       	0.4397      	0.4292      	0.02633     
4490        	10          	2.608       	0.4338      	0.4258      	0.02418     
4495        	10          	2.582       	0.4344      	0.4372      	0.03033     
4500        	10          	2.567       	0.4392      	0.4526      	0.0338      
4505        	10          	2.605       	0.4491      	0.4507      	0.02328     
4510        	10          	2.595       	0.452       	0.4457      	0.03317     
4515        	10          	2.585       	0.4552      	0.444       	0.02918     
4520        	10          	2.58        	0.4502      	0.4422      	0.02597     
4525        	10          	2.555       	0.4548      	0.4455      	0.02694     
4530        	10          	2.587       	0.4619      	0.4472      	0.02928     
4535        	10          	2.572       	0.4547      	0.4562      	0.0304      
4540        	10          	2.575       	0.4583      	0.4545      	0.02472     
4545        	10          	2.547       	0.4649      	0.4694      	0.02696     
4550        	10          	2.582       	0.4608      	0.4578      	0.027       
4555        	10          	2.532       	0.4717      	0.4667      	0.03359     
4560        	10          	2.573       	0.4762      	0.4741      	0.03513     
4565        	10          	2.525       	0.4751      	0.4725      	0.02892     
4570        	10          	2.54        	0.4754      	0.4735      	0.02448     
4575        	10          	2.552       	0.485       	0.4785      	0.02421     
4580        	10          	2.543       	0.4807      	0.4784      	0.01994     
4585        	10          	2.527       	0.4751      	0.4776      	0.03275     
4590        	10          	2.557       	0.4818      	0.4803      	0.02805     
4595        	10          	2.503       	0.4882      	0.4931      	0.02677     
4600        	10          	2.51        	0.4878      	0.4888      	0.02593     
4605        	10          	2.56        	0.4925      	0.4811      	0.02929     
4610        	10          	2.552       	0.4974      	0.4893      	0.02713     
4615        	10          	2.59        	0.489       	0.4872      	0.02374     
4620        	10          	2.597       	0.4955      	0.4977      	0.02465     
4625        	10          	2.603       	0.4956      	0.4966      	0.03086     
4630        	10          	2.583       	0.5053      	0.4961      	0.02276     
4635        	10          	2.585       	0.4982      	0.4927      	0.02215     
4640        	10          	2.57        	0.5035      	0.5004      	0.02694     
4645        	10          	2.573       	0.5106      	0.4989      	0.02292     
4650        	10          	2.567       	0.5155      	0.5033      	0.02882     
4655        	10          	2.578       	0.5182      	0.5112      	0.02362     
4660        	10          	2.618       	0.5155      	0.5063      	0.02824     
4665        	10          	2.58        	0.5095      	0.5022      	0.02294     
4670        	10          	2.603       	0.5111      	0.5065      	0.02078     
4675        	10          	2.61        	0.5089      	0.5099      	0.0263      
4680        	10          	2.595       	0.5082      	0.5109      	0.03687     
4685        	10          	2.578       	0.5082      	0.5085      	0.02905     
4690        	10          	2.565       	0.5178      	0.5135      	0.03593     
4695        	10          	2.587       	0.5136      	0.5062      	0.03081     
4700        	10          	2.582       	0.5173      	0.516       	0.02823     
4705        	10          	2.578       	0.5022      	0.5113      	0.0278      
4710        	10          	2.568       	0.5113      	0.522       	0.03105     
4715        	10          	2.557       	0.5174      	0.5265      	0.02438     
4720        	10          	2.528       	0.5221      	0.532       	0.02765     
4725        	10          	2.53        	0.5234      	0.5258      	0.03638     
4730        	10          	2.542       	0.5171      	0.5202      	0.03727     
4735        	10          	2.522       	0.5232      	0.526       	0.0297      
4740        	10          	2.513       	0.5224      	0.517       	0.02501     
4745        	10          	2.532       	0.5135      	0.5111      	0.02628     
4750        	10          	2.552       	0.5246      	0.5212      	0.03024     
4755        	10          	2.525       	0.5068      	0.5147      	0.02782     
4760        	10          	2.532       	0.5165      	0.5222      	0.03055     
4765        	10          	2.535       	0.5198      	0.5203      	0.02651     
4770        	10          	2.532       	0.5213      	0.5123      	0.02487     
4775        	10          	2.532       	0.5191      	0.5095      	0.02776     
4780        	10          	2.53        	0.5126      	0.5119      	0.02926     
4785        	10          	2.51        	0.5203      	0.5132      	0.03168     
4790        	10          	2.52        	0.5252      	0.5201      	0.02688     
4795        	10          	2.547       	0.5266      	0.5243      	0.02864     
4800        	10          	2.547       	0.533       	0.5206      	0.02675     
4805        	10          	2.53        	0.5117      	0.5122      	0.02912     
4810        	10          	2.548       	0.5132      	0.5165      	0.02984     
4815        	10          	2.555       	0.5194      	0.5195      	0.03207     
4820        	10          	2.548       	0.5214      	0.5179      	0.03161     
4825        	10          	2.553       	0.5275      	0.5215      	0.02847     
4830        	10          	2.573       	0.5231      	0.515       	0.02919     
4835        	10          	2.597       	0.5181      	0.512       	0.03309     
4840        	10          	2.56        	0.5116      	0.5027      	0.02882     
4845        	10          	2.563       	0.5183      	0.5188      	0.03058     
4850        	10          	2.55        	0.5239      	0.5194      	0.02908     
4855        	10          	2.563       	0.5214      	0.5187      	0.02801     
4860        	10          	2.538       	0.5198      	0.5222      	0.02649     
4865        	10          	2.512       	0.5232      	0.5251      	0.02509     
4870        	10          	2.563       	0.5228      	0.5188      	0.03485     
4875        	10          	2.528       	0.5237      	0.5196      	0.02553     
4880        	10          	2.565       	0.5269      	0.5262      	0.03167     
4885        	10          	2.51        	0.5116      	0.5208      	0.0322      
4890        	10          	2.525       	0.5254      	0.521       	0.03678     
4895        	10          	2.538       	0.5196      	0.5159      	0.02819     
4900        	10          	2.488       	0.5249      	0.5213      	0.02733     
4905        	10          	2.51        	0.5215      	0.5179      	0.03039     
4910        	10          	2.508       	0.525       	0.5195      	0.03001     
4915        	10          	2.465       	0.5317      	0.533       	0.03129     
4920        	10          	2.485       	0.5376      	0.5325      	0.02861     
4925        	10          	2.485       	0.5306      	0.5254      	0.03325     
4930        	10          	2.513       	0.5305      	0.5259      	0.03257     
4935        	10          	2.493       	0.532       	0.5262      	0.02441     
4940        	10          	2.497       	0.5198      	0.5226      	0.02923     
4945        	10          	2.47        	0.5331      	0.5299      	0.03536     
4950        	10          	2.507       	0.5313      	0.5262      	0.02439     
4955        	10          	2.475       	0.536       	0.5274      	0.02719     
4960        	10          	2.535       	0.5264      	0.5236      	0.02812     
4965        	10          	2.488       	0.5316      	0.525       	0.02653     
4970        	10          	2.488       	0.5269      	0.5231      	0.03046     
4975        	10          	2.517       	0.5275      	0.5206      	0.03122     
4980        	10          	2.5         	0.532       	0.5206      	0.02382     
4985        	10          	2.468       	0.5393      	0.5237      	0.02673     
4990        	10          	2.49        	0.541       	0.527       	0.02649     
4995        	10          	2.48        	0.5367      	0.5313      	0.02642     
5000        	10          	2.508       	0.5389      	0.5362      	0.02863     
