generation  	alive.rpl   	n.adlt.rs   	n.adlt.fst.wc_p1-2	n.adlt.fst.wc_p1-3	n.adlt.fst.wc_p2-3
5           	10          	0.06007     	8.117e-06   	9.87e-06    	1.346e-05   
10          	10          	0.09668     	3.13e-05    	3.8e-05     	1.186e-05   
15          	10          	0.07471     	2.731e-05   	3.117e-05   	2.227e-05   
20          	10          	0.1451      	3.642e-05   	4.724e-05   	4.001e-05   
25          	10          	0.1781      	2.302e-05   	3.704e-05   	4.439e-05   
30          	10          	0.1831      	2.53e-05    	5.731e-05   	2.936e-05   
35          	10          	0.1723      	3.029e-05   	0.0001298   	4.758e-05   
40          	10          	0.146       	4.01e-05    	0.000103    	1.288e-05   
45          	10          	0.1261      	3.108e-05   	3.981e-05   	7.005e-05   
50          	10          	0.08167     	3.239e-05   	4.734e-05   	3.377e-05   
55          	10          	0.0883      	3.004e-05   	4.77e-05    	1.117e-05   
60          	10          	0.1305      	2.679e-05   	9.691e-05   	3.916e-05   
65          	10          	0.04632     	3.088e-05   	8.556e-05   	5.446e-05   
70          	10          	0.07629     	4.26e-05    	5.661e-05   	1.87e-05    
75          	10          	0.05851     	2.316e-05   	3.93e-05    	5.059e-05   
80          	10          	0.05557     	3.956e-05   	0.0001313   	3.362e-05   
85          	10          	0.0591      	3.104e-05   	1.81e-05    	3.337e-05   
90          	10          	0.02686     	5.142e-05   	0.0001073   	5.718e-05   
95          	10          	0.05944     	6.127e-05   	4.361e-05   	4.954e-05   
100         	10          	0.05196     	5.114e-05   	4.638e-05   	2.123e-05   
105         	10          	0.04075     	4.6e-05     	4.832e-05   	3.075e-05   
110         	10          	0.05888     	4.724e-05   	6.598e-05   	4.886e-05   
115         	10          	0.07119     	1.67e-05    	1.645e-05   	2.781e-05   
120         	10          	0.05294     	5.162e-05   	4.661e-05   	3.415e-05   
125         	10          	0.05414     	4.095e-05   	0.0001023   	4.706e-05   
130         	10          	0.04307     	3.072e-05   	0.0001252   	6.231e-05   
135         	10          	0.0584      	8.65e-05    	0.0001101   	3.628e-05   
140         	10          	0.05251     	4.947e-05   	0.0001351   	7.942e-05   
145         	10          	0.03485     	7.746e-05   	0.0001119   	3.857e-05   
150         	10          	0.04878     	5.151e-05   	9.665e-05   	6.949e-05   
155         	10          	0.06129     	6.037e-05   	3.901e-05   	8.986e-05   
160         	10          	0.05197     	2.13e-05    	0.0001259   	2.704e-05   
165         	10          	0.06751     	6.55e-05    	0.0001281   	0.0001013   
170         	10          	0.05        	6.364e-05   	9.174e-05   	3.603e-05   
175         	10          	0.03494     	5.4e-05     	5.747e-05   	3.301e-05   
180         	10          	0.03021     	6.238e-05   	0.0002199   	0.0001155   
185         	10          	0.0323      	3.993e-05   	0.0001153   	3.5e-05     
190         	10          	0.044       	8.963e-05   	0.0001503   	2.136e-05   
195         	10          	0.03079     	5.17e-05    	0.0001869   	3.144e-05   
200         	10          	0.02004     	0.0001275   	9.862e-05   	4.178e-05   
205         	10          	0.03454     	4.521e-05   	9.876e-05   	6.826e-05   
210         	10          	0.02996     	1.824e-05   	7.261e-05   	0.0001104   
215         	10          	0.04082     	1.791e-05   	0.0002128   	7.774e-05   
220         	10          	0.03345     	3.504e-05   	0.0002042   	6.046e-05   
225         	10          	0.02121     	4.533e-05   	0.0003569   	0.0001219   
230         	10          	0.02638     	6.479e-05   	0.0001376   	4.6e-05     
235         	10          	0.04449     	8.776e-05   	0.0001077   	4.638e-05   
240         	10          	0.02322     	0.0001012   	0.0001587   	0.0001097   
245         	10          	0.03091     	2.027e-05   	0.0001456   	0.0002183   
250         	10          	0.0314      	2.672e-05   	6.576e-05   	0.0001473   
255         	10          	0.03362     	0.0001193   	0.0001305   	8.202e-05   
260         	10          	0.02857     	6.992e-05   	0.0002414   	0.0001031   
265         	10          	0.02877     	2.791e-05   	0.0001413   	5.668e-05   
270         	10          	0.02713     	3.331e-05   	0.000165    	8.297e-05   
275         	10          	0.02682     	9.102e-05   	0.0001544   	0.0001003   
280         	10          	0.03675     	3.721e-05   	0.0001345   	9.451e-05   
285         	10          	0.05444     	6.075e-05   	0.0001307   	4.034e-05   
290         	10          	0.07419     	5.98e-05    	7.888e-05   	8.427e-05   
295         	10          	0.07599     	7.255e-05   	0.0001147   	7.291e-05   
300         	10          	0.08094     	6.417e-05   	0.0002478   	0.0001301   
305         	10          	0.03556     	4.364e-05   	0.0001115   	0.0001087   
310         	10          	0.0289      	4.187e-05   	6.092e-05   	2.383e-05   
315         	10          	0.02523     	9.781e-05   	0.0001189   	5.455e-05   
320         	10          	0.03051     	4.632e-05   	0.0001394   	0.0001207   
325         	10          	0.05275     	0.0001082   	0.0002349   	8.449e-05   
330         	10          	0.03756     	0.0001844   	0.0003003   	3.781e-05   
335         	10          	0.04823     	7.835e-05   	0.0002494   	0.0001505   
340         	10          	0.04945     	2.957e-05   	0.0001391   	0.0001171   
345         	10          	0.04801     	8.031e-05   	0.0002826   	0.0001115   
350         	10          	0.04857     	8.246e-05   	0.0001053   	5.539e-05   
355         	10          	0.04332     	7.042e-05   	0.0001532   	0.0001251   
360         	10          	0.03782     	8.146e-05   	0.0001269   	8.807e-05   
365         	10          	0.04172     	7.454e-05   	0.0001551   	9.38e-05    
370         	10          	0.03934     	5.69e-05    	0.0002779   	0.0002606   
375         	10          	0.06519     	0.0001611   	0.0001004   	0.0001786   
380         	10          	0.0529      	8.427e-05   	0.0002263   	3.495e-05   
385         	10          	0.05736     	9.784e-05   	0.0001655   	9.273e-05   
390         	10          	0.04638     	0.0001122   	0.0001668   	5.057e-05   
395         	10          	0.0441      	8.877e-05   	0.0002358   	0.0001062   
400         	10          	0.06962     	7.935e-05   	0.0001732   	9.771e-05   
405         	10          	0.03951     	9.373e-05   	0.0001957   	6.533e-05   
410         	10          	0.05597     	0.0002883   	0.0001362   	0.0001006   
415         	10          	0.05999     	0.0001181   	9.214e-05   	0.0001211   
420         	10          	0.05961     	6.355e-05   	0.0001282   	5.436e-05   
425         	10          	0.04511     	2.45e-05    	0.0001753   	6.946e-05   
430         	10          	0.04207     	5.527e-05   	7.479e-05   	0.0001194   
435         	10          	0.03849     	4.647e-05   	9.746e-05   	7.773e-05   
440         	10          	0.04518     	0.0001401   	4.389e-05   	4.071e-05   
445         	10          	0.02896     	6.857e-05   	0.0001262   	0.000102    
450         	10          	0.02441     	7.112e-05   	0.0001791   	8.306e-05   
455         	10          	0.03234     	0.0001195   	0.0002358   	3.963e-05   
460         	10          	0.03022     	5.848e-05   	0.0001378   	6.647e-05   
465         	10          	0.03018     	8.531e-05   	0.0001105   	0.0001191   
470         	10          	0.04216     	9.494e-05   	9.997e-05   	4.457e-05   
475         	10          	0.02522     	0.0001109   	0.0001259   	0.0001095   
480         	10          	0.0426      	3.844e-05   	0.0003426   	0.0001752   
485         	10          	0.0265      	0.0001093   	0.0002861   	0.0001432   
490         	10          	0.01991     	0.0001282   	0.0003274   	0.0001213   
495         	10          	0.0468      	4.197e-05   	0.0003288   	0.0001248   
500         	10          	0.03986     	7.999e-05   	0.0001416   	0.0002054   
505         	10          	0.05378     	2.305e-05   	0.0003546   	8.673e-05   
510         	10          	0.08079     	9.355e-05   	0.0003184   	0.00016     
515         	10          	0.06341     	0.0001192   	0.000252    	0.0001232   
520         	10          	0.06173     	6.578e-05   	0.0001975   	0.0001224   
525         	10          	0.06804     	8.247e-05   	0.0002034   	7.474e-05   
530         	10          	0.09111     	9.798e-05   	0.0001526   	4.16e-05    
535         	10          	0.0545      	0.0001545   	0.0001151   	9.133e-05   
540         	10          	0.07582     	8.765e-05   	0.000123    	0.0001225   
545         	10          	0.07172     	0.0001897   	0.0002454   	7.47e-05    
550         	10          	0.08119     	3.413e-05   	9.532e-05   	3.61e-05    
555         	10          	0.06468     	5.671e-05   	0.0002166   	1.843e-05   
560         	10          	0.08173     	6.669e-05   	0.0001592   	9.87e-05    
565         	10          	0.06949     	0.0001004   	0.0001145   	4.479e-05   
570         	10          	0.0528      	0.0002199   	0.0002579   	0.0001026   
575         	10          	0.04208     	4.587e-05   	6.651e-05   	2.616e-05   
580         	10          	0.04462     	7.138e-05   	5.787e-05   	5.687e-05   
585         	10          	0.04739     	7.714e-05   	0.0002063   	4.838e-05   
590         	10          	0.06496     	4.58e-05    	8.815e-05   	5.836e-05   
595         	10          	0.06927     	3.802e-05   	4.853e-05   	6.833e-05   
600         	10          	0.06643     	4.85e-05    	0.0001821   	0.0001856   
605         	10          	0.04625     	6.072e-05   	0.0001325   	0.0001034   
610         	10          	0.04111     	6.154e-05   	0.0005357   	0.000176    
615         	10          	0.04911     	0.0001147   	0.0005496   	8.795e-05   
620         	10          	0.05951     	0.0001207   	0.0004085   	5.388e-05   
625         	10          	0.05906     	0.0001209   	0.000271    	0.000106    
630         	10          	0.06775     	6.111e-05   	0.000337    	0.0001685   
635         	10          	0.05053     	7.855e-05   	0.000795    	0.00014     
640         	10          	0.04636     	7.111e-05   	0.0005003   	0.0001489   
645         	10          	0.038       	2.241e-05   	0.0001516   	0.0001047   
650         	10          	0.04471     	0.000213    	7.147e-05   	0.0001154   
655         	10          	0.04519     	3.057e-05   	0.0001056   	8.233e-05   
660         	10          	0.04751     	4.627e-05   	0.0003673   	0.000126    
665         	10          	0.0636      	5.57e-05    	0.0002666   	0.0001009   
670         	10          	0.04788     	5.03e-05    	0.0003083   	0.0001009   
675         	10          	0.06004     	0.0001236   	0.0003408   	3.851e-05   
680         	10          	0.07791     	0.0001203   	0.0001137   	5.146e-05   
685         	10          	0.05724     	0.0001473   	0.0004921   	0.0001362   
690         	10          	0.07322     	0.0001453   	0.0002906   	7.117e-05   
695         	10          	0.06997     	0.0001066   	0.0002594   	0.0001221   
700         	10          	0.0634      	2.599e-05   	0.0001975   	0.0001483   
705         	10          	0.07739     	8.397e-05   	0.0002431   	5.295e-05   
710         	10          	0.06651     	0.0002189   	0.0002438   	0.0001712   
715         	10          	0.06889     	0.0001262   	0.0001909   	8.723e-05   
720         	10          	0.05884     	5.817e-05   	0.0003036   	0.0002252   
725         	10          	0.04199     	5.773e-05   	0.0001978   	3.321e-05   
730         	10          	0.05927     	0.0001422   	0.0003399   	0.0001026   
735         	10          	0.06158     	3.808e-05   	0.0001086   	3.795e-05   
740         	10          	0.0629      	8.15e-05    	0.0002246   	5.022e-05   
745         	10          	0.04823     	8.823e-05   	0.000285    	0.0002273   
750         	10          	0.04395     	5.649e-05   	0.0003014   	0.0001485   
755         	10          	0.04804     	0.000157    	0.0002052   	4.307e-05   
760         	10          	0.03145     	7.955e-05   	0.0003786   	7.585e-05   
765         	10          	0.03797     	4.756e-05   	0.0001387   	4.234e-05   
770         	10          	0.03761     	9.133e-05   	0.0001068   	8.105e-05   
775         	10          	0.04346     	0.0001173   	0.0002269   	8.221e-05   
780         	10          	0.04623     	6.638e-05   	0.0001336   	0.0001184   
785         	10          	0.04411     	0.0002852   	0.0002396   	8.091e-05   
790         	10          	0.0266      	0.0001108   	0.0004056   	0.0002033   
795         	10          	0.0303      	0.000165    	0.0003688   	0.0001995   
800         	10          	0.03064     	5.608e-05   	0.0002805   	0.0001951   
805         	10          	0.04146     	0.0001281   	0.0004341   	0.0001324   
810         	10          	0.03303     	6.509e-05   	0.0001695   	0.0001951   
815         	10          	0.01889     	7.883e-05   	0.0001707   	0.000129    
820         	10          	0.02118     	0.0001135   	0.000282    	7.592e-05   
825         	10          	0.02707     	4.6e-05     	0.000176    	7.257e-05   
830         	10          	0.01851     	8.696e-05   	0.0001835   	6.86e-05    
835         	10          	0.03418     	0.0002139   	0.0004545   	0.0001332   
840         	10          	0.01821     	7.881e-05   	0.0003388   	5.156e-05   
845         	10          	0.01456     	0.0001452   	0.0004568   	0.0001207   
850         	10          	0.01319     	0.0002168   	0.0005384   	0.0001453   
855         	10          	0.01362     	4.061e-05   	0.000347    	0.0002358   
860         	10          	0.01462     	4.21e-05    	0.0003698   	0.0001628   
865         	10          	0.02334     	8.507e-05   	0.0001727   	0.0001066   
870         	10          	0.01791     	8.599e-05   	0.0004909   	5.159e-05   
875         	10          	0.0139      	0.0001095   	0.0003498   	0.0001855   
880         	10          	0.02662     	0.0002395   	0.0006005   	0.0001985   
885         	10          	0.01606     	0.0002175   	0.0002128   	0.0001062   
890         	10          	0.02345     	0.0002158   	0.0003185   	7.786e-05   
895         	10          	0.02238     	6.27e-05    	6.614e-05   	6.527e-05   
900         	10          	0.02521     	0.0001265   	0.0003728   	4.985e-05   
905         	10          	0.01596     	0.0001288   	0.0002063   	0.000101    
910         	10          	0.01769     	6.059e-05   	0.0001215   	4.052e-05   
915         	10          	0.03027     	0.000119    	0.0002467   	7.823e-05   
920         	10          	0.03125     	4.657e-05   	0.0002993   	6.07e-05    
925         	10          	0.02733     	0.00021     	0.0002052   	0.0001739   
930         	10          	0.03071     	6.651e-05   	0.0001718   	0.0002052   
935         	10          	0.02713     	5.109e-05   	0.0001908   	0.0001358   
940         	10          	0.02771     	8.066e-05   	0.0001127   	0.0001043   
945         	10          	0.02554     	0.0001068   	0.0002951   	8.864e-05   
950         	10          	0.02268     	4.417e-05   	8.111e-05   	0.0001147   
955         	10          	0.01894     	4.329e-05   	0.0001329   	7.413e-05   
960         	10          	0.01711     	0.0001825   	0.0002951   	8.605e-05   
965         	10          	0.02225     	4.3e-05     	0.0003567   	0.000165    
970         	10          	0.0214      	4.658e-05   	0.0001874   	0.00029     
975         	10          	0.01549     	7.099e-05   	6.072e-05   	5.792e-05   
980         	10          	0.01968     	6.336e-05   	0.0001715   	7.881e-05   
985         	10          	0.03191     	5.743e-05   	0.0001907   	0.0001027   
990         	10          	0.0259      	0.0001825   	0.0001666   	7.049e-05   
995         	10          	0.02707     	0.0001491   	0.0003746   	0.0001329   
1000        	10          	0.01847     	0.0001196   	0.0001198   	5.149e-05   
1005        	10          	0.0135      	0.0001214   	0.0003543   	0.0001711   
1010        	10          	0.01889     	4.141e-05   	0.0003185   	0.0002341   
1015        	10          	0.02668     	7.011e-05   	0.0004585   	0.0001864   
1020        	10          	0.02404     	7.971e-05   	0.0002649   	0.0001064   
1025        	10          	0.03072     	5.661e-05   	0.0001728   	0.0002339   
1030        	10          	0.03771     	9.581e-05   	0.0002172   	7.172e-05   
1035        	10          	0.02839     	3.861e-05   	0.0001939   	0.0001606   
1040        	10          	0.03721     	3.592e-05   	0.0002137   	0.0001966   
1045        	10          	0.045       	0.0002973   	0.0004006   	7.806e-05   
1050        	10          	0.04447     	0.0001479   	0.0004536   	0.0001425   
1055        	10          	0.05189     	0.0001432   	0.0004982   	8.981e-05   
1060        	10          	0.03257     	0.0001194   	0.0004221   	5.473e-05   
1065        	10          	0.04749     	9.727e-05   	0.0002082   	9.834e-05   
1070        	10          	0.04391     	6.32e-05    	0.0002458   	0.0002206   
1075        	10          	0.05402     	0.0002326   	0.0004614   	0.0003101   
1080        	10          	0.0403      	0.0001444   	0.0006819   	0.0001402   
1085        	10          	0.05746     	2.762e-05   	0.00058     	0.0001434   
1090        	10          	0.04507     	0.0002214   	0.0003259   	0.0001744   
1095        	10          	0.06266     	0.0001952   	0.0001921   	0.0001468   
1100        	10          	0.04532     	0.0002725   	0.0005393   	0.000132    
1105        	10          	0.04882     	7.764e-05   	0.0003443   	0.0001459   
1110        	10          	0.04277     	0.0001139   	0.0004763   	9.287e-05   
1115        	10          	0.04239     	0.0001597   	0.0005403   	4.627e-05   
1120        	10          	0.03095     	7.939e-05   	0.0001725   	0.0002482   
1125        	10          	0.05528     	0.0001434   	0.0002727   	0.0001402   
1130        	10          	0.05454     	5.503e-05   	0.0002892   	0.0001987   
1135        	10          	0.05353     	5.454e-05   	0.0005746   	0.0003969   
1140        	10          	0.05407     	0.0001371   	9.513e-05   	6.7e-05     
1145        	10          	0.06622     	7.092e-05   	0.0002459   	0.0001217   
1150        	10          	0.04539     	0.000142    	8.245e-05   	7.402e-05   
1155        	10          	0.05767     	8.207e-05   	0.0003506   	6.618e-05   
1160        	10          	0.04678     	0.0001697   	0.0004101   	0.000198    
1165        	10          	0.05356     	6.309e-05   	0.0001637   	2.831e-05   
1170        	10          	0.06166     	0.0001178   	0.0004704   	0.0002039   
1175        	10          	0.03572     	0.000166    	0.0002993   	6.713e-05   
1180        	10          	0.02661     	0.0001439   	0.000249    	7.543e-05   
1185        	10          	0.03021     	0.000313    	0.0003834   	0.0001137   
1190        	10          	0.03899     	8.285e-05   	0.0002805   	0.0001253   
1195        	10          	0.03346     	9.187e-05   	0.0002627   	0.0001549   
1200        	10          	0.03373     	0.0001804   	0.0001965   	0.0001286   
1205        	10          	0.01938     	0.0001041   	0.0003487   	0.0002702   
1210        	10          	0.02328     	0.0002278   	0.000229    	0.0002516   
1215        	10          	0.0395      	4.956e-05   	0.0003434   	0.0001163   
1220        	10          	0.01914     	0.000211    	0.0004634   	8.544e-05   
1225        	10          	0.02682     	0.0001832   	0.0005511   	0.0001632   
1230        	10          	0.02557     	0.0001423   	0.0005575   	0.0001909   
1235        	10          	0.02777     	0.0001019   	0.0002061   	0.0001225   
1240        	10          	0.01866     	0.0001183   	0.0001523   	0.000208    
1245        	10          	0.0108      	0.0001774   	0.0001736   	5.706e-05   
1250        	10          	0.01986     	0.0001391   	0.0003745   	7.522e-05   
1255        	10          	0.02728     	0.0001098   	0.0004489   	4.863e-05   
1260        	10          	0.04608     	0.0001259   	0.0004037   	0.0001012   
1265        	10          	0.04349     	0.0001497   	0.0003616   	0.0001587   
1270        	10          	0.05234     	0.0001171   	0.0003394   	0.0002842   
1275        	10          	0.05411     	0.0001007   	0.0002296   	4.046e-05   
1280        	10          	0.05249     	0.0001895   	0.0004673   	0.0001169   
1285        	10          	0.05595     	0.0001234   	0.0002992   	7.794e-05   
1290        	10          	0.05373     	0.0004129   	0.0001033   	0.0001586   
1295        	10          	0.053       	0.0001536   	0.0001678   	7.047e-05   
1300        	10          	0.03763     	0.0001477   	0.0003424   	0.0001726   
1305        	10          	0.04928     	0.000174    	0.0003269   	6.986e-05   
1310        	10          	0.04902     	7.512e-05   	0.0003768   	9.821e-05   
1315        	10          	0.05056     	7.26e-05    	0.0002292   	0.0001682   
1320        	10          	0.05379     	6.508e-05   	0.0001871   	8.849e-05   
1325        	10          	0.04716     	0.0001334   	0.0004976   	0.000218    
1330        	10          	0.04261     	7.662e-05   	0.0002781   	6.928e-05   
1335        	10          	0.0486      	6.999e-05   	0.0004713   	8.073e-05   
1340        	10          	0.05185     	3.065e-05   	0.0006208   	8.998e-05   
1345        	10          	0.05238     	0.0003329   	0.0002924   	0.0001343   
1350        	10          	0.05284     	0.0001918   	0.0003506   	0.0001458   
1355        	10          	0.04267     	0.000189    	0.0006618   	0.0001345   
1360        	10          	0.05021     	3.724e-05   	0.0003322   	0.0002229   
1365        	10          	0.05491     	5.171e-05   	0.0003578   	0.0001108   
1370        	10          	0.04922     	0.0001195   	0.0007357   	8.188e-05   
1375        	10          	0.04972     	0.0001464   	0.0003152   	0.0001695   
1380        	10          	0.04439     	0.0001826   	0.0002849   	0.0001017   
1385        	10          	0.04441     	0.0001579   	0.000296    	0.0002345   
1390        	10          	0.04471     	0.0003466   	0.0003265   	9.251e-05   
1395        	10          	0.05418     	0.0001008   	0.000113    	9.127e-05   
1400        	10          	0.05867     	0.0001998   	0.0004608   	7.154e-05   
1405        	10          	0.05188     	5.484e-05   	0.0002362   	9.429e-05   
1410        	10          	0.0433      	0.0001159   	0.0001877   	3.95e-05    
1415        	10          	0.06274     	8.667e-05   	0.0002671   	5.089e-05   
1420        	10          	0.07196     	0.0004045   	0.0006337   	0.0001095   
1425        	10          	0.04212     	0.0001986   	0.0002673   	0.0002106   
1430        	10          	0.04575     	0.0001979   	0.0004934   	0.0001254   
1435        	10          	0.04804     	0.0002032   	0.0003344   	0.0001727   
1440        	10          	0.05012     	0.000252    	0.0001255   	0.0002608   
1445        	10          	0.05896     	0.0001101   	0.0002999   	0.0001071   
1450        	10          	0.06169     	0.0002059   	0.0003342   	0.0001052   
1455        	10          	0.03771     	0.0001017   	0.0002877   	0.0001313   
1460        	10          	0.05236     	3.764e-05   	0.0001373   	0.000163    
1465        	10          	0.06507     	9.989e-05   	0.0003442   	0.000183    
1470        	10          	0.0605      	6.705e-05   	0.0001523   	0.000178    
1475        	10          	0.04053     	9.269e-05   	0.0002873   	0.0001252   
1480        	10          	0.03886     	5.789e-05   	0.0003487   	0.0001847   
1485        	10          	0.04444     	0.0001455   	0.0003307   	0.000191    
1490        	10          	0.03728     	0.0001328   	0.0004252   	0.0002495   
1495        	10          	0.04674     	0.0002412   	0.0009274   	0.0001043   
1500        	10          	0.03989     	9.795e-05   	0.0004371   	0.0001077   
1505        	10          	0.04434     	0.0001045   	0.000196    	0.0001254   
1510        	10          	0.03696     	0.0001005   	0.0001873   	0.0003681   
1515        	10          	0.03844     	0.0001561   	0.00014     	5.756e-05   
1520        	10          	0.02764     	6.226e-05   	0.0004587   	0.0002636   
1525        	10          	0.01767     	0.0002669   	0.0004046   	0.0001478   
1530        	10          	0.03712     	1.546e-05   	0.0002811   	0.0002385   
1535        	10          	0.03762     	0.0001062   	0.0001843   	0.0001151   
1540        	10          	0.0309      	0.0001449   	0.000214    	0.0001698   
1545        	10          	0.03373     	8.995e-05   	0.0003774   	0.000112    
1550        	10          	0.02796     	1.792e-05   	0.0002231   	0.0001486   
1555        	10          	0.03191     	0.0001801   	0.0001161   	9.427e-05   
1560        	10          	0.0318      	7.296e-05   	0.0001841   	0.0002172   
1565        	10          	0.03417     	0.0001123   	0.0003501   	0.0001763   
1570        	10          	0.03873     	6.285e-05   	0.0001122   	0.0001002   
1575        	10          	0.03853     	0.0001066   	0.0005737   	0.0001826   
1580        	10          	0.04899     	0.0001507   	0.0003417   	9.483e-05   
1585        	10          	0.05978     	0.0001785   	0.0002419   	0.0001775   
1590        	10          	0.05523     	0.0001759   	0.0003601   	5.592e-05   
1595        	10          	0.03517     	0.0001519   	0.0001182   	0.0001213   
1600        	10          	0.03578     	0.0001964   	0.0002107   	2.456e-05   
1605        	10          	0.03111     	7.939e-05   	0.0001608   	0.0001747   
1610        	10          	0.03791     	4.543e-05   	0.0002551   	0.0001019   
1615        	10          	0.02508     	2.643e-05   	0.0001164   	9.665e-05   
1620        	10          	0.03052     	0.0001362   	0.0002794   	0.0003651   
1625        	10          	0.01522     	0.000135    	0.0003106   	0.0001908   
1630        	10          	0.01482     	0.0002497   	0.0003965   	0.0002476   
1635        	10          	0.02101     	0.0001237   	0.0002743   	9.334e-05   
1640        	10          	0.02494     	0.0002272   	0.0004595   	0.0001439   
1645        	10          	0.02307     	0.0001928   	0.0001418   	6.484e-05   
1650        	10          	0.0231      	0.0002279   	0.0003316   	0.000231    
1655        	10          	0.02928     	0.0003507   	0.0002126   	6.69e-05    
1660        	10          	0.03066     	4.079e-05   	0.0002731   	0.0002359   
1665        	10          	0.03338     	0.0001134   	0.0003389   	0.0001167   
1670        	10          	0.03625     	0.0003084   	0.0004664   	0.0002057   
1675        	10          	0.0339      	0.0001553   	0.0004215   	0.0002353   
1680        	10          	0.03056     	0.0001562   	7.622e-05   	0.0002004   
1685        	10          	0.03528     	0.0002958   	0.0005072   	9.494e-05   
1690        	10          	0.02866     	0.0002751   	0.0003324   	6.396e-05   
1695        	10          	0.0545      	7.542e-05   	0.0002439   	0.0001935   
1700        	10          	0.05447     	6.682e-05   	0.0002242   	0.0001844   
1705        	10          	0.03757     	8.626e-05   	0.0002036   	0.0001438   
1710        	10          	0.04485     	0.0001777   	0.0006451   	0.0001292   
1715        	10          	0.0411      	0.0002151   	0.0001614   	0.0001845   
1720        	10          	0.04218     	6.637e-05   	0.0004428   	0.0002127   
1725        	10          	0.03047     	0.0001137   	0.0001631   	0.0001146   
1730        	10          	0.03493     	8.847e-05   	0.0001678   	4.519e-05   
1735        	10          	0.04324     	6.095e-05   	0.0003972   	0.0001739   
1740        	10          	0.04383     	4.77e-05    	0.0002976   	7.251e-05   
1745        	10          	0.03307     	0.000131    	0.0003255   	7.393e-05   
1750        	10          	0.03447     	9.574e-05   	0.0001962   	0.0004495   
1755        	10          	0.02727     	0.0001351   	0.0002367   	0.0002315   
1760        	10          	0.03045     	5.28e-05    	0.0002186   	0.0002538   
1765        	10          	0.01808     	0.000162    	0.0003188   	9.181e-05   
1770        	10          	0.01591     	7.009e-05   	0.0003421   	0.0001304   
1775        	10          	0.02467     	6.098e-05   	0.0004356   	0.0001326   
1780        	10          	0.02139     	0.0001368   	0.0001948   	7.292e-05   
1785        	10          	0.01507     	0.0002014   	0.0003045   	0.0001045   
1790        	10          	0.01773     	9.984e-05   	0.0006791   	0.000417    
1795        	10          	0.02491     	5.944e-05   	0.000479    	0.0001089   
1800        	10          	0.02132     	9.545e-05   	0.0002925   	0.0002514   
1805        	10          	0.02768     	0.0001908   	0.0002651   	9.654e-05   
1810        	10          	0.02121     	0.0001831   	8.685e-05   	0.0001327   
1815        	10          	0.03947     	0.0001384   	0.0001614   	6.581e-05   
1820        	10          	0.03246     	8.532e-05   	0.0005114   	0.0001098   
1825        	10          	0.04051     	0.000105    	0.0003272   	6.313e-05   
1830        	10          	0.034       	0.0001745   	0.000571    	0.0001451   
1835        	10          	0.02816     	0.0002966   	0.0002271   	7.717e-05   
1840        	10          	0.02061     	0.0002164   	0.0001578   	0.0001722   
1845        	10          	0.02801     	9.856e-05   	0.0005466   	4.551e-05   
1850        	10          	0.01811     	0.0002944   	0.0004276   	0.0001324   
1855        	10          	0.03677     	0.0001617   	0.0001952   	0.0001876   
1860        	10          	0.03419     	0.0002024   	0.0003189   	0.0001104   
1865        	10          	0.0525      	0.0001751   	0.0003476   	0.0001801   
1870        	10          	0.0465      	0.0001418   	0.0006259   	0.0001498   
1875        	10          	0.03896     	8.576e-05   	0.0001155   	0.0001476   
1880        	10          	0.04453     	0.0001244   	0.0003048   	0.0001554   
1885        	10          	0.04917     	6.285e-05   	0.0003532   	0.0002121   
1890        	10          	0.03457     	0.0001199   	0.0003409   	0.0001333   
1895        	10          	0.05378     	0.0001687   	0.0006479   	0.0003209   
1900        	10          	0.04277     	0.0001493   	0.0003866   	0.0001355   
1905        	10          	0.0386      	0.0001695   	0.0003106   	0.0001539   
1910        	10          	0.04262     	5.983e-05   	0.0002687   	0.0001987   
1915        	10          	0.03362     	0.000171    	0.0004521   	0.0002886   
1920        	10          	0.02738     	0.000128    	0.0004315   	0.0001919   
1925        	10          	0.01738     	0.0001823   	0.0001494   	8.881e-05   
1930        	10          	0.0289      	0.0001365   	8.409e-05   	0.0001122   
1935        	10          	0.02567     	0.0001829   	0.0002275   	0.0001131   
1940        	10          	0.01839     	0.0003333   	0.000278    	0.0002001   
1945        	10          	0.01925     	0.0003297   	0.0002508   	0.0002283   
1950        	10          	0.02362     	0.0002186   	0.0002199   	0.000288    
1955        	10          	0.02322     	0.0001023   	0.0004369   	0.0001493   
1960        	10          	0.02722     	0.0003295   	0.000165    	7.338e-05   
1965        	10          	0.01977     	0.0001529   	0.0004174   	5.801e-05   
1970        	10          	0.01307     	0.000108    	0.0004078   	0.000243    
1975        	10          	0.01786     	0.0001288   	0.0002164   	0.0001032   
1980        	10          	0.02118     	0.0003025   	0.0004024   	0.0001899   
1985        	10          	0.02189     	0.0001311   	0.0004765   	7.753e-05   
1990        	10          	0.03196     	0.0001643   	0.0003322   	6.425e-05   
1995        	10          	0.03825     	5.401e-05   	0.0001167   	0.000102    
2000        	10          	0.04027     	2.419e-05   	0.0007561   	0.0003742   
2005        	10          	0.03399     	9.731e-05   	0.0007109   	0.0002198   
2010        	10          	0.02983     	8.252e-05   	0.0002789   	0.0001548   
2015        	10          	0.03117     	0.0001096   	0.000266    	0.0001593   
2020        	10          	0.03922     	0.0002881   	0.0003682   	0.0001673   
2025        	10          	0.03267     	0.000117    	0.0004381   	0.0001314   
2030        	10          	0.03511     	0.0001238   	0.0001985   	0.0001135   
2035        	10          	0.03061     	0.0001598   	0.0001824   	7.567e-05   
2040        	10          	0.03645     	0.0001644   	0.0003044   	9.314e-05   
2045        	10          	0.0305      	6.045e-05   	0.0002384   	5.221e-05   
2050        	10          	0.02373     	0.0002415   	0.0007437   	0.000128    
2055        	10          	0.01489     	0.0001793   	0.0006554   	0.0001437   
2060        	10          	0.01912     	0.0002998   	0.000142    	0.0001608   
2065        	10          	0.01351     	9.166e-05   	0.0002345   	0.0001093   
2070        	10          	0.01211     	0.0001507   	0.0003052   	0.0001138   
2075        	10          	0.02144     	0.0001918   	0.0004447   	0.0002569   
2080        	10          	0.0254      	4.605e-05   	0.0002682   	0.0001956   
2085        	10          	0.03236     	3.871e-05   	0.0003898   	0.00041     
2090        	10          	0.0233      	4.058e-05   	0.0002105   	0.0001885   
2095        	10          	0.02666     	0.0001571   	0.0001401   	6.592e-05   
2100        	10          	0.03601     	0.0001467   	0.0001819   	0.0002571   
2105        	10          	0.01941     	0.0001044   	0.0002008   	0.0001034   
2110        	10          	0.01511     	5.352e-05   	0.000206    	7.233e-05   
2115        	10          	0.01883     	0.0001613   	0.0003565   	0.0001241   
2120        	10          	0.01677     	0.0001296   	0.0002062   	0.0001955   
2125        	10          	0.02168     	0.0001487   	0.0008494   	0.0002292   
2130        	10          	0.01853     	7.017e-05   	0.0002441   	0.000241    
2135        	10          	0.01743     	0.0001883   	0.0008008   	9.109e-05   
2140        	10          	0.01284     	0.0001593   	0.0004512   	0.00021     
2145        	10          	0.02101     	0.0001413   	0.000656    	9.814e-05   
2150        	10          	0.02522     	0.0001598   	0.0006557   	2.553e-05   
2155        	10          	0.03286     	0.0002911   	0.0008794   	0.0001309   
2160        	10          	0.03346     	9.968e-05   	0.0004542   	8.392e-05   
2165        	10          	0.03018     	0.000157    	9.113e-05   	0.0001423   
2170        	10          	0.0319      	5.806e-05   	9.344e-05   	0.0001705   
2175        	10          	0.03584     	0.0002918   	0.0001838   	0.0001361   
2180        	10          	0.03362     	0.0001083   	0.0003325   	9.807e-05   
2185        	10          	0.03827     	9.828e-05   	0.0003222   	7.589e-05   
2190        	10          	0.02571     	0.0001482   	0.000433    	0.0001759   
2195        	10          	0.02206     	7.935e-05   	0.0004208   	6.705e-05   
2200        	10          	0.03045     	0.0001146   	0.0007567   	0.000281    
2205        	10          	0.03643     	0.0001193   	0.000148    	0.0001308   
2210        	10          	0.02983     	7.772e-05   	7.384e-05   	4.433e-05   
2215        	10          	0.02901     	0.0002347   	0.0004228   	0.0002996   
2220        	10          	0.02756     	0.0001005   	0.0001131   	0.0001006   
2225        	10          	0.0335      	5.797e-05   	0.0001556   	7.123e-05   
2230        	10          	0.01882     	0.0002578   	0.0001877   	9.958e-05   
2235        	10          	0.03978     	0.0001837   	0.0005341   	0.0001548   
2240        	10          	0.03156     	0.0001852   	0.0002746   	7.233e-05   
2245        	10          	0.03888     	0.0001501   	0.0005116   	0.0001399   
2250        	10          	0.04        	0.0001599   	0.0003112   	3.915e-05   
2255        	10          	0.03614     	0.0001212   	0.0001968   	0.0001132   
2260        	10          	0.03208     	0.0001437   	0.0002096   	0.0001333   
2265        	10          	0.02206     	7.938e-05   	0.0004556   	0.0001697   
2270        	10          	0.02821     	0.0003462   	0.0003398   	0.0001364   
2275        	10          	0.03789     	0.0001994   	0.0008802   	0.0001547   
2280        	10          	0.01546     	0.0002548   	0.0002341   	7.103e-05   
2285        	10          	0.01807     	9.465e-05   	0.0002438   	0.0001485   
2290        	10          	0.01691     	7.365e-05   	0.0003091   	0.0001326   
2295        	10          	0.02004     	4.394e-05   	0.0005945   	0.0003459   
2300        	10          	0.0269      	0.0001049   	0.0002405   	0.0002632   
2305        	10          	0.02697     	9.842e-05   	0.0002168   	0.0002365   
2310        	10          	0.03268     	0.0001178   	0.0005606   	0.0001845   
2315        	10          	0.04353     	0.0003195   	0.0006443   	0.0002157   
2320        	10          	0.03086     	0.0001422   	0.0007172   	0.0003774   
2325        	10          	0.02977     	0.0001325   	0.0002028   	0.0001159   
2330        	10          	0.02338     	0.0001215   	0.0005998   	0.0001236   
2335        	10          	0.01357     	0.0001635   	0.0003416   	8.061e-05   
2340        	10          	0.01529     	0.0001203   	0.0004405   	0.0001003   
2345        	10          	0.01162     	9.264e-05   	0.000196    	0.0001279   
2350        	10          	0.02707     	0.0001282   	0.0003894   	0.0001705   
2355        	10          	0.01089     	0.0001276   	0.0005984   	0.0001917   
2360        	10          	0.01267     	0.0001103   	0.0004121   	0.0001472   
2365        	10          	0.01921     	0.0002162   	0.0006198   	0.000101    
2370        	10          	0.009958    	0.0001914   	0.0004078   	6.038e-05   
2375        	10          	0.01424     	0.0002368   	0.0005779   	0.000119    
2380        	10          	0.01995     	0.0002058   	0.0006958   	9.14e-05    
2385        	10          	0.01496     	4.148e-05   	0.0002983   	0.0001014   
2390        	10          	0.01841     	8.787e-05   	0.0002044   	0.0001329   
2395        	10          	0.02918     	0.0001299   	0.0002316   	9.391e-05   
2400        	10          	0.02418     	0.0002444   	0.000258    	8.886e-05   
2405        	10          	0.02391     	0.0002365   	0.0001978   	0.0001721   
2410        	10          	0.02904     	5.702e-05   	0.0006021   	0.0001892   
2415        	10          	0.02866     	9.329e-05   	0.0005694   	0.0002754   
2420        	10          	0.0215      	0.0001623   	0.0004035   	8.594e-05   
2425        	10          	0.01954     	0.0001229   	9.942e-05   	0.0001555   
2430        	10          	0.01423     	8.742e-05   	0.0005448   	8.099e-05   
2435        	10          	0.01917     	6.923e-05   	0.0003832   	0.0001732   
2440        	10          	0.02378     	0.000136    	9.966e-05   	0.0001593   
2445        	10          	0.02636     	0.0001325   	0.0001711   	0.0001962   
2450        	10          	0.02207     	0.0001692   	0.0003211   	0.0001658   
2455        	10          	0.01763     	5.666e-05   	0.0003592   	0.0001297   
2460        	10          	0.02327     	0.0001178   	0.0003675   	0.0001695   
2465        	10          	0.03602     	0.0001367   	0.0005725   	0.0001965   
2470        	10          	0.03957     	0.0002448   	0.0002065   	0.0001029   
2475        	10          	0.03746     	0.0001958   	0.0005456   	0.0001053   
2480        	10          	0.02917     	0.0001512   	0.0002653   	0.0001094   
2485        	10          	0.02839     	0.0001108   	0.0003385   	0.000102    
2490        	10          	0.02071     	8.099e-05   	8.89e-05    	0.0002818   
2495        	10          	0.02432     	0.0003372   	0.0002376   	0.000254    
2500        	10          	0.0334      	7.111e-05   	0.0004439   	7.479e-05   
2505        	10          	0.02456     	8.312e-05   	0.0002339   	9.751e-05   
2510        	10          	0.01658     	0.0001489   	7.618e-05   	3.359e-05   
2515        	10          	0.02647     	0.0001892   	0.0005009   	0.0001763   
2520        	10          	0.01889     	7.635e-05   	0.0003203   	0.0001398   
2525        	10          	0.0178      	0.000172    	0.0004299   	0.0001015   
2530        	10          	0.02643     	0.000235    	9.95e-05    	8.146e-05   
2535        	10          	0.02477     	0.0001148   	0.0002915   	6.135e-05   
2540        	10          	0.02757     	8.022e-05   	0.0001269   	9.077e-05   
2545        	10          	0.02539     	5.807e-05   	0.0003778   	0.0003016   
2550        	10          	0.03275     	5.222e-05   	0.000374    	0.0001455   
2555        	10          	0.02462     	0.0001078   	0.0005689   	0.0001174   
2560        	10          	0.01711     	7.074e-05   	0.0001597   	0.0001729   
2565        	10          	0.02036     	0.0002132   	0.0001739   	6.205e-05   
2570        	10          	0.022       	0.0001136   	0.0003414   	0.0001357   
2575        	10          	0.005122    	0.000265    	0.0002158   	8.071e-05   
2580        	10          	0.005044    	0.0001483   	0.0005202   	6.865e-05   
2585        	10          	0.006503    	0.0002584   	0.0004634   	6.241e-05   
2590        	10          	0.004225    	0.0001666   	0.0005735   	0.0001399   
2595        	10          	0.006711    	8.105e-05   	0.000349    	0.0003446   
2600        	10          	0.01207     	0.0001494   	0.0002038   	0.0001973   
2605        	10          	0.01038     	0.0001457   	0.0002711   	0.0001956   
2610        	10          	0.01304     	4.349e-05   	0.0004029   	0.0001727   
2615        	10          	0.01662     	0.0001046   	0.00013     	5.153e-05   
2620        	10          	0.02068     	0.0001333   	0.0001602   	9.026e-05   
2625        	10          	0.01934     	0.0001118   	0.0004144   	0.0001146   
2630        	10          	0.019       	0.000131    	0.0002922   	0.0001034   
2635        	10          	0.01933     	0.0001393   	0.0001215   	0.0001716   
2640        	10          	0.01173     	0.0001923   	0.0002137   	0.0001305   
2645        	10          	0.008278    	7.894e-05   	0.000158    	0.0001719   
2650        	10          	0.01668     	0.0001523   	0.0004202   	0.0001274   
2655        	10          	0.007681    	7.597e-05   	0.0005553   	0.0001645   
2660        	10          	0.0109      	0.0005382   	0.001131    	0.0001031   
2665        	10          	0.01369     	8.692e-05   	0.0006892   	9.098e-05   
2670        	10          	0.0149      	9.296e-05   	0.0001851   	0.00019     
2675        	10          	0.01275     	0.0001206   	0.0002916   	0.0001459   
2680        	10          	0.01134     	5.781e-05   	0.0003578   	0.0001708   
2685        	10          	0.01556     	5.286e-05   	0.0003022   	0.00029     
2690        	10          	0.01979     	0.0001835   	0.000213    	9.122e-05   
2695        	10          	0.01807     	5.477e-05   	0.000172    	0.0001401   
2700        	10          	0.01338     	0.0001527   	0.0001407   	0.0001094   
2705        	10          	0.01149     	9.469e-05   	0.0004426   	0.0002508   
2710        	10          	0.01511     	9.985e-05   	0.0002639   	0.0002328   
2715        	10          	0.01388     	0.0001457   	0.0004531   	0.0002442   
2720        	10          	0.007192    	9.318e-05   	0.000378    	0.0002744   
2725        	10          	0.0081      	9.331e-05   	0.0007088   	0.0001384   
2730        	10          	0.01168     	0.0001657   	0.0001149   	0.0001396   
2735        	10          	0.008844    	2.294e-05   	0.0002367   	8.089e-05   
2740        	10          	0.009503    	0.0001746   	0.0002101   	0.0001285   
2745        	10          	0.01234     	0.0002189   	0.0004768   	0.0001457   
2750        	10          	0.006789    	0.0001416   	0.0002956   	0.0001341   
2755        	10          	0.009136    	6.988e-05   	0.0001153   	0.0001628   
2760        	10          	0.01751     	7.719e-05   	0.0002383   	0.000135    
2765        	10          	0.01393     	0.0001719   	0.0001924   	0.0001915   
2770        	10          	0.02338     	0.0002363   	5.958e-05   	8.718e-05   
2775        	10          	0.01839     	4.979e-05   	0.0001003   	0.0001954   
2780        	10          	0.02627     	0.0004266   	0.0004824   	9.686e-05   
2785        	10          	0.02145     	0.0002627   	0.0003091   	0.0004126   
2790        	10          	0.02977     	5.611e-05   	0.000601    	9.768e-05   
2795        	10          	0.0403      	0.0003726   	0.0005561   	0.0002699   
2800        	10          	0.04421     	0.000199    	0.0005367   	0.0003613   
2805        	10          	0.02239     	0.00018     	0.0005854   	0.0002408   
2810        	10          	0.03662     	8.165e-05   	0.0001168   	5.464e-05   
2815        	10          	0.03506     	2.415e-05   	0.0001959   	4.342e-05   
2820        	10          	0.04214     	3.759e-05   	0.0002357   	0.0001642   
2825        	10          	0.05412     	8.081e-05   	0.0002422   	0.0001559   
2830        	10          	0.04489     	6.877e-05   	0.0003874   	3.638e-05   
2835        	10          	0.04434     	0.0002591   	0.0001433   	0.0001961   
2840        	10          	0.05058     	0.0001327   	0.0004409   	0.0001916   
2845        	10          	0.05408     	0.0001902   	0.0005319   	0.0002434   
2850        	10          	0.04496     	0.0002744   	0.0003075   	7.318e-05   
2855        	10          	0.04891     	0.0001754   	0.0003529   	0.0002163   
2860        	10          	0.03596     	0.00013     	0.0003448   	0.0001927   
2865        	10          	0.04411     	0.0001961   	0.0002362   	0.0001134   
2870        	10          	0.04377     	6.463e-05   	0.0003601   	0.0001408   
2875        	10          	0.0355      	0.0001004   	0.000418    	0.0002218   
2880        	10          	0.03589     	0.0002442   	0.0003928   	0.0001312   
2885        	10          	0.03551     	0.0001543   	0.0005595   	0.0001004   
2890        	10          	0.04324     	0.0001243   	0.000299    	0.000191    
2895        	10          	0.0398      	0.0001971   	0.0001344   	8.551e-05   
2900        	10          	0.03606     	0.0001568   	0.0001362   	8.863e-05   
2905        	10          	0.04684     	8.57e-05    	0.000125    	9.294e-05   
2910        	10          	0.0345      	8.422e-05   	7.244e-05   	0.0001115   
2915        	10          	0.02969     	0.0003678   	0.000329    	5.788e-05   
2920        	10          	0.03679     	0.0002072   	0.0002797   	6.724e-05   
2925        	10          	0.02907     	0.0001714   	0.0003475   	0.0001111   
2930        	10          	0.03806     	9.558e-05   	0.0005528   	0.0002122   
2935        	10          	0.0331      	0.0001752   	0.0005423   	9.681e-05   
2940        	10          	0.02996     	4.649e-05   	0.0002672   	9.153e-05   
2945        	10          	0.0378      	7.502e-05   	0.0002469   	0.000176    
2950        	10          	0.03649     	4.108e-05   	0.0002131   	5.337e-05   
2955        	10          	0.04336     	0.0001272   	0.0001673   	8.962e-05   
2960        	10          	0.04996     	0.0002192   	0.0005203   	0.0001288   
2965        	10          	0.03539     	0.0001963   	0.0001793   	9.982e-05   
2970        	10          	0.03463     	0.0001327   	0.0002012   	8.669e-05   
2975        	10          	0.03579     	0.0001648   	0.0002074   	0.000186    
2980        	10          	0.04683     	0.0003142   	0.0003085   	0.0003017   
2985        	10          	0.04344     	8.406e-05   	0.000375    	0.0003575   
2990        	10          	0.04493     	6.816e-05   	0.0004147   	0.0003353   
2995        	10          	0.04196     	6.684e-05   	0.0001451   	0.0002919   
3000        	10          	0.03266     	0.0002381   	0.0002333   	0.0001179   
3005        	10          	0.03468     	0.0001489   	0.0004738   	0.0004251   
3010        	10          	0.02714     	0.0002051   	0.0003637   	0.0001241   
3015        	10          	0.03291     	6.941e-05   	0.0003052   	8.308e-05   
3020        	10          	0.0283      	3.738e-05   	0.0002666   	6.286e-05   
3025        	10          	0.03879     	0.0003612   	0.0004633   	0.0001915   
3030        	10          	0.04323     	0.0001122   	0.0008796   	0.0002027   
3035        	10          	0.03573     	4.627e-05   	0.0003025   	0.0001011   
3040        	10          	0.03378     	0.0001476   	0.0004922   	0.0002439   
3045        	10          	0.03134     	0.0001749   	0.0002996   	0.0001782   
3050        	10          	0.04891     	8.685e-05   	0.0004779   	0.0001914   
3055        	10          	0.04734     	0.0001627   	0.0001395   	0.000212    
3060        	10          	0.04706     	6.564e-05   	0.0001114   	0.0001276   
3065        	10          	0.05295     	0.0002501   	0.0004878   	0.0001387   
3070        	10          	0.05057     	0.0001328   	0.0002264   	0.0002419   
3075        	10          	0.05639     	0.0002664   	0.000165    	0.0004631   
3080        	10          	0.04311     	8.477e-05   	0.0003455   	0.0001887   
3085        	10          	0.0473      	0.0001287   	0.0003094   	0.0001096   
3090        	10          	0.04921     	0.0001437   	0.0001105   	0.0001109   
3095        	10          	0.04727     	0.0001068   	0.0002208   	6.614e-05   
3100        	10          	0.03832     	0.000117    	0.0001682   	7.546e-05   
3105        	10          	0.05478     	0.00014     	0.0003622   	8.456e-05   
3110        	10          	0.055       	0.0001801   	0.0004269   	0.0001312   
3115        	10          	0.05645     	0.000229    	0.0008177   	0.0003325   
3120        	10          	0.05539     	0.00012     	0.0002743   	0.0001634   
3125        	10          	0.03716     	0.0002206   	0.0004703   	0.0001746   
3130        	10          	0.05123     	0.0004249   	0.0001869   	0.0001738   
3135        	10          	0.04725     	0.0001633   	0.0002037   	5.078e-05   
3140        	10          	0.04821     	0.0001699   	0.0001624   	0.0001319   
3145        	10          	0.05518     	5.3e-05     	0.0001307   	5.66e-05    
3150        	10          	0.04097     	0.0001021   	0.0001782   	6.659e-05   
3155        	10          	0.03606     	0.0001291   	0.0003103   	8.311e-05   
3160        	10          	0.03573     	0.000118    	0.0004901   	0.0001132   
3165        	10          	0.03225     	0.0001676   	0.0003458   	0.0001394   
3170        	10          	0.05329     	5.622e-05   	0.0003439   	8.557e-05   
3175        	10          	0.04928     	0.000186    	0.0003253   	0.0001206   
3180        	10          	0.04061     	7.043e-05   	0.0001043   	0.0001075   
3185        	10          	0.04335     	0.0001964   	0.0002604   	0.0001125   
3190        	10          	0.04662     	0.0001293   	0.0002412   	6.791e-05   
3195        	10          	0.03757     	0.0002902   	0.0004483   	7.488e-05   
3200        	10          	0.04239     	0.0001532   	0.0003107   	8.16e-05    
3205        	10          	0.0415      	4.233e-05   	0.0002651   	7.982e-05   
3210        	10          	0.0384      	0.0002592   	0.000227    	0.0001683   
3215        	10          	0.03713     	0.0001006   	0.000185    	0.0001037   
3220        	10          	0.03521     	6.568e-05   	9.294e-05   	0.0001598   
3225        	10          	0.03022     	0.0002319   	0.0001767   	0.0001884   
3230        	10          	0.04108     	0.0003042   	0.0006481   	0.0001669   
3235        	10          	0.02758     	0.0002506   	0.0003103   	0.0002326   
3240        	10          	0.02312     	8.127e-05   	0.0002891   	0.0002474   
3245        	10          	0.03671     	0.0001454   	0.0003258   	0.0001716   
3250        	10          	0.02856     	0.0002691   	0.0004472   	7.079e-05   
3255        	10          	0.04182     	0.0001551   	0.0002797   	0.0001106   
3260        	10          	0.03269     	7.726e-05   	0.0001558   	8.01e-05    
3265        	10          	0.0286      	0.0001421   	0.0002543   	0.0001206   
3270        	10          	0.02841     	0.0001693   	0.000489    	0.0003518   
3275        	10          	0.02827     	0.0001502   	0.0005045   	0.0002917   
3280        	10          	0.03061     	0.0002032   	0.0003527   	0.0001571   
3285        	10          	0.03741     	6.489e-05   	0.0002705   	0.000248    
3290        	10          	0.03527     	0.0001207   	0.0002841   	0.0001708   
3295        	10          	0.0223      	8.788e-05   	0.0002924   	0.0001376   
3300        	10          	0.03049     	8.684e-05   	0.0002367   	4.737e-05   
3305        	10          	0.02289     	0.0001071   	0.0005396   	0.0001496   
3310        	10          	0.01211     	0.000252    	0.0007917   	0.0001109   
3315        	10          	0.03325     	0.0004934   	0.0009692   	0.00024     
3320        	10          	0.01977     	0.0003656   	0.0004614   	0.0001471   
3325        	10          	0.009692    	0.0001484   	0.0002676   	0.0001094   
3330        	10          	0.01741     	3.456e-05   	0.0002774   	0.0001534   
3335        	10          	0.02054     	9.754e-05   	0.0003297   	0.0001878   
3340        	10          	0.02034     	0.0001542   	0.0002576   	0.000211    
3345        	10          	0.02418     	0.0001209   	0.0004671   	0.0001206   
3350        	10          	0.02228     	4.112e-05   	0.000177    	0.0001755   
3355        	10          	0.02666     	4.298e-05   	0.0002359   	0.0001345   
3360        	10          	0.02388     	0.0001388   	0.0003625   	5.893e-05   
3365        	10          	0.02366     	4.571e-05   	0.0005183   	5.067e-05   
3370        	10          	0.01443     	0.0002048   	0.0006106   	0.0001317   
3375        	10          	0.02324     	0.0001623   	0.001245    	0.0001978   
3380        	10          	0.03007     	3.496e-05   	0.0001257   	9.831e-05   
3385        	10          	0.02807     	0.0001014   	0.0002896   	0.0001132   
3390        	10          	0.03382     	0.0001145   	0.0005566   	0.0003061   
3395        	10          	0.01534     	7.485e-05   	0.0002355   	0.0002619   
3400        	10          	0.04293     	0.0001221   	0.0002742   	3.579e-05   
3405        	10          	0.05118     	0.0003496   	0.0003652   	0.000349    
3410        	10          	0.04078     	0.0001707   	0.0001414   	0.0001826   
3415        	10          	0.04262     	0.0001248   	0.000229    	6.256e-05   
3420        	10          	0.05903     	5.297e-05   	0.0001718   	3.377e-05   
3425        	10          	0.04664     	0.000195    	0.0003873   	0.0001451   
3430        	10          	0.03436     	0.0001234   	0.0005246   	6.912e-05   
3435        	10          	0.01778     	6.119e-05   	0.0003456   	9.248e-05   
3440        	10          	0.03979     	0.000232    	0.0004438   	0.0001388   
3445        	10          	0.03822     	0.0001229   	0.000401    	6.866e-05   
3450        	10          	0.04972     	0.0001241   	0.000596    	0.0001484   
3455        	10          	0.04829     	0.000214    	0.0004812   	0.000108    
3460        	10          	0.03523     	0.0001967   	0.0003415   	0.0001676   
3465        	10          	0.03785     	0.0002074   	0.0002566   	0.0001203   
3470        	10          	0.04586     	0.0001137   	0.0001283   	0.0001692   
3475        	10          	0.05112     	6.717e-05   	0.0001241   	6.392e-05   
3480        	10          	0.04429     	0.0002942   	0.0007007   	6.936e-05   
3485        	10          	0.02896     	0.0001322   	0.001111    	0.0002093   
3490        	10          	0.0428      	0.0003598   	0.0004535   	0.0001109   
3495        	10          	0.04156     	0.0001694   	0.0001764   	0.0003753   
3500        	10          	0.0298      	5.558e-05   	0.0003634   	0.0001305   
3505        	10          	0.0421      	0.0001936   	0.0001471   	0.0002005   
3510        	10          	0.05493     	0.0001004   	0.0004152   	0.0001247   
3515        	10          	0.047       	0.0001055   	0.0002323   	7.586e-05   
3520        	10          	0.0629      	0.0001671   	0.0003613   	0.0001112   
3525        	10          	0.06136     	7.362e-05   	0.0009641   	0.0003075   
3530        	10          	0.05429     	0.0001839   	0.000393    	0.0001038   
3535        	10          	0.05222     	0.0001292   	0.0003795   	7.388e-05   
3540        	10          	0.05491     	0.0002115   	0.0005479   	0.0002968   
3545        	10          	0.05245     	0.0004309   	0.0001509   	0.0001215   
3550        	10          	0.0344      	0.0002805   	0.0002309   	0.0001701   
3555        	10          	0.05517     	0.0001372   	0.0002463   	0.0002033   
3560        	10          	0.04904     	4.227e-05   	0.0004528   	8.4e-05     
3565        	10          	0.0451      	0.0002204   	0.0003417   	0.0001891   
3570        	10          	0.04141     	0.0001099   	0.0003134   	0.000136    
3575        	10          	0.04767     	0.0001908   	0.0003301   	0.0002214   
3580        	10          	0.0571      	0.0001511   	0.000256    	0.0001032   
3585        	10          	0.04784     	0.0002319   	0.0006051   	0.000225    
3590        	10          	0.04757     	0.0001385   	0.0002473   	8.617e-05   
3595        	10          	0.03869     	0.0001553   	0.0002042   	0.0001369   
3600        	10          	0.04446     	0.0001083   	9.437e-05   	7.955e-05   
3605        	10          	0.03706     	0.0001316   	8.605e-05   	6.512e-05   
3610        	10          	0.05299     	6.649e-05   	3.972e-05   	3.817e-05   
3615        	10          	0.03916     	0.0001115   	0.0002289   	0.0001942   
3620        	10          	0.03367     	0.0002369   	0.0004557   	0.0001502   
3625        	10          	0.02956     	3.404e-05   	0.0001553   	0.0002498   
3630        	10          	0.01496     	0.0001555   	0.0003053   	0.0001253   
3635        	10          	0.01951     	0.0001906   	0.0003516   	0.0001314   
3640        	10          	0.0326      	0.0003378   	0.0002105   	0.0001641   
3645        	10          	0.02497     	8.033e-05   	0.0003736   	0.0001187   
3650        	10          	0.01419     	0.0001816   	0.0005584   	7.872e-05   
3655        	10          	0.01674     	0.0001125   	0.0004457   	9.055e-05   
3660        	10          	0.01382     	0.0001107   	0.0003098   	0.0001853   
3665        	10          	0.0244      	0.0002831   	0.0003069   	6.818e-05   
3670        	10          	0.01316     	0.0001343   	0.0001248   	0.0001161   
3675        	10          	0.02203     	0.0001043   	0.0007252   	0.0001664   
3680        	10          	0.03252     	0.0001151   	0.0004302   	0.0003378   
3685        	10          	0.02233     	0.0001166   	0.0005367   	0.000137    
3690        	10          	0.03777     	0.0001837   	0.0006092   	7.65e-05    
3695        	10          	0.024       	2.702e-05   	0.0004337   	0.0002032   
3700        	10          	0.03107     	0.0002404   	0.0002424   	8.21e-05    
3705        	10          	0.03452     	0.0001563   	0.0006101   	9.525e-05   
3710        	10          	0.0278      	0.0001441   	0.0005386   	0.0001198   
3715        	10          	0.01529     	0.000115    	0.000703    	8.675e-05   
3720        	10          	0.01616     	0.0001192   	0.00047     	0.0003684   
3725        	10          	0.01107     	0.000142    	0.0002251   	0.000177    
3730        	10          	0.01886     	4.815e-05   	0.0001055   	0.0001568   
3735        	10          	0.02361     	5.028e-05   	0.0001563   	0.000199    
3740        	10          	0.02011     	0.0001894   	0.0003363   	0.0002173   
3745        	10          	0.0208      	0.0001435   	0.0001918   	0.0001816   
3750        	10          	0.01679     	0.0001084   	0.0001484   	3.493e-05   
3755        	10          	0.02118     	0.0001739   	0.0003354   	0.0001178   
3760        	10          	0.02103     	0.000142    	0.0004983   	0.0002878   
3765        	10          	0.01956     	8.368e-05   	0.0005077   	0.000104    
3770        	10          	0.02127     	0.0001416   	0.0003633   	0.0001067   
3775        	10          	0.02578     	0.0004988   	0.0003502   	0.000129    
3780        	10          	0.02111     	0.0001084   	0.0004138   	0.000138    
3785        	10          	0.0229      	0.0001889   	0.0004633   	0.0001844   
3790        	10          	0.0273      	0.0001587   	0.0003303   	0.0001074   
3795        	10          	0.02168     	0.0002426   	0.0007111   	0.0001534   
3800        	10          	0.01761     	0.0001467   	0.0004075   	0.0001614   
3805        	10          	0.01793     	0.0001396   	0.0005882   	0.0001138   
3810        	10          	0.01577     	0.0001015   	0.0003854   	0.0001453   
3815        	10          	0.01653     	0.000138    	0.0002482   	0.0001005   
3820        	10          	0.01418     	0.0001775   	0.000181    	0.000184    
3825        	10          	0.01568     	0.0001195   	0.0002111   	0.0001124   
3830        	10          	0.02717     	4.973e-05   	0.0001842   	0.0001186   
3835        	10          	0.008567    	6.842e-05   	0.0003111   	0.0001853   
3840        	10          	0.01382     	0.0001497   	0.0002271   	0.0001567   
3845        	10          	0.01286     	0.0001116   	0.000676    	9.667e-05   
3850        	10          	0.02874     	0.0002021   	0.000667    	0.0001095   
3855        	10          	0.02439     	0.000134    	0.0005655   	3.987e-05   
3860        	10          	0.0165      	4.91e-05    	0.0005963   	0.0002235   
3865        	10          	0.011       	0.0001161   	0.0005728   	0.0001784   
3870        	10          	0.01189     	8.925e-05   	0.0006231   	8.995e-05   
3875        	10          	0.0104      	0.0001362   	0.0003168   	0.0001313   
3880        	10          	0.0159      	0.0001601   	0.000499    	0.0001849   
3885        	10          	0.01682     	0.0001012   	0.0003801   	0.0001563   
3890        	10          	0.01072     	0.0002657   	0.0004448   	0.0001922   
3895        	10          	0.01193     	0.00019     	0.0001884   	0.0001144   
3900        	10          	0.01927     	0.000327    	0.0002812   	0.0001651   
3905        	10          	0.01704     	0.000211    	0.0001991   	0.0001679   
3910        	10          	0.01257     	5.35e-05    	0.0001783   	0.0001527   
3915        	10          	0.01554     	0.0002278   	0.0003255   	0.0001668   
3920        	10          	0.02421     	0.0002642   	0.0008394   	0.0001158   
3925        	10          	0.02106     	0.0001944   	0.0003903   	3.744e-05   
3930        	10          	0.01336     	0.0003283   	0.000382    	0.0001156   
3935        	10          	0.01729     	9.041e-05   	0.0001353   	0.0001727   
3940        	10          	0.01729     	0.000106    	0.000165    	0.0001398   
3945        	10          	0.0181      	7.144e-05   	0.0003446   	0.0001703   
3950        	10          	0.01641     	4.692e-05   	0.0003095   	7.052e-05   
3955        	10          	0.01707     	0.000132    	0.0003458   	0.0001888   
3960        	10          	0.01472     	6.336e-05   	9.669e-05   	0.0001055   
3965        	10          	0.01054     	7.956e-05   	0.0002718   	0.0001239   
3970        	10          	0.01229     	7.714e-05   	0.0001154   	9.697e-05   
3975        	10          	0.006544    	9.572e-05   	0.0004889   	0.0001148   
3980        	10          	0.014       	0.000136    	0.0005289   	0.0001375   
3985        	10          	0.01251     	0.0001162   	0.000399    	0.0001623   
3990        	10          	0.01786     	0.0001133   	0.0004224   	4.207e-05   
3995        	10          	0.01461     	0.0001847   	0.0003592   	0.0002055   
4000        	10          	0.01019     	8.747e-05   	0.0004237   	0.0002054   
4005        	10          	0.01129     	0.0001335   	0.0002869   	6.617e-05   
4010        	10          	0.007511    	0.0002111   	0.000285    	0.0003283   
4015        	10          	0.006447    	0.0008218   	0.0006016   	3.065e-05   
4020        	10          	0.008681    	0.0003513   	0.0002401   	0.0001398   
4025        	10          	0.007747    	0.0005164   	0.0008543   	0.0002564   
4030        	10          	0.008347    	0.0008426   	0.001551    	0.0001386   
4035        	10          	0.0099      	0.001001    	0.001449    	0.000714    
4040        	10          	0.009789    	0.0007315   	0.002393    	0.0004663   
4045        	10          	0.01564     	0.001467    	0.003288    	0.0005808   
4050        	10          	0.01539     	0.0008942   	0.002621    	0.002289    
4055        	10          	0.02088     	0.001259    	0.002407    	0.002438    
4060        	10          	0.01385     	0.001759    	0.002526    	0.002004    
4065        	10          	0.0163      	0.002645    	0.002043    	0.00261     
4070        	10          	0.008692    	0.003722    	0.003022    	0.003804    
4075        	10          	0.005469    	0.003538    	0.003268    	0.003625    
4080        	10          	0.009044    	0.003383    	0.003582    	0.003854    
4085        	10          	0.006114    	0.003455    	0.002956    	0.004775    
4090        	10          	0.006178    	0.004233    	0.002926    	0.002886    
4095        	10          	0.01371     	0.004356    	0.005421    	0.004547    
4100        	10          	0.01177     	0.001927    	0.003836    	0.002118    
4105        	10          	0.01006     	0.00221     	0.005313    	0.00293     
4110        	10          	0.01073     	0.004402    	0.007721    	0.003888    
4115        	10          	0.009014    	0.004166    	0.005902    	0.003737    
4120        	10          	0.007433    	0.002977    	0.005893    	0.00326     
4125        	10          	0.006267    	0.003022    	0.005348    	0.003351    
4130        	10          	0.0056      	0.003666    	0.004276    	0.004056    
4135        	10          	0.006544    	0.004035    	0.00505     	0.001866    
4140        	10          	0.005558    	0.003415    	0.006221    	0.003136    
4145        	10          	0.01234     	0.004175    	0.007644    	0.001891    
4150        	10          	0.007725    	0.005025    	0.008528    	0.003243    
4155        	10          	0.006456    	0.003376    	0.008186    	0.001934    
4160        	10          	0.0109      	0.003259    	0.007049    	0.003564    
4165        	10          	0.008969    	0.004907    	0.006058    	0.003386    
4170        	10          	0.009114    	0.004341    	0.007948    	0.003827    
4175        	10          	0.01401     	0.005608    	0.008537    	0.003912    
4180        	10          	0.006378    	0.004215    	0.006788    	0.002772    
4185        	10          	0.01041     	0.004347    	0.008238    	0.00348     
4190        	10          	0.008692    	0.003267    	0.006433    	0.003432    
4195        	10          	0.007725    	0.002728    	0.007008    	0.003021    
4200        	10          	0.008544    	0.002994    	0.004946    	0.004202    
4205        	10          	0.009281    	0.003951    	0.003831    	0.003942    
4210        	10          	0.006044    	0.004559    	0.006402    	0.005194    
4215        	10          	0.01063     	0.004528    	0.005458    	0.004813    
4220        	10          	0.006567    	0.004962    	0.005294    	0.003587    
4225        	10          	0.007458    	0.004638    	0.006315    	0.005179    
4230        	10          	0.003581    	0.00415     	0.005554    	0.004134    
4235        	10          	0.002711    	0.003873    	0.00871     	0.003459    
4240        	10          	0.001669    	0.00317     	0.008267    	0.003358    
4245        	10          	0.002169    	0.003463    	0.008281    	0.003306    
4250        	10          	0.002622    	0.002497    	0.009859    	0.003829    
4255        	10          	0.002025    	0.002975    	0.01067     	0.003745    
4260        	10          	0.002933    	0.003582    	0.01414     	0.003566    
4265        	10          	0.003044    	0.003167    	0.01198     	0.004878    
4270        	10          	0.005289    	0.003269    	0.01161     	0.00336     
4275        	10          	0.0071      	0.001936    	0.01176     	0.002771    
4280        	10          	0.008114    	0.00307     	0.01075     	0.003433    
4285        	10          	0.007544    	0.003881    	0.0112      	0.00322     
4290        	10          	0.007889    	0.003812    	0.01255     	0.003068    
4295        	10          	0.01089     	0.003432    	0.01378     	0.003249    
4300        	10          	0.007622    	0.003845    	0.01448     	0.004432    
4305        	10          	0.003625    	0.001911    	0.0125      	0.004239    
4310        	10          	0.004081    	0.001883    	0.009103    	0.003277    
4315        	10          	0.007114    	0.001981    	0.008662    	0.002204    
4320        	10          	0.004581    	0.002111    	0.00832     	0.002666    
4325        	10          	0.004833    	0.00265     	0.008104    	0.002551    
4330        	10          	0.002844    	0.002125    	0.006347    	0.002198    
4335        	10          	0.004322    	0.003067    	0.005974    	0.003242    
4340        	10          	0.006692    	0.001632    	0.007684    	0.00313     
4345        	10          	0.004892    	0.002684    	0.007165    	0.003609    
4350        	10          	0.004844    	0.003412    	0.006773    	0.003931    
4355        	10          	0.009233    	0.002101    	0.005384    	0.0025      
4360        	10          	0.007303    	0.002182    	0.004853    	0.002546    
4365        	10          	0.008733    	0.002227    	0.005546    	0.002218    
4370        	10          	0.01007     	0.001275    	0.006678    	0.002278    
4375        	10          	0.0069      	0.001391    	0.004638    	0.002107    
4380        	10          	0.0049      	0.001731    	0.004838    	0.002562    
4385        	10          	0.005069    	0.001754    	0.007054    	0.003455    
4390        	10          	0.01236     	0.001895    	0.00513     	0.004167    
4395        	10          	0.007692    	0.00192     	0.004577    	0.003471    
4400        	10          	0.006236    	0.001471    	0.005134    	0.004103    
4405        	10          	0.007392    	0.002208    	0.005798    	0.004175    
4410        	10          	0.01219     	0.0027      	0.006285    	0.003357    
4415        	10          	0.0108      	0.002617    	0.00812     	0.002563    
4420        	10          	0.008844    	0.002937    	0.007913    	0.002935    
4425        	10          	0.01114     	0.002805    	0.008713    	0.00327     
4430        	10          	0.007803    	0.001986    	0.007863    	0.002215    
4435        	10          	0.006111    	0.001906    	0.005736    	0.002421    
4440        	10          	0.006267    	0.002692    	0.005311    	0.002312    
4445        	10          	0.005067    	0.004169    	0.006271    	0.003165    
4450        	10          	0.006711    	0.00457     	0.005299    	0.003369    
4455        	10          	0.0099      	0.004712    	0.005976    	0.003409    
4460        	10          	0.008211    	0.004329    	0.006385    	0.003876    
4465        	10          	0.005747    	0.004496    	0.005444    	0.004196    
4470        	10          	0.004678    	0.004465    	0.003305    	0.003249    
4475        	10          	0.004781    	0.005101    	0.002733    	0.003201    
4480        	10          	0.0044      	0.004597    	0.001865    	0.004521    
4485        	10          	0.006503    	0.005208    	0.002898    	0.004802    
4490        	10          	0.006892    	0.005266    	0.003201    	0.005575    
4495        	10          	0.005944    	0.004996    	0.003567    	0.007424    
4500        	10          	0.01327     	0.00444     	0.003121    	0.006436    
4505        	10          	0.009447    	0.002616    	0.003062    	0.006994    
4510        	10          	0.0111      	0.003699    	0.003343    	0.00673     
4515        	10          	0.01043     	0.003449    	0.003029    	0.004992    
4520        	10          	0.01257     	0.003102    	0.002221    	0.004106    
4525        	10          	0.01416     	0.004219    	0.003258    	0.005986    
4530        	10          	0.01375     	0.002724    	0.001954    	0.004296    
4535        	10          	0.01127     	0.002919    	0.001217    	0.003255    
4540        	10          	0.0136      	0.003267    	0.0008634   	0.003922    
4545        	10          	0.007058    	0.002684    	0.001016    	0.003361    
4550        	10          	0.009014    	0.003427    	0.0009969   	0.003345    
4555        	10          	0.009344    	0.004208    	0.0008638   	0.002893    
4560        	10          	0.01121     	0.004123    	0.0009259   	0.003324    
4565        	10          	0.011       	0.006625    	0.001493    	0.004101    
4570        	10          	0.009233    	0.005457    	0.001631    	0.003584    
4575        	10          	0.006581    	0.004906    	0.001323    	0.002573    
4580        	10          	0.006511    	0.004642    	0.002181    	0.002857    
4585        	10          	0.01017     	0.004224    	0.001813    	0.002111    
4590        	10          	0.01327     	0.00662     	0.001678    	0.002468    
4595        	10          	0.009614    	0.006007    	0.001573    	0.003147    
4600        	10          	0.005581    	0.005883    	0.00129     	0.003469    
4605        	10          	0.007469    	0.006344    	0.001229    	0.003697    
4610        	10          	0.008125    	0.00667     	0.001389    	0.004649    
4615        	10          	0.004278    	0.01006     	0.001303    	0.003398    
4620        	10          	0.01445     	0.008154    	0.00132     	0.003479    
4625        	10          	0.008947    	0.008218    	0.001315    	0.002222    
4630        	10          	0.0084      	0.006116    	0.001414    	0.003782    
4635        	10          	0.004444    	0.006234    	0.001342    	0.004176    
4640        	10          	0.008167    	0.004616    	0.001421    	0.004729    
4645        	10          	0.01018     	0.005396    	0.001457    	0.004642    
4650        	10          	0.008181    	0.003767    	0.001937    	0.005271    
4655        	10          	0.009767    	0.003193    	0.001858    	0.00525     
4660        	10          	0.01189     	0.004781    	0.001651    	0.006286    
4665        	10          	0.009114    	0.003711    	0.001292    	0.005918    
4670        	10          	0.01188     	0.004266    	0.001947    	0.005024    
4675        	10          	0.005803    	0.003157    	0.001631    	0.005187    
4680        	10          	0.01029     	0.003283    	0.001693    	0.006886    
4685        	10          	0.01161     	0.004066    	0.002097    	0.006063    
4690        	10          	0.01046     	0.003828    	0.001878    	0.007332    
4695        	10          	0.006914    	0.002589    	0.002286    	0.006146    
4700        	10          	0.008556    	0.003696    	0.001769    	0.006151    
4705        	10          	0.009156    	0.00298     	0.002087    	0.004296    
4710        	10          	0.005733    	0.002126    	0.002773    	0.004027    
4715        	10          	0.004503    	0.00236     	0.003125    	0.00457     
4720        	10          	0.003225    	0.003933    	0.003609    	0.00477     
4725        	10          	0.0036      	0.004487    	0.003524    	0.004548    
4730        	10          	0.004692    	0.003381    	0.003543    	0.004702    
4735        	10          	0.002236    	0.002405    	0.004023    	0.004027    
4740        	10          	0.003433    	0.002995    	0.004619    	0.003488    
4745        	10          	0.003211    	0.002249    	0.004509    	0.005035    
4750        	10          	0.006044    	0.00324     	0.004304    	0.005213    
4755        	10          	0.005225    	0.0019      	0.004732    	0.005378    
4760        	10          	0.0114      	0.001563    	0.004714    	0.006016    
4765        	10          	0.01152     	0.002056    	0.00522     	0.004603    
4770        	10          	0.009344    	0.002232    	0.005454    	0.005958    
4775        	10          	0.012       	0.002744    	0.005861    	0.004699    
4780        	10          	0.007458    	0.003537    	0.006511    	0.004304    
4785        	10          	0.004969    	0.003816    	0.005511    	0.005397    
4790        	10          	0.007267    	0.00377     	0.005394    	0.005065    
4795        	10          	0.009014    	0.003815    	0.004693    	0.005204    
4800        	10          	0.01078     	0.003425    	0.005189    	0.005413    
4805        	10          	0.006511    	0.004107    	0.004859    	0.00499     
4810        	10          	0.007344    	0.005437    	0.005542    	0.00616     
4815        	10          	0.006014    	0.00453     	0.004631    	0.005706    
4820        	10          	0.008081    	0.00513     	0.005344    	0.005678    
4825        	10          	0.006       	0.00525     	0.004688    	0.003886    
4830        	10          	0.004789    	0.005021    	0.005371    	0.004461    
4835        	10          	0.007344    	0.005677    	0.005951    	0.00449     
4840        	10          	0.005836    	0.005297    	0.005202    	0.005666    
4845        	10          	0.007711    	0.005232    	0.005687    	0.004213    
4850        	10          	0.005947    	0.004478    	0.00543     	0.004189    
4855        	10          	0.006211    	0.003691    	0.005321    	0.003182    
4860        	10          	0.006233    	0.003208    	0.004377    	0.004062    
4865        	10          	0.004511    	0.003506    	0.004486    	0.004065    
4870        	10          	0.004733    	0.002894    	0.003706    	0.005191    
4875        	10          	0.008081    	0.002922    	0.004107    	0.005603    
4880        	10          	0.006044    	0.002695    	0.003654    	0.005764    
4885        	10          	0.004803    	0.002242    	0.003413    	0.003779    
4890        	10          	0.003511    	0.002431    	0.003966    	0.003888    
4895        	10          	0.006444    	0.002324    	0.004491    	0.003329    
4900        	10          	0.01284     	0.002253    	0.004322    	0.003965    
4905        	10          	0.006025    	0.002553    	0.005125    	0.003398    
4910        	10          	0.01085     	0.002111    	0.006542    	0.00421     
4915        	10          	0.005989    	0.00257     	0.005003    	0.002927    
4920        	10          	0.005169    	0.002267    	0.005225    	0.003617    
4925        	10          	0.003558    	0.002636    	0.004359    	0.003809    
4930        	10          	0.003581    	0.002041    	0.004012    	0.003846    
4935        	10          	0.005303    	0.00217     	0.003217    	0.004622    
4940        	10          	0.003122    	0.001521    	0.004607    	0.00588     
4945        	10          	0.007136    	0.001798    	0.004111    	0.005508    
4950        	10          	0.004656    	0.001883    	0.003388    	0.005555    
4955        	10          	0.002233    	0.002157    	0.003574    	0.00478     
4960        	10          	0.0036      	0.002115    	0.003499    	0.003976    
4965        	10          	0.002336    	0.002585    	0.003342    	0.005397    
4970        	10          	0.003933    	0.003408    	0.004861    	0.004608    
4975        	10          	0.0036      	0.002735    	0.005077    	0.004948    
4980        	10          	0.007114    	0.001845    	0.003298    	0.005095    
4985        	10          	0.004303    	0.002217    	0.00459     	0.004624    
4990        	10          	0.009122    	0.002373    	0.005033    	0.005558    
4995        	10          	0.008389    	0.002162    	0.005268    	0.0052      
5000        	10          	0.006122    	0.002278    	0.004678    	0.005148    
