generation  	alive.rpl   	n.adlt.rs   	n.adlt.fst.wc_p1-2	n.adlt.fst.wc_p1-3	n.adlt.fst.wc_p2-3
5           	10          	18.84       	0.001791    	0.003025    	0.001841    
10          	10          	18.57       	0.003028    	0.005187    	0.003119    
15          	10          	18.33       	0.004439    	0.006984    	0.003481    
20          	10          	18.28       	0.003939    	0.007657    	0.00322     
25          	10          	17.94       	0.003275    	0.008009    	0.004571    
30          	10          	17.8        	0.004741    	0.008122    	0.004356    
35          	10          	17.63       	0.003932    	0.008981    	0.003466    
40          	10          	17.48       	0.00436     	0.008608    	0.005382    
45          	10          	17.28       	0.003693    	0.008649    	0.003509    
50          	10          	17.07       	0.004366    	0.008157    	0.004766    
55          	10          	16.9        	0.004144    	0.008309    	0.004424    
60          	10          	16.73       	0.005708    	0.008975    	0.003971    
65          	10          	16.66       	0.004361    	0.0101      	0.004086    
70          	10          	16.41       	0.005132    	0.008125    	0.00353     
75          	10          	16.29       	0.004432    	0.008934    	0.004586    
80          	10          	16.07       	0.003558    	0.009936    	0.004126    
85          	10          	15.86       	0.004042    	0.009037    	0.004123    
90          	10          	15.84       	0.003156    	0.008647    	0.003776    
95          	10          	15.53       	0.004029    	0.008246    	0.003109    
100         	10          	15.44       	0.004976    	0.009139    	0.004474    
105         	10          	15.34       	0.00405     	0.008844    	0.004471    
110         	10          	15.22       	0.003521    	0.00818     	0.004694    
115         	10          	14.93       	0.005091    	0.009514    	0.005094    
120         	10          	14.94       	0.0043      	0.008946    	0.005128    
125         	10          	14.76       	0.004592    	0.009118    	0.003979    
130         	10          	14.68       	0.003814    	0.01027     	0.003184    
135         	10          	14.48       	0.004389    	0.008156    	0.003006    
140         	10          	14.43       	0.003962    	0.009887    	0.004056    
145         	10          	14.37       	0.005133    	0.008708    	0.003518    
150         	10          	14.19       	0.003678    	0.009448    	0.003697    
155         	10          	14.2        	0.004215    	0.008001    	0.003478    
160         	10          	13.94       	0.002901    	0.007861    	0.004208    
165         	10          	13.87       	0.004002    	0.009701    	0.004281    
170         	10          	13.72       	0.004412    	0.00978     	0.004242    
175         	10          	13.67       	0.005428    	0.008084    	0.00424     
180         	10          	13.53       	0.005248    	0.009806    	0.004266    
185         	10          	13.43       	0.004076    	0.00886     	0.004136    
190         	10          	13.42       	0.003352    	0.008683    	0.005338    
195         	10          	13.21       	0.004916    	0.007904    	0.004885    
200         	10          	13.12       	0.003684    	0.009323    	0.004499    
205         	10          	13.11       	0.002782    	0.009132    	0.004936    
210         	10          	12.89       	0.004073    	0.009079    	0.004793    
215         	10          	12.83       	0.004803    	0.01156     	0.007379    
220         	10          	12.83       	0.003272    	0.00855     	0.004532    
225         	10          	12.68       	0.004907    	0.008618    	0.003861    
230         	10          	12.63       	0.003734    	0.009264    	0.004015    
235         	10          	12.57       	0.004747    	0.008739    	0.003737    
240         	10          	12.53       	0.00502     	0.01014     	0.004094    
245         	10          	12.38       	0.003728    	0.01029     	0.004986    
250         	10          	12.38       	0.004108    	0.009184    	0.00207     
255         	10          	12.31       	0.005693    	0.009802    	0.004438    
260         	10          	12.22       	0.004981    	0.01017     	0.003369    
265         	10          	12.2        	0.005029    	0.01047     	0.005191    
270         	10          	12.13       	0.005516    	0.01059     	0.002978    
275         	10          	12.09       	0.005314    	0.008588    	0.004378    
280         	10          	11.96       	0.004124    	0.01045     	0.00413     
285         	10          	11.91       	0.003449    	0.008194    	0.00427     
290         	10          	11.93       	0.003731    	0.01209     	0.00562     
295         	10          	11.69       	0.004697    	0.007478    	0.002685    
300         	10          	11.76       	0.006492    	0.008777    	0.003944    
305         	10          	11.69       	0.006011    	0.0098      	0.003661    
310         	10          	11.59       	0.00367     	0.009637    	0.003338    
315         	10          	11.58       	0.004537    	0.008669    	0.004551    
320         	10          	11.52       	0.003847    	0.008717    	0.004911    
325         	10          	11.38       	0.00304     	0.009625    	0.00507     
330         	10          	11.29       	0.003497    	0.009486    	0.004916    
335         	10          	11.38       	0.003406    	0.00866     	0.004356    
340         	10          	11.23       	0.002678    	0.007748    	0.003923    
345         	10          	11.12       	0.005005    	0.008519    	0.003874    
350         	10          	11.18       	0.004202    	0.008365    	0.004329    
355         	10          	11.04       	0.004378    	0.009731    	0.004757    
360         	10          	11.03       	0.002528    	0.008674    	0.003732    
365         	10          	11.01       	0.004629    	0.009176    	0.004562    
370         	10          	10.83       	0.003004    	0.008435    	0.003659    
375         	10          	10.7        	0.004103    	0.01127     	0.003515    
380         	10          	10.66       	0.004673    	0.0088      	0.005003    
385         	10          	10.74       	0.003936    	0.0103      	0.004414    
390         	10          	10.64       	0.004365    	0.007454    	0.004287    
395         	10          	10.6        	0.003464    	0.008723    	0.004159    
400         	10          	10.5        	0.004376    	0.008901    	0.003729    
405         	10          	10.48       	0.004425    	0.009274    	0.005216    
410         	10          	10.41       	0.004624    	0.009243    	0.004653    
415         	10          	10.41       	0.004647    	0.009972    	0.005394    
420         	10          	10.36       	0.004649    	0.009633    	0.003953    
425         	10          	10.24       	0.005683    	0.01186     	0.005913    
430         	10          	10.19       	0.003993    	0.00961     	0.00349     
435         	10          	10.19       	0.00363     	0.008391    	0.005319    
440         	10          	10.21       	0.00367     	0.008253    	0.002928    
445         	10          	10.07       	0.005546    	0.009765    	0.005967    
450         	10          	10.05       	0.004908    	0.01089     	0.005052    
455         	10          	10.12       	0.003958    	0.00874     	0.004242    
460         	10          	9.993       	0.003877    	0.009029    	0.004869    
465         	10          	9.925       	0.005229    	0.01091     	0.004444    
470         	10          	9.958       	0.006462    	0.01092     	0.003686    
475         	10          	9.848       	0.005909    	0.009625    	0.003418    
480         	10          	9.84        	0.003193    	0.007961    	0.004228    
485         	10          	9.817       	0.004452    	0.008157    	0.003177    
490         	10          	9.853       	0.003489    	0.008389    	0.003645    
495         	10          	9.758       	0.00458     	0.008954    	0.005792    
500         	10          	9.695       	0.003576    	0.008264    	0.004517    
505         	10          	9.615       	0.003318    	0.008839    	0.003821    
510         	10          	9.618       	0.003648    	0.009011    	0.004051    
515         	10          	9.533       	0.005902    	0.01054     	0.003771    
520         	10          	9.502       	0.003825    	0.008786    	0.0043      
525         	10          	9.482       	0.004809    	0.00678     	0.002475    
530         	10          	9.532       	0.004221    	0.00994     	0.004062    
535         	10          	9.455       	0.005698    	0.009941    	0.003154    
540         	10          	9.453       	0.004663    	0.01113     	0.004388    
545         	10          	9.45        	0.003743    	0.007547    	0.003868    
550         	10          	9.447       	0.004629    	0.01098     	0.006396    
555         	10          	9.4         	0.003974    	0.009035    	0.005105    
560         	10          	9.41        	0.002421    	0.007704    	0.005057    
565         	10          	9.395       	0.005243    	0.009453    	0.004419    
570         	10          	9.323       	0.004572    	0.008589    	0.004609    
575         	10          	9.3         	0.003779    	0.009986    	0.003875    
580         	10          	9.273       	0.003978    	0.008428    	0.003807    
585         	10          	9.348       	0.00436     	0.009221    	0.003458    
590         	10          	9.267       	0.003412    	0.008916    	0.005121    
595         	10          	9.272       	0.004199    	0.01122     	0.004441    
600         	10          	9.197       	0.003712    	0.008797    	0.004459    
605         	10          	9.208       	0.004709    	0.009188    	0.003595    
610         	10          	9.128       	0.005351    	0.0103      	0.003367    
615         	10          	9.128       	0.005238    	0.01009     	0.006423    
620         	10          	9.122       	0.001992    	0.007354    	0.00379     
625         	10          	9.097       	0.004015    	0.008642    	0.005097    
630         	10          	9.053       	0.003771    	0.009404    	0.003598    
635         	10          	8.992       	0.005093    	0.01015     	0.004143    
640         	10          	8.977       	0.004615    	0.008694    	0.00529     
645         	10          	8.9         	0.003674    	0.008016    	0.002957    
650         	10          	8.942       	0.002742    	0.008071    	0.003259    
655         	10          	8.897       	0.004686    	0.008865    	0.005323    
660         	10          	8.837       	0.005179    	0.01173     	0.007022    
665         	10          	8.843       	0.002891    	0.007714    	0.003754    
670         	10          	8.79        	0.004414    	0.009823    	0.004514    
675         	10          	8.75        	0.005052    	0.00882     	0.004431    
680         	10          	8.668       	0.005737    	0.01046     	0.006238    
685         	10          	8.675       	0.004281    	0.009814    	0.006341    
690         	10          	8.657       	0.003643    	0.009338    	0.002809    
695         	10          	8.678       	0.002428    	0.01001     	0.006413    
700         	10          	8.675       	0.005462    	0.009649    	0.004932    
705         	10          	8.593       	0.002695    	0.01012     	0.00478     
710         	10          	8.605       	0.003362    	0.009919    	0.005229    
715         	10          	8.522       	0.004258    	0.0111      	0.004715    
720         	10          	8.487       	0.005114    	0.01154     	0.004204    
725         	10          	8.477       	0.004064    	0.00799     	0.003154    
730         	10          	8.397       	0.003182    	0.007091    	0.004462    
735         	10          	8.423       	0.004613    	0.01056     	0.003794    
740         	10          	8.403       	0.004257    	0.01003     	0.005152    
745         	10          	8.323       	0.002625    	0.008383    	0.004376    
750         	10          	8.442       	0.004101    	0.007726    	0.002726    
755         	10          	8.36        	0.005933    	0.009591    	0.004735    
760         	10          	8.288       	0.004057    	0.006518    	0.005521    
765         	10          	8.267       	0.003523    	0.00934     	0.004569    
770         	10          	8.283       	0.005225    	0.00828     	0.003268    
775         	10          	8.282       	0.005122    	0.01059     	0.005375    
780         	10          	8.262       	0.00405     	0.01102     	0.004997    
785         	10          	8.23        	0.006331    	0.008117    	0.003245    
790         	10          	8.162       	0.00578     	0.008237    	0.00446     
795         	10          	8.185       	0.004539    	0.01121     	0.004564    
800         	10          	8.217       	0.00357     	0.009767    	0.003722    
805         	10          	8.128       	0.004573    	0.0095      	0.004643    
810         	10          	8.12        	0.003531    	0.01013     	0.005058    
815         	10          	8.052       	0.004562    	0.01026     	0.0035      
820         	10          	8.083       	0.004788    	0.01117     	0.006128    
825         	10          	8.043       	0.003684    	0.01047     	0.004649    
830         	10          	8.077       	0.002867    	0.009302    	0.006548    
835         	10          	8.015       	0.004721    	0.008717    	0.005797    
840         	10          	8.032       	0.006241    	0.01078     	0.00389     
845         	10          	8.025       	0.005844    	0.009245    	0.004195    
850         	10          	7.98        	0.004645    	0.00947     	0.004845    
855         	10          	7.957       	0.00396     	0.01135     	0.004248    
860         	10          	7.957       	0.004095    	0.008972    	0.001356    
865         	10          	7.975       	0.004799    	0.008419    	0.004667    
870         	10          	7.952       	0.003182    	0.009612    	0.006251    
875         	10          	7.933       	0.00273     	0.009937    	0.004899    
880         	10          	7.988       	0.003515    	0.006604    	0.003166    
885         	10          	7.97        	0.004184    	0.008372    	0.00435     
890         	10          	7.985       	0.005991    	0.008346    	0.005323    
895         	10          	7.97        	0.004679    	0.008744    	0.005997    
900         	10          	7.933       	0.004314    	0.009281    	0.002997    
905         	10          	7.983       	0.003807    	0.006699    	0.005647    
910         	10          	7.938       	0.005283    	0.009603    	0.003764    
915         	10          	7.915       	0.003478    	0.01015     	0.005592    
920         	10          	7.853       	0.004118    	0.009655    	0.00504     
925         	10          	7.898       	0.00308     	0.007728    	0.003496    
930         	10          	7.908       	0.004726    	0.01082     	0.005106    
935         	10          	7.88        	0.003665    	0.008621    	0.003599    
940         	10          	7.873       	0.003876    	0.008433    	0.003194    
945         	10          	7.792       	0.004088    	0.007294    	0.006502    
950         	10          	7.8         	0.005786    	0.009759    	0.004186    
955         	10          	7.823       	0.002486    	0.008288    	0.003893    
960         	10          	7.852       	0.004608    	0.009008    	0.003737    
965         	10          	7.74        	0.003391    	0.007651    	0.003789    
970         	10          	7.705       	0.004774    	0.006931    	0.005146    
975         	10          	7.77        	0.004873    	0.007469    	0.00436     
980         	10          	7.722       	0.00267     	0.007207    	0.003019    
985         	10          	7.695       	0.0038      	0.007876    	0.003164    
990         	10          	7.67        	0.003428    	0.008149    	0.00252     
995         	10          	7.62        	0.004975    	0.008705    	0.003935    
1000        	10          	7.72        	0.004231    	0.008053    	0.003287    
1005        	10          	7.613       	0.004205    	0.008475    	0.003393    
1010        	10          	7.548       	0.005377    	0.01018     	0.003756    
1015        	10          	7.568       	0.004522    	0.01114     	0.005534    
1020        	10          	7.593       	0.005188    	0.009456    	0.004941    
1025        	10          	7.557       	0.005988    	0.009866    	0.003763    
1030        	10          	7.49        	0.004262    	0.00985     	0.005442    
1035        	10          	7.487       	0.003957    	0.01075     	0.006789    
1040        	10          	7.492       	0.005128    	0.008354    	0.002409    
1045        	10          	7.553       	0.003556    	0.008076    	0.004556    
1050        	10          	7.472       	0.00341     	0.008284    	0.003964    
1055        	10          	7.442       	0.004957    	0.009665    	0.005095    
1060        	10          	7.445       	0.004486    	0.01012     	0.004401    
1065        	10          	7.41        	0.005144    	0.008107    	0.003633    
1070        	10          	7.42        	0.005228    	0.009622    	0.002327    
1075        	10          	7.458       	0.004988    	0.01156     	0.005349    
1080        	10          	7.45        	0.00201     	0.006937    	0.003438    
1085        	10          	7.372       	0.0035      	0.007631    	0.003687    
1090        	10          	7.365       	0.004164    	0.009037    	0.003328    
1095        	10          	7.322       	0.004778    	0.01078     	0.00393     
1100        	10          	7.347       	0.00168     	0.007649    	0.003361    
1105        	10          	7.342       	0.005119    	0.008012    	0.003397    
1110        	10          	7.332       	0.004859    	0.007542    	0.005173    
1115        	10          	7.318       	0.004176    	0.009942    	0.003768    
1120        	10          	7.31        	0.004425    	0.01108     	0.004892    
1125        	10          	7.235       	0.003385    	0.01096     	0.005336    
1130        	10          	7.197       	0.004999    	0.009708    	0.00726     
1135        	10          	7.253       	0.003359    	0.007751    	0.003417    
1140        	10          	7.187       	0.003377    	0.009272    	0.00453     
1145        	10          	7.177       	0.004014    	0.009802    	0.002852    
1150        	10          	7.213       	0.001941    	0.008473    	0.004124    
1155        	10          	7.2         	0.004552    	0.007968    	0.004964    
1160        	10          	7.232       	0.003561    	0.01032     	0.0041      
1165        	10          	7.108       	0.0038      	0.01062     	0.005152    
1170        	10          	7.118       	0.004744    	0.008798    	0.005779    
1175        	10          	7.145       	0.006625    	0.009082    	0.004388    
1180        	10          	7.033       	0.004324    	0.006808    	0.002705    
1185        	10          	7.078       	0.00417     	0.008408    	0.003839    
1190        	10          	7.047       	0.005247    	0.01064     	0.005218    
1195        	10          	7.147       	0.005766    	0.01111     	0.003438    
1200        	10          	7.077       	0.004404    	0.009245    	0.003882    
1205        	10          	7.09        	0.003778    	0.007195    	0.003444    
1210        	10          	7.072       	0.003044    	0.0098      	0.002785    
1215        	10          	7.01        	0.004846    	0.008266    	0.003935    
1220        	10          	7.082       	0.003761    	0.008729    	0.002685    
1225        	10          	7.057       	0.004849    	0.008941    	0.004264    
1230        	10          	7.052       	0.004455    	0.01204     	0.005712    
1235        	10          	7.02        	0.004818    	0.009492    	0.003271    
1240        	10          	7.048       	0.004486    	0.01099     	0.004717    
1245        	10          	6.985       	0.005551    	0.01283     	0.005417    
1250        	10          	6.988       	0.005706    	0.01085     	0.004488    
1255        	10          	6.988       	0.003399    	0.008631    	0.002809    
1260        	10          	6.927       	0.004329    	0.009144    	0.004867    
1265        	10          	6.888       	0.002583    	0.008856    	0.004808    
1270        	10          	6.885       	0.005029    	0.009092    	0.005132    
1275        	10          	6.85        	0.004763    	0.009464    	0.003749    
1280        	10          	6.828       	0.003495    	0.007762    	0.001797    
1285        	10          	6.777       	0.006125    	0.007715    	0.003292    
1290        	10          	6.882       	0.003763    	0.009872    	0.003478    
1295        	10          	6.788       	0.005735    	0.00845     	0.005617    
1300        	10          	6.772       	0.002969    	0.006636    	0.002406    
1305        	10          	6.943       	0.003221    	0.008687    	0.005709    
1310        	10          	6.837       	0.001904    	0.008854    	0.005977    
1315        	10          	6.798       	0.00364     	0.007644    	0.005398    
1320        	10          	6.747       	0.004362    	0.006971    	0.00212     
1325        	10          	6.752       	0.003998    	0.01128     	0.004313    
1330        	10          	6.79        	0.006102    	0.009297    	0.005512    
1335        	10          	6.8         	0.003733    	0.008376    	0.004009    
1340        	10          	6.755       	0.00287     	0.007836    	0.003783    
1345        	10          	6.723       	0.004271    	0.006862    	0.003232    
1350        	10          	6.752       	0.005749    	0.01074     	0.004164    
1355        	10          	6.8         	0.005307    	0.01146     	0.004897    
1360        	10          	6.743       	0.005748    	0.007949    	0.003171    
1365        	10          	6.758       	0.00325     	0.01188     	0.00598     
1370        	10          	6.74        	0.005556    	0.01009     	0.005124    
1375        	10          	6.728       	0.005088    	0.009455    	0.006238    
1380        	10          	6.778       	0.002132    	0.008461    	0.00455     
1385        	10          	6.68        	0.005441    	0.009483    	0.004986    
1390        	10          	6.673       	0.005736    	0.01047     	0.00392     
1395        	10          	6.65        	0.003589    	0.008472    	0.003963    
1400        	10          	6.723       	0.003598    	0.008087    	0.003304    
1405        	10          	6.64        	0.005499    	0.00931     	0.004174    
1410        	10          	6.638       	0.002457    	0.00806     	0.003289    
1415        	10          	6.71        	0.005133    	0.006163    	0.004499    
1420        	10          	6.647       	0.003599    	0.009441    	0.005018    
1425        	10          	6.715       	0.00404     	0.009777    	0.003369    
1430        	10          	6.685       	0.004319    	0.008134    	0.002493    
1435        	10          	6.653       	0.004522    	0.01056     	0.003839    
1440        	10          	6.6         	0.003646    	0.01201     	0.005138    
1445        	10          	6.653       	0.003588    	0.0106      	0.004711    
1450        	10          	6.615       	0.004991    	0.01067     	0.005736    
1455        	10          	6.64        	0.003137    	0.01021     	0.004166    
1460        	10          	6.66        	0.0009521   	0.008004    	0.002488    
1465        	10          	6.583       	0.004655    	0.009975    	0.004649    
1470        	10          	6.615       	0.003572    	0.008924    	0.004362    
1475        	10          	6.63        	0.003978    	0.007715    	0.001947    
1480        	10          	6.623       	0.007153    	0.006944    	0.002755    
1485        	10          	6.507       	0.003759    	0.006541    	0.0004897   
1490        	10          	6.557       	0.005458    	0.01082     	0.003834    
1495        	10          	6.502       	0.004801    	0.009449    	0.004922    
1500        	10          	6.588       	0.003585    	0.008397    	0.004035    
1505        	10          	6.572       	0.005304    	0.007984    	0.00352     
1510        	10          	6.57        	0.005124    	0.007953    	0.0045      
1515        	10          	6.555       	0.003981    	0.01081     	0.004833    
1520        	10          	6.525       	0.004674    	0.01174     	0.003806    
1525        	10          	6.573       	0.004295    	0.009767    	0.001678    
1530        	10          	6.608       	0.003514    	0.008736    	0.003644    
1535        	10          	6.508       	0.004713    	0.007999    	0.003403    
1540        	10          	6.598       	0.004237    	0.007872    	0.004292    
1545        	10          	6.578       	0.003425    	0.007497    	0.003171    
1550        	10          	6.513       	0.004166    	0.0101      	0.004491    
1555        	10          	6.558       	0.005232    	0.01061     	0.003813    
1560        	10          	6.568       	0.003585    	0.009009    	0.004359    
1565        	10          	6.525       	0.005711    	0.01087     	0.004032    
1570        	10          	6.453       	0.004489    	0.01043     	0.005859    
1575        	10          	6.483       	0.002827    	0.01027     	0.003137    
1580        	10          	6.517       	0.00631     	0.00754     	0.003884    
1585        	10          	6.508       	0.004798    	0.009565    	0.006059    
1590        	10          	6.477       	0.004442    	0.01174     	0.004       
1595        	10          	6.428       	0.005706    	0.01071     	0.003368    
1600        	10          	6.43        	0.004113    	0.01107     	0.004279    
1605        	10          	6.433       	0.00342     	0.01057     	0.003796    
1610        	10          	6.433       	0.003801    	0.007775    	0.002326    
1615        	10          	6.458       	0.004095    	0.008603    	0.001173    
1620        	10          	6.468       	0.003387    	0.008707    	0.005387    
1625        	10          	6.412       	0.004365    	0.008852    	0.002928    
1630        	10          	6.467       	0.003508    	0.008799    	0.003308    
1635        	10          	6.397       	0.005326    	0.008618    	0.006299    
1640        	10          	6.422       	0.005131    	0.01201     	0.005175    
1645        	10          	6.427       	0.004911    	0.01135     	0.001961    
1650        	10          	6.403       	0.005345    	0.007225    	0.003493    
1655        	10          	6.473       	0.005832    	0.01096     	0.004981    
1660        	10          	6.378       	0.004699    	0.01123     	0.003719    
1665        	10          	6.412       	0.003061    	0.007346    	0.003437    
1670        	10          	6.435       	0.005374    	0.01036     	0.004254    
1675        	10          	6.445       	0.004371    	0.009435    	0.005171    
1680        	10          	6.423       	0.005721    	0.008477    	0.004819    
1685        	10          	6.298       	0.005125    	0.007592    	0.003424    
1690        	10          	6.385       	0.005035    	0.009616    	0.002999    
1695        	10          	6.418       	0.0045      	0.009631    	0.004922    
1700        	10          	6.392       	0.002963    	0.0105      	0.004202    
1705        	10          	6.413       	0.004059    	0.009943    	0.003361    
1710        	10          	6.375       	0.004191    	0.01123     	0.004634    
1715        	10          	6.385       	0.004763    	0.008436    	0.003013    
1720        	10          	6.335       	0.003572    	0.009088    	0.004866    
1725        	10          	6.382       	0.003725    	0.008462    	0.004046    
1730        	10          	6.408       	0.00768     	0.009713    	0.003701    
1735        	10          	6.35        	0.004321    	0.008435    	0.005225    
1740        	10          	6.358       	0.003323    	0.008749    	0.005356    
1745        	10          	6.383       	0.002591    	0.009809    	0.00401     
1750        	10          	6.362       	0.005788    	0.01114     	0.003705    
1755        	10          	6.38        	0.002912    	0.01089     	0.004948    
1760        	10          	6.348       	0.00594     	0.01095     	0.004083    
1765        	10          	6.317       	0.005001    	0.0106      	0.003491    
1770        	10          	6.29        	0.003236    	0.008803    	0.003668    
1775        	10          	6.233       	0.002709    	0.009019    	0.004627    
1780        	10          	6.315       	0.004338    	0.008005    	0.003805    
1785        	10          	6.253       	0.002932    	0.007952    	0.001556    
1790        	10          	6.278       	0.003748    	0.00946     	0.005268    
1795        	10          	6.248       	0.005043    	0.01143     	0.004468    
1800        	10          	6.287       	0.004727    	0.009994    	0.00639     
1805        	10          	6.282       	0.003414    	0.01047     	0.004701    
1810        	10          	6.278       	0.003878    	0.01086     	0.005181    
1815        	10          	6.197       	0.00411     	0.01001     	0.003402    
1820        	10          	6.242       	0.005267    	0.009031    	0.003626    
1825        	10          	6.212       	0.0054      	0.008421    	0.005492    
1830        	10          	6.205       	0.00622     	0.01225     	0.00492     
1835        	10          	6.205       	0.003987    	0.008684    	0.003099    
1840        	10          	6.172       	0.005274    	0.01129     	0.005191    
1845        	10          	6.177       	0.004276    	0.00752     	0.004182    
1850        	10          	6.163       	0.003825    	0.01085     	0.005106    
1855        	10          	6.158       	0.005986    	0.008998    	0.004885    
1860        	10          	6.11        	0.004236    	0.01015     	0.003915    
1865        	10          	6.203       	0.005186    	0.007404    	0.002932    
1870        	10          	6.17        	0.0035      	0.008957    	0.003763    
1875        	10          	6.163       	0.005032    	0.00805     	0.005017    
1880        	10          	6.172       	0.003725    	0.008739    	0.005343    
1885        	10          	6.073       	0.005846    	0.0102      	0.003889    
1890        	10          	6.165       	0.003801    	0.009835    	0.005546    
1895        	10          	6.117       	0.006183    	0.008607    	0.004251    
1900        	10          	6.127       	0.007191    	0.009372    	0.006239    
1905        	10          	6.135       	0.005936    	0.009746    	0.003146    
1910        	10          	6.118       	0.006331    	0.01138     	0.003882    
1915        	10          	6.088       	0.001044    	0.008078    	0.005349    
1920        	10          	6.158       	0.002716    	0.008874    	0.005555    
1925        	10          	6.11        	0.005215    	0.01038     	0.005174    
1930        	10          	6.137       	0.00327     	0.007591    	0.00483     
1935        	10          	6.08        	0.004191    	0.01113     	0.004279    
1940        	10          	6.157       	0.001968    	0.008432    	0.004294    
1945        	10          	6.093       	0.002577    	0.008069    	0.005906    
1950        	10          	6.137       	0.004078    	0.00782     	0.003824    
1955        	10          	6.208       	0.002122    	0.006665    	0.004281    
1960        	10          	6.155       	0.007513    	0.01082     	0.006187    
1965        	10          	6.197       	0.004547    	0.009724    	0.003499    
1970        	10          	6.137       	0.005538    	0.01035     	0.006892    
1975        	10          	6.153       	0.004213    	0.009936    	0.003292    
1980        	10          	6.092       	0.004708    	0.008351    	0.00591     
1985        	10          	6.132       	0.002098    	0.009588    	0.005394    
1990        	10          	6.183       	0.003218    	0.008516    	0.005225    
1995        	10          	6.108       	0.004853    	0.008348    	0.003933    
2000        	10          	6.095       	0.004194    	0.006195    	0.003709    
2005        	10          	6.138       	0.005373    	0.008959    	0.003359    
2010        	10          	6.11        	0.006376    	0.009824    	0.004828    
2015        	10          	6.083       	0.004943    	0.008329    	0.003905    
2020        	10          	6.123       	0.002974    	0.008184    	0.006021    
2025        	10          	6.128       	0.003266    	0.0102      	0.005871    
2030        	10          	6.1         	0.003187    	0.006427    	0.003443    
2035        	10          	6.148       	0.003499    	0.009183    	0.005033    
2040        	10          	6.053       	0.005923    	0.009956    	0.003251    
2045        	10          	6.027       	0.005508    	0.008052    	0.003779    
2050        	10          	6.017       	0.003996    	0.006957    	0.003147    
2055        	10          	6.063       	0.007222    	0.009363    	0.005657    
2060        	10          	6.048       	0.004842    	0.008013    	0.002704    
2065        	10          	5.985       	0.007184    	0.007276    	0.001945    
2070        	10          	6.008       	0.003172    	0.006198    	0.003219    
2075        	10          	5.998       	0.0067      	0.009567    	0.003365    
2080        	10          	6.035       	0.002149    	0.008785    	0.004464    
2085        	10          	6.008       	0.003681    	0.008136    	0.004628    
2090        	10          	6.027       	0.006528    	0.01013     	0.003554    
2095        	10          	6.042       	0.004665    	0.009018    	0.003661    
2100        	10          	5.997       	0.003897    	0.008594    	0.004098    
2105        	10          	6.007       	0.002523    	0.007629    	0.002002    
2110        	10          	5.985       	0.004676    	0.007924    	0.006123    
2115        	10          	5.977       	0.001557    	0.006849    	0.001859    
2120        	10          	6.017       	0.003611    	0.009462    	0.003384    
2125        	10          	6.003       	0.003196    	0.008176    	0.003569    
2130        	10          	5.965       	0.003173    	0.008411    	0.003444    
2135        	10          	5.95        	0.004937    	0.01024     	0.006435    
2140        	10          	5.965       	0.002408    	0.01032     	0.005137    
2145        	10          	5.912       	0.00289     	0.008563    	0.005959    
2150        	10          	5.907       	0.002833    	0.009122    	0.004397    
2155        	10          	5.942       	0.005359    	0.009791    	0.005362    
2160        	10          	6           	0.004235    	0.01087     	0.005331    
2165        	10          	5.943       	0.00348     	0.01076     	0.003078    
2170        	10          	5.935       	0.002675    	0.01005     	0.003808    
2175        	10          	5.953       	0.004377    	0.008442    	0.003345    
2180        	10          	5.95        	0.004485    	0.008447    	0.004667    
2185        	10          	5.862       	0.006377    	0.009879    	0.004855    
2190        	10          	5.937       	0.003978    	0.008197    	0.003297    
2195        	10          	5.973       	0.004237    	0.0061      	0.003518    
2200        	10          	5.887       	0.004814    	0.00686     	0.002499    
2205        	10          	5.848       	0.003722    	0.009331    	0.004741    
2210        	10          	5.857       	0.003849    	0.009178    	0.00445     
2215        	10          	5.91        	0.003293    	0.008378    	0.005049    
2220        	10          	5.872       	0.002088    	0.008698    	0.00382     
2225        	10          	5.863       	0.006403    	0.007819    	0.004908    
2230        	10          	5.825       	0.003676    	0.009513    	0.004086    
2235        	10          	5.858       	0.004447    	0.008989    	0.005114    
2240        	10          	5.833       	0.005645    	0.01093     	0.006442    
2245        	10          	5.87        	0.004207    	0.008172    	0.003808    
2250        	10          	5.868       	0.004973    	0.01005     	0.004778    
2255        	10          	5.763       	0.005278    	0.00758     	0.002455    
2260        	10          	5.833       	0.00301     	0.008017    	0.002236    
2265        	10          	5.765       	0.003948    	0.01207     	0.003659    
2270        	10          	5.728       	0.003921    	0.01094     	0.006437    
2275        	10          	5.773       	0.005674    	0.009073    	0.007614    
2280        	10          	5.78        	0.003914    	0.01116     	0.006019    
2285        	10          	5.735       	0.004678    	0.01069     	0.005159    
2290        	10          	5.77        	0.004874    	0.008384    	0.005344    
2295        	10          	5.765       	0.006858    	0.008678    	0.003213    
2300        	10          	5.737       	0.003846    	0.01253     	0.005352    
2305        	10          	5.752       	0.004242    	0.008722    	0.004526    
2310        	10          	5.777       	0.00428     	0.008366    	0.00201     
2315        	10          	5.783       	0.006002    	0.007618    	0.004069    
2320        	10          	5.75        	0.005303    	0.007886    	0.001917    
2325        	10          	5.703       	0.002756    	0.009213    	0.005201    
2330        	10          	5.738       	0.005891    	0.006949    	0.003429    
2335        	10          	5.755       	0.004899    	0.01207     	0.007393    
2340        	10          	5.733       	0.003569    	0.009957    	0.004342    
2345        	10          	5.715       	0.002085    	0.01066     	0.005062    
2350        	10          	5.695       	0.004688    	0.01106     	0.00557     
2355        	10          	5.72        	0.003665    	0.009847    	0.003306    
2360        	10          	5.67        	0.002792    	0.006159    	0.002926    
2365        	10          	5.713       	0.004682    	0.009503    	0.006629    
2370        	10          	5.718       	0.00788     	0.008252    	0.002769    
2375        	10          	5.72        	0.003928    	0.008132    	0.003278    
2380        	10          	5.71        	0.004665    	0.007455    	0.005546    
2385        	10          	5.79        	0.002406    	0.008299    	0.003794    
2390        	10          	5.722       	0.001666    	0.006601    	0.002541    
2395        	10          	5.682       	0.004165    	0.0095      	0.004995    
2400        	10          	5.702       	0.004283    	0.01049     	0.006024    
2405        	10          	5.65        	0.001726    	0.01068     	0.005717    
2410        	10          	5.685       	0.004968    	0.006846    	0.004637    
2415        	10          	5.618       	0.005365    	0.007774    	0.003262    
2420        	10          	5.645       	0.006003    	0.007855    	0.003595    
2425        	10          	5.657       	0.004192    	0.005918    	0.005551    
2430        	10          	5.63        	0.003518    	0.007626    	0.004324    
2435        	10          	5.698       	0.002699    	0.0111      	0.005696    
2440        	10          	5.657       	0.005184    	0.007608    	0.004814    
2445        	10          	5.713       	0.003687    	0.007034    	0.003697    
2450        	10          	5.603       	0.004598    	0.01015     	0.005405    
2455        	10          	5.615       	0.003717    	0.008037    	0.003746    
2460        	10          	5.638       	0.004419    	0.007842    	0.00285     
2465        	10          	5.597       	0.005786    	0.009733    	0.003365    
2470        	10          	5.578       	0.005357    	0.01063     	0.005129    
2475        	10          	5.643       	0.003963    	0.009406    	0.004445    
2480        	10          	5.607       	0.003886    	0.009235    	0.00325     
2485        	10          	5.698       	0.004259    	0.008437    	0.00416     
2490        	10          	5.608       	0.004547    	0.009036    	0.003352    
2495        	10          	5.69        	0.002163    	0.009935    	0.00353     
2500        	10          	5.613       	0.005027    	0.008928    	0.004147    
2505        	10          	5.627       	0.004115    	0.009323    	0.003207    
2510        	10          	5.628       	0.004519    	0.009727    	0.004298    
2515        	10          	5.645       	0.003462    	0.008665    	0.002191    
2520        	10          	5.633       	0.007485    	0.01058     	0.001671    
2525        	10          	5.623       	0.005257    	0.009762    	0.006052    
2530        	10          	5.608       	0.005076    	0.00931     	0.005381    
2535        	10          	5.653       	0.004923    	0.009103    	0.003721    
2540        	10          	5.635       	0.005094    	0.007916    	0.002077    
2545        	10          	5.607       	0.003827    	0.005933    	0.003664    
2550        	10          	5.625       	0.004512    	0.007072    	0.003738    
2555        	10          	5.578       	0.007214    	0.01109     	0.003893    
2560        	10          	5.578       	0.004026    	0.0114      	0.004507    
2565        	10          	5.565       	0.003148    	0.009969    	0.003857    
2570        	10          	5.605       	0.005745    	0.01027     	0.003242    
2575        	10          	5.575       	0.006309    	0.007459    	0.005415    
2580        	10          	5.652       	0.00393     	0.007013    	0.003879    
2585        	10          	5.623       	0.004336    	0.008293    	0.003073    
2590        	10          	5.573       	0.004643    	0.009141    	0.004632    
2595        	10          	5.622       	0.005314    	0.009037    	0.005075    
2600        	10          	5.608       	0.00443     	0.008196    	0.003778    
2605        	10          	5.528       	0.003346    	0.00818     	0.004222    
2610        	10          	5.582       	0.002581    	0.01043     	0.005076    
2615        	10          	5.542       	0.005557    	0.009529    	0.00516     
2620        	10          	5.563       	0.003593    	0.01034     	0.003221    
2625        	10          	5.495       	0.004892    	0.008509    	0.006066    
2630        	10          	5.558       	0.005512    	0.00732     	0.001574    
2635        	10          	5.527       	0.006402    	0.01198     	0.005536    
2640        	10          	5.532       	0.00497     	0.009152    	0.004527    
2645        	10          	5.56        	0.003934    	0.007775    	0.006195    
2650        	10          	5.525       	0.006409    	0.01209     	0.005514    
2655        	10          	5.495       	0.002807    	0.008715    	0.002836    
2660        	10          	5.54        	0.004084    	0.01254     	0.006646    
2665        	10          	5.515       	0.007076    	0.01378     	0.00441     
2670        	10          	5.533       	0.005625    	0.01115     	0.002998    
2675        	10          	5.5         	0.003068    	0.008638    	0.001929    
2680        	10          	5.485       	0.004158    	0.007418    	0.002866    
2685        	10          	5.49        	0.001613    	0.009977    	0.002268    
2690        	10          	5.462       	0.005216    	0.0117      	0.003215    
2695        	10          	5.512       	0.005258    	0.00946     	0.00314     
2700        	10          	5.54        	0.003649    	0.009241    	0.003483    
2705        	10          	5.477       	0.004342    	0.006782    	0.003993    
2710        	10          	5.525       	0.00515     	0.008852    	0.00344     
2715        	10          	5.537       	0.004024    	0.01017     	0.004692    
2720        	10          	5.533       	0.004976    	0.01171     	0.006097    
2725        	10          	5.503       	0.004481    	0.0104      	0.00514     
2730        	10          	5.49        	0.003885    	0.00922     	0.005599    
2735        	10          	5.56        	0.005656    	0.006471    	0.003178    
2740        	10          	5.477       	0.003495    	0.01082     	0.004828    
2745        	10          	5.55        	0.002718    	0.009372    	0.002066    
2750        	10          	5.518       	0.005748    	0.01078     	0.006405    
2755        	10          	5.513       	0.003625    	0.009297    	0.004195    
2760        	10          	5.508       	0.003851    	0.00979     	0.004677    
2765        	10          	5.525       	0.006307    	0.009291    	0.006633    
2770        	10          	5.513       	0.003634    	0.009601    	0.004159    
2775        	10          	5.555       	0.005618    	0.008039    	0.005497    
2780        	10          	5.505       	0.005136    	0.008132    	0.006074    
2785        	10          	5.478       	0.004872    	0.007219    	0.004543    
2790        	10          	5.463       	0.002465    	0.008396    	0.004784    
2795        	10          	5.51        	0.004032    	0.008389    	0.003825    
2800        	10          	5.465       	0.005145    	0.009439    	0.006101    
2805        	10          	5.465       	0.006604    	0.01102     	0.003493    
2810        	10          	5.52        	0.003171    	0.00829     	0.002608    
2815        	10          	5.443       	0.005401    	0.008951    	0.008485    
2820        	10          	5.53        	0.00315     	0.009032    	0.006836    
2825        	10          	5.505       	0.002338    	0.006456    	0.003655    
2830        	10          	5.515       	0.005866    	0.008815    	0.004302    
2835        	10          	5.495       	0.004491    	0.01055     	0.004102    
2840        	10          	5.437       	0.006615    	0.009039    	0.005719    
2845        	10          	5.488       	0.004667    	0.007293    	0.005135    
2850        	10          	5.468       	0.003447    	0.009298    	0.005291    
2855        	10          	5.477       	0.004075    	0.008916    	0.005886    
2860        	10          	5.433       	0.004257    	0.01068     	0.006759    
2865        	10          	5.457       	0.005073    	0.009162    	0.007139    
2870        	10          	5.44        	0.001822    	0.006788    	0.002107    
2875        	10          	5.428       	0.005252    	0.008789    	0.00373     
2880        	10          	5.448       	0.002856    	0.006511    	0.003169    
2885        	10          	5.393       	0.004606    	0.009062    	0.002868    
2890        	10          	5.443       	0.004354    	0.007723    	0.001041    
2895        	10          	5.453       	0.003698    	0.007972    	0.0033      
2900        	10          	5.442       	0.004476    	0.01114     	0.006197    
2905        	10          	5.408       	0.002702    	0.008947    	0.001674    
2910        	10          	5.463       	0.005023    	0.009273    	0.00594     
2915        	10          	5.447       	0.006691    	0.0137      	0.005288    
2920        	10          	5.473       	0.004971    	0.009945    	0.005298    
2925        	10          	5.475       	0.007772    	0.01153     	0.00454     
2930        	10          	5.468       	0.006009    	0.01039     	0.005174    
2935        	10          	5.452       	0.005788    	0.01117     	0.00363     
2940        	10          	5.407       	0.002142    	0.009301    	0.00492     
2945        	10          	5.467       	0.003229    	0.01197     	0.006323    
2950        	10          	5.478       	0.004114    	0.01042     	0.004675    
2955        	10          	5.425       	0.002104    	0.007287    	0.004804    
2960        	10          	5.427       	0.002594    	0.007487    	0.005096    
2965        	10          	5.488       	0.003575    	0.01107     	0.005374    
2970        	10          	5.46        	0.004409    	0.006072    	0.005613    
2975        	10          	5.398       	0.006065    	0.01046     	0.005511    
2980        	10          	5.377       	0.003618    	0.01203     	0.00624     
2985        	10          	5.34        	0.004705    	0.008871    	0.002963    
2990        	10          	5.427       	0.005313    	0.007077    	0.003561    
2995        	10          	5.377       	0.003331    	0.008754    	0.003721    
3000        	10          	5.397       	0.003223    	0.007598    	0.002686    
3005        	10          	5.377       	0.003724    	0.0101      	0.004771    
3010        	10          	5.36        	0.005836    	0.008181    	0.004105    
3015        	10          	5.393       	0.004968    	0.009056    	0.002904    
3020        	10          	5.36        	0.001227    	0.008582    	0.004245    
3025        	10          	5.412       	0.00452     	0.009999    	0.004226    
3030        	10          	5.39        	0.003332    	0.01015     	0.005069    
3035        	10          	5.377       	0.001416    	0.005907    	0.003782    
3040        	10          	5.383       	0.004971    	0.01026     	0.005712    
3045        	10          	5.345       	0.003088    	0.009178    	0.005149    
3050        	10          	5.36        	0.001538    	0.01042     	0.005434    
3055        	10          	5.347       	0.006105    	0.009256    	0.003867    
3060        	10          	5.345       	0.004966    	0.01114     	0.005529    
3065        	10          	5.365       	0.00158     	0.008468    	0.005702    
3070        	10          	5.34        	0.005777    	0.007899    	0.003051    
3075        	10          	5.385       	0.004716    	0.00765     	0.002251    
3080        	10          	5.358       	0.004985    	0.008552    	0.006235    
3085        	10          	5.265       	0.004134    	0.007376    	0.00342     
3090        	10          	5.348       	0.003068    	0.009232    	0.002826    
3095        	10          	5.317       	0.004912    	0.007798    	0.005255    
3100        	10          	5.318       	0.00434     	0.01062     	0.006799    
3105        	10          	5.332       	0.004809    	0.01067     	0.004013    
3110        	10          	5.368       	0.006411    	0.009508    	0.004316    
3115        	10          	5.357       	0.006614    	0.008025    	0.005237    
3120        	10          	5.385       	0.003126    	0.01118     	0.005935    
3125        	10          	5.372       	0.005181    	0.008451    	0.003111    
3130        	10          	5.382       	0.004928    	0.008344    	0.003298    
3135        	10          	5.36        	0.003731    	0.01157     	0.005915    
3140        	10          	5.363       	0.005555    	0.008207    	0.00571     
3145        	10          	5.357       	0.004016    	0.009118    	0.0028      
3150        	10          	5.378       	0.003597    	0.009979    	0.004459    
3155        	10          	5.32        	0.003569    	0.007914    	0.004237    
3160        	10          	5.327       	0.004683    	0.008575    	0.00453     
3165        	10          	5.322       	0.003604    	0.008525    	0.004076    
3170        	10          	5.328       	0.005344    	0.01132     	0.003919    
3175        	10          	5.347       	0.003606    	0.009174    	0.002608    
3180        	10          	5.313       	0.004917    	0.009029    	0.004252    
3185        	10          	5.368       	0.00403     	0.009857    	0.004123    
3190        	10          	5.343       	0.003068    	0.009757    	0.00499     
3195        	10          	5.297       	0.003799    	0.00795     	0.003257    
3200        	10          	5.308       	0.005496    	0.01102     	0.006231    
3205        	10          	5.31        	0.003754    	0.01008     	0.006876    
3210        	10          	5.312       	0.00272     	0.009776    	0.004591    
3215        	10          	5.282       	0.004198    	0.01255     	0.005608    
3220        	10          	5.292       	0.002345    	0.0062      	0.003748    
3225        	10          	5.257       	0.00263     	0.00702     	0.00358     
3230        	10          	5.26        	0.004123    	0.01059     	0.00158     
3235        	10          	5.292       	0.002766    	0.008866    	0.002482    
3240        	10          	5.307       	0.006726    	0.01231     	0.00762     
3245        	10          	5.317       	0.003752    	0.006923    	0.004414    
3250        	10          	5.247       	0.003714    	0.009307    	0.002902    
3255        	10          	5.227       	0.006598    	0.009743    	0.004796    
3260        	10          	5.265       	0.003676    	0.009277    	0.003748    
3265        	10          	5.27        	0.002777    	0.008693    	0.004879    
3270        	10          	5.247       	0.004741    	0.009297    	0.006762    
3275        	10          	5.248       	0.003829    	0.007662    	0.005342    
3280        	10          	5.27        	0.005079    	0.01061     	0.00471     
3285        	10          	5.282       	0.005013    	0.008501    	0.00285     
3290        	10          	5.263       	0.003157    	0.0107      	0.004894    
3295        	10          	5.242       	0.004804    	0.01198     	0.003436    
3300        	10          	5.25        	0.006128    	0.00654     	0.003063    
3305        	10          	5.232       	0.005508    	0.00915     	0.005134    
3310        	10          	5.255       	0.005627    	0.008456    	0.003095    
3315        	10          	5.233       	0.005719    	0.01135     	0.002673    
3320        	10          	5.222       	0.003656    	0.008726    	0.003347    
3325        	10          	5.238       	0.005199    	0.01003     	0.004244    
3330        	10          	5.285       	0.003808    	0.005527    	0.0033      
3335        	10          	5.245       	0.002987    	0.006762    	0.002975    
3340        	10          	5.268       	0.005619    	0.007814    	0.003759    
3345        	10          	5.26        	0.003854    	0.009063    	0.005765    
3350        	10          	5.257       	0.006607    	0.01047     	0.00459     
3355        	10          	5.298       	0.003648    	0.007909    	0.003879    
3360        	10          	5.292       	0.002579    	0.008242    	0.004969    
3365        	10          	5.2         	0.005995    	0.00739     	0.005658    
3370        	10          	5.188       	0.004924    	0.009639    	0.005657    
3375        	10          	5.23        	0.004045    	0.007095    	0.002269    
3380        	10          	5.213       	0.005513    	0.008387    	0.004185    
3385        	10          	5.18        	0.003814    	0.01012     	0.006101    
3390        	10          	5.19        	0.004478    	0.01014     	0.006456    
3395        	10          	5.192       	0.003607    	0.01115     	0.004135    
3400        	10          	5.218       	0.003072    	0.01008     	0.004918    
3405        	10          	5.18        	0.00186     	0.006199    	0.002736    
3410        	10          	5.132       	0.001417    	0.008565    	0.003354    
3415        	10          	5.202       	0.003402    	0.01112     	0.004164    
3420        	10          	5.208       	0.004506    	0.006352    	0.002926    
3425        	10          	5.182       	0.003795    	0.009811    	0.004583    
3430        	10          	5.228       	0.004373    	0.008736    	0.004856    
3435        	10          	5.18        	0.001987    	0.008351    	0.004044    
3440        	10          	5.127       	0.004306    	0.007818    	0.004925    
3445        	10          	5.142       	0.004139    	0.0104      	0.003878    
3450        	10          	5.198       	0.005982    	0.01057     	0.003382    
3455        	10          	5.16        	0.005077    	0.009035    	0.004045    
3460        	10          	5.192       	0.004949    	0.0113      	0.004355    
3465        	10          	5.165       	0.006437    	0.008899    	0.00304     
3470        	10          	5.2         	0.004822    	0.01178     	0.004167    
3475        	10          	5.17        	0.003113    	0.0065      	0.003599    
3480        	10          	5.192       	0.006306    	0.009475    	0.005441    
3485        	10          	5.18        	0.00463     	0.01108     	0.00351     
3490        	10          	5.203       	0.005983    	0.006704    	0.005076    
3495        	10          	5.225       	0.004219    	0.009127    	0.005208    
3500        	10          	5.212       	0.005189    	0.008453    	0.003149    
3505        	10          	5.247       	0.005164    	0.01067     	0.003256    
3510        	10          	5.25        	0.003713    	0.008546    	0.002073    
3515        	10          	5.253       	0.001283    	0.003553    	0.001637    
3520        	10          	5.283       	0.003886    	0.009415    	0.00507     
3525        	10          	5.283       	0.003943    	0.009034    	0.005043    
3530        	10          	5.272       	0.002376    	0.009224    	0.00383     
3535        	10          	5.27        	0.002907    	0.01098     	0.004269    
3540        	10          	5.248       	0.002453    	0.008804    	0.005786    
3545        	10          	5.245       	0.006869    	0.008927    	0.004289    
3550        	10          	5.225       	0.005346    	0.008845    	0.002993    
3555        	10          	5.245       	0.003696    	0.006537    	0.003364    
3560        	10          	5.233       	0.002663    	0.008979    	0.003537    
3565        	10          	5.26        	0.005719    	0.008472    	0.003742    
3570        	10          	5.19        	0.00505     	0.01108     	0.00502     
3575        	10          	5.185       	0.003642    	0.008959    	0.004422    
3580        	10          	5.21        	0.005713    	0.009477    	0.004773    
3585        	10          	5.163       	0.006926    	0.008813    	0.00509     
3590        	10          	5.237       	0.002215    	0.008384    	0.00378     
3595        	10          	5.227       	0.005193    	0.009547    	0.003498    
3600        	10          	5.26        	0.004843    	0.01103     	0.007311    
3605        	10          	5.195       	0.005669    	0.009935    	0.00419     
3610        	10          	5.208       	0.003092    	0.008199    	0.003598    
3615        	10          	5.142       	0.004507    	0.01351     	0.005264    
3620        	10          	5.123       	0.005321    	0.0105      	0.005397    
3625        	10          	5.142       	0.002954    	0.00875     	0.003834    
3630        	10          	5.148       	0.004175    	0.007402    	0.003234    
3635        	10          	5.132       	0.004018    	0.00655     	0.003314    
3640        	10          	5.107       	0.004722    	0.01208     	0.006094    
3645        	10          	5.182       	0.003338    	0.008724    	0.002834    
3650        	10          	5.123       	0.002647    	0.006881    	0.003062    
3655        	10          	5.15        	0.005039    	0.01106     	0.00461     
3660        	10          	5.092       	0.003904    	0.01097     	0.005184    
3665        	10          	5.135       	0.004535    	0.00843     	0.004855    
3670        	10          	5.12        	0.004908    	0.009325    	0.005241    
3675        	10          	5.12        	0.005047    	0.00941     	0.004643    
3680        	10          	5.163       	0.005542    	0.009388    	0.004521    
3685        	10          	5.127       	0.006318    	0.01138     	0.002961    
3690        	10          	5.148       	0.004472    	0.00911     	0.004475    
3695        	10          	5.142       	0.004187    	0.007389    	0.003659    
3700        	10          	5.103       	0.002517    	0.007773    	0.004204    
3705        	10          	5.143       	0.003614    	0.01086     	0.004615    
3710        	10          	5.113       	0.003323    	0.0106      	0.003719    
3715        	10          	5.067       	0.003041    	0.008446    	0.005469    
3720        	10          	5.115       	0.004805    	0.01132     	0.006463    
3725        	10          	5.068       	0.004197    	0.01045     	0.003603    
3730        	10          	5.062       	0.00621     	0.01275     	0.006263    
3735        	10          	5.09        	0.005602    	0.008129    	0.004455    
3740        	10          	5.042       	0.004959    	0.01058     	0.005601    
3745        	10          	5.145       	0.004661    	0.009213    	0.004358    
3750        	10          	5.11        	0.006538    	0.01063     	0.00317     
3755        	10          	5.133       	0.00666     	0.008485    	0.002524    
3760        	10          	5.062       	0.003488    	0.01115     	0.002479    
3765        	10          	5.127       	0.005449    	0.006596    	0.004339    
3770        	10          	5.08        	0.003574    	0.007707    	0.002035    
3775        	10          	5.088       	0.004332    	0.009754    	0.005133    
3780        	10          	5.115       	0.004907    	0.009957    	0.004277    
3785        	10          	5.095       	0.00275     	0.007531    	0.003703    
3790        	10          	5.062       	0.00473     	0.01063     	0.003608    
3795        	10          	5.075       	0.005779    	0.008813    	0.003084    
3800        	10          	5.065       	0.004831    	0.01057     	0.004601    
3805        	10          	5.088       	0.004239    	0.008222    	0.00405     
3810        	10          	5.093       	0.003667    	0.008048    	0.004466    
3815        	10          	5.073       	0.002332    	0.008305    	0.004081    
3820        	10          	5.042       	0.003589    	0.009741    	0.004836    
3825        	10          	5.077       	0.004804    	0.01126     	0.004028    
3830        	10          	5.067       	0.002739    	0.009906    	0.004552    
3835        	10          	5.077       	0.003581    	0.01271     	0.003505    
3840        	10          	5.053       	0.002112    	0.008642    	0.00508     
3845        	10          	5.017       	0.006557    	0.01023     	0.00541     
3850        	10          	5.085       	0.003565    	0.006509    	0.002487    
3855        	10          	5.133       	0.002572    	0.008089    	0.004364    
3860        	10          	5.107       	0.005456    	0.007059    	0.003031    
3865        	10          	5.057       	0.005949    	0.008867    	0.006332    
3870        	10          	5.088       	0.004191    	0.006442    	0.006051    
3875        	10          	5.09        	0.004943    	0.007878    	0.003469    
3880        	10          	5.04        	0.004727    	0.01141     	0.006433    
3885        	10          	5.083       	0.003591    	0.007639    	0.003288    
3890        	10          	5.04        	0.004344    	0.00914     	0.002132    
3895        	10          	5.05        	0.004852    	0.008682    	0.004736    
3900        	10          	5.083       	0.005853    	0.007712    	0.005085    
3905        	10          	5.028       	0.005076    	0.01091     	0.004085    
3910        	10          	5.058       	0.004616    	0.01148     	0.005007    
3915        	10          	5.053       	0.003605    	0.006544    	0.003348    
3920        	10          	5.073       	0.001875    	0.009069    	0.002575    
3925        	10          	5.02        	0.005507    	0.01163     	0.002298    
3930        	10          	5.097       	0.006632    	0.01126     	0.001787    
3935        	10          	5.042       	0.004735    	0.009837    	0.00565     
3940        	10          	5.107       	0.007537    	0.0139      	0.007825    
3945        	10          	5.01        	0.00208     	0.009696    	0.003382    
3950        	10          	5.06        	0.002807    	0.006831    	0.003748    
3955        	10          	5.073       	0.006171    	0.01        	0.002264    
3960        	10          	5.01        	0.004861    	0.008789    	0.005752    
3965        	10          	5.035       	0.001285    	0.008279    	0.006652    
3970        	10          	5.013       	0.004308    	0.01125     	0.005379    
3975        	10          	5.053       	0.003682    	0.008881    	0.00442     
3980        	10          	5.038       	0.006619    	0.00901     	0.004147    
3985        	10          	5.063       	0.002953    	0.007707    	0.004051    
3990        	10          	5.017       	0.006822    	0.009626    	0.004829    
3995        	10          	5.068       	0.0008509   	0.008128    	0.003318    
4000        	10          	5.025       	0.004066    	0.01157     	0.005743    
4005        	10          	5           	0.009271    	0.01248     	0.003746    
4010        	10          	5           	0.01273     	0.01457     	0.006023    
4015        	10          	4.938       	0.01632     	0.01704     	0.004099    
4020        	10          	4.923       	0.01929     	0.01984     	0.005432    
4025        	10          	4.84        	0.02661     	0.03044     	0.004159    
4030        	10          	4.818       	0.03218     	0.03415     	0.004501    
4035        	10          	4.817       	0.03255     	0.03566     	0.004054    
4040        	10          	4.778       	0.03929     	0.04414     	0.004309    
4045        	10          	4.748       	0.04558     	0.04071     	0.003309    
4050        	10          	4.703       	0.04826     	0.05042     	0.008966    
4055        	10          	4.697       	0.04907     	0.05621     	0.01336     
4060        	10          	4.687       	0.04942     	0.05218     	0.01864     
4065        	10          	4.625       	0.05712     	0.05618     	0.02473     
4070        	10          	4.598       	0.06218     	0.06127     	0.03196     
4075        	10          	4.557       	0.06863     	0.07207     	0.03798     
4080        	10          	4.547       	0.06895     	0.07154     	0.0409      
4085        	10          	4.513       	0.07971     	0.07446     	0.04162     
4090        	10          	4.478       	0.0759      	0.07719     	0.04367     
4095        	10          	4.455       	0.08492     	0.08681     	0.05566     
4100        	10          	4.482       	0.08957     	0.08312     	0.0553      
4105        	10          	4.483       	0.09203     	0.09453     	0.06647     
4110        	10          	4.377       	0.09434     	0.09062     	0.06354     
4115        	10          	4.362       	0.1036      	0.101       	0.07211     
4120        	10          	4.367       	0.1071      	0.1097      	0.07932     
4125        	10          	4.347       	0.1117      	0.1136      	0.08464     
4130        	10          	4.328       	0.1134      	0.1145      	0.08057     
4135        	10          	4.317       	0.1139      	0.1189      	0.08949     
4140        	10          	4.308       	0.128       	0.1268      	0.09749     
4145        	10          	4.29        	0.1214      	0.131       	0.09685     
4150        	10          	4.295       	0.1287      	0.131       	0.1036      
4155        	10          	4.273       	0.1243      	0.1314      	0.1127      
4160        	10          	4.292       	0.1263      	0.1389      	0.1071      
4165        	10          	4.268       	0.1326      	0.145       	0.1151      
4170        	10          	4.257       	0.1369      	0.1442      	0.1241      
4175        	10          	4.19        	0.1408      	0.148       	0.1242      
4180        	10          	4.24        	0.1441      	0.1504      	0.137       
4185        	10          	4.22        	0.1498      	0.1546      	0.1366      
4190        	10          	4.19        	0.1505      	0.1593      	0.144       
4195        	10          	4.142       	0.1513      	0.1581      	0.1485      
4200        	10          	4.14        	0.1557      	0.1612      	0.1534      
4205        	10          	4.162       	0.157       	0.1681      	0.1537      
4210        	10          	4.113       	0.1616      	0.1687      	0.1581      
4215        	10          	4.065       	0.1611      	0.1833      	0.1665      
4220        	10          	4.075       	0.1624      	0.1794      	0.1606      
4225        	10          	4.077       	0.1672      	0.1778      	0.1687      
4230        	10          	4.055       	0.1793      	0.1852      	0.1736      
4235        	10          	4.045       	0.1861      	0.1956      	0.181       
4240        	10          	4.033       	0.1867      	0.1924      	0.1775      
4245        	10          	4.002       	0.1868      	0.1978      	0.1863      
4250        	10          	3.99        	0.1966      	0.206       	0.1881      
4255        	10          	4.012       	0.1945      	0.2048      	0.1897      
4260        	10          	3.982       	0.1974      	0.2112      	0.1853      
4265        	10          	3.942       	0.2032      	0.2102      	0.193       
4270        	10          	3.918       	0.2053      	0.2212      	0.1958      
4275        	10          	3.877       	0.2156      	0.2274      	0.2085      
4280        	10          	3.86        	0.219       	0.2245      	0.2069      
4285        	10          	3.887       	0.2146      	0.2264      	0.2119      
4290        	10          	3.89        	0.2137      	0.2272      	0.208       
4295        	10          	3.855       	0.2164      	0.2249      	0.2099      
4300        	10          	3.845       	0.2263      	0.2423      	0.2178      
4305        	10          	3.842       	0.2253      	0.2364      	0.2128      
4310        	10          	3.84        	0.2308      	0.2396      	0.2202      
4315        	10          	3.88        	0.2298      	0.2421      	0.2203      
4320        	10          	3.853       	0.2339      	0.2461      	0.2209      
4325        	10          	3.838       	0.2361      	0.241       	0.2273      
4330        	10          	3.792       	0.2341      	0.2462      	0.2273      
4335        	10          	3.775       	0.2445      	0.2516      	0.2287      
4340        	10          	3.795       	0.2451      	0.2568      	0.2259      
4345        	10          	3.778       	0.2459      	0.2609      	0.2349      
4350        	10          	3.738       	0.2463      	0.2534      	0.2375      
4355        	10          	3.755       	0.2565      	0.2628      	0.2414      
4360        	10          	3.777       	0.2625      	0.2685      	0.2423      
4365        	10          	3.73        	0.2656      	0.2677      	0.2507      
4370        	10          	3.715       	0.2703      	0.271       	0.2583      
4375        	10          	3.725       	0.2644      	0.2776      	0.2639      
4380        	10          	3.732       	0.2652      	0.2789      	0.259       
4385        	10          	3.685       	0.2678      	0.282       	0.2614      
4390        	10          	3.688       	0.2761      	0.2855      	0.2679      
4395        	10          	3.692       	0.2713      	0.2779      	0.2681      
4400        	10          	3.678       	0.287       	0.2908      	0.2764      
4405        	10          	3.663       	0.2789      	0.2838      	0.2723      
4410        	10          	3.645       	0.2825      	0.2922      	0.2814      
4415        	10          	3.682       	0.2867      	0.2885      	0.2791      
4420        	10          	3.625       	0.2777      	0.2893      	0.2844      
4425        	10          	3.633       	0.2884      	0.2852      	0.2797      
4430        	10          	3.582       	0.2868      	0.3005      	0.2915      
4435        	10          	3.615       	0.2916      	0.2955      	0.2912      
4440        	10          	3.588       	0.2876      	0.2934      	0.279       
4445        	10          	3.603       	0.2883      	0.2957      	0.2891      
4450        	10          	3.547       	0.2971      	0.2982      	0.2915      
4455        	10          	3.578       	0.3031      	0.2937      	0.2978      
4460        	10          	3.553       	0.3063      	0.2983      	0.2978      
4465        	10          	3.582       	0.3109      	0.2927      	0.3079      
4470        	10          	3.548       	0.2961      	0.2993      	0.3064      
4475        	10          	3.563       	0.3108      	0.3067      	0.3027      
4480        	10          	3.553       	0.304       	0.3045      	0.3055      
4485        	10          	3.56        	0.308       	0.3021      	0.3066      
4490        	10          	3.553       	0.3076      	0.2994      	0.3045      
4495        	10          	3.533       	0.3104      	0.3043      	0.3138      
4500        	10          	3.552       	0.317       	0.3098      	0.3255      
4505        	10          	3.547       	0.3163      	0.31        	0.3157      
4510        	10          	3.535       	0.3106      	0.305       	0.3182      
4515        	10          	3.517       	0.3196      	0.3107      	0.3159      
4520        	10          	3.522       	0.3215      	0.3146      	0.3136      
4525        	10          	3.53        	0.3171      	0.3142      	0.3128      
4530        	10          	3.51        	0.317       	0.3065      	0.3164      
4535        	10          	3.515       	0.3253      	0.3116      	0.3202      
4540        	10          	3.577       	0.3308      	0.3153      	0.32        
4545        	10          	3.528       	0.3322      	0.3183      	0.3224      
4550        	10          	3.545       	0.3331      	0.3199      	0.3286      
4555        	10          	3.528       	0.3374      	0.3221      	0.3296      
4560        	10          	3.505       	0.3386      	0.3236      	0.3296      
4565        	10          	3.483       	0.337       	0.3228      	0.3229      
4570        	10          	3.522       	0.3377      	0.3211      	0.321       
4575        	10          	3.463       	0.3409      	0.3255      	0.324       
4580        	10          	3.46        	0.3376      	0.3288      	0.3199      
4585        	10          	3.483       	0.3439      	0.3334      	0.3284      
4590        	10          	3.467       	0.3444      	0.3367      	0.3303      
4595        	10          	3.455       	0.3425      	0.3402      	0.3299      
4600        	10          	3.455       	0.343       	0.3381      	0.3315      
4605        	10          	3.518       	0.3471      	0.3429      	0.3313      
4610        	10          	3.475       	0.345       	0.3437      	0.3314      
4615        	10          	3.48        	0.3477      	0.3428      	0.3328      
4620        	10          	3.485       	0.3402      	0.3427      	0.326       
4625        	10          	3.45        	0.348       	0.3481      	0.3315      
4630        	10          	3.483       	0.3477      	0.3439      	0.3292      
4635        	10          	3.465       	0.3414      	0.345       	0.3372      
4640        	10          	3.427       	0.3521      	0.3564      	0.3377      
4645        	10          	3.453       	0.3541      	0.344       	0.3329      
4650        	10          	3.437       	0.3498      	0.3501      	0.3302      
4655        	10          	3.417       	0.3433      	0.3458      	0.3284      
4660        	10          	3.492       	0.3502      	0.352       	0.3312      
4665        	10          	3.425       	0.3506      	0.3496      	0.3323      
4670        	10          	3.415       	0.3405      	0.3513      	0.33        
4675        	10          	3.417       	0.346       	0.3515      	0.3298      
4680        	10          	3.435       	0.3486      	0.3499      	0.33        
4685        	10          	3.45        	0.3518      	0.3446      	0.3307      
4690        	10          	3.44        	0.353       	0.3417      	0.3264      
4695        	10          	3.462       	0.3483      	0.3476      	0.3319      
4700        	10          	3.475       	0.3465      	0.3423      	0.3237      
4705        	10          	3.46        	0.3463      	0.3429      	0.3203      
4710        	10          	3.418       	0.3541      	0.3513      	0.3248      
4715        	10          	3.4         	0.3495      	0.345       	0.3232      
4720        	10          	3.428       	0.3606      	0.3579      	0.3312      
4725        	10          	3.408       	0.3557      	0.3478      	0.333       
4730        	10          	3.418       	0.3517      	0.3578      	0.3341      
4735        	10          	3.418       	0.3638      	0.3532      	0.3378      
4740        	10          	3.368       	0.3542      	0.3558      	0.333       
4745        	10          	3.422       	0.3601      	0.3492      	0.3336      
4750        	10          	3.417       	0.3526      	0.3522      	0.3368      
4755        	10          	3.37        	0.3576      	0.359       	0.3407      
4760        	10          	3.397       	0.3558      	0.3535      	0.3372      
4765        	10          	3.393       	0.3654      	0.3649      	0.3411      
4770        	10          	3.375       	0.3656      	0.3717      	0.3441      
4775        	10          	3.335       	0.3657      	0.3714      	0.3486      
4780        	10          	3.343       	0.3751      	0.3827      	0.3448      
4785        	10          	3.353       	0.3629      	0.3736      	0.3459      
4790        	10          	3.395       	0.3632      	0.3752      	0.3449      
4795        	10          	3.39        	0.3614      	0.3708      	0.3422      
4800        	10          	3.36        	0.3587      	0.3722      	0.3432      
4805        	10          	3.403       	0.36        	0.3705      	0.3427      
4810        	10          	3.322       	0.3705      	0.3766      	0.3488      
4815        	10          	3.332       	0.3734      	0.3772      	0.3479      
4820        	10          	3.415       	0.3612      	0.3755      	0.3484      
4825        	10          	3.397       	0.365       	0.3789      	0.355       
4830        	10          	3.42        	0.3691      	0.3783      	0.3553      
4835        	10          	3.375       	0.3766      	0.3738      	0.3531      
4840        	10          	3.377       	0.3719      	0.3783      	0.36        
4845        	10          	3.357       	0.3713      	0.3802      	0.3581      
4850        	10          	3.385       	0.3795      	0.3782      	0.3568      
4855        	10          	3.375       	0.3817      	0.3836      	0.3613      
4860        	10          	3.34        	0.382       	0.3858      	0.3628      
4865        	10          	3.355       	0.3821      	0.3845      	0.3587      
4870        	10          	3.343       	0.3757      	0.382       	0.3656      
4875        	10          	3.377       	0.3838      	0.3885      	0.3709      
4880        	10          	3.352       	0.3818      	0.3814      	0.3626      
4885        	10          	3.358       	0.3837      	0.3899      	0.3668      
4890        	10          	3.388       	0.3892      	0.3846      	0.3636      
4895        	10          	3.37        	0.3805      	0.394       	0.3678      
4900        	10          	3.355       	0.3903      	0.3904      	0.3686      
4905        	10          	3.358       	0.3782      	0.3902      	0.3656      
4910        	10          	3.337       	0.3849      	0.3947      	0.3787      
4915        	10          	3.333       	0.3829      	0.3921      	0.3752      
4920        	10          	3.345       	0.3767      	0.3913      	0.3667      
4925        	10          	3.358       	0.3744      	0.3851      	0.3707      
4930        	10          	3.335       	0.3761      	0.3917      	0.3659      
4935        	10          	3.325       	0.3823      	0.3921      	0.3742      
4940        	10          	3.3         	0.3823      	0.385       	0.3691      
4945        	10          	3.303       	0.3898      	0.3943      	0.3674      
4950        	10          	3.33        	0.386       	0.3901      	0.3684      
4955        	10          	3.337       	0.3937      	0.3998      	0.3761      
4960        	10          	3.32        	0.3846      	0.394       	0.373       
4965        	10          	3.338       	0.3788      	0.3901      	0.3675      
4970        	10          	3.325       	0.3737      	0.3891      	0.3676      
4975        	10          	3.332       	0.3881      	0.3927      	0.3688      
4980        	10          	3.313       	0.3786      	0.3933      	0.3646      
4985        	10          	3.31        	0.3827      	0.3956      	0.375       
4990        	10          	3.332       	0.3807      	0.3917      	0.3738      
4995        	10          	3.318       	0.3809      	0.4025      	0.3803      
5000        	10          	3.343       	0.3738      	0.3909      	0.3743      
