generation  	alive.rpl   	n.adlt.rs   	n.adlt.fst.wc_p1-2	n.adlt.fst.wc_p1-3	n.adlt.fst.wc_p2-3
5           	10          	0.009178    	6.287e-07   	1.975e-06   	1.102e-06   
10          	10          	0.01501     	2.908e-06   	1.022e-06   	1.284e-06   
15          	10          	0.01986     	2.187e-06   	4.357e-06   	1.624e-06   
20          	10          	0.01011     	2.538e-06   	2.8e-06     	3.221e-06   
25          	10          	0.03729     	1.417e-06   	3.649e-06   	3.341e-06   
30          	10          	0.02041     	5.782e-06   	6.828e-06   	6.735e-07   
35          	10          	0.02897     	8.002e-06   	4.942e-06   	2.112e-06   
40          	10          	0.03319     	4.299e-06   	6.333e-06   	5.488e-06   
45          	10          	0.03588     	1.543e-06   	5.357e-06   	4.235e-06   
50          	10          	0.01254     	4.344e-06   	2.911e-06   	5.607e-06   
55          	10          	0.04227     	7.441e-07   	7.027e-06   	4.388e-06   
60          	10          	0.04172     	3.5e-06     	3.611e-06   	1.206e-06   
65          	10          	0.02743     	1.272e-06   	8.353e-06   	2.978e-06   
70          	10          	0.07707     	7.005e-06   	2.704e-06   	3.807e-06   
75          	10          	0.07618     	1.013e-06   	9.081e-06   	2.872e-06   
80          	10          	0.05521     	3.387e-06   	1.292e-05   	5.736e-06   
85          	10          	0.05174     	3.63e-06    	6.031e-06   	2.493e-06   
90          	10          	0.113       	3.403e-06   	3.88e-06    	2.909e-06   
95          	10          	0.05641     	2.45e-06    	3.929e-06   	4.042e-06   
100         	10          	0.0284      	2.931e-06   	2.461e-06   	1.244e-06   
105         	10          	0.04928     	3.273e-06   	7.396e-06   	2.08e-06    
110         	10          	0.05112     	8.6e-06     	3.756e-06   	7.178e-06   
115         	10          	0.04539     	4.211e-06   	4.771e-06   	6.97e-06    
120         	10          	0.04695     	5.664e-06   	6.519e-06   	5.486e-06   
125         	10          	0.05413     	5.17e-06    	4.496e-06   	2.842e-06   
130         	10          	0.03273     	4.639e-06   	6.104e-06   	5.156e-06   
135         	10          	0.05373     	2.249e-06   	1.2e-05     	3.627e-06   
140         	10          	0.04479     	3.388e-06   	6.514e-06   	2.449e-06   
145         	10          	0.05218     	5.446e-06   	6.838e-06   	1.721e-06   
150         	10          	0.02017     	1.723e-06   	3.353e-06   	5.137e-06   
155         	10          	0.093       	7.792e-06   	8.58e-06    	2.269e-06   
160         	10          	0.06354     	4.565e-06   	4.642e-06   	3.056e-06   
165         	10          	0.03294     	3.362e-06   	4.822e-06   	3.678e-06   
170         	10          	0.1073      	2.059e-06   	2.457e-06   	5.143e-06   
175         	10          	0.06967     	2.711e-06   	3.455e-06   	6.025e-06   
180         	10          	0.08125     	1.594e-06   	3.471e-06   	5.812e-06   
185         	10          	0.1434      	7.682e-06   	6.927e-06   	7.6e-06     
190         	10          	0.09252     	2.709e-06   	8.481e-06   	4.049e-06   
195         	10          	0.06404     	1.063e-05   	4.364e-06   	7.164e-06   
200         	10          	0.03446     	5.156e-06   	1.504e-05   	8.144e-06   
205         	10          	0.08468     	3.221e-06   	8.943e-06   	8.34e-06    
210         	10          	0.09646     	3.118e-06   	6.939e-06   	5.984e-06   
215         	10          	0.1067      	1.483e-06   	1.928e-05   	4.721e-06   
220         	10          	0.05919     	2.078e-06   	1.604e-06   	5.566e-06   
225         	10          	0.1129      	5.245e-06   	6.952e-06   	3.158e-06   
230         	10          	0.08311     	1.183e-05   	7.682e-06   	8.324e-06   
235         	10          	0.09941     	9.54e-07    	6.742e-06   	6.601e-06   
240         	10          	0.05466     	4.871e-06   	8.706e-06   	5.323e-06   
245         	10          	0.0856      	7.199e-06   	2.572e-06   	1.018e-05   
250         	10          	0.08956     	8.145e-06   	5.543e-06   	5.234e-06   
255         	10          	0.1386      	1.036e-05   	9.015e-06   	2.817e-06   
260         	10          	0.08266     	7.575e-06   	2.365e-06   	5.195e-06   
265         	10          	0.06004     	5.221e-06   	1.564e-05   	5.247e-06   
270         	10          	0.02606     	7.199e-06   	1.135e-05   	1.496e-06   
275         	10          	0.1192      	4.612e-06   	1.546e-05   	8.111e-06   
280         	10          	0.08751     	5.702e-06   	6.788e-06   	4.334e-06   
285         	10          	0.05767     	5.774e-06   	1.287e-05   	1.273e-05   
290         	10          	0.07806     	3.732e-06   	1.033e-05   	9.083e-06   
295         	10          	0.1117      	7.394e-06   	3.67e-06    	3.627e-06   
300         	10          	0.1297      	6.944e-06   	7.329e-06   	1.273e-06   
305         	10          	0.1142      	2.626e-06   	7.919e-06   	2.205e-06   
310         	10          	0.1367      	4.474e-06   	8.989e-06   	6.194e-06   
315         	10          	0.09561     	1.532e-06   	1.381e-05   	2.379e-06   
320         	10          	0.08645     	7.87e-06    	1.184e-05   	5.567e-06   
325         	10          	0.1244      	4.813e-06   	1.336e-05   	4.415e-06   
330         	10          	0.07296     	6.095e-06   	1.413e-05   	1.055e-05   
335         	10          	0.107       	3.97e-06    	7.463e-06   	1.562e-06   
340         	10          	0.1127      	2.282e-06   	4.09e-06    	3.115e-06   
345         	10          	0.1196      	8.998e-06   	1.401e-05   	1.809e-06   
350         	10          	0.1314      	7.117e-06   	6.53e-06    	1.419e-05   
355         	10          	0.1172      	2.757e-06   	9.13e-06    	6.935e-06   
360         	10          	0.0575      	1.698e-06   	6.093e-06   	5.286e-06   
365         	10          	0.1556      	7.393e-06   	1.448e-05   	1.959e-06   
370         	10          	0.1868      	4.239e-06   	9.983e-06   	7.623e-06   
375         	10          	0.09578     	7.453e-07   	7.021e-06   	1.397e-05   
380         	10          	0.1117      	3.307e-06   	1.216e-05   	1.211e-05   
385         	10          	0.1041      	6.463e-06   	5.191e-06   	4.063e-06   
390         	10          	0.06401     	3.328e-06   	8.486e-06   	7.308e-06   
395         	10          	0.07793     	7.858e-06   	5.793e-06   	1.705e-06   
400         	10          	0.08111     	3.096e-06   	1.118e-05   	2.22e-06    
405         	10          	0.0735      	2.617e-06   	4.846e-06   	6.81e-06    
410         	10          	0.06927     	2.843e-06   	9.758e-06   	4.553e-06   
415         	10          	0.05769     	9.921e-06   	6.092e-06   	7.455e-06   
420         	10          	0.08812     	8.132e-06   	1.355e-05   	4.437e-06   
425         	10          	0.09172     	5.546e-06   	9.122e-06   	5.831e-06   
430         	10          	0.09036     	1.026e-05   	1.085e-05   	2.075e-05   
435         	10          	0.1185      	7.171e-06   	2.171e-05   	5.62e-06    
440         	10          	0.1045      	1.816e-05   	1.573e-05   	4.403e-06   
445         	10          	0.1066      	1.194e-05   	8.123e-06   	9.741e-06   
450         	10          	0.08449     	1.231e-05   	2.309e-05   	6.288e-06   
455         	10          	0.1243      	6.663e-06   	8.015e-06   	4.555e-06   
460         	10          	0.04579     	2.266e-06   	1.117e-05   	1.211e-06   
465         	10          	0.0639      	5.073e-06   	1.267e-05   	7.285e-06   
470         	10          	0.08529     	1.279e-05   	1.013e-05   	4.938e-06   
475         	10          	0.0718      	7.126e-06   	1.008e-05   	3.735e-06   
480         	10          	0.06529     	4.229e-06   	1.038e-05   	3.917e-06   
485         	10          	0.08961     	5.255e-06   	1.379e-05   	1.536e-05   
490         	10          	0.06516     	5.796e-06   	8.128e-06   	5.444e-06   
495         	10          	0.05051     	6.618e-06   	4.855e-06   	7.595e-06   
500         	10          	0.06745     	6.778e-06   	4.036e-06   	5.301e-06   
505         	10          	0.06069     	8.221e-06   	4.412e-06   	8.749e-06   
510         	10          	0.05191     	6.349e-06   	2.139e-05   	6.843e-06   
515         	10          	0.04617     	1.341e-05   	1.631e-05   	1.218e-05   
520         	10          	0.05069     	4.139e-06   	1.018e-05   	2.024e-05   
525         	10          	0.06308     	5.588e-06   	8.083e-06   	4.972e-06   
530         	10          	0.08286     	7.176e-06   	8.802e-06   	3.713e-06   
535         	10          	0.05472     	9.324e-06   	9.819e-06   	5.298e-06   
540         	10          	0.0376      	1.568e-05   	8.744e-06   	8.431e-06   
545         	10          	0.063       	2.221e-06   	5.361e-06   	1.202e-05   
550         	10          	0.07016     	6.53e-06    	1.756e-05   	1.104e-05   
555         	10          	0.03944     	3.87e-06    	1.09e-05    	1.439e-05   
560         	10          	0.09479     	6.783e-06   	1.686e-06   	3.918e-06   
565         	10          	0.063       	6.053e-06   	8.047e-06   	7.338e-06   
570         	10          	0.06568     	8.644e-06   	1.058e-05   	8.203e-06   
575         	10          	0.05617     	1.4e-05     	8.703e-06   	8.956e-06   
580         	10          	0.04323     	2.379e-05   	8.173e-06   	8.281e-06   
585         	10          	0.1026      	6.742e-06   	6.177e-06   	7.53e-06    
590         	10          	0.0525      	6.677e-06   	1.115e-05   	1.033e-05   
595         	10          	0.049       	2.029e-05   	8.256e-06   	4.807e-06   
600         	10          	0.04366     	6.104e-06   	1.076e-05   	5.969e-06   
605         	10          	0.05035     	6.233e-06   	1.978e-05   	1.62e-05    
610         	10          	0.06        	1.085e-05   	1.616e-05   	6.18e-06    
615         	10          	0.031       	7.104e-06   	1.164e-05   	9.667e-06   
620         	10          	0.02295     	8.049e-06   	4.918e-06   	1.092e-05   
625         	10          	0.02904     	4.644e-06   	2.372e-05   	1.109e-05   
630         	10          	0.008378    	5.634e-06   	1.732e-05   	1.108e-05   
635         	10          	0.03129     	4.284e-06   	2.057e-05   	1.127e-05   
640         	10          	0.0474      	3.13e-06    	1.54e-05    	7.566e-06   
645         	10          	0.04044     	5.364e-06   	4.756e-06   	7.923e-06   
650         	10          	0.05807     	7.784e-06   	1.507e-05   	7.812e-06   
655         	10          	0.05754     	5.444e-06   	1.169e-05   	3.141e-06   
660         	10          	0.04932     	1.53e-05    	1.517e-05   	1.225e-05   
665         	10          	0.03796     	6.479e-06   	1.08e-05    	5.822e-06   
670         	10          	0.05723     	6.106e-06   	1.016e-05   	1.114e-05   
675         	10          	0.08061     	1.326e-05   	1.789e-05   	6.54e-06    
680         	10          	0.06264     	4.145e-06   	2.591e-05   	4.165e-06   
685         	10          	0.06885     	7.974e-06   	8.356e-06   	8.021e-06   
690         	10          	0.06323     	5.41e-06    	1.409e-05   	8.596e-06   
695         	10          	0.08611     	7.646e-06   	6.541e-06   	1.247e-05   
700         	10          	0.0624      	3.695e-06   	1.416e-05   	6.705e-06   
705         	10          	0.07768     	1.917e-05   	1.184e-05   	1.057e-05   
710         	10          	0.06167     	1.158e-05   	1.049e-05   	1.513e-05   
715         	10          	0.06528     	1.253e-05   	1.571e-05   	1.039e-05   
720         	10          	0.1345      	1.442e-05   	1.996e-05   	9.413e-06   
725         	10          	0.1014      	8.295e-06   	2.036e-05   	9.609e-06   
730         	10          	0.08654     	1.117e-05   	1.332e-05   	1.309e-05   
735         	10          	0.07868     	1.167e-05   	1.037e-05   	8.89e-06    
740         	10          	0.0971      	9.592e-06   	7.236e-06   	1.595e-05   
745         	10          	0.1579      	9.207e-06   	1.771e-05   	4.759e-06   
750         	10          	0.1432      	8.163e-06   	1.328e-05   	8.74e-06    
755         	10          	0.05734     	1.542e-05   	3.399e-06   	7.01e-06    
760         	10          	0.09589     	1.285e-05   	1.564e-05   	4.179e-06   
765         	10          	0.05661     	3.343e-06   	2.132e-05   	8.495e-06   
770         	10          	0.078       	5.468e-06   	7.145e-06   	4.963e-06   
775         	10          	0.1112      	1.769e-05   	1.277e-05   	4.327e-06   
780         	10          	0.09239     	1.008e-05   	8.487e-06   	7.252e-06   
785         	10          	0.06604     	1.729e-05   	4.143e-06   	6.806e-06   
790         	10          	0.05628     	1.081e-05   	1.106e-05   	9.048e-06   
795         	10          	0.09097     	1.465e-05   	1.041e-05   	1.479e-05   
800         	10          	0.0865      	1.516e-05   	1.227e-05   	6.063e-06   
805         	10          	0.06106     	1.311e-05   	1.193e-05   	1.342e-05   
810         	10          	0.06427     	8.239e-06   	2.063e-05   	6.974e-06   
815         	10          	0.1032      	7.363e-06   	8.126e-06   	1.012e-05   
820         	10          	0.1141      	7.185e-06   	2.144e-05   	5.173e-06   
825         	10          	0.08412     	6.442e-06   	1.831e-05   	1.426e-05   
830         	10          	0.1148      	3.645e-06   	1.655e-05   	6.34e-06    
835         	10          	0.06669     	8.729e-06   	6.8e-06     	6.402e-06   
840         	10          	0.1072      	1.728e-05   	4.071e-06   	6.532e-06   
845         	10          	0.1212      	1.287e-05   	5.641e-06   	7.323e-06   
850         	10          	0.0751      	3.722e-06   	2.959e-05   	2.208e-05   
855         	10          	0.08562     	3.546e-06   	7.326e-06   	8.933e-06   
860         	10          	0.123       	1.786e-05   	8.242e-06   	4.307e-06   
865         	10          	0.1117      	1.47e-05    	2.098e-05   	5.225e-06   
870         	10          	0.1037      	6.535e-06   	1.942e-05   	2.194e-05   
875         	10          	0.07467     	4.584e-06   	4.743e-06   	1.096e-05   
880         	10          	0.07723     	1.427e-05   	6.849e-06   	4.014e-06   
885         	10          	0.04454     	7.275e-06   	1.901e-05   	2.293e-05   
890         	10          	0.05975     	7.798e-06   	1.448e-05   	1.446e-05   
895         	10          	0.09143     	1.199e-05   	7.011e-06   	6.564e-06   
900         	10          	0.07967     	1.347e-05   	3.208e-05   	1.017e-05   
905         	10          	0.09144     	4.809e-06   	1.14e-05    	7.99e-06    
910         	10          	0.1199      	1.457e-05   	1.681e-05   	4.991e-06   
915         	10          	0.08741     	4.851e-06   	2.268e-05   	2.142e-05   
920         	10          	0.07732     	1.086e-05   	7.658e-06   	2.529e-05   
925         	10          	0.1036      	1.603e-05   	9.768e-06   	4.501e-06   
930         	10          	0.08718     	5.85e-06    	1.531e-05   	5.151e-06   
935         	10          	0.1242      	2.531e-06   	9.891e-06   	8.792e-06   
940         	10          	0.09162     	7.795e-06   	1.229e-05   	8.347e-06   
945         	10          	0.07779     	4.799e-06   	1.442e-05   	6.402e-06   
950         	10          	0.04989     	1.042e-05   	9.335e-06   	8.732e-06   
955         	10          	0.08434     	1.286e-05   	4.748e-05   	7.317e-06   
960         	10          	0.06214     	7.186e-06   	6.839e-06   	2.083e-06   
965         	10          	0.03123     	8.876e-06   	5.984e-06   	6.378e-06   
970         	10          	0.02334     	5.515e-06   	1.308e-05   	9.381e-06   
975         	10          	0.0441      	1.07e-05    	1.676e-05   	1.063e-05   
980         	10          	0.05022     	5.583e-06   	9.626e-06   	8.32e-06    
985         	10          	0.05434     	9.542e-06   	1.298e-05   	1.912e-05   
990         	10          	0.05866     	3.838e-06   	9.226e-06   	7.129e-06   
995         	10          	0.05966     	3.829e-06   	6.223e-06   	5.527e-06   
1000        	10          	0.09132     	1.971e-05   	1.78e-05    	1.012e-05   
1005        	10          	0.0791      	2.062e-05   	1.652e-05   	3.309e-06   
1010        	10          	0.06508     	6.69e-06    	1.062e-05   	3.659e-06   
1015        	10          	0.07852     	1.583e-05   	2.264e-05   	2.377e-05   
1020        	10          	0.02534     	1.132e-05   	1.738e-05   	1.924e-05   
1025        	10          	0.06357     	8.313e-06   	8.673e-06   	5.876e-06   
1030        	10          	0.06557     	6.859e-06   	1.181e-05   	1.279e-05   
1035        	10          	0.1104      	4.862e-06   	6.288e-06   	2.728e-05   
1040        	10          	0.04401     	9.53e-06    	7.03e-06    	6.587e-06   
1045        	10          	0.07893     	6.406e-06   	1.496e-05   	1.002e-05   
1050        	10          	0.07173     	7.244e-06   	6.416e-06   	5.53e-06    
1055        	10          	0.06163     	1.708e-05   	1.359e-05   	5.778e-06   
1060        	10          	0.08345     	3.881e-06   	1.473e-05   	6.208e-06   
1065        	10          	0.07601     	1.258e-05   	1.861e-05   	6.622e-06   
1070        	10          	0.06977     	3.277e-06   	1.597e-05   	7.96e-06    
1075        	10          	0.05779     	1.685e-05   	6.34e-06    	1.11e-05    
1080        	10          	0.04961     	4.039e-06   	1.389e-05   	9.542e-06   
1085        	10          	0.07595     	7.741e-06   	1.417e-05   	1.255e-05   
1090        	10          	0.0838      	1.379e-05   	1.006e-05   	1.125e-05   
1095        	10          	0.08539     	8.824e-06   	2.718e-05   	1.191e-05   
1100        	10          	0.07177     	4.11e-06    	8.393e-06   	4.63e-06    
1105        	10          	0.06935     	1.468e-05   	1.482e-05   	1.711e-05   
1110        	10          	0.08041     	5.539e-06   	1.034e-05   	1.161e-05   
1115        	10          	0.08191     	8.925e-06   	9.682e-06   	1.342e-05   
1120        	10          	0.04468     	1.08e-05    	1.405e-05   	1.1e-05     
1125        	10          	0.08047     	3.635e-05   	1.76e-05    	1.291e-05   
1130        	10          	0.08543     	1.034e-05   	2.583e-05   	5.348e-06   
1135        	10          	0.09832     	6.218e-06   	7.28e-06    	1.406e-05   
1140        	10          	0.1034      	1.791e-05   	2.256e-05   	1.855e-05   
1145        	10          	0.0844      	7.425e-06   	7.342e-06   	5.238e-06   
1150        	10          	0.08477     	2.532e-06   	9.037e-06   	5.929e-06   
1155        	10          	0.108       	9.064e-06   	1.242e-05   	1.744e-05   
1160        	10          	0.09947     	7.47e-06    	2.92e-05    	7.34e-06    
1165        	10          	0.07701     	7.683e-06   	1.797e-05   	8.796e-06   
1170        	10          	0.1168      	7.082e-06   	3.065e-05   	1.576e-05   
1175        	10          	0.08089     	1.799e-05   	1.367e-05   	1.007e-05   
1180        	10          	0.1269      	5.569e-06   	1.346e-05   	1.244e-05   
1185        	10          	0.1162      	1.025e-05   	2.864e-06   	7.247e-06   
1190        	10          	0.06299     	1.37e-05    	1.147e-05   	1.015e-05   
1195        	10          	0.09532     	1.276e-05   	1.283e-05   	9.423e-06   
1200        	10          	0.1314      	1.113e-05   	1.188e-05   	1.14e-05    
1205        	10          	0.1138      	1.126e-05   	2.927e-05   	1.433e-05   
1210        	10          	0.1639      	4.769e-06   	2.425e-05   	4.128e-06   
1215        	10          	0.1555      	1.178e-05   	5.054e-06   	1.326e-05   
1220        	10          	0.1396      	1.335e-05   	2.307e-05   	1.323e-05   
1225        	10          	0.2179      	7.934e-06   	1.973e-05   	9.904e-06   
1230        	10          	0.1594      	1.156e-05   	2.503e-05   	2.814e-06   
1235        	10          	0.1477      	1.908e-05   	4.129e-06   	1.366e-05   
1240        	10          	0.177       	7.828e-06   	1.713e-05   	2.917e-06   
1245        	10          	0.1731      	8.118e-06   	3.108e-05   	9.422e-06   
1250        	10          	0.1378      	8.386e-06   	2.488e-05   	1.458e-05   
1255        	10          	0.1629      	8.453e-06   	1.794e-05   	2.114e-05   
1260        	10          	0.1193      	1.237e-05   	1.68e-05    	9.641e-06   
1265        	10          	0.1612      	2.072e-05   	2.748e-05   	8.108e-06   
1270        	10          	0.1579      	1.158e-05   	6.968e-06   	9.026e-06   
1275        	10          	0.1699      	1.07e-05    	1.557e-05   	9.729e-06   
1280        	10          	0.1699      	9.892e-06   	2.033e-05   	7.042e-06   
1285        	10          	0.1664      	8.386e-06   	1.569e-05   	6.487e-06   
1290        	10          	0.1192      	1.154e-05   	3.238e-05   	5.106e-06   
1295        	10          	0.1042      	7.693e-06   	9.064e-06   	6.258e-06   
1300        	10          	0.1187      	1.318e-05   	1.374e-05   	9.873e-06   
1305        	10          	0.1025      	1.112e-05   	2.285e-05   	2.046e-05   
1310        	10          	0.1197      	6.058e-06   	7.74e-06    	7.968e-06   
1315        	10          	0.1181      	1.062e-05   	1.799e-05   	1.79e-05    
1320        	10          	0.1339      	1.893e-05   	1.478e-05   	1.383e-05   
1325        	10          	0.1212      	5.281e-06   	1.426e-05   	1.638e-05   
1330        	10          	0.1125      	3.869e-06   	8.321e-06   	2.143e-05   
1335        	10          	0.08083     	1.405e-05   	2.232e-05   	5.091e-06   
1340        	10          	0.1246      	8.838e-06   	1.403e-05   	5.247e-06   
1345        	10          	0.0639      	1.3e-05     	8.111e-06   	8.282e-06   
1350        	10          	0.09119     	3.91e-05    	4.901e-05   	9.164e-06   
1355        	10          	0.08956     	8.278e-06   	1.098e-05   	7.137e-06   
1360        	10          	0.0859      	1.29e-05    	3.433e-05   	9.274e-06   
1365        	10          	0.06735     	9.293e-06   	2.886e-05   	7.826e-06   
1370        	10          	0.05651     	1.092e-05   	2.145e-05   	2.188e-05   
1375        	10          	0.08367     	7.587e-06   	1.102e-05   	1.39e-05    
1380        	10          	0.07184     	5.98e-06    	1.193e-05   	1.495e-05   
1385        	10          	0.09543     	1.608e-05   	2.361e-05   	8.448e-06   
1390        	10          	0.08723     	1.173e-05   	1.42e-05    	6.895e-06   
1395        	10          	0.1198      	6.11e-06    	9.548e-06   	1.974e-05   
1400        	10          	0.09896     	8.747e-06   	1.535e-05   	9.026e-06   
1405        	10          	0.08457     	5.3e-06     	6.272e-06   	7.618e-06   
1410        	10          	0.1088      	5.592e-06   	1.397e-05   	1.064e-05   
1415        	10          	0.1008      	1.427e-05   	6.681e-06   	1.168e-05   
1420        	10          	0.06932     	1.099e-05   	1.127e-05   	1.049e-05   
1425        	10          	0.101       	1.314e-05   	2.108e-05   	1.081e-05   
1430        	10          	0.1571      	9.944e-06   	1.206e-05   	1.586e-05   
1435        	10          	0.1251      	1.75e-05    	1.335e-05   	1.908e-05   
1440        	10          	0.1169      	1.01e-05    	1.839e-05   	1.103e-05   
1445        	10          	0.1279      	1.563e-05   	3.025e-05   	1.443e-05   
1450        	10          	0.1344      	5.15e-06    	1.12e-05    	1.274e-05   
1455        	10          	0.1245      	2.359e-05   	2.08e-05    	9.883e-06   
1460        	10          	0.1595      	6.882e-06   	6.26e-06    	1.105e-05   
1465        	10          	0.1053      	1.142e-05   	9.736e-06   	1.931e-05   
1470        	10          	0.1215      	8.105e-06   	1.779e-05   	1.329e-05   
1475        	10          	0.1342      	2.079e-05   	1.776e-05   	1.034e-05   
1480        	10          	0.1512      	1.589e-05   	2.604e-05   	6.652e-06   
1485        	10          	0.1017      	7.233e-06   	8.032e-06   	2.734e-06   
1490        	10          	0.09873     	1.631e-05   	1.497e-05   	7.058e-06   
1495        	10          	0.136       	6.568e-06   	2.608e-05   	2.459e-05   
1500        	10          	0.0975      	2.425e-05   	2.024e-05   	1.867e-05   
1505        	10          	0.1261      	2.99e-05    	1.157e-05   	1.069e-05   
1510        	10          	0.143       	3.881e-06   	1.174e-05   	8.845e-06   
1515        	10          	0.116       	8.971e-06   	3.089e-05   	1.449e-05   
1520        	10          	0.1447      	1.223e-05   	9.3e-06     	6.05e-06    
1525        	10          	0.1411      	1.637e-05   	1.924e-05   	6.563e-06   
1530        	10          	0.1706      	9.634e-06   	7.082e-06   	1.016e-05   
1535        	10          	0.1723      	3.673e-06   	2.426e-05   	8.062e-06   
1540        	10          	0.2089      	7.216e-06   	2.987e-05   	8.254e-06   
1545        	10          	0.1773      	5.299e-06   	2.214e-05   	1.125e-05   
1550        	10          	0.1528      	1.317e-05   	1.275e-05   	8.693e-06   
1555        	10          	0.1786      	9.415e-06   	2.094e-05   	1.387e-05   
1560        	10          	0.1645      	7.669e-06   	6.763e-06   	1.035e-05   
1565        	10          	0.189       	1.852e-05   	1.078e-05   	1.554e-05   
1570        	10          	0.1928      	1.059e-05   	2.071e-05   	1.519e-05   
1575        	10          	0.2329      	1.74e-05    	3.144e-05   	2.783e-05   
1580        	10          	0.2113      	5.129e-06   	2.381e-05   	8.836e-06   
1585        	10          	0.2259      	9.328e-06   	2.256e-05   	1.81e-05    
1590        	10          	0.1916      	1.042e-05   	9.99e-06    	9.081e-06   
1595        	10          	0.1808      	8.44e-06    	2.463e-05   	1.162e-05   
1600        	10          	0.199       	4.175e-06   	2.884e-05   	1.1e-05     
1605        	10          	0.1813      	8.922e-06   	1.787e-05   	6.165e-06   
1610        	10          	0.2391      	1.261e-05   	1.689e-05   	1.088e-05   
1615        	10          	0.1348      	1.07e-05    	2.086e-05   	1.018e-05   
1620        	10          	0.1719      	7.827e-06   	1.629e-05   	1.929e-05   
1625        	10          	0.1249      	4.148e-06   	1.913e-05   	1.013e-05   
1630        	10          	0.1118      	4.463e-06   	8.417e-06   	1.822e-05   
1635        	10          	0.1528      	8.992e-06   	1.797e-05   	6.58e-06    
1640        	10          	0.1314      	1.926e-05   	1.556e-05   	2.022e-05   
1645        	10          	0.1185      	6.786e-06   	1.073e-05   	8.935e-06   
1650        	10          	0.1562      	1.051e-05   	2.872e-05   	1.024e-05   
1655        	10          	0.1357      	1.556e-05   	2.243e-05   	9.641e-06   
1660        	10          	0.1257      	2.244e-05   	1.938e-05   	6.123e-06   
1665        	10          	0.1089      	4.935e-06   	6.64e-06    	1.235e-05   
1670        	10          	0.09208     	8.538e-06   	7.032e-06   	1.073e-05   
1675        	10          	0.09395     	1.337e-05   	1.639e-05   	9.198e-06   
1680        	10          	0.1556      	2.4e-05     	1.573e-05   	8.938e-06   
1685        	10          	0.1482      	1.067e-05   	2.699e-05   	1.197e-05   
1690        	10          	0.1029      	1.225e-05   	1.199e-05   	1.244e-05   
1695        	10          	0.1029      	1.694e-05   	1.973e-05   	1.031e-05   
1700        	10          	0.142       	1.542e-05   	1.691e-05   	1.084e-05   
1705        	10          	0.135       	1.092e-05   	1.686e-05   	1.218e-05   
1710        	10          	0.1237      	8.642e-06   	2.467e-05   	1.959e-05   
1715        	10          	0.1225      	9.772e-06   	1.366e-05   	1.002e-05   
1720        	10          	0.1159      	5.597e-06   	1.51e-05    	2.525e-06   
1725        	10          	0.1532      	1.195e-05   	1.546e-05   	1.128e-05   
1730        	10          	0.1533      	1.742e-05   	5.762e-06   	6.454e-06   
1735        	10          	0.1439      	2.679e-05   	1.784e-05   	2.156e-05   
1740        	10          	0.1623      	4.213e-06   	1.068e-05   	5.319e-06   
1745        	10          	0.1249      	8.691e-06   	1.197e-05   	1.197e-05   
1750        	10          	0.1533      	1.012e-05   	4.962e-05   	1.206e-05   
1755        	10          	0.2008      	4.273e-06   	1.232e-05   	3.417e-05   
1760        	10          	0.1806      	2.187e-05   	2.973e-05   	5.367e-06   
1765        	10          	0.212       	5.864e-06   	7.224e-06   	7.933e-06   
1770        	10          	0.2         	1.551e-05   	1.434e-05   	4.335e-06   
1775        	10          	0.2029      	1.495e-05   	1.324e-05   	1.321e-05   
1780        	10          	0.1454      	1.307e-05   	1.068e-05   	7.341e-06   
1785        	10          	0.1346      	4.214e-06   	1.21e-05    	1.219e-05   
1790        	10          	0.1674      	7.224e-06   	3.399e-06   	1.661e-05   
1795        	10          	0.1795      	3.341e-06   	1.446e-05   	7.019e-06   
1800        	10          	0.1539      	1.765e-05   	2.114e-05   	1.046e-05   
1805        	10          	0.1176      	1.328e-05   	1.023e-05   	6.118e-06   
1810        	10          	0.1869      	1.107e-05   	1.613e-05   	8.15e-06    
1815        	10          	0.1483      	8.271e-06   	5.85e-06    	7.437e-06   
1820        	10          	0.1462      	1.685e-05   	2.422e-05   	4.889e-06   
1825        	10          	0.1511      	3.67e-06    	1.122e-05   	1.276e-05   
1830        	10          	0.1697      	1.507e-05   	1.631e-05   	2.491e-05   
1835        	10          	0.1589      	1.862e-05   	2.618e-05   	9.938e-06   
1840        	10          	0.1951      	2.556e-05   	4.862e-06   	2.802e-05   
1845        	10          	0.1558      	1.26e-05    	1.473e-05   	1.992e-05   
1850        	10          	0.1115      	1.113e-05   	2.867e-05   	2.228e-05   
1855        	10          	0.2013      	1.55e-05    	3.062e-05   	9.83e-06    
1860        	10          	0.1326      	1.127e-05   	1.925e-05   	1.349e-05   
1865        	10          	0.1935      	1.746e-05   	1.46e-05    	3.287e-06   
1870        	10          	0.1817      	2.17e-05    	1.347e-05   	1.078e-05   
1875        	10          	0.1379      	1.787e-05   	1.585e-05   	5.009e-06   
1880        	10          	0.1288      	1.463e-05   	2.125e-05   	2.236e-05   
1885        	10          	0.1081      	2.005e-05   	2.248e-05   	3.734e-06   
1890        	10          	0.1361      	8.143e-06   	1.989e-05   	8.292e-06   
1895        	10          	0.1497      	1.555e-05   	1.32e-05    	1.851e-05   
1900        	10          	0.1336      	1.954e-05   	1.196e-05   	3.183e-05   
1905        	10          	0.1555      	1.735e-05   	1.863e-05   	7.133e-06   
1910        	10          	0.1323      	1.231e-05   	1.689e-05   	4.775e-06   
1915        	10          	0.1292      	6.828e-06   	6.116e-06   	1.913e-05   
1920        	10          	0.132       	1.006e-05   	7.735e-06   	1.616e-05   
1925        	10          	0.09712     	1.505e-05   	1.404e-05   	5.177e-06   
1930        	10          	0.122       	3.244e-05   	2.081e-05   	6.858e-06   
1935        	10          	0.126       	1.808e-05   	3.164e-05   	1.288e-05   
1940        	10          	0.1257      	1.087e-05   	9.327e-06   	1.497e-05   
1945        	10          	0.1468      	3.067e-06   	1.767e-05   	9.045e-06   
1950        	10          	0.1282      	1.481e-05   	2.154e-05   	1.055e-05   
1955        	10          	0.1486      	7.27e-06    	1.521e-05   	1.533e-05   
1960        	10          	0.1136      	3.397e-06   	2.954e-05   	2.03e-05    
1965        	10          	0.1233      	5.059e-06   	1.553e-05   	8.201e-06   
1970        	10          	0.1148      	9.794e-06   	1.619e-05   	1.966e-05   
1975        	10          	0.1145      	1.174e-05   	1.126e-05   	1.015e-05   
1980        	10          	0.1178      	2.118e-05   	1.825e-05   	1.346e-05   
1985        	10          	0.1045      	5.458e-06   	1.552e-05   	1.619e-05   
1990        	10          	0.1151      	8.158e-06   	1.152e-05   	1.016e-05   
1995        	10          	0.1785      	5.286e-06   	2.01e-05    	7.298e-06   
2000        	10          	0.09845     	2.918e-05   	1.511e-05   	6.174e-06   
2005        	10          	0.1157      	1.434e-05   	1.152e-05   	1.386e-05   
2010        	10          	0.09334     	1.452e-05   	2.522e-05   	1.434e-05   
2015        	10          	0.1072      	1.118e-05   	6.613e-06   	2.664e-05   
2020        	10          	0.1292      	1.24e-05    	1.157e-05   	9.896e-06   
2025        	10          	0.1412      	2.65e-05    	2.049e-05   	1.029e-05   
2030        	10          	0.1226      	9.638e-06   	1.707e-05   	7.685e-06   
2035        	10          	0.09964     	6.953e-06   	3.71e-05    	1.261e-05   
2040        	10          	0.1002      	6.548e-06   	1.641e-05   	1.337e-05   
2045        	10          	0.0984      	2.136e-05   	1.605e-05   	3.983e-06   
2050        	10          	0.1039      	2.114e-05   	1.614e-05   	7.293e-06   
2055        	10          	0.07132     	2.612e-05   	1.171e-05   	2.135e-05   
2060        	10          	0.06286     	2.513e-05   	1.409e-05   	1.435e-05   
2065        	10          	0.04897     	2.044e-05   	8.924e-06   	1.126e-05   
2070        	10          	0.06907     	3.436e-05   	1.866e-05   	7.984e-06   
2075        	10          	0.06325     	1.591e-05   	7.555e-06   	1.786e-05   
2080        	10          	0.0533      	7.016e-06   	1.719e-05   	1.983e-05   
2085        	10          	0.06346     	2.013e-05   	3.322e-05   	1.744e-05   
2090        	10          	0.05007     	1.438e-05   	3.755e-05   	1.187e-05   
2095        	10          	0.08096     	3.062e-06   	2.069e-05   	1.371e-05   
2100        	10          	0.08071     	1.085e-05   	2.674e-05   	1.64e-05    
2105        	10          	0.08112     	1.149e-05   	2.232e-05   	5.64e-06    
2110        	10          	0.1128      	2.266e-05   	1.287e-05   	1.67e-05    
2115        	10          	0.1073      	2.368e-05   	1.673e-05   	9.687e-06   
2120        	10          	0.1019      	1.073e-05   	1.618e-05   	7.178e-06   
2125        	10          	0.08677     	7.526e-06   	2.426e-05   	7.08e-06    
2130        	10          	0.08108     	7.171e-06   	5.259e-06   	1.081e-05   
2135        	10          	0.08917     	9.554e-06   	3.021e-05   	1.828e-05   
2140        	10          	0.08403     	1.002e-05   	1.758e-05   	1.279e-05   
2145        	10          	0.1119      	1.079e-05   	3.981e-05   	1e-05       
2150        	10          	0.07184     	9.747e-06   	1.428e-05   	1.695e-05   
2155        	10          	0.1173      	5.766e-06   	2.575e-05   	1.635e-05   
2160        	10          	0.1052      	1.831e-05   	2.125e-05   	8.079e-06   
2165        	10          	0.08596     	1.012e-05   	4.487e-05   	7.798e-06   
2170        	10          	0.05202     	1.465e-05   	6.187e-06   	8.631e-06   
2175        	10          	0.06304     	1.483e-05   	3.863e-05   	7.862e-06   
2180        	10          	0.0985      	1.205e-05   	9.661e-06   	2.076e-05   
2185        	10          	0.088       	1.283e-05   	1.786e-05   	1.083e-05   
2190        	10          	0.06766     	2.962e-05   	2.43e-05    	1.265e-05   
2195        	10          	0.07696     	5.044e-06   	1.837e-05   	1.164e-05   
2200        	10          	0.07282     	1.055e-05   	1.628e-05   	7.595e-06   
2205        	10          	0.07547     	1.088e-05   	1.113e-05   	1.172e-05   
2210        	10          	0.1118      	2.085e-05   	2.86e-05    	9.119e-06   
2215        	10          	0.07523     	5.616e-06   	1.012e-05   	8.934e-06   
2220        	10          	0.1618      	4.817e-06   	1.229e-05   	1.042e-05   
2225        	10          	0.11        	1.135e-05   	1.245e-05   	1.322e-05   
2230        	10          	0.1043      	1.023e-05   	1.958e-05   	1.226e-05   
2235        	10          	0.1067      	1.626e-05   	1.565e-05   	2.032e-05   
2240        	10          	0.08189     	8.502e-06   	3.26e-05    	1.834e-05   
2245        	10          	0.09488     	4.947e-06   	1.845e-05   	6.648e-06   
2250        	10          	0.08886     	1.641e-05   	3.263e-05   	5.542e-06   
2255        	10          	0.1008      	6.744e-06   	9.012e-06   	1.069e-05   
2260        	10          	0.1043      	9.479e-06   	1.936e-05   	9.337e-06   
2265        	10          	0.09597     	6.968e-06   	1.263e-05   	1.148e-05   
2270        	10          	0.09823     	2.078e-05   	1.575e-05   	1.75e-05    
2275        	10          	0.1094      	3.405e-05   	1.211e-05   	1.835e-05   
2280        	10          	0.107       	1.229e-05   	3.057e-05   	6.647e-06   
2285        	10          	0.1443      	1.433e-05   	1.037e-05   	2.237e-05   
2290        	10          	0.1057      	6.639e-06   	2.582e-05   	1.075e-05   
2295        	10          	0.1266      	1.052e-05   	1.238e-05   	7.742e-06   
2300        	10          	0.1319      	6.573e-06   	2.665e-05   	1.703e-05   
2305        	10          	0.1566      	9.145e-06   	1.954e-05   	2.024e-05   
2310        	10          	0.1053      	7.769e-06   	1.025e-05   	1.018e-05   
2315        	10          	0.1166      	3.604e-05   	2.503e-05   	2.765e-05   
2320        	10          	0.1171      	4.238e-06   	8.385e-06   	6.337e-06   
2325        	10          	0.1154      	7.482e-06   	2.773e-05   	1.399e-05   
2330        	10          	0.1123      	1.84e-05    	1.895e-05   	3.996e-06   
2335        	10          	0.1221      	1.011e-05   	2.196e-05   	2.426e-05   
2340        	10          	0.1247      	1.544e-05   	2.763e-05   	2.035e-05   
2345        	10          	0.1563      	1.023e-05   	9.718e-06   	7.722e-06   
2350        	10          	0.1261      	1.393e-05   	2.299e-05   	1.958e-05   
2355        	10          	0.123       	1.26e-05    	2.103e-05   	1.486e-05   
2360        	10          	0.127       	2.493e-05   	1.158e-05   	4.361e-06   
2365        	10          	0.1338      	9.309e-06   	2.266e-05   	1.021e-05   
2370        	10          	0.1182      	6.11e-06    	1.197e-05   	1.384e-05   
2375        	10          	0.155       	1.135e-05   	6.82e-06    	1.806e-05   
2380        	10          	0.09584     	1.02e-05    	9.264e-06   	2.468e-05   
2385        	10          	0.1441      	7.54e-06    	2.24e-05    	7.333e-06   
2390        	10          	0.1629      	4.66e-06    	1.537e-05   	5.574e-06   
2395        	10          	0.1236      	6.979e-06   	9.602e-06   	1.005e-05   
2400        	10          	0.1002      	1.017e-05   	1.639e-05   	2.764e-05   
2405        	10          	0.131       	1.39e-05    	1.682e-05   	9.31e-06    
2410        	10          	0.09552     	1.186e-05   	2.861e-05   	2.214e-05   
2415        	10          	0.1141      	1.521e-05   	1.081e-05   	1.153e-05   
2420        	10          	0.1007      	1.458e-05   	1.655e-05   	5.758e-06   
2425        	10          	0.1048      	9.499e-06   	1.373e-05   	1.1e-05     
2430        	10          	0.1257      	1.331e-05   	1.845e-05   	3.212e-05   
2435        	10          	0.09908     	9.686e-06   	1.769e-05   	1.353e-05   
2440        	10          	0.1133      	1.308e-05   	1.53e-05    	1.249e-05   
2445        	10          	0.1491      	1.908e-05   	8.637e-06   	8.681e-06   
2450        	10          	0.1029      	2.4e-05     	2.978e-05   	2.02e-05    
2455        	10          	0.09047     	9.124e-06   	3.298e-05   	1.105e-05   
2460        	10          	0.09834     	2.494e-05   	2.286e-05   	8.962e-06   
2465        	10          	0.07799     	1.161e-05   	1.737e-05   	1.932e-05   
2470        	10          	0.09328     	1.46e-05    	3.207e-05   	2.553e-06   
2475        	10          	0.1097      	2.297e-05   	1.418e-05   	1.642e-05   
2480        	10          	0.09057     	7.37e-06    	1.86e-05    	1.148e-05   
2485        	10          	0.08436     	1.318e-05   	1.872e-05   	2.411e-05   
2490        	10          	0.1138      	7.217e-06   	1.199e-05   	6.782e-06   
2495        	10          	0.1571      	8.796e-06   	8.302e-06   	1.135e-05   
2500        	10          	0.1177      	9.343e-06   	2.368e-05   	1.808e-05   
2505        	10          	0.1336      	1.769e-05   	2.173e-05   	2.704e-05   
2510        	10          	0.101       	6.704e-06   	8.599e-06   	1.042e-05   
2515        	10          	0.105       	1.188e-05   	1.262e-05   	8.735e-06   
2520        	10          	0.1122      	2.719e-05   	2.554e-05   	1.021e-05   
2525        	10          	0.125       	1.895e-05   	1.485e-05   	1.847e-05   
2530        	10          	0.1223      	1.187e-05   	1.762e-05   	2.206e-05   
2535        	10          	0.145       	9.968e-06   	1.691e-05   	6.237e-06   
2540        	10          	0.1281      	1.882e-05   	2.988e-05   	1.15e-05    
2545        	10          	0.109       	9.932e-06   	7.184e-06   	8.342e-06   
2550        	10          	0.1336      	1.752e-05   	1.687e-05   	9.387e-06   
2555        	10          	0.1101      	1.374e-05   	2.392e-05   	1.727e-05   
2560        	10          	0.1225      	2.35e-05    	3.627e-05   	1.562e-05   
2565        	10          	0.1458      	4.79e-06    	3.564e-05   	9.002e-06   
2570        	10          	0.1518      	8.526e-06   	2.48e-05    	1.489e-05   
2575        	10          	0.1452      	2.68e-05    	8.771e-06   	1.468e-05   
2580        	10          	0.1252      	1.433e-05   	1.414e-05   	6.806e-06   
2585        	10          	0.1282      	1.537e-05   	3.791e-05   	8.291e-06   
2590        	10          	0.1233      	4.494e-06   	1.522e-05   	2.336e-05   
2595        	10          	0.1501      	2.828e-05   	1.369e-05   	1.719e-05   
2600        	10          	0.1066      	1.249e-05   	6.259e-06   	1.933e-05   
2605        	10          	0.1303      	1.22e-05    	3.463e-05   	1.017e-05   
2610        	10          	0.1177      	1.14e-05    	1.69e-05    	1.769e-05   
2615        	10          	0.126       	1.85e-05    	2.216e-05   	1.014e-05   
2620        	10          	0.1223      	8.87e-06    	2.289e-05   	1.272e-05   
2625        	10          	0.1152      	6.537e-06   	2.493e-05   	2.369e-05   
2630        	10          	0.1361      	4.79e-06    	6.652e-06   	8.71e-06    
2635        	10          	0.1154      	9.93e-06    	1.027e-05   	2.764e-05   
2640        	10          	0.1417      	2.082e-05   	1.341e-05   	2.092e-05   
2645        	10          	0.1163      	1.193e-05   	1.548e-05   	1.931e-05   
2650        	10          	0.1062      	1.847e-05   	2.721e-05   	1.324e-05   
2655        	10          	0.1438      	7.652e-06   	2.796e-05   	8.028e-06   
2660        	10          	0.1317      	1.759e-05   	7.816e-06   	8.41e-06    
2665        	10          	0.1106      	2.161e-05   	1.754e-05   	1.185e-05   
2670        	10          	0.1548      	6.882e-06   	4.65e-05    	1.678e-05   
2675        	10          	0.1156      	2.083e-05   	2.535e-05   	3.073e-06   
2680        	10          	0.08369     	3.178e-05   	5.257e-05   	5.323e-06   
2685        	10          	0.1883      	1.042e-05   	8.144e-06   	1.204e-05   
2690        	10          	0.162       	1.656e-05   	2.786e-05   	1.083e-05   
2695        	10          	0.1208      	1.307e-05   	1.99e-05    	1.918e-06   
2700        	10          	0.1419      	1.4e-05     	1.482e-05   	2.177e-05   
2705        	10          	0.1104      	4.233e-06   	2.404e-05   	9.57e-06    
2710        	10          	0.1141      	1.045e-05   	2.689e-05   	1.399e-05   
2715        	10          	0.1054      	1.126e-05   	2.499e-05   	1.187e-05   
2720        	10          	0.1235      	1.244e-05   	2.165e-05   	1.426e-05   
2725        	10          	0.1318      	3.419e-05   	2.469e-05   	4.772e-06   
2730        	10          	0.1401      	2.092e-05   	2.597e-05   	1.087e-05   
2735        	10          	0.0989      	1.375e-05   	1.362e-05   	2.215e-05   
2740        	10          	0.1152      	2.504e-05   	2.961e-05   	3.5e-06     
2745        	10          	0.1188      	3.77e-06    	2.662e-05   	1.16e-05    
2750        	10          	0.09691     	1.603e-05   	1.724e-05   	1.487e-05   
2755        	10          	0.133       	1.934e-05   	2.245e-05   	7.217e-06   
2760        	10          	0.1328      	1.678e-05   	1.09e-05    	1.247e-05   
2765        	10          	0.1839      	7.612e-06   	1.8e-05     	2.963e-05   
2770        	10          	0.1465      	2.457e-05   	1.121e-05   	8.484e-06   
2775        	10          	0.1627      	1.39e-05    	2.271e-05   	2.14e-05    
2780        	10          	0.1334      	1.57e-05    	1.369e-05   	1.494e-05   
2785        	10          	0.1159      	2.863e-05   	1.147e-05   	2.168e-05   
2790        	10          	0.13        	6.084e-06   	6.596e-06   	1.845e-05   
2795        	10          	0.1456      	1.452e-05   	1.219e-05   	8.49e-06    
2800        	10          	0.1286      	1.061e-05   	1.353e-05   	2.267e-05   
2805        	10          	0.1415      	1.038e-05   	1.526e-05   	7.512e-06   
2810        	10          	0.1268      	1.311e-05   	2.508e-05   	1.05e-05    
2815        	10          	0.1655      	1.265e-05   	1.345e-05   	3.234e-05   
2820        	10          	0.1236      	1.49e-05    	2.598e-05   	1.838e-05   
2825        	10          	0.1172      	8.741e-06   	9.432e-06   	1.574e-05   
2830        	10          	0.1555      	1.414e-05   	8.489e-06   	2.678e-05   
2835        	10          	0.1132      	2.553e-05   	1.988e-05   	8.8e-06     
2840        	10          	0.1365      	3.762e-05   	1.531e-05   	2.06e-05    
2845        	10          	0.1458      	1.502e-05   	2.503e-06   	1.44e-05    
2850        	10          	0.1879      	2.568e-05   	1.825e-05   	1.667e-05   
2855        	10          	0.1603      	8.445e-06   	5.8e-06     	7.679e-06   
2860        	10          	0.1947      	5.885e-06   	2.093e-05   	1.135e-05   
2865        	10          	0.1601      	1.33e-05    	2.571e-05   	4.019e-05   
2870        	10          	0.1835      	9.824e-06   	1.77e-05    	2.795e-05   
2875        	10          	0.1589      	5.705e-06   	1.462e-05   	9.409e-06   
2880        	10          	0.1889      	1.329e-05   	1.338e-05   	1.108e-05   
2885        	10          	0.1673      	2.32e-05    	2.537e-05   	5.653e-06   
2890        	10          	0.1967      	7.802e-06   	1.126e-05   	1.704e-05   
2895        	10          	0.1933      	1.083e-05   	9.766e-06   	1.245e-05   
2900        	10          	0.1299      	1.736e-05   	2.414e-05   	1.189e-05   
2905        	10          	0.1904      	1.258e-05   	1.43e-05    	1.333e-05   
2910        	10          	0.15        	1.426e-05   	4.271e-05   	1.347e-05   
2915        	10          	0.1654      	1.542e-05   	3.65e-05    	3.421e-06   
2920        	10          	0.1829      	7.657e-06   	1.625e-05   	9.414e-06   
2925        	10          	0.14        	8.738e-06   	1.835e-05   	1.85e-05    
2930        	10          	0.1238      	1.069e-05   	2.19e-05    	1.941e-05   
2935        	10          	0.1502      	1.319e-05   	7.158e-06   	1.481e-05   
2940        	10          	0.11        	1.058e-05   	2.976e-05   	1.899e-05   
2945        	10          	0.1454      	1.494e-05   	1.455e-05   	1.325e-05   
2950        	10          	0.1738      	7.369e-06   	1.859e-05   	1.668e-05   
2955        	10          	0.1253      	1.748e-05   	2.063e-05   	2.648e-05   
2960        	10          	0.1708      	6.213e-06   	1.138e-05   	2.515e-05   
2965        	10          	0.1745      	7.726e-06   	1.577e-05   	1.491e-05   
2970        	10          	0.1377      	1.207e-05   	5.778e-06   	3.454e-05   
2975        	10          	0.1423      	1.707e-05   	2.166e-05   	5.134e-06   
2980        	10          	0.1581      	1.209e-05   	2.172e-05   	1.311e-05   
2985        	10          	0.1371      	1.224e-05   	3.582e-05   	5.155e-06   
2990        	10          	0.1634      	1.752e-05   	1.943e-05   	8.248e-06   
2995        	10          	0.1271      	8.858e-06   	1.581e-05   	6.368e-06   
3000        	10          	0.1807      	1.399e-05   	2.142e-05   	3.627e-06   
3005        	10          	0.1755      	1.412e-05   	2.124e-05   	1.423e-06   
3010        	10          	0.143       	2.164e-05   	1.553e-05   	1.133e-05   
3015        	10          	0.1557      	3.418e-05   	9.88e-06    	2.55e-06    
3020        	10          	0.1197      	6.377e-06   	1.208e-05   	1.185e-05   
3025        	10          	0.1347      	1.173e-05   	3.604e-05   	4.944e-06   
3030        	10          	0.1427      	1.959e-05   	2.416e-05   	1.468e-05   
3035        	10          	0.1193      	1.09e-05    	1.663e-05   	1.155e-05   
3040        	10          	0.1142      	1.01e-05    	2.188e-05   	2.388e-05   
3045        	10          	0.1333      	1.381e-05   	1.633e-05   	1.196e-05   
3050        	10          	0.1501      	1.053e-05   	1.103e-05   	1.062e-05   
3055        	10          	0.1197      	5.186e-06   	1.651e-05   	1.236e-05   
3060        	10          	0.1242      	1.879e-05   	3.579e-05   	1.578e-05   
3065        	10          	0.1106      	1.139e-05   	2.138e-05   	1.305e-05   
3070        	10          	0.08868     	1.203e-05   	1.834e-05   	1.67e-05    
3075        	10          	0.09325     	1.549e-05   	2.943e-05   	3.285e-05   
3080        	10          	0.07374     	1.583e-05   	1.334e-05   	5.565e-06   
3085        	10          	0.08114     	1.191e-05   	2.106e-05   	1.415e-05   
3090        	10          	0.07964     	1.164e-05   	4.18e-05    	1.66e-05    
3095        	10          	0.08911     	2.707e-05   	1.218e-05   	2.652e-05   
3100        	10          	0.1026      	3.16e-05    	2.446e-05   	2.885e-05   
3105        	10          	0.07697     	2.401e-05   	1.365e-05   	9.829e-06   
3110        	10          	0.07036     	3.268e-05   	2.66e-05    	1.051e-05   
3115        	10          	0.07046     	2.113e-05   	1.957e-05   	1.543e-05   
3120        	10          	0.0683      	1.747e-05   	2.593e-05   	6.862e-06   
3125        	10          	0.05395     	2.305e-05   	2.459e-05   	8.13e-06    
3130        	10          	0.07569     	1.253e-05   	1.081e-05   	7.889e-06   
3135        	10          	0.05384     	6.181e-06   	2.544e-05   	2.58e-05    
3140        	10          	0.06949     	1.496e-05   	2.995e-05   	1.718e-05   
3145        	10          	0.1052      	1.205e-05   	1.548e-05   	1.08e-05    
3150        	10          	0.07378     	1.286e-05   	1.161e-05   	1.328e-05   
3155        	10          	0.0676      	2.864e-05   	2.087e-05   	7.525e-06   
3160        	10          	0.05534     	1.499e-05   	2.247e-05   	2.429e-05   
3165        	10          	0.06        	1.917e-05   	1.029e-05   	1.149e-05   
3170        	10          	0.05173     	5.454e-06   	1.902e-05   	4.13e-06    
3175        	10          	0.04838     	1.449e-05   	3.311e-05   	9.13e-06    
3180        	10          	0.05116     	1.205e-05   	1.534e-05   	9.262e-06   
3185        	10          	0.06103     	2.288e-05   	1.818e-05   	2.211e-05   
3190        	10          	0.06151     	7.265e-06   	1.295e-05   	1.341e-05   
3195        	10          	0.07082     	2.152e-05   	1.417e-05   	9.549e-06   
3200        	10          	0.04713     	1.012e-05   	7.068e-06   	2.921e-05   
3205        	10          	0.0499      	5.989e-06   	1.33e-05    	1.687e-05   
3210        	10          	0.03784     	1.279e-05   	1.71e-05    	2.096e-05   
3215        	10          	0.04119     	4.443e-06   	1.829e-05   	6.058e-06   
3220        	10          	0.05351     	1.092e-05   	1.84e-05    	1.746e-05   
3225        	10          	0.07779     	3.273e-06   	5.104e-06   	4.641e-06   
3230        	10          	0.05096     	1.822e-05   	2.916e-05   	2.257e-05   
3235        	10          	0.08024     	1.147e-05   	7.12e-06    	2.177e-05   
3240        	10          	0.05207     	1.062e-05   	2.53e-05    	5.026e-05   
3245        	10          	0.05344     	1.039e-05   	1.871e-05   	2.056e-05   
3250        	10          	0.06566     	2.031e-05   	3.397e-05   	2.486e-06   
3255        	10          	0.04946     	1.592e-05   	2.154e-05   	1.269e-05   
3260        	10          	0.06225     	5.215e-06   	1.986e-05   	1.517e-05   
3265        	10          	0.05199     	2.12e-05    	1.887e-05   	1.739e-05   
3270        	10          	0.0366      	2.226e-05   	1.401e-05   	8.338e-06   
3275        	10          	0.0378      	1.034e-05   	1.243e-05   	3.627e-06   
3280        	10          	0.05599     	1.583e-05   	2.414e-05   	2.462e-05   
3285        	10          	0.04808     	1.324e-05   	1.071e-05   	1.529e-05   
3290        	10          	0.04949     	1.195e-05   	2.778e-05   	1.173e-05   
3295        	10          	0.05696     	1.747e-05   	1.465e-05   	3.864e-06   
3300        	10          	0.03528     	3.116e-05   	1.662e-05   	1.675e-05   
3305        	10          	0.03341     	9.874e-06   	2.23e-05    	2.534e-05   
3310        	10          	0.05228     	2.389e-05   	1.532e-05   	1.712e-05   
3315        	10          	0.06572     	1.102e-05   	4.479e-05   	1.403e-05   
3320        	10          	0.05273     	9.583e-06   	1.179e-05   	1.31e-05    
3325        	10          	0.05395     	2.405e-05   	2.122e-05   	1.256e-05   
3330        	10          	0.07303     	4.272e-05   	1.74e-05    	1.541e-05   
3335        	10          	0.04767     	3.779e-06   	1.182e-05   	1.768e-05   
3340        	10          	0.04925     	2.42e-05    	1.707e-05   	1.002e-05   
3345        	10          	0.05934     	7.986e-06   	1.823e-05   	1.358e-05   
3350        	10          	0.05412     	1.591e-05   	1.442e-05   	1.052e-05   
3355        	10          	0.07369     	1.949e-05   	4.622e-06   	1.616e-05   
3360        	10          	0.07524     	6.999e-06   	2.834e-05   	1.209e-05   
3365        	10          	0.09706     	5.348e-05   	1.377e-05   	2.041e-05   
3370        	10          	0.05023     	1.269e-05   	1.237e-05   	2.519e-05   
3375        	10          	0.08121     	1.818e-05   	1.66e-05    	1.347e-05   
3380        	10          	0.07849     	7.543e-06   	8.996e-06   	1.118e-05   
3385        	10          	0.04838     	7.218e-06   	2.123e-05   	2.698e-05   
3390        	10          	0.06918     	6.456e-06   	1.852e-05   	2.529e-05   
3395        	10          	0.06801     	9.792e-06   	2.445e-05   	6.602e-06   
3400        	10          	0.09536     	8.969e-06   	1.486e-05   	1.039e-05   
3405        	10          	0.07216     	1.198e-05   	1.476e-05   	7.291e-06   
3410        	10          	0.06741     	1.22e-05    	1.907e-05   	1.087e-05   
3415        	10          	0.05647     	2.4e-05     	8.682e-05   	1.275e-05   
3420        	10          	0.07112     	1.544e-05   	2.603e-05   	1.797e-05   
3425        	10          	0.07169     	1.039e-05   	2.508e-05   	2.092e-05   
3430        	10          	0.0955      	1.813e-05   	1.678e-05   	9.713e-06   
3435        	10          	0.06443     	1.769e-05   	1.863e-05   	1.313e-05   
3440        	10          	0.0774      	1.378e-05   	3.495e-05   	7.176e-06   
3445        	10          	0.1085      	1.343e-05   	3.477e-05   	2.679e-05   
3450        	10          	0.0688      	2.248e-05   	8.569e-06   	1.114e-05   
3455        	10          	0.05201     	1.779e-05   	3.087e-05   	1.512e-05   
3460        	10          	0.05524     	1.041e-05   	4.469e-05   	2.465e-05   
3465        	10          	0.0553      	1.59e-05    	1.895e-05   	5.186e-05   
3470        	10          	0.06789     	9.745e-06   	3.722e-05   	1.019e-05   
3475        	10          	0.07154     	5.83e-06    	1.377e-05   	2.81e-05    
3480        	10          	0.07124     	1.237e-05   	1.583e-05   	2.11e-05    
3485        	10          	0.04188     	4.292e-05   	1.952e-05   	1.486e-05   
3490        	10          	0.0816      	1.793e-05   	3.35e-05    	1.038e-05   
3495        	10          	0.08385     	2.014e-05   	2.791e-05   	2.217e-05   
3500        	10          	0.07128     	1.486e-05   	1.717e-05   	1.797e-05   
3505        	10          	0.0831      	1.186e-05   	2.103e-05   	7.082e-06   
3510        	10          	0.1012      	3.445e-05   	1.014e-05   	1.248e-05   
3515        	10          	0.103       	1.628e-05   	5.381e-06   	6.693e-06   
3520        	10          	0.06861     	8.016e-06   	1.489e-05   	1.443e-05   
3525        	10          	0.1046      	1.735e-05   	1.572e-05   	1.208e-05   
3530        	10          	0.06006     	7.44e-06    	3.225e-05   	9.526e-06   
3535        	10          	0.07399     	2.446e-05   	1.047e-05   	7.955e-06   
3540        	10          	0.06369     	2.169e-05   	2.757e-05   	1.068e-05   
3545        	10          	0.06784     	1.375e-05   	2.604e-05   	1.963e-05   
3550        	10          	0.07996     	1.635e-05   	7.98e-06    	1.267e-05   
3555        	10          	0.1168      	2.089e-05   	1.492e-05   	1.043e-05   
3560        	10          	0.06439     	1.318e-05   	2.527e-05   	1.179e-05   
3565        	10          	0.07068     	2.656e-05   	4.714e-05   	2.309e-05   
3570        	10          	0.08107     	2.351e-05   	1.824e-05   	1.634e-05   
3575        	10          	0.09025     	6.03e-06    	6.322e-06   	2.911e-05   
3580        	10          	0.06329     	1.031e-05   	1.926e-05   	1.695e-05   
3585        	10          	0.0716      	9.063e-06   	2.009e-05   	4.325e-05   
3590        	10          	0.07777     	7.369e-06   	1.502e-05   	6.918e-06   
3595        	10          	0.07762     	1.15e-05    	4.941e-05   	1.16e-05    
3600        	10          	0.06946     	1.559e-05   	2.247e-05   	1.54e-05    
3605        	10          	0.07067     	9.924e-06   	2.605e-05   	7.47e-06    
3610        	10          	0.06957     	1.548e-05   	1.475e-05   	6.784e-06   
3615        	10          	0.09235     	9.257e-06   	3.207e-05   	1.219e-05   
3620        	10          	0.07501     	3.275e-05   	5.226e-05   	4.451e-05   
3625        	10          	0.07724     	1.358e-05   	9.08e-06    	1.126e-05   
3630        	10          	0.06964     	9.43e-06    	2.194e-05   	8.207e-06   
3635        	10          	0.08408     	1.673e-05   	1.865e-05   	1.177e-05   
3640        	10          	0.08034     	2.574e-05   	3.36e-05    	2.509e-05   
3645        	10          	0.07775     	8.946e-06   	1.229e-05   	1.059e-05   
3650        	10          	0.06334     	1.935e-05   	2.861e-05   	7.892e-06   
3655        	10          	0.07761     	1.325e-05   	3.656e-05   	8.864e-06   
3660        	10          	0.0829      	3.096e-05   	2.52e-05    	1.022e-05   
3665        	10          	0.07091     	3.779e-05   	2.477e-05   	1.791e-05   
3670        	10          	0.06216     	1.234e-05   	2.868e-05   	8.161e-06   
3675        	10          	0.08449     	5.897e-06   	1.389e-05   	1.413e-05   
3680        	10          	0.08404     	1.672e-05   	3e-05       	2.22e-05    
3685        	10          	0.07418     	2.14e-05    	2.667e-05   	1.829e-05   
3690        	10          	0.08314     	6.193e-06   	8.672e-06   	1.154e-05   
3695        	10          	0.0479      	7.684e-06   	6.924e-06   	1.23e-05    
3700        	10          	0.07221     	8.005e-06   	9.341e-06   	5.036e-06   
3705        	10          	0.07262     	2.25e-05    	4.211e-05   	5.638e-06   
3710        	10          	0.06721     	1.543e-05   	1.849e-05   	5.024e-06   
3715        	10          	0.05639     	1.247e-05   	4.541e-05   	2.887e-05   
3720        	10          	0.06741     	7.374e-06   	2.997e-05   	2.291e-05   
3725        	10          	0.07386     	1.093e-05   	2.439e-05   	1.283e-05   
3730        	10          	0.05467     	1.188e-05   	4.939e-05   	8.217e-06   
3735        	10          	0.08134     	1.393e-05   	8.656e-06   	1.981e-05   
3740        	10          	0.04979     	2.528e-05   	2.742e-05   	1.24e-05    
3745        	10          	0.08017     	1.551e-05   	1.493e-05   	1.366e-05   
3750        	10          	0.05518     	3.074e-05   	2.942e-05   	1.781e-05   
3755        	10          	0.06178     	1.699e-05   	3.01e-05    	6.223e-06   
3760        	10          	0.05723     	1.239e-05   	3.365e-05   	1.656e-05   
3765        	10          	0.04268     	1.792e-05   	1.249e-05   	9.976e-06   
3770        	10          	0.03949     	1.217e-05   	2.216e-05   	2.035e-05   
3775        	10          	0.05106     	1.651e-05   	3.431e-05   	1.214e-05   
3780        	10          	0.07025     	2.088e-05   	1.304e-05   	1.415e-05   
3785        	10          	0.07128     	5.105e-06   	2.046e-05   	1.037e-05   
3790        	10          	0.05923     	1.053e-05   	2.228e-05   	1.321e-05   
3795        	10          	0.07501     	1.615e-05   	1.9e-05     	1.624e-05   
3800        	10          	0.05641     	1.221e-05   	3.216e-05   	3.795e-05   
3805        	10          	0.05273     	5.832e-06   	1.586e-05   	2.08e-05    
3810        	10          	0.06568     	1.606e-05   	7.235e-06   	2.775e-05   
3815        	10          	0.03196     	1.381e-05   	2.795e-05   	9.038e-06   
3820        	10          	0.04157     	1.715e-05   	2.342e-05   	2.504e-05   
3825        	10          	0.05057     	9.522e-06   	3.703e-05   	1.641e-05   
3830        	10          	0.06883     	2.1e-05     	3.581e-05   	1.028e-05   
3835        	10          	0.06679     	2.702e-05   	2.127e-05   	9.876e-06   
3840        	10          	0.05988     	1.983e-05   	2.755e-05   	1.367e-05   
3845        	10          	0.06622     	2.311e-05   	3.801e-05   	2.329e-05   
3850        	10          	0.05825     	1.409e-05   	2.834e-05   	1.736e-05   
3855        	10          	0.08006     	2.277e-05   	3.362e-05   	2e-05       
3860        	10          	0.1049      	1.19e-05    	1.092e-05   	9.533e-06   
3865        	10          	0.0764      	2.018e-05   	1.594e-05   	2.104e-05   
3870        	10          	0.07361     	2.26e-05    	1.35e-05    	2.438e-05   
3875        	10          	0.1023      	2.858e-05   	3.373e-05   	3.733e-06   
3880        	10          	0.09901     	2.295e-05   	4.958e-05   	1.779e-05   
3885        	10          	0.1344      	8.514e-06   	1.042e-05   	1.712e-05   
3890        	10          	0.1051      	7.03e-06    	1.991e-05   	5.478e-05   
3895        	10          	0.1252      	2.091e-05   	2.786e-05   	1.872e-05   
3900        	10          	0.1277      	1.23e-05    	1.543e-05   	2.01e-05    
3905        	10          	0.1009      	9.33e-06    	2.545e-05   	1.205e-05   
3910        	10          	0.1115      	1.505e-05   	1.276e-05   	7.156e-06   
3915        	10          	0.1227      	8.72e-06    	1.121e-05   	2.326e-05   
3920        	10          	0.09007     	1.94e-05    	1.245e-05   	1.813e-05   
3925        	10          	0.1122      	1.991e-05   	2.523e-05   	3.657e-06   
3930        	10          	0.1151      	8.993e-06   	2.228e-05   	1.283e-05   
3935        	10          	0.1077      	1.229e-05   	2.606e-05   	1.252e-05   
3940        	10          	0.09612     	1.397e-05   	6.658e-05   	1.623e-05   
3945        	10          	0.1151      	1.299e-05   	4.693e-05   	7.958e-06   
3950        	10          	0.09996     	9.026e-06   	1.626e-05   	8.47e-06    
3955        	10          	0.1278      	1.636e-05   	1.606e-05   	1.774e-05   
3960        	10          	0.1058      	2.187e-05   	2.885e-05   	1.319e-05   
3965        	10          	0.1069      	6.645e-06   	2.241e-05   	1.378e-05   
3970        	10          	0.1267      	4.847e-06   	9.605e-06   	2.099e-05   
3975        	10          	0.1217      	1.906e-05   	2.217e-05   	1.085e-05   
3980        	10          	0.1242      	2.15e-05    	1.918e-05   	1.519e-05   
3985        	10          	0.09949     	1.968e-05   	4.305e-05   	2.299e-05   
3990        	10          	0.1246      	1.529e-05   	3.129e-05   	1.12e-05    
3995        	10          	0.1422      	1.804e-05   	4.031e-05   	7.864e-06   
4000        	10          	0.1374      	5.141e-06   	3.017e-05   	2.38e-05    
4005        	10          	0.1153      	1.949e-05   	3.967e-05   	1.619e-05   
4010        	10          	0.1114      	2.441e-05   	4.399e-05   	2.377e-05   
4015        	10          	0.1187      	3.34e-05    	4.911e-05   	1.914e-05   
4020        	10          	0.1413      	3.147e-05   	1.415e-05   	1.416e-05   
4025        	10          	0.1145      	4.687e-05   	4.448e-05   	1.575e-05   
4030        	10          	0.09836     	4.821e-05   	3.816e-05   	5.361e-06   
4035        	10          	0.09928     	9.609e-05   	8.406e-05   	4.286e-06   
4040        	10          	0.1227      	6.941e-05   	7.488e-05   	1.206e-05   
4045        	10          	0.0693      	8.328e-05   	0.0001627   	1.255e-05   
4050        	10          	0.09988     	0.0001284   	0.0001201   	2.788e-05   
4055        	10          	0.1002      	0.0002048   	7.956e-05   	4.682e-05   
4060        	10          	0.09688     	0.0001496   	5.416e-05   	8.414e-05   
4065        	10          	0.0679      	0.0001988   	5.026e-05   	4.455e-05   
4070        	10          	0.07858     	0.000347    	0.0001234   	4.581e-05   
4075        	10          	0.09107     	0.0001738   	4.813e-05   	0.0001328   
4080        	10          	0.08043     	0.0003054   	0.0001573   	7.523e-05   
4085        	10          	0.06666     	0.0002357   	0.0002787   	8.269e-05   
4090        	10          	0.0665      	0.0004183   	0.0001922   	6.408e-05   
4095        	10          	0.06173     	0.0004486   	0.0002891   	0.0004306   
4100        	10          	0.07025     	0.000432    	0.0001924   	0.000281    
4105        	10          	0.04439     	0.0004718   	0.0003455   	0.000142    
4110        	10          	0.05068     	0.000311    	0.0001918   	0.0001691   
4115        	10          	0.0455      	0.0002454   	0.0001782   	0.0001434   
4120        	10          	0.06022     	0.0002226   	0.0003194   	0.0002741   
4125        	10          	0.04688     	0.0005425   	0.0002593   	9.404e-05   
4130        	10          	0.03845     	0.0002392   	0.0001581   	0.000214    
4135        	10          	0.04378     	0.0002114   	7.285e-05   	0.0001448   
4140        	10          	0.03679     	0.0001792   	0.000227    	0.0003312   
4145        	10          	0.04646     	0.0003728   	0.000537    	0.0002168   
4150        	10          	0.03684     	0.0005087   	0.0002204   	5.786e-05   
4155        	10          	0.03612     	0.0003085   	0.0004117   	0.0002429   
4160        	10          	0.04501     	0.0005987   	0.001005    	0.0004027   
4165        	10          	0.03258     	0.0005064   	0.0005417   	9.765e-05   
4170        	10          	0.03529     	0.0002982   	0.0004596   	0.0002236   
4175        	10          	0.03884     	0.0009438   	0.001019    	0.0003697   
4180        	10          	0.04596     	0.0005883   	0.001021    	0.0002238   
4185        	10          	0.0571      	0.0004178   	0.001094    	0.0006937   
4190        	10          	0.03396     	0.001084    	0.001174    	0.0009119   
4195        	10          	0.03596     	0.0002988   	0.001383    	0.0006122   
4200        	10          	0.0479      	0.0006509   	0.001549    	0.001569    
4205        	10          	0.05906     	0.0002819   	0.001481    	0.001058    
4210        	10          	0.05543     	0.0003078   	0.00127     	0.00101     
4215        	10          	0.04941     	0.000566    	0.002149    	0.001259    
4220        	10          	0.04501     	0.0003634   	0.001265    	0.001227    
4225        	10          	0.03462     	0.0004907   	0.001311    	0.001279    
4230        	10          	0.03717     	0.0005429   	0.001862    	0.001174    
4235        	10          	0.02706     	0.0005773   	0.00164     	0.001883    
4240        	10          	0.03289     	0.0005087   	0.001498    	0.001496    
4245        	10          	0.03269     	0.0007218   	0.001463    	0.001522    
4250        	10          	0.03507     	0.0008717   	0.001957    	0.002101    
4255        	10          	0.03756     	0.0006305   	0.001935    	0.002184    
4260        	10          	0.04564     	0.0008497   	0.002377    	0.001974    
4265        	10          	0.04096     	0.0008755   	0.001707    	0.001849    
4270        	10          	0.04325     	0.000985    	0.001565    	0.001959    
4275        	10          	0.0429      	0.001141    	0.002356    	0.002148    
4280        	10          	0.0234      	0.001685    	0.002665    	0.002131    
4285        	10          	0.03377     	0.001516    	0.002614    	0.002033    
4290        	10          	0.03368     	0.001244    	0.001979    	0.00167     
4295        	10          	0.02806     	0.001053    	0.001809    	0.00216     
4300        	10          	0.03228     	0.001076    	0.001782    	0.002382    
4305        	10          	0.03801     	0.001345    	0.002108    	0.002609    
4310        	10          	0.03518     	0.001687    	0.002089    	0.002096    
4315        	10          	0.04177     	0.001472    	0.002237    	0.0024      
4320        	10          	0.02138     	0.001764    	0.002041    	0.003573    
4325        	10          	0.02373     	0.002364    	0.0025      	0.003607    
4330        	10          	0.03218     	0.002541    	0.002136    	0.003785    
4335        	10          	0.02407     	0.00286     	0.001507    	0.003308    
4340        	10          	0.03028     	0.0019      	0.001259    	0.002964    
4345        	10          	0.0325      	0.002586    	0.002332    	0.002605    
4350        	10          	0.01967     	0.002675    	0.00263     	0.003193    
4355        	10          	0.02811     	0.002486    	0.001429    	0.002801    
4360        	10          	0.03201     	0.002049    	0.002197    	0.004331    
4365        	10          	0.0236      	0.002189    	0.00193     	0.004153    
4370        	10          	0.02297     	0.00192     	0.002255    	0.003312    
4375        	10          	0.01785     	0.001892    	0.002433    	0.003457    
4380        	10          	0.02369     	0.002466    	0.002239    	0.002523    
4385        	10          	0.02408     	0.001884    	0.002926    	0.003188    
4390        	10          	0.02584     	0.001735    	0.002965    	0.002547    
4395        	10          	0.03612     	0.002086    	0.002543    	0.003454    
4400        	10          	0.02917     	0.002268    	0.002002    	0.003265    
4405        	10          	0.01899     	0.002093    	0.002825    	0.00446     
4410        	10          	0.02267     	0.002211    	0.001971    	0.00427     
4415        	10          	0.02958     	0.002243    	0.001455    	0.004654    
4420        	10          	0.01874     	0.002636    	0.001787    	0.003952    
4425        	10          	0.03861     	0.00286     	0.001857    	0.004174    
4430        	10          	0.02358     	0.002214    	0.001216    	0.004043    
4435        	10          	0.03641     	0.003526    	0.002245    	0.004978    
4440        	10          	0.04784     	0.003618    	0.002102    	0.004938    
4445        	10          	0.05349     	0.002953    	0.001903    	0.003979    
4450        	10          	0.0421      	0.003696    	0.001311    	0.003908    
4455        	10          	0.04145     	0.003073    	0.001918    	0.004538    
4460        	10          	0.03227     	0.003977    	0.002552    	0.004393    
4465        	10          	0.02469     	0.003438    	0.00232     	0.004458    
4470        	10          	0.02936     	0.003555    	0.002592    	0.00442     
4475        	10          	0.03138     	0.003401    	0.0023      	0.004776    
4480        	10          	0.02132     	0.003207    	0.002419    	0.004408    
4485        	10          	0.02851     	0.004413    	0.00312     	0.005013    
4490        	10          	0.02904     	0.003172    	0.003605    	0.004693    
4495        	10          	0.04133     	0.003589    	0.003167    	0.004136    
4500        	10          	0.03636     	0.003484    	0.002915    	0.004425    
4505        	10          	0.03238     	0.00284     	0.003506    	0.004301    
4510        	10          	0.03286     	0.002562    	0.002627    	0.003335    
4515        	10          	0.03511     	0.002048    	0.002697    	0.004097    
4520        	10          	0.03334     	0.002309    	0.002956    	0.005443    
4525        	10          	0.04177     	0.002443    	0.003431    	0.00466     
4530        	10          	0.03201     	0.002569    	0.003507    	0.003616    
4535        	10          	0.04564     	0.002283    	0.003281    	0.004489    
4540        	10          	0.03262     	0.002923    	0.003101    	0.004606    
4545        	10          	0.02834     	0.004291    	0.00339     	0.005152    
4550        	10          	0.04234     	0.003658    	0.00304     	0.005096    
4555        	10          	0.03939     	0.003145    	0.002842    	0.004804    
4560        	10          	0.0335      	0.00252     	0.003804    	0.004268    
4565        	10          	0.02939     	0.002489    	0.002805    	0.003562    
4570        	10          	0.04628     	0.001904    	0.003699    	0.003359    
4575        	10          	0.04238     	0.002746    	0.003337    	0.005432    
4580        	10          	0.02973     	0.002229    	0.002885    	0.004424    
4585        	10          	0.02489     	0.002223    	0.00297     	0.003931    
4590        	10          	0.04439     	0.002331    	0.002774    	0.003809    
4595        	10          	0.03928     	0.001985    	0.002188    	0.002916    
4600        	10          	0.03478     	0.00161     	0.003203    	0.003608    
4605        	10          	0.02858     	0.001641    	0.00246     	0.003103    
4610        	10          	0.03562     	0.001322    	0.002497    	0.00322     
4615        	10          	0.03121     	0.001387    	0.002863    	0.00256     
4620        	10          	0.03358     	0.0008508   	0.002525    	0.002387    
4625        	10          	0.04356     	0.001371    	0.002796    	0.002566    
4630        	10          	0.03817     	0.0009633   	0.003167    	0.004161    
4635        	10          	0.02047     	0.001529    	0.002299    	0.002084    
4640        	10          	0.04012     	0.001424    	0.003375    	0.003051    
4645        	10          	0.02916     	0.0008666   	0.003467    	0.002857    
4650        	10          	0.0266      	0.0008333   	0.003875    	0.003096    
4655        	10          	0.02328     	0.0008866   	0.003547    	0.002731    
4660        	10          	0.04312     	0.0006768   	0.003207    	0.002604    
4665        	10          	0.03346     	0.0008648   	0.003197    	0.00285     
4670        	10          	0.02964     	0.0008103   	0.003898    	0.00396     
4675        	10          	0.02528     	0.001024    	0.00288     	0.00301     
4680        	10          	0.02569     	0.001797    	0.0044      	0.004171    
4685        	10          	0.03117     	0.001302    	0.004154    	0.003359    
4690        	10          	0.0384      	0.00141     	0.004609    	0.002532    
4695        	10          	0.02395     	0.001684    	0.004446    	0.003072    
4700        	10          	0.0179      	0.001222    	0.002962    	0.002906    
4705        	10          	0.02051     	0.001314    	0.004222    	0.002743    
4710        	10          	0.02419     	0.001172    	0.004501    	0.003223    
4715        	10          	0.02883     	0.001651    	0.003657    	0.002756    
4720        	10          	0.02139     	0.001789    	0.005144    	0.002684    
4725        	10          	0.0279      	0.00204     	0.00507     	0.003472    
4730        	10          	0.01991     	0.002089    	0.00569     	0.003366    
4735        	10          	0.02214     	0.001524    	0.004242    	0.002327    
4740        	10          	0.01158     	0.002351    	0.004567    	0.001809    
4745        	10          	0.02011     	0.001904    	0.003742    	0.00226     
4750        	10          	0.02806     	0.001519    	0.003761    	0.002014    
4755        	10          	0.01921     	0.00202     	0.004241    	0.002461    
4760        	10          	0.01888     	0.002126    	0.003214    	0.002187    
4765        	10          	0.02101     	0.001787    	0.004074    	0.001861    
4770        	10          	0.01774     	0.001489    	0.003684    	0.001834    
4775        	10          	0.02075     	0.001466    	0.003761    	0.001943    
4780        	10          	0.01818     	0.00181     	0.003357    	0.001745    
4785        	10          	0.0196      	0.001775    	0.003655    	0.001692    
4790        	10          	0.02567     	0.001667    	0.003208    	0.002258    
4795        	10          	0.02396     	0.00177     	0.004044    	0.002097    
4800        	10          	0.02412     	0.001613    	0.003662    	0.001879    
4805        	10          	0.01899     	0.001211    	0.002782    	0.002065    
4810        	10          	0.02906     	0.0007247   	0.002796    	0.003314    
4815        	10          	0.02347     	0.0006697   	0.002839    	0.002711    
4820        	10          	0.03075     	0.0008724   	0.003041    	0.002876    
4825        	10          	0.01793     	0.001357    	0.002656    	0.003051    
4830        	10          	0.0201      	0.001019    	0.002549    	0.003331    
4835        	10          	0.02485     	0.001066    	0.003177    	0.00362     
4840        	10          	0.0169      	0.0009393   	0.002465    	0.003171    
4845        	10          	0.02379     	0.001148    	0.001884    	0.003245    
4850        	10          	0.01764     	0.001485    	0.002707    	0.003587    
4855        	10          	0.01774     	0.001244    	0.002514    	0.003231    
4860        	10          	0.03112     	0.0009837   	0.001838    	0.003061    
4865        	10          	0.02473     	0.001147    	0.002271    	0.003434    
4870        	10          	0.01912     	0.0008082   	0.001847    	0.003827    
4875        	10          	0.02034     	0.001059    	0.002463    	0.002447    
4880        	10          	0.0253      	0.001057    	0.002689    	0.002862    
4885        	10          	0.01801     	0.000592    	0.002149    	0.00256     
4890        	10          	0.03284     	0.0006814   	0.002417    	0.002538    
4895        	10          	0.02243     	0.0008982   	0.002572    	0.002       
4900        	10          	0.03361     	0.0008712   	0.001945    	0.001726    
4905        	10          	0.02313     	0.0008363   	0.002002    	0.001924    
4910        	10          	0.02604     	0.0009187   	0.001964    	0.002113    
4915        	10          	0.02556     	0.0009809   	0.002529    	0.002503    
4920        	10          	0.02884     	0.0006407   	0.001232    	0.001951    
4925        	10          	0.03007     	0.0006198   	0.002445    	0.002542    
4930        	10          	0.02358     	0.00084     	0.003244    	0.002508    
4935        	10          	0.04012     	0.0004967   	0.002129    	0.00198     
4940        	10          	0.02194     	0.001089    	0.00372     	0.001684    
4945        	10          	0.0236      	0.000583    	0.003727    	0.002401    
4950        	10          	0.02627     	0.0004534   	0.003439    	0.002016    
4955        	10          	0.02899     	0.0009431   	0.002357    	0.00233     
4960        	10          	0.0246      	0.001208    	0.002996    	0.001388    
4965        	10          	0.02806     	0.0006098   	0.002968    	0.002162    
4970        	10          	0.02696     	0.00132     	0.003542    	0.001565    
4975        	10          	0.01747     	0.0011      	0.003613    	0.002003    
4980        	10          	0.02427     	0.0007539   	0.003731    	0.002474    
4985        	10          	0.02768     	0.001093    	0.003368    	0.002025    
4990        	10          	0.02525     	0.001029    	0.003067    	0.002427    
4995        	10          	0.01203     	0.001347    	0.002941    	0.00151     
5000        	10          	0.01701     	0.0009202   	0.003669    	0.002462    
