generation  	alive.rpl   	n.adlt.rs   	n.adlt.fst.wc_p1-2	n.adlt.fst.wc_p1-3	n.adlt.fst.wc_p2-3
5           	10          	0.01384     	2.541e-06   	5.336e-06   	2.239e-06   
10          	10          	0.05582     	1.183e-05   	1.026e-05   	1.216e-05   
15          	10          	0.0914      	7.389e-06   	1.275e-05   	4.058e-06   
20          	10          	0.06756     	1.404e-05   	3.288e-05   	7.746e-06   
25          	10          	0.03999     	1.967e-05   	2.741e-05   	1.534e-05   
30          	10          	0.0631      	2.851e-05   	1.42e-05    	9.018e-06   
35          	10          	0.1588      	2.116e-05   	3.637e-05   	2.643e-05   
40          	10          	0.1503      	1.736e-05   	4.7e-05     	3.186e-05   
45          	10          	0.1971      	2.395e-05   	2.853e-05   	3.161e-05   
50          	10          	0.09191     	1.475e-05   	2.92e-05    	2.511e-05   
55          	10          	0.08689     	2.258e-05   	1.433e-05   	5.586e-05   
60          	10          	0.09886     	2.463e-05   	2.26e-05    	3.799e-05   
65          	10          	0.1342      	4.651e-05   	4.351e-05   	5.449e-05   
70          	10          	0.1189      	2.895e-05   	4.975e-05   	2.166e-05   
75          	10          	0.03856     	3.671e-05   	4.328e-05   	5.403e-05   
80          	10          	0.07466     	2.623e-05   	7.57e-05    	2.75e-05    
85          	10          	0.11        	4.416e-05   	0.0001202   	9.606e-06   
90          	10          	0.06984     	3.296e-05   	0.0001217   	3.322e-05   
95          	10          	0.06166     	2.869e-05   	0.0001119   	4.656e-05   
100         	10          	0.09116     	1.541e-05   	6.157e-05   	5.105e-05   
105         	10          	0.04443     	4.683e-05   	6.902e-05   	9.334e-05   
110         	10          	0.041       	2.227e-05   	7.789e-05   	3.204e-05   
115         	10          	0.07068     	2.147e-05   	5.208e-05   	5.546e-05   
120         	10          	0.06871     	1.338e-05   	2.181e-05   	2.091e-05   
125         	10          	0.05961     	4.034e-05   	2.405e-05   	1.718e-05   
130         	10          	0.05577     	2.523e-05   	7.083e-05   	1.53e-05    
135         	10          	0.05067     	4.101e-05   	6.315e-05   	9.059e-05   
140         	10          	0.1318      	5.571e-05   	3.019e-05   	4.327e-05   
145         	10          	0.08556     	1.489e-05   	3.156e-05   	7.924e-05   
150         	10          	0.08011     	4.61e-05    	6.008e-05   	2.086e-05   
155         	10          	0.09016     	4.868e-05   	2.642e-05   	4.105e-05   
160         	10          	0.1361      	5.276e-05   	8.29e-05    	5.329e-05   
165         	10          	0.1414      	2.671e-05   	0.0001035   	4.104e-05   
170         	10          	0.1001      	3.527e-05   	5.848e-05   	2.867e-05   
175         	10          	0.09146     	3.369e-05   	4.253e-05   	4.48e-05    
180         	10          	0.1733      	0.000185    	0.0001117   	7.137e-05   
185         	10          	0.1067      	5.82e-05    	3.76e-05    	3.824e-05   
190         	10          	0.1423      	8.459e-05   	0.0002823   	2.853e-05   
195         	10          	0.1136      	1.501e-05   	8.853e-05   	4.545e-05   
200         	10          	0.08672     	3.366e-05   	0.0001792   	4.318e-05   
205         	10          	0.1073      	8.565e-05   	8.154e-05   	6.022e-05   
210         	10          	0.08991     	2.83e-05    	0.0001305   	5.003e-05   
215         	10          	0.1267      	3.296e-05   	0.0001464   	6.47e-05    
220         	10          	0.09908     	1.971e-05   	0.0001386   	9.403e-05   
225         	10          	0.06867     	4.271e-05   	0.0001674   	5.649e-05   
230         	10          	0.1118      	8.68e-05    	0.0001077   	5.385e-05   
235         	10          	0.05328     	6.372e-05   	0.0001743   	3.808e-05   
240         	10          	0.09785     	2.014e-05   	8.374e-05   	1.391e-05   
245         	10          	0.1149      	9.158e-05   	0.0001148   	3.786e-05   
250         	10          	0.07567     	4.61e-05    	7.721e-05   	2.199e-05   
255         	10          	0.1266      	2.519e-05   	7.339e-05   	4.187e-05   
260         	10          	0.09334     	4.978e-05   	7.668e-05   	6.624e-05   
265         	10          	0.1195      	4.803e-05   	7.112e-05   	3.349e-05   
270         	10          	0.09658     	7.178e-05   	6.205e-05   	6.087e-05   
275         	10          	0.08332     	7.306e-05   	5.698e-05   	5.713e-05   
280         	10          	0.1108      	1.652e-05   	0.0001212   	4.071e-05   
285         	10          	0.09778     	3.961e-05   	8.332e-05   	5.442e-05   
290         	10          	0.09056     	0.0001081   	0.0001439   	7.879e-05   
295         	10          	0.1284      	6.209e-05   	6.839e-05   	0.0001026   
300         	10          	0.08579     	3.944e-05   	9.062e-05   	6.959e-05   
305         	10          	0.1124      	0.0001014   	0.000159    	2.783e-05   
310         	10          	0.1137      	8.563e-05   	7.962e-05   	4.297e-05   
315         	10          	0.08138     	9.028e-05   	0.0001238   	2.868e-05   
320         	10          	0.09016     	0.0001015   	0.0001114   	7.233e-05   
325         	10          	0.1163      	8.879e-05   	4.909e-05   	5.112e-05   
330         	10          	0.1175      	4.737e-05   	9.096e-05   	5.39e-05    
335         	10          	0.1063      	6.035e-05   	0.0001297   	5.605e-05   
340         	10          	0.09767     	6.347e-05   	0.0001455   	6.839e-05   
345         	10          	0.06124     	7.728e-05   	0.0001272   	3.674e-05   
350         	10          	0.1229      	2.756e-05   	9.661e-05   	3.097e-05   
355         	10          	0.1525      	4.827e-05   	0.000116    	5.954e-05   
360         	10          	0.1334      	6.223e-05   	0.0001031   	1.614e-05   
365         	10          	0.1767      	3.548e-05   	0.0002096   	5.334e-05   
370         	10          	0.1444      	5.34e-05    	0.0001254   	4.932e-05   
375         	10          	0.1525      	3.794e-05   	0.0001114   	3.741e-05   
380         	10          	0.1163      	9.054e-05   	5.043e-05   	9.454e-05   
385         	10          	0.1335      	7.826e-05   	0.0002007   	8.492e-05   
390         	10          	0.119       	0.0001248   	0.0003475   	5.889e-05   
395         	10          	0.0884      	3.242e-05   	0.000165    	5.01e-05    
400         	10          	0.05896     	5.848e-05   	0.0001314   	8.843e-05   
405         	10          	0.0639      	0.0001636   	0.0001182   	5.939e-05   
410         	10          	0.07101     	0.0001188   	0.0002876   	7.996e-05   
415         	10          	0.09361     	6.191e-05   	0.0002274   	8.031e-05   
420         	10          	0.06962     	0.0001374   	0.0001519   	4.29e-05    
425         	10          	0.06304     	6.816e-05   	4.934e-05   	7.12e-05    
430         	10          	0.03885     	9.322e-05   	0.0001698   	7.797e-05   
435         	10          	0.04227     	0.0001381   	0.0001589   	3.714e-05   
440         	10          	0.0759      	0.0002276   	0.0001373   	6.24e-05    
445         	10          	0.09654     	8.008e-05   	0.000169    	4.093e-05   
450         	10          	0.06968     	6.892e-05   	0.0001458   	3.56e-05    
455         	10          	0.05835     	7.575e-05   	0.0001297   	6.548e-05   
460         	10          	0.069       	2.19e-05    	7.403e-05   	5.75e-05    
465         	10          	0.06294     	2.98e-05    	0.0001612   	0.0001002   
470         	10          	0.0421      	9.149e-05   	0.00014     	2.362e-05   
475         	10          	0.04873     	0.0001103   	0.0001101   	3.576e-05   
480         	10          	0.03321     	0.0001786   	0.0002307   	7.992e-05   
485         	10          	0.04429     	9.903e-05   	5.406e-05   	6.103e-05   
490         	10          	0.05414     	8.762e-05   	0.000185    	8.407e-05   
495         	10          	0.03301     	0.0002322   	0.0001944   	4.022e-05   
500         	10          	0.05422     	8.937e-05   	3.977e-05   	5.664e-05   
505         	10          	0.05234     	7.436e-05   	6.224e-05   	2.445e-05   
510         	10          	0.0394      	5.233e-05   	0.000113    	7.709e-05   
515         	10          	0.06829     	3.287e-05   	0.0001076   	5.919e-05   
520         	10          	0.03245     	7.497e-05   	9.435e-05   	6.005e-05   
525         	10          	0.05527     	5.7e-05     	9.655e-05   	5.434e-05   
530         	10          	0.02701     	9.151e-05   	0.0002157   	0.0001129   
535         	10          	0.04704     	7.767e-05   	0.0001166   	7.919e-05   
540         	10          	0.03834     	8.242e-05   	0.0001916   	3.817e-05   
545         	10          	0.04971     	2.131e-05   	0.000108    	5.454e-05   
550         	10          	0.039       	9.817e-05   	0.0001466   	0.0001065   
555         	10          	0.0345      	0.0001128   	0.0001168   	4.009e-05   
560         	10          	0.05539     	7.267e-05   	0.0003448   	4.886e-05   
565         	10          	0.0244      	7.153e-05   	0.0001798   	3.554e-05   
570         	10          	0.03178     	0.0001211   	0.0003838   	0.0001038   
575         	10          	0.01982     	8.297e-05   	0.0003003   	2.291e-05   
580         	10          	0.01216     	3.416e-05   	0.0001149   	8.498e-05   
585         	10          	0.02679     	5.83e-05    	0.0001494   	9.24e-05    
590         	10          	0.04696     	0.0001511   	0.0001389   	2.539e-05   
595         	10          	0.02256     	0.00013     	0.0001819   	0.0001315   
600         	10          	0.02647     	7.712e-05   	0.0001757   	0.0001573   
605         	10          	0.02389     	7.018e-05   	0.0002774   	0.0001089   
610         	10          	0.02995     	0.0001217   	0.0001935   	6.453e-05   
615         	10          	0.04544     	0.0001189   	0.000211    	5.495e-05   
620         	10          	0.03756     	0.0001351   	0.0001572   	0.0001758   
625         	10          	0.03886     	6.973e-05   	0.0002356   	3.228e-05   
630         	10          	0.03597     	7.658e-05   	0.0001454   	6.513e-05   
635         	10          	0.03562     	2.975e-05   	6.819e-05   	7.023e-05   
640         	10          	0.04671     	3.773e-05   	0.0001408   	8.924e-05   
645         	10          	0.03123     	6.583e-05   	0.00022     	0.0001086   
650         	10          	0.03997     	9.234e-05   	6.422e-05   	6.04e-05    
655         	10          	0.04425     	7.767e-05   	5.515e-05   	5.725e-05   
660         	10          	0.04489     	4.649e-05   	0.0001997   	8.698e-05   
665         	10          	0.06501     	3.585e-05   	0.0001364   	7.155e-05   
670         	10          	0.04782     	5.18e-05    	6.142e-05   	0.0001112   
675         	10          	0.04634     	4.765e-05   	0.0003222   	6.404e-05   
680         	10          	0.05319     	6.48e-05    	0.0001603   	6.506e-05   
685         	10          	0.04562     	3.037e-05   	0.0001755   	0.000117    
690         	10          	0.05579     	6.354e-05   	0.0001261   	4.7e-05     
695         	10          	0.06061     	6.588e-05   	0.0003411   	8.946e-05   
700         	10          	0.07795     	0.0001102   	0.000196    	0.0001327   
705         	10          	0.05869     	0.0001124   	0.0001731   	0.0001302   
710         	10          	0.06766     	4.923e-05   	0.0001192   	2.688e-05   
715         	10          	0.06539     	4.688e-05   	0.0001314   	7.411e-05   
720         	10          	0.03586     	9.442e-05   	0.0001731   	3.844e-05   
725         	10          	0.02057     	4.264e-05   	0.0001557   	8.033e-05   
730         	10          	0.03611     	7.296e-05   	0.0002042   	0.0001341   
735         	10          	0.03866     	7.327e-05   	0.0002163   	0.0001549   
740         	10          	0.03989     	6.38e-05    	0.0001313   	0.0002813   
745         	10          	0.02063     	2.991e-05   	0.0001073   	9.663e-05   
750         	10          	0.03261     	4.081e-05   	8.983e-05   	0.0001121   
755         	10          	0.03473     	0.0001153   	0.0002548   	0.000121    
760         	10          	0.0153      	4.618e-05   	0.0002356   	0.0001337   
765         	10          	0.02734     	4.123e-05   	0.0001207   	0.0001557   
770         	10          	0.04357     	5.548e-05   	0.000134    	0.0001739   
775         	10          	0.01151     	4.985e-05   	0.0001828   	0.0001485   
780         	10          	0.009669    	9.751e-05   	0.0001699   	7.571e-05   
785         	10          	0.01946     	7.497e-05   	0.0002084   	9.516e-05   
790         	10          	0.01446     	7.344e-05   	6.183e-05   	4.211e-05   
795         	10          	0.02949     	0.0002198   	0.0003351   	5.961e-05   
800         	10          	0.02266     	3.474e-05   	0.0001657   	3.185e-05   
805         	10          	0.0418      	9.255e-05   	0.0001457   	0.0001349   
810         	10          	0.02962     	0.0001393   	0.0002386   	2.443e-05   
815         	10          	0.04289     	0.0001351   	0.0002743   	6.98e-05    
820         	10          	0.03286     	7.622e-05   	0.0002842   	2.505e-05   
825         	10          	0.03568     	0.0001626   	0.0002219   	0.000109    
830         	10          	0.0355      	0.0001025   	0.0001586   	6.031e-05   
835         	10          	0.03971     	0.0001076   	0.0001868   	3.863e-05   
840         	10          	0.03562     	0.0001083   	0.0003066   	4.797e-05   
845         	10          	0.02045     	8.381e-05   	0.0002059   	8.364e-05   
850         	10          	0.034       	0.0001239   	0.0003485   	5.17e-05    
855         	10          	0.06058     	8.431e-05   	0.0002662   	3.727e-05   
860         	10          	0.02612     	0.0001016   	0.000228    	0.0001208   
865         	10          	0.03457     	0.0001155   	0.0001906   	7.008e-05   
870         	10          	0.02896     	0.0001639   	0.0002415   	0.0001118   
875         	10          	0.03622     	8.909e-05   	0.0001684   	9.688e-05   
880         	10          	0.02751     	0.0001551   	0.0003643   	0.0001363   
885         	10          	0.03868     	6.835e-05   	0.0001642   	9.739e-05   
890         	10          	0.02617     	4.428e-05   	0.000272    	0.0001118   
895         	10          	0.02746     	4.731e-05   	0.0003103   	6.739e-05   
900         	10          	0.02689     	0.0001038   	0.0004058   	8.825e-05   
905         	10          	0.03279     	7.32e-05    	0.0005347   	9.781e-05   
910         	10          	0.03629     	8.238e-05   	0.000423    	9.879e-05   
915         	10          	0.02839     	0.0001468   	0.0005434   	7.015e-05   
920         	10          	0.02922     	0.0001081   	0.0002872   	5.363e-05   
925         	10          	0.03099     	0.0002043   	0.0003713   	5.477e-05   
930         	10          	0.02491     	9.543e-05   	0.0003995   	9.9e-05     
935         	10          	0.01232     	7.145e-05   	0.0003336   	4.644e-05   
940         	10          	0.01857     	0.0001132   	0.0002222   	8.822e-05   
945         	10          	0.01219     	8.747e-05   	0.0002415   	0.0001693   
950         	10          	0.01664     	5.406e-05   	0.0002402   	0.0001189   
955         	10          	0.01889     	6.643e-05   	0.0001414   	5.238e-05   
960         	10          	0.007511    	5.681e-05   	0.0002342   	3.851e-05   
965         	10          	0.01973     	3.635e-05   	0.000262    	0.0001846   
970         	10          	0.01171     	6.11e-05    	0.0003033   	6.247e-05   
975         	10          	0.004125    	7.827e-05   	0.0001886   	5.714e-05   
980         	10          	0.01318     	4.991e-05   	0.0002232   	5.057e-05   
985         	10          	0.01251     	0.0001258   	0.000254    	0.0001575   
990         	10          	0.02233     	0.0001269   	8.853e-05   	0.0001707   
995         	10          	0.03323     	0.0001247   	0.0001864   	8.498e-05   
1000        	10          	0.02436     	8.387e-05   	0.0002735   	0.0001166   
1005        	10          	0.04146     	5.504e-05   	0.0002155   	3.645e-05   
1010        	10          	0.03418     	0.0001027   	0.0002735   	0.0001658   
1015        	10          	0.03779     	0.0001412   	0.0001536   	0.0001265   
1020        	10          	0.02907     	0.0001581   	0.0002014   	0.0001877   
1025        	10          	0.03264     	3.51e-05    	0.0002038   	0.0001308   
1030        	10          	0.05085     	7.802e-05   	0.0002049   	1.664e-05   
1035        	10          	0.04114     	4.931e-05   	6.764e-05   	0.0001087   
1040        	10          	0.04134     	3.007e-05   	0.0001294   	0.0001489   
1045        	10          	0.03758     	5.872e-05   	0.0001392   	0.0001057   
1050        	10          	0.02971     	9.662e-05   	7.915e-05   	0.00029     
1055        	10          	0.03899     	7.377e-05   	9.14e-05    	0.0001244   
1060        	10          	0.03889     	7.623e-05   	6.578e-05   	7.092e-05   
1065        	10          	0.035       	9.652e-05   	0.000176    	4.03e-05    
1070        	10          	0.03818     	5.663e-05   	0.0002011   	0.0001064   
1075        	10          	0.03274     	6.701e-05   	6.117e-05   	9.294e-05   
1080        	10          	0.0331      	6.928e-05   	0.0003751   	9.645e-05   
1085        	10          	0.04211     	0.0001366   	0.0001436   	0.0001134   
1090        	10          	0.06889     	0.0002163   	0.0002215   	0.0001676   
1095        	10          	0.03667     	0.000103    	0.0003006   	0.0001869   
1100        	10          	0.02849     	2.103e-05   	0.0002846   	0.000141    
1105        	10          	0.0435      	0.0001331   	0.0002328   	0.0001137   
1110        	10          	0.04395     	8.329e-05   	0.0001917   	6.596e-05   
1115        	10          	0.08167     	4.167e-05   	0.0002268   	3.095e-05   
1120        	10          	0.07544     	0.0001655   	0.0003109   	0.0001721   
1125        	10          	0.06251     	8.188e-05   	0.0001038   	5.416e-05   
1130        	10          	0.08958     	4.908e-05   	0.0002014   	0.00016     
1135        	10          	0.06806     	0.0001147   	0.0002672   	7.5e-05     
1140        	10          	0.06725     	7.725e-05   	0.0001493   	0.000111    
1145        	10          	0.05529     	7.071e-05   	0.0003149   	0.0001803   
1150        	10          	0.06557     	8.544e-05   	0.0001273   	9.332e-05   
1155        	10          	0.0685      	8.757e-05   	0.0003508   	8.985e-05   
1160        	10          	0.08045     	0.0001025   	0.0001589   	3.397e-05   
1165        	10          	0.05425     	5.579e-05   	0.0003368   	0.0001198   
1170        	10          	0.08184     	5.46e-05    	0.0003041   	6.002e-05   
1175        	10          	0.05946     	0.0001364   	0.0001886   	0.0001362   
1180        	10          	0.06019     	7.724e-05   	0.0002717   	4.935e-05   
1185        	10          	0.04193     	7.963e-05   	0.000236    	9.402e-05   
1190        	10          	0.05428     	7.861e-05   	0.0002329   	0.0001427   
1195        	10          	0.04893     	8.33e-05    	0.0003229   	5.767e-05   
1200        	10          	0.05814     	7.843e-05   	0.0001665   	2.539e-05   
1205        	10          	0.04633     	0.000184    	0.0002298   	7.395e-05   
1210        	10          	0.05612     	0.0001499   	0.0002492   	7.876e-05   
1215        	10          	0.02745     	0.0001662   	0.0002754   	0.0001522   
1220        	10          	0.03483     	0.0001742   	8.85e-05    	0.0001125   
1225        	10          	0.02421     	0.0001397   	0.0001989   	3.767e-05   
1230        	10          	0.01889     	0.0001922   	0.0002711   	0.0001003   
1235        	10          	0.03952     	0.0001467   	0.0003256   	6.846e-05   
1240        	10          	0.04201     	7.527e-05   	0.0003284   	0.0001811   
1245        	10          	0.03997     	5.522e-05   	0.0001016   	0.0001999   
1250        	10          	0.02706     	8.527e-05   	0.0002883   	7.068e-05   
1255        	10          	0.05772     	0.0001441   	0.0005054   	8.784e-05   
1260        	10          	0.04785     	0.0001406   	0.0001668   	7.361e-05   
1265        	10          	0.04134     	0.0001515   	0.0004142   	6.217e-05   
1270        	10          	0.05636     	6.366e-05   	0.0003381   	8.977e-05   
1275        	10          	0.0399      	6.851e-05   	0.0001466   	5.739e-05   
1280        	10          	0.05307     	6.493e-05   	0.0002304   	6.096e-05   
1285        	10          	0.06146     	9.535e-05   	0.0002405   	0.0001525   
1290        	10          	0.04429     	0.0001234   	0.0002244   	9.188e-05   
1295        	10          	0.03541     	6.896e-05   	0.0001694   	6.573e-05   
1300        	10          	0.03334     	0.0001763   	0.0002202   	0.0001552   
1305        	10          	0.03504     	5.961e-05   	0.0002495   	4.377e-05   
1310        	10          	0.03162     	0.000131    	0.0003689   	0.0002034   
1315        	10          	0.02754     	8.699e-05   	0.0003841   	0.0001036   
1320        	10          	0.02633     	5.715e-05   	0.0002128   	0.000195    
1325        	10          	0.04141     	0.0001229   	0.0002605   	0.0002129   
1330        	10          	0.0545      	0.0001399   	0.0003605   	0.0001951   
1335        	10          	0.05004     	6.298e-05   	0.0008094   	0.0002594   
1340        	10          	0.03651     	6.962e-05   	0.0007166   	0.0002579   
1345        	10          	0.02646     	7.404e-05   	0.0005834   	0.0001199   
1350        	10          	0.02618     	6.432e-05   	0.0004902   	0.000451    
1355        	10          	0.02891     	5.539e-05   	0.0009394   	0.0002691   
1360        	10          	0.038       	8.962e-05   	0.0004007   	0.0002626   
1365        	10          	0.04812     	2.743e-05   	0.0002636   	7.602e-05   
1370        	10          	0.02811     	8.747e-05   	0.0002014   	7.106e-05   
1375        	10          	0.01547     	0.0001454   	0.0001921   	1.603e-05   
1380        	10          	0.03993     	0.0002146   	0.0004088   	0.0001584   
1385        	10          	0.03095     	0.0001595   	0.0003251   	0.0001496   
1390        	10          	0.04427     	0.0002071   	0.000119    	0.0001404   
1395        	10          	0.03543     	0.0002396   	0.0004162   	6.573e-05   
1400        	10          	0.03073     	9.992e-05   	0.0003105   	7.207e-05   
1405        	10          	0.02834     	0.000171    	0.0002412   	0.0002281   
1410        	10          	0.02213     	0.0002156   	0.0002295   	0.0001166   
1415        	10          	0.01339     	9.464e-05   	0.000181    	7.305e-05   
1420        	10          	0.02972     	0.000141    	0.0002781   	0.0002111   
1425        	10          	0.02017     	0.0001429   	0.0001582   	0.0001511   
1430        	10          	0.03457     	0.0002238   	0.0003048   	0.0001111   
1435        	10          	0.02627     	0.0002164   	0.0002826   	8.967e-05   
1440        	10          	0.03618     	0.0001346   	0.0001382   	2.19e-05    
1445        	10          	0.04228     	7.279e-05   	0.0005635   	8.626e-05   
1450        	10          	0.03179     	5.388e-05   	0.0002651   	0.0001412   
1455        	10          	0.05618     	4.293e-05   	6.376e-05   	5.241e-05   
1460        	10          	0.04223     	8.6e-05     	0.0001805   	4.731e-05   
1465        	10          	0.05633     	0.0001263   	0.0002727   	8.199e-05   
1470        	10          	0.06658     	7.694e-05   	0.0001339   	9.109e-05   
1475        	10          	0.06038     	4.991e-05   	0.0002084   	7.029e-05   
1480        	10          	0.04446     	0.0001395   	6.336e-05   	8.027e-05   
1485        	10          	0.06118     	5.077e-05   	0.0001173   	0.0001015   
1490        	10          	0.05686     	6.009e-05   	0.000176    	0.0001219   
1495        	10          	0.05284     	0.0001605   	0.0001352   	8.073e-05   
1500        	10          	0.05486     	5.667e-05   	0.000152    	6.489e-05   
1505        	10          	0.05483     	0.0001644   	0.0002129   	7.871e-05   
1510        	10          	0.05801     	5.248e-05   	5.784e-05   	7.243e-05   
1515        	10          	0.05784     	0.0002106   	8.449e-05   	6.766e-05   
1520        	10          	0.04332     	0.0002022   	0.0002329   	0.0001044   
1525        	10          	0.0494      	0.0001109   	0.0002692   	7.867e-05   
1530        	10          	0.04022     	0.0001214   	0.0003141   	4.801e-05   
1535        	10          	0.02711     	7.918e-05   	0.0002635   	4.387e-05   
1540        	10          	0.03673     	0.0001377   	0.0005094   	0.0001221   
1545        	10          	0.05091     	0.0001095   	0.0002584   	8.452e-05   
1550        	10          	0.0484      	5.291e-05   	0.0002603   	8.877e-05   
1555        	10          	0.0448      	6.241e-05   	0.0001658   	0.0001284   
1560        	10          	0.04269     	7.057e-05   	0.0002467   	0.0001826   
1565        	10          	0.04324     	0.0001007   	0.0004285   	0.0001617   
1570        	10          	0.06158     	0.0001444   	0.000367    	6.845e-05   
1575        	10          	0.08017     	4.615e-05   	0.0001841   	0.0001196   
1580        	10          	0.04389     	0.0001879   	0.0002383   	9.108e-05   
1585        	10          	0.06393     	0.0001181   	0.0002485   	9.628e-05   
1590        	10          	0.04739     	0.0002517   	0.0002398   	0.0002631   
1595        	10          	0.04872     	0.0001751   	0.000157    	6.797e-05   
1600        	10          	0.07011     	6.105e-05   	0.00013     	0.0001334   
1605        	10          	0.04343     	3.154e-05   	0.000216    	4.109e-05   
1610        	10          	0.03717     	8.259e-05   	0.000382    	4.9e-05     
1615        	10          	0.04811     	9.729e-05   	0.0002591   	0.000116    
1620        	10          	0.02478     	8.838e-05   	0.0004403   	9.528e-05   
1625        	10          	0.02482     	0.0001667   	0.0006263   	9.336e-05   
1630        	10          	0.03169     	0.0001222   	0.0004643   	0.0001295   
1635        	10          	0.03156     	5.533e-05   	0.0004068   	9.965e-05   
1640        	10          	0.03024     	0.0002789   	7.771e-05   	0.0001489   
1645        	10          	0.03218     	6.982e-05   	0.000163    	0.0002788   
1650        	10          	0.0305      	0.0002395   	0.0002102   	8.446e-05   
1655        	10          	0.02357     	0.0002019   	0.0001574   	0.0001862   
1660        	10          	0.04545     	0.0001311   	9.036e-05   	0.0001099   
1665        	10          	0.02689     	9.066e-05   	0.0001497   	5.661e-05   
1670        	10          	0.02807     	0.0001751   	0.0001563   	0.0001239   
1675        	10          	0.03014     	0.0001051   	0.0001299   	3.563e-05   
1680        	10          	0.03589     	0.0001779   	9.729e-05   	6.057e-05   
1685        	10          	0.03786     	3.03e-05    	0.0002402   	0.0001485   
1690        	10          	0.02745     	9.327e-05   	0.0003705   	0.0002802   
1695        	10          	0.04306     	5.957e-05   	0.0002878   	0.0001051   
1700        	10          	0.04699     	0.000122    	0.0002687   	0.0001623   
1705        	10          	0.05414     	0.0001005   	0.0001955   	0.0001364   
1710        	10          	0.03616     	7.681e-05   	0.0003441   	0.000105    
1715        	10          	0.0435      	7.241e-05   	0.0001636   	2.44e-05    
1720        	10          	0.04368     	7.67e-05    	0.0002983   	6.797e-05   
1725        	10          	0.04433     	0.0001003   	0.0002442   	0.0001649   
1730        	10          	0.03704     	7.44e-05    	0.0001555   	4.868e-05   
1735        	10          	0.03004     	0.0001644   	0.0004273   	0.0002055   
1740        	10          	0.02314     	0.0002497   	0.0003527   	0.0001101   
1745        	10          	0.0531      	6.601e-05   	0.000519    	0.0001769   
1750        	10          	0.03473     	0.0001283   	0.0002569   	0.0001064   
1755        	10          	0.02351     	9.316e-05   	0.0005636   	0.0001379   
1760        	10          	0.0304      	4.334e-05   	0.0001472   	8.34e-05    
1765        	10          	0.02957     	0.0001192   	0.0004023   	8.338e-05   
1770        	10          	0.02934     	9.652e-05   	0.0002099   	0.0001502   
1775        	10          	0.02469     	4.129e-05   	0.0004618   	0.0001566   
1780        	10          	0.03299     	6.018e-05   	0.0003685   	0.0002816   
1785        	10          	0.02511     	8.977e-05   	0.00042     	0.0002478   
1790        	10          	0.02961     	8.703e-05   	0.0002924   	0.0002044   
1795        	10          	0.02297     	0.0001332   	0.0001934   	3.821e-05   
1800        	10          	0.01807     	0.0001322   	0.0002918   	0.0001707   
1805        	10          	0.01845     	6.35e-05    	0.0001615   	8.614e-05   
1810        	10          	0.01978     	0.0002274   	0.0003544   	0.0001882   
1815        	10          	0.02601     	7.033e-05   	0.0001653   	7.575e-05   
1820        	10          	0.02434     	0.0002196   	0.0001402   	0.0001557   
1825        	10          	0.01861     	0.0001357   	0.0003171   	0.0001182   
1830        	10          	0.0181      	9.103e-05   	0.0002628   	7.161e-05   
1835        	10          	0.02595     	5.832e-05   	0.0002255   	0.0001037   
1840        	10          	0.02096     	7.362e-05   	0.0003945   	0.0001973   
1845        	10          	0.01522     	8.534e-05   	0.0002392   	0.0001613   
1850        	10          	0.01174     	0.0001731   	0.0003165   	0.0001673   
1855        	10          	0.01986     	0.000164    	0.0001706   	6.365e-05   
1860        	10          	0.01854     	0.0001212   	0.0003089   	0.000124    
1865        	10          	0.01575     	0.0001376   	0.0003208   	0.0001622   
1870        	10          	0.01506     	5.019e-05   	0.000231    	0.0001945   
1875        	10          	0.01907     	3.835e-05   	0.0001166   	0.0002295   
1880        	10          	0.01233     	8.139e-05   	0.0001437   	0.0001106   
1885        	10          	0.01579     	0.0002046   	0.0001617   	7.875e-05   
1890        	10          	0.007611    	8.979e-05   	0.0001538   	6.577e-05   
1895        	10          	0.01604     	0.0001037   	0.0001743   	6.373e-05   
1900        	10          	0.02118     	0.0002271   	0.0003647   	0.000143    
1905        	10          	0.02101     	6.394e-05   	0.0002595   	0.0001745   
1910        	10          	0.02967     	8.271e-05   	0.0004863   	0.0001631   
1915        	10          	0.02389     	0.0002045   	0.0004079   	0.0001452   
1920        	10          	0.02346     	0.0001171   	0.0004336   	0.0001999   
1925        	10          	0.01828     	4.657e-05   	0.0001645   	0.0001208   
1930        	10          	0.02691     	4.617e-05   	0.0002999   	0.0001104   
1935        	10          	0.01928     	4.36e-05    	0.0002619   	0.0001804   
1940        	10          	0.01877     	4.369e-05   	0.0002722   	4.481e-05   
1945        	10          	0.01214     	0.0001347   	0.0001272   	5.153e-05   
1950        	10          	0.01532     	0.000135    	0.0001709   	8.908e-05   
1955        	10          	0.008958    	0.0003777   	0.0003498   	0.0001251   
1960        	10          	0.007469    	0.0001763   	0.0003398   	6.754e-05   
1965        	10          	0.0118      	0.0001231   	0.0001736   	8.075e-05   
1970        	10          	0.02167     	6.625e-05   	0.0001194   	3.837e-05   
1975        	10          	0.01904     	6.514e-05   	0.0001824   	0.0001372   
1980        	10          	0.02477     	8.781e-05   	0.0001523   	6.794e-05   
1985        	10          	0.02254     	0.0001294   	0.0003353   	0.0002071   
1990        	10          	0.02252     	0.0001014   	0.0002659   	0.0001232   
1995        	10          	0.02808     	6.4e-05     	0.0004603   	0.0001785   
2000        	10          	0.0168      	7.992e-05   	0.0004868   	0.0001317   
2005        	10          	0.02561     	0.0001212   	0.0002734   	0.0002405   
2010        	10          	0.01839     	0.0001028   	0.0003591   	5.942e-05   
2015        	10          	0.03484     	9.844e-05   	0.000208    	7.344e-05   
2020        	10          	0.03685     	7.136e-05   	8.005e-05   	5.262e-05   
2025        	10          	0.0274      	0.0001154   	0.0001875   	8.488e-05   
2030        	10          	0.02488     	0.0001242   	8.605e-05   	0.0001647   
2035        	10          	0.01722     	9.307e-05   	0.000292    	0.0002826   
2040        	10          	0.02123     	3.885e-05   	0.0001248   	0.0002561   
2045        	10          	0.008656    	0.000106    	0.0001607   	0.0003204   
2050        	10          	0.0094      	0.0001247   	0.0001216   	0.0001985   
2055        	10          	0.03017     	0.0001534   	0.0001978   	0.0001696   
2060        	10          	0.02606     	8.38e-05    	0.0002745   	0.0001268   
2065        	10          	0.0233      	0.0001291   	0.0002471   	0.0001613   
2070        	10          	0.02328     	0.0001174   	0.000234    	0.0001334   
2075        	10          	0.0238      	0.0001968   	0.0003608   	0.0001288   
2080        	10          	0.02588     	0.000253    	0.0003929   	0.0002613   
2085        	10          	0.03738     	0.0001874   	0.0008655   	6.564e-05   
2090        	10          	0.03488     	8.515e-05   	0.0004013   	0.0001295   
2095        	10          	0.03619     	0.0001709   	0.0005661   	9.947e-05   
2100        	10          	0.03177     	4.465e-05   	0.0002016   	0.0001068   
2105        	10          	0.04371     	0.0001794   	0.0002072   	0.0001732   
2110        	10          	0.05651     	0.0001077   	0.0002909   	8.081e-05   
2115        	10          	0.04458     	0.000123    	0.0004005   	8.698e-05   
2120        	10          	0.03817     	0.0001066   	0.000633    	9.96e-05    
2125        	10          	0.04996     	0.0001343   	0.0002558   	6.731e-05   
2130        	10          	0.02856     	0.0001098   	0.0005506   	0.0001966   
2135        	10          	0.03236     	0.0001002   	0.0001438   	0.0001101   
2140        	10          	0.02878     	5.51e-05    	0.0001784   	8.215e-05   
2145        	10          	0.02062     	4.786e-05   	0.0003988   	7.229e-05   
2150        	10          	0.02045     	0.0002263   	0.0002002   	0.0002151   
2155        	10          	0.01528     	6.051e-05   	0.000378    	0.0001198   
2160        	10          	0.0149      	8.229e-05   	0.0003493   	8.364e-05   
2165        	10          	0.01314     	5.239e-05   	0.0003875   	0.0001245   
2170        	10          	0.02389     	0.0001942   	0.0007263   	0.0001987   
2175        	10          	0.02469     	0.0001642   	0.0002854   	6.983e-05   
2180        	10          	0.02069     	0.0001188   	0.0003178   	8.727e-05   
2185        	10          	0.0198      	0.0001194   	0.0002326   	4.664e-05   
2190        	10          	0.03323     	0.0002035   	0.0001721   	0.0002059   
2195        	10          	0.04754     	0.0001513   	0.000188    	0.0001402   
2200        	10          	0.04339     	0.0001151   	0.0001702   	6.492e-05   
2205        	10          	0.0405      	4.756e-05   	0.000362    	0.0001369   
2210        	10          	0.03795     	9.382e-05   	0.0005253   	0.0001069   
2215        	10          	0.03797     	9.907e-05   	0.0004905   	0.0001251   
2220        	10          	0.03672     	0.0001736   	0.0003211   	6.712e-05   
2225        	10          	0.03901     	0.0001749   	0.0005469   	0.0001195   
2230        	10          	0.02356     	0.0001285   	0.0004862   	2.495e-05   
2235        	10          	0.03625     	0.0001342   	0.0005588   	7.035e-05   
2240        	10          	0.02928     	0.0001392   	0.0001883   	9.907e-05   
2245        	10          	0.02234     	0.0001018   	0.0004054   	0.0001345   
2250        	10          	0.01782     	0.0001316   	0.0006144   	7.861e-05   
2255        	10          	0.02063     	0.0001432   	0.0003799   	0.000182    
2260        	10          	0.02196     	0.0001301   	0.000116    	7.453e-05   
2265        	10          	0.01879     	0.0001235   	0.0003266   	7.634e-05   
2270        	10          	0.02252     	0.0001857   	0.0003051   	3.187e-05   
2275        	10          	0.02106     	0.0002018   	0.0002756   	0.0001366   
2280        	10          	0.019       	8.017e-05   	0.0001424   	9.59e-05    
2285        	10          	0.009347    	0.0001212   	0.0002507   	0.000162    
2290        	10          	0.02207     	0.0001025   	0.0003033   	3.665e-05   
2295        	10          	0.0143      	0.0001628   	0.0004471   	8.645e-05   
2300        	10          	0.02225     	2.9e-05     	0.0001264   	0.000119    
2305        	10          	0.01611     	0.0001422   	0.0002938   	7.004e-05   
2310        	10          	0.01068     	4.276e-05   	0.0002465   	6.263e-05   
2315        	10          	0.005914    	8.141e-05   	0.0002884   	9.524e-05   
2320        	10          	0.01107     	0.0001007   	0.0001639   	5.85e-05    
2325        	10          	0.01679     	0.0001487   	0.0002914   	2.446e-05   
2330        	10          	0.01827     	0.0002471   	0.0004181   	3.35e-05    
2335        	10          	0.01889     	0.0002863   	0.0005492   	5.534e-05   
2340        	10          	0.02867     	0.0002139   	0.0003997   	0.000106    
2345        	10          	0.02524     	0.0001283   	0.0002834   	7.337e-05   
2350        	10          	0.02078     	6.222e-05   	0.0002222   	0.0001175   
2355        	10          	0.01504     	0.0001618   	0.0003604   	2.337e-05   
2360        	10          	0.02061     	7.842e-05   	0.0002259   	4.173e-05   
2365        	10          	0.01828     	0.0001547   	0.0002362   	7.874e-05   
2370        	10          	0.01341     	0.0002123   	0.000251    	6.385e-05   
2375        	10          	0.02046     	0.000185    	0.0003616   	0.0001269   
2380        	10          	0.0278      	6.623e-05   	0.0004299   	0.0002073   
2385        	10          	0.02122     	0.0001261   	0.0004349   	0.0001031   
2390        	10          	0.03466     	0.0002861   	0.0002758   	0.0001176   
2395        	10          	0.01408     	7.556e-05   	0.0003288   	0.0001078   
2400        	10          	0.01236     	0.0001635   	0.0004448   	4.488e-05   
2405        	10          	0.01456     	8.148e-05   	0.0003046   	0.0001164   
2410        	10          	0.02084     	8.871e-05   	0.000554    	0.0002122   
2415        	10          	0.01604     	9.426e-05   	0.0003289   	9.701e-05   
2420        	10          	0.0238      	7.012e-05   	0.0003651   	0.0001799   
2425        	10          	0.01477     	0.0001118   	0.0007855   	0.0001035   
2430        	10          	0.03168     	0.0001425   	0.0008178   	0.0002595   
2435        	10          	0.01686     	6.235e-05   	0.0003522   	0.0001176   
2440        	10          	0.02361     	0.0001204   	0.0005202   	0.0001968   
2445        	10          	0.009581    	0.0001349   	0.0004623   	9.068e-05   
2450        	10          	0.02286     	0.0001205   	0.0002783   	8.428e-05   
2455        	10          	0.03234     	7.968e-05   	0.0001539   	0.000182    
2460        	10          	0.0231      	7.496e-05   	0.0003384   	0.0001755   
2465        	10          	0.0271      	9.384e-05   	0.0005078   	0.0002994   
2470        	10          	0.02888     	8.268e-05   	0.0002583   	0.0002299   
2475        	10          	0.03491     	4.945e-05   	0.0001665   	8.513e-05   
2480        	10          	0.03543     	0.0001844   	0.0002461   	0.0001502   
2485        	10          	0.03119     	0.0001943   	0.0003184   	0.0001033   
2490        	10          	0.04246     	9.836e-05   	0.000224    	5.429e-05   
2495        	10          	0.0265      	0.0001953   	0.0005266   	0.0001508   
2500        	10          	0.02532     	6.454e-05   	0.000202    	0.0001198   
2505        	10          	0.01918     	0.0001782   	0.0001365   	5.333e-05   
2510        	10          	0.03539     	0.0001091   	0.0002019   	7.441e-05   
2515        	10          	0.03097     	0.0001125   	0.00024     	3.592e-05   
2520        	10          	0.02558     	0.0001848   	0.0004393   	9.069e-05   
2525        	10          	0.03634     	6.837e-05   	0.0002333   	0.000199    
2530        	10          	0.02422     	9.091e-05   	0.0002799   	7.767e-05   
2535        	10          	0.03196     	0.0002222   	0.0002709   	9.159e-05   
2540        	10          	0.02669     	9.383e-05   	0.0004954   	9.972e-05   
2545        	10          	0.01667     	8.92e-05    	0.0002244   	3.846e-05   
2550        	10          	0.01186     	0.000199    	9.632e-05   	7.8e-05     
2555        	10          	0.01629     	0.000242    	0.0002924   	0.0001695   
2560        	10          	0.01808     	8.772e-05   	0.0001305   	8.69e-05    
2565        	10          	0.03196     	9.051e-05   	8.339e-05   	3.872e-05   
2570        	10          	0.02938     	0.0001437   	0.000163    	9.233e-05   
2575        	10          	0.02734     	3.803e-05   	0.0001903   	3.622e-05   
2580        	10          	0.03162     	0.0001076   	0.0002494   	0.000105    
2585        	10          	0.02301     	0.000131    	0.0001543   	8.033e-05   
2590        	10          	0.03414     	0.0001582   	0.0002519   	0.0001691   
2595        	10          	0.03623     	0.0001588   	0.0002221   	0.0001684   
2600        	10          	0.04368     	9.121e-05   	0.0003414   	8.512e-05   
2605        	10          	0.04654     	7.474e-05   	0.0002296   	0.0001041   
2610        	10          	0.04156     	0.0001331   	0.0005718   	0.0002139   
2615        	10          	0.0451      	0.0001308   	0.0001868   	0.000148    
2620        	10          	0.04101     	0.0001715   	0.0001815   	0.0001289   
2625        	10          	0.02951     	0.000143    	0.0002338   	4.893e-05   
2630        	10          	0.05225     	0.0001006   	0.000178    	0.0001861   
2635        	10          	0.03117     	0.0001581   	0.00016     	0.000133    
2640        	10          	0.04233     	0.0002999   	0.0001209   	0.0001706   
2645        	10          	0.03662     	0.0001478   	0.0001641   	0.0001019   
2650        	10          	0.05338     	5.973e-05   	0.0002275   	8.87e-05    
2655        	10          	0.04699     	0.0002363   	0.0004719   	5.139e-05   
2660        	10          	0.04784     	0.0001117   	0.0004705   	3.041e-05   
2665        	10          	0.03614     	8.776e-05   	0.0004963   	5.139e-05   
2670        	10          	0.02675     	0.0001891   	0.0006134   	0.0001696   
2675        	10          	0.03254     	0.000386    	0.0009992   	7.146e-05   
2680        	10          	0.03429     	9.53e-05    	0.0004739   	5.168e-05   
2685        	10          	0.03117     	6.163e-05   	0.0001613   	0.0001551   
2690        	10          	0.02769     	0.0002233   	0.0004462   	0.0002625   
2695        	10          	0.03306     	0.0002113   	0.0006749   	0.000297    
2700        	10          	0.03195     	0.0001202   	0.000381    	7.368e-05   
2705        	10          	0.03938     	0.0001383   	0.0001876   	0.0001057   
2710        	10          	0.03274     	5.758e-05   	0.0004937   	0.0001866   
2715        	10          	0.03584     	0.0001335   	0.0003587   	8.233e-05   
2720        	10          	0.02846     	0.0001512   	0.0004345   	0.0002321   
2725        	10          	0.0334      	7.229e-05   	0.0001824   	0.0001426   
2730        	10          	0.01889     	0.0001133   	0.0002087   	9.257e-05   
2735        	10          	0.02288     	8.462e-05   	0.0003178   	0.0002757   
2740        	10          	0.01922     	9.448e-05   	0.0003762   	6.582e-05   
2745        	10          	0.02078     	8.857e-05   	0.0002807   	0.0001021   
2750        	10          	0.03484     	8.286e-05   	0.0002991   	0.0002309   
2755        	10          	0.03211     	0.0001399   	0.0003767   	0.0001598   
2760        	10          	0.03072     	3.607e-05   	0.0005435   	8.667e-05   
2765        	10          	0.0235      	0.0001759   	0.0002706   	6.172e-05   
2770        	10          	0.03245     	0.0001463   	0.0004767   	0.0001399   
2775        	10          	0.01739     	0.00021     	9.81e-05    	0.0001453   
2780        	10          	0.02136     	0.0001036   	0.0005347   	0.0001474   
2785        	10          	0.02256     	0.0001196   	0.0002757   	5.672e-05   
2790        	10          	0.03247     	7.476e-05   	0.0002955   	0.0002165   
2795        	10          	0.02707     	8.101e-05   	0.0003827   	0.0001837   
2800        	10          	0.01845     	0.0001584   	0.0006331   	0.000257    
2805        	10          	0.0319      	0.00018     	0.0006717   	0.0002018   
2810        	10          	0.0225      	0.0002614   	0.0005201   	9.558e-05   
2815        	10          	0.02073     	0.0001987   	0.0002344   	9.101e-05   
2820        	10          	0.02556     	8.219e-05   	0.0005528   	0.0001317   
2825        	10          	0.02188     	0.000125    	0.0004706   	6.183e-05   
2830        	10          	0.02689     	0.0001227   	0.0008444   	0.0001604   
2835        	10          	0.02271     	0.0001038   	0.0002259   	9.145e-05   
2840        	10          	0.02395     	9.473e-05   	0.0003205   	0.0001433   
2845        	10          	0.01489     	0.0001237   	8.696e-05   	0.0001759   
2850        	10          	0.01228     	0.0001717   	0.0004031   	0.0001163   
2855        	10          	0.009611    	0.0001459   	0.0004585   	0.0001711   
2860        	10          	0.01879     	0.0002154   	0.0004231   	0.0001006   
2865        	10          	0.0124      	0.0001521   	0.0004246   	0.0001421   
2870        	10          	0.03045     	0.0001758   	0.0002767   	7.28e-05    
2875        	10          	0.02819     	0.0001734   	0.0002851   	7.961e-05   
2880        	10          	0.04017     	0.0002131   	0.0003181   	0.0001038   
2885        	10          	0.01995     	0.0002373   	0.0001464   	0.0001143   
2890        	10          	0.01925     	0.0002166   	0.0001018   	8.597e-05   
2895        	10          	0.01508     	8.152e-05   	8.501e-05   	0.0001398   
2900        	10          	0.03229     	8.998e-05   	0.0001607   	6.806e-05   
2905        	10          	0.02975     	0.0001458   	0.0002125   	0.0001049   
2910        	10          	0.03856     	0.0001159   	0.0002979   	0.0001419   
2915        	10          	0.03027     	6.959e-05   	0.000186    	0.0001313   
2920        	10          	0.0379      	0.0001345   	0.0002679   	7.217e-05   
2925        	10          	0.04151     	0.0001654   	0.0002085   	0.0002128   
2930        	10          	0.02357     	5.059e-05   	0.0001959   	0.0001237   
2935        	10          	0.02708     	9.929e-05   	0.000381    	0.0001815   
2940        	10          	0.02757     	8.233e-05   	0.0002774   	0.0001933   
2945        	10          	0.02551     	2.876e-05   	0.0002442   	0.000262    
2950        	10          	0.03234     	0.0001525   	0.0003151   	0.0001548   
2955        	10          	0.03229     	0.000356    	0.0005226   	0.0002399   
2960        	10          	0.0325      	3.511e-05   	0.0003612   	0.0001154   
2965        	10          	0.02982     	2.763e-05   	0.0002419   	0.0003074   
2970        	10          	0.02668     	7.492e-05   	0.0004417   	0.0002724   
2975        	10          	0.02769     	5.911e-05   	0.0003887   	0.0003362   
2980        	10          	0.03254     	0.0002752   	0.0003455   	0.0002997   
2985        	10          	0.03901     	0.0004226   	0.0003121   	0.0001099   
2990        	10          	0.04233     	0.0001729   	0.000286    	0.0002584   
2995        	10          	0.02056     	0.0001831   	6.198e-05   	9.521e-05   
3000        	10          	0.02869     	7.596e-05   	0.000233    	0.0001405   
3005        	10          	0.02511     	0.0001074   	0.0002845   	8.66e-05    
3010        	10          	0.02411     	0.0001987   	0.0005161   	0.0001891   
3015        	10          	0.02596     	3.27e-05    	0.0002196   	0.0001048   
3020        	10          	0.01619     	0.0001159   	0.0004078   	5.445e-05   
3025        	10          	0.01868     	0.0001883   	0.0002531   	0.0002418   
3030        	10          	0.02038     	9.011e-05   	8.566e-05   	0.0001257   
3035        	10          	0.02962     	8.992e-05   	0.0003218   	9.95e-05    
3040        	10          	0.02422     	5.687e-05   	0.0002752   	0.0001112   
3045        	10          	0.02246     	3.974e-05   	0.0002779   	0.000209    
3050        	10          	0.015       	7.891e-05   	0.0004854   	0.0002555   
3055        	10          	0.02668     	3.139e-05   	0.0003521   	7.935e-05   
3060        	10          	0.0153      	4.212e-05   	0.0001041   	0.0002509   
3065        	10          	0.02077     	7.767e-05   	0.0001934   	0.0001849   
3070        	10          	0.01825     	0.0001274   	0.000266    	5.414e-05   
3075        	10          	0.02625     	0.0001142   	0.0003046   	0.0001144   
3080        	10          	0.01873     	0.0002383   	0.0001059   	0.0001157   
3085        	10          	0.02717     	9.358e-05   	0.0002389   	6.478e-05   
3090        	10          	0.01806     	5.545e-05   	0.0002524   	4.744e-05   
3095        	10          	0.02884     	7.423e-05   	0.000206    	0.0001379   
3100        	10          	0.02864     	0.0001671   	0.0005277   	0.0001648   
3105        	10          	0.02482     	6.358e-05   	0.000198    	0.000118    
3110        	10          	0.01496     	0.0001277   	0.0001706   	0.0001492   
3115        	10          	0.02021     	5.757e-05   	0.0004605   	9.819e-05   
3120        	10          	0.02268     	6.794e-05   	0.0003371   	0.0001278   
3125        	10          	0.01568     	6.564e-05   	0.0004079   	8.056e-05   
3130        	10          	0.02504     	0.0001586   	0.0001211   	9.714e-05   
3135        	10          	0.02139     	0.0002594   	0.0002907   	2.445e-05   
3140        	10          	0.02145     	0.0001017   	0.0001902   	7.835e-05   
3145        	10          	0.0181      	9.69e-05    	0.0001689   	0.0001095   
3150        	10          	0.01647     	0.0002633   	7.139e-05   	8.683e-05   
3155        	10          	0.0185      	0.0002084   	0.0003151   	0.0001713   
3160        	10          	0.01778     	0.0001066   	0.0004197   	9.858e-05   
3165        	10          	0.01861     	0.000182    	0.0001579   	0.0002291   
3170        	10          	0.01577     	0.000126    	0.0002354   	5.964e-05   
3175        	10          	0.01768     	0.0001749   	0.0002577   	9.596e-05   
3180        	10          	0.01304     	0.0001666   	0.0002432   	5.091e-05   
3185        	10          	0.01219     	0.0001534   	0.0003753   	4.284e-05   
3190        	10          	0.01149     	6.698e-05   	0.0003297   	5.897e-05   
3195        	10          	0.0163      	0.0002966   	0.0004301   	0.0001271   
3200        	10          	0.005747    	0.0001618   	0.0003674   	0.0002461   
3205        	10          	0.008625    	0.0001872   	0.000525    	0.0003216   
3210        	10          	0.005803    	5.64e-05    	0.0001865   	0.0001227   
3215        	10          	0.009289    	0.00028     	0.0004552   	0.0001555   
3220        	10          	0.009514    	5.692e-05   	0.0001494   	2.383e-05   
3225        	10          	0.01078     	0.0001489   	0.0001405   	5.257e-05   
3230        	10          	0.01534     	6.645e-05   	0.0001174   	0.0001021   
3235        	10          	0.01032     	7.856e-05   	0.0003574   	0.0001778   
3240        	10          	0.01567     	0.0001712   	0.0002214   	0.0001845   
3245        	10          	0.009003    	0.0001558   	0.0002871   	0.0001168   
3250        	10          	0.01435     	8.113e-05   	0.000297    	4.267e-05   
3255        	10          	0.01128     	0.000179    	0.000295    	5.607e-05   
3260        	10          	0.01401     	0.000156    	0.0002758   	3.374e-05   
3265        	10          	0.01949     	0.0001854   	0.0001368   	0.0001067   
3270        	10          	0.02471     	5.31e-05    	0.0004224   	6.389e-05   
3275        	10          	0.01146     	9.756e-05   	0.0003995   	0.000141    
3280        	10          	0.009833    	7.835e-05   	0.0004583   	0.0001416   
3285        	10          	0.02117     	4.907e-05   	0.0001757   	0.0001032   
3290        	10          	0.01771     	0.0001193   	0.0001269   	0.000114    
3295        	10          	0.01061     	0.00024     	0.0003259   	0.0001406   
3300        	10          	0.01208     	7.178e-05   	0.0001338   	8.294e-05   
3305        	10          	0.01411     	0.0001564   	0.0003853   	0.0001455   
3310        	10          	0.01674     	0.0002151   	0.0005033   	0.0001926   
3315        	10          	0.01686     	0.0002388   	0.0002552   	4.909e-05   
3320        	10          	0.01943     	9.198e-05   	0.0003614   	4.846e-05   
3325        	10          	0.0199      	0.0001493   	0.0003066   	0.0001072   
3330        	10          	0.03571     	0.0001889   	0.0003184   	0.0003432   
3335        	10          	0.0345      	0.0001069   	0.0002629   	0.0001017   
3340        	10          	0.06577     	9.704e-05   	0.0004913   	0.0001672   
3345        	10          	0.03688     	7.744e-05   	0.0002414   	8.231e-05   
3350        	10          	0.01711     	0.0001427   	0.000403    	9.892e-05   
3355        	10          	0.03325     	8.453e-05   	0.0004103   	0.0001262   
3360        	10          	0.04584     	0.0002136   	0.0001765   	0.0003118   
3365        	10          	0.02656     	0.0001414   	0.0002653   	0.0002072   
3370        	10          	0.03241     	7.018e-05   	0.0004581   	0.0001965   
3375        	10          	0.02829     	4.955e-05   	8.833e-05   	7.075e-05   
3380        	10          	0.02884     	0.0001636   	0.0004333   	0.0001356   
3385        	10          	0.04077     	0.0002291   	0.0003755   	0.0001039   
3390        	10          	0.05512     	0.0001979   	0.0002587   	6.072e-05   
3395        	10          	0.03628     	0.000107    	0.0002431   	4.693e-05   
3400        	10          	0.05634     	0.0001991   	0.0005156   	9.49e-05    
3405        	10          	0.02807     	0.0001366   	0.0003907   	0.0001711   
3410        	10          	0.04177     	0.0002549   	0.0007292   	0.0001049   
3415        	10          	0.04756     	0.000231    	0.0007428   	0.0001193   
3420        	10          	0.05532     	0.0001386   	0.0003127   	4.113e-05   
3425        	10          	0.03761     	0.0001236   	0.0003451   	9.23e-05    
3430        	10          	0.03933     	6.844e-05   	0.0002693   	8.654e-05   
3435        	10          	0.02916     	0.0002949   	0.0002704   	0.0001107   
3440        	10          	0.03017     	0.0001807   	9.157e-05   	9.41e-05    
3445        	10          	0.02707     	0.0001344   	0.0002474   	0.0001042   
3450        	10          	0.04786     	0.0001766   	0.0003221   	3.472e-05   
3455        	10          	0.02699     	0.0002826   	0.0002748   	8.564e-05   
3460        	10          	0.03456     	3.768e-05   	0.000211    	6.882e-05   
3465        	10          	0.02493     	8.257e-05   	0.0004791   	0.0001644   
3470        	10          	0.02839     	0.000124    	0.0002103   	0.0001004   
3475        	10          	0.04167     	0.0001187   	0.0003109   	6.053e-05   
3480        	10          	0.02824     	0.0001346   	0.0003555   	0.000133    
3485        	10          	0.03538     	6.609e-05   	0.0007125   	6.621e-05   
3490        	10          	0.03791     	0.000138    	0.0003386   	0.000109    
3495        	10          	0.04432     	8.104e-05   	0.0003621   	0.0002626   
3500        	10          	0.04523     	0.0003159   	0.0003368   	0.0001856   
3505        	10          	0.05075     	9.412e-05   	0.0004679   	0.000166    
3510        	10          	0.0405      	0.0001356   	0.0006351   	0.0001003   
3515        	10          	0.04901     	9.561e-05   	0.0004855   	0.0002719   
3520        	10          	0.04771     	0.0001741   	0.0001087   	0.0001367   
3525        	10          	0.03604     	0.0001416   	0.0002483   	0.0001656   
3530        	10          	0.04451     	0.0001937   	0.0002588   	0.0001176   
3535        	10          	0.0469      	0.000113    	0.0002756   	9.561e-05   
3540        	10          	0.0475      	0.0001407   	0.0001476   	0.0001377   
3545        	10          	0.04704     	0.0001017   	0.0003516   	0.0001018   
3550        	10          	0.05502     	0.0002602   	0.0003993   	0.0001444   
3555        	10          	0.05518     	0.0002708   	0.0004      	9.138e-05   
3560        	10          	0.04299     	0.0001133   	0.0003873   	0.0001808   
3565        	10          	0.03436     	0.0001431   	0.0005899   	0.0001813   
3570        	10          	0.03072     	8.059e-05   	0.0002518   	0.0002707   
3575        	10          	0.02318     	0.0001168   	0.0004891   	0.0001384   
3580        	10          	0.02733     	0.0001862   	0.0002962   	0.0002005   
3585        	10          	0.04722     	4.159e-05   	0.0001876   	6.742e-05   
3590        	10          	0.03018     	9.787e-05   	0.0002096   	0.0001111   
3595        	10          	0.03023     	3.717e-05   	0.0003442   	0.000122    
3600        	10          	0.01986     	0.0001287   	0.0004941   	0.0001523   
3605        	10          	0.04004     	8.461e-05   	0.0003833   	0.0001794   
3610        	10          	0.01349     	0.0001371   	0.0005329   	5.619e-05   
3615        	10          	0.02467     	2.258e-05   	0.0001443   	0.0001096   
3620        	10          	0.03322     	0.0001429   	0.0004139   	0.0001217   
3625        	10          	0.02338     	0.0001155   	0.000211    	0.0001728   
3630        	10          	0.02749     	0.0001561   	0.0002409   	3.852e-05   
3635        	10          	0.02401     	0.0002395   	0.0003617   	1.76e-05    
3640        	10          	0.01916     	0.0002521   	0.0002773   	5.554e-05   
3645        	10          	0.03573     	0.000145    	0.0003833   	2.984e-05   
3650        	10          	0.03407     	6.009e-05   	0.0003059   	0.0001422   
3655        	10          	0.02484     	0.0001165   	0.0002747   	8.747e-05   
3660        	10          	0.02136     	6.764e-05   	9.749e-05   	8.44e-05    
3665        	10          	0.03549     	0.000116    	0.0002444   	0.0001096   
3670        	10          	0.03586     	0.0001782   	0.0003972   	0.0001632   
3675        	10          	0.02822     	0.000113    	0.0002434   	8.723e-05   
3680        	10          	0.03977     	5.256e-05   	0.0004176   	0.0002542   
3685        	10          	0.0275      	0.0001015   	0.0002007   	0.0001402   
3690        	10          	0.03346     	0.0001436   	0.0001007   	7.235e-05   
3695        	10          	0.03382     	0.0001607   	0.000422    	0.00021     
3700        	10          	0.02888     	9.261e-05   	0.0003303   	0.0001146   
3705        	10          	0.02368     	6.666e-05   	0.000415    	0.0002007   
3710        	10          	0.03362     	0.0001272   	6.532e-05   	0.0001331   
3715        	10          	0.02497     	0.0001313   	0.0004486   	0.0001631   
3720        	10          	0.032       	0.0001555   	0.0002962   	0.0001459   
3725        	10          	0.02878     	0.0001753   	0.000201    	8.186e-05   
3730        	10          	0.02978     	0.0001341   	0.0003167   	0.0001526   
3735        	10          	0.01678     	0.0001327   	0.000243    	0.0001546   
3740        	10          	0.01979     	0.0001147   	0.0002505   	8.913e-05   
3745        	10          	0.0235      	0.0004243   	0.0005099   	0.0001396   
3750        	10          	0.01211     	0.0002841   	0.0003322   	0.0001128   
3755        	10          	0.02378     	0.0001873   	0.0001948   	0.0001835   
3760        	10          	0.0189      	0.0001626   	0.0002713   	7.191e-05   
3765        	10          	0.02532     	8.54e-05    	0.0001456   	3.052e-05   
3770        	10          	0.03935     	0.0002163   	0.0003149   	0.0001008   
3775        	10          	0.03957     	0.000172    	0.0005207   	5.689e-05   
3780        	10          	0.04101     	0.0001859   	0.0002201   	8.244e-05   
3785        	10          	0.02407     	6.672e-05   	0.0002949   	6.545e-05   
3790        	10          	0.01795     	8.602e-05   	0.0001402   	0.0001454   
3795        	10          	0.0284      	0.0001327   	0.0003762   	0.000103    
3800        	10          	0.02966     	0.0002917   	0.0005417   	0.0001423   
3805        	10          	0.03235     	9.278e-05   	0.0003353   	6.929e-05   
3810        	10          	0.03558     	9.221e-05   	0.0003087   	6.852e-05   
3815        	10          	0.02688     	0.0002684   	0.0002952   	3.834e-05   
3820        	10          	0.02383     	0.0001153   	0.0001895   	2.665e-05   
3825        	10          	0.03134     	0.000166    	0.0001483   	0.0001295   
3830        	10          	0.03956     	9.206e-05   	0.0001649   	0.000224    
3835        	10          	0.04358     	6.485e-05   	0.0005253   	0.000145    
3840        	10          	0.03988     	0.0001495   	0.0005396   	0.0001041   
3845        	10          	0.05101     	0.000221    	0.0001195   	5.865e-05   
3850        	10          	0.04961     	0.0001483   	0.0002109   	0.0001866   
3855        	10          	0.04762     	5.022e-05   	0.0005874   	0.0003581   
3860        	10          	0.04014     	0.000172    	0.0001625   	0.0001194   
3865        	10          	0.04738     	7.165e-05   	0.0001948   	0.0001683   
3870        	10          	0.0439      	0.0002034   	0.0001234   	0.0002426   
3875        	10          	0.03125     	0.000162    	7.994e-05   	8.619e-05   
3880        	10          	0.05391     	0.0001473   	0.0003756   	0.0001034   
3885        	10          	0.05927     	8.493e-05   	0.0004196   	8.213e-05   
3890        	10          	0.06267     	3.284e-05   	0.0003069   	0.0001345   
3895        	10          	0.07279     	7.677e-05   	0.0002218   	0.0001038   
3900        	10          	0.06906     	4.925e-05   	0.0001911   	0.0001332   
3905        	10          	0.03878     	0.0001021   	0.0003046   	0.0001289   
3910        	10          	0.05162     	0.0002483   	0.0002032   	2.301e-05   
3915        	10          	0.05028     	8.173e-05   	0.0001188   	3.027e-05   
3920        	10          	0.06202     	9.122e-05   	0.0001432   	7.828e-05   
3925        	10          	0.0445      	0.0001012   	0.000514    	7.194e-05   
3930        	10          	0.05775     	0.0001341   	0.0001639   	4.673e-05   
3935        	10          	0.04933     	0.0001547   	0.0001383   	0.0001136   
3940        	10          	0.0384      	0.0002354   	0.0002557   	9.53e-05    
3945        	10          	0.06366     	0.0001307   	0.0002996   	8.585e-05   
3950        	10          	0.06286     	8.417e-05   	0.0003629   	9.57e-05    
3955        	10          	0.08486     	0.0001844   	0.0007494   	0.0001386   
3960        	10          	0.06234     	0.0001986   	0.0008744   	0.0001673   
3965        	10          	0.05468     	0.0001598   	0.0003572   	0.0001549   
3970        	10          	0.05906     	0.0002482   	0.0003722   	6.748e-05   
3975        	10          	0.04999     	0.0001398   	0.0001296   	0.0001402   
3980        	10          	0.03432     	0.0001374   	0.0005291   	8.06e-05    
3985        	10          	0.05082     	9.471e-05   	0.0002792   	4.64e-05    
3990        	10          	0.03741     	0.0001899   	0.0003688   	0.0002114   
3995        	10          	0.04012     	0.000206    	0.0005055   	0.0001215   
4000        	10          	0.05912     	0.0001495   	0.0003957   	8.8e-05     
4005        	10          	0.05145     	0.0003823   	0.0003579   	0.0001667   
4010        	10          	0.04174     	0.0004719   	0.0003114   	0.0001788   
4015        	10          	0.05        	0.0003151   	0.0005296   	7.852e-05   
4020        	10          	0.0409      	0.0001046   	0.0003491   	0.0001508   
4025        	10          	0.04162     	0.0004583   	0.0008572   	0.0002461   
4030        	10          	0.04934     	0.0001534   	0.0007659   	6.415e-05   
4035        	10          	0.04049     	0.0009705   	0.001013    	0.0002118   
4040        	10          	0.04649     	0.0007556   	0.001865    	0.000141    
4045        	10          	0.04708     	0.000946    	0.00159     	0.0003203   
4050        	10          	0.04934     	0.001142    	0.001338    	0.0001348   
4055        	10          	0.04724     	0.0005895   	0.001152    	0.0002291   
4060        	10          	0.04739     	0.0005894   	0.001786    	0.0003977   
4065        	10          	0.03312     	0.00113     	0.002132    	0.0008344   
4070        	10          	0.03218     	0.0008116   	0.001714    	0.0007095   
4075        	10          	0.02473     	0.0008269   	0.002306    	0.001325    
4080        	10          	0.01723     	0.0009486   	0.001432    	0.00183     
4085        	10          	0.04611     	0.001389    	0.002039    	0.001674    
4090        	10          	0.047       	0.001002    	0.001605    	0.001094    
4095        	10          	0.05989     	0.0005062   	0.001543    	0.001346    
4100        	10          	0.06522     	0.0002941   	0.001093    	0.001177    
4105        	10          	0.06347     	0.0003437   	0.0007163   	0.001393    
4110        	10          	0.0781      	0.0004181   	0.001157    	0.001745    
4115        	10          	0.06845     	0.0003277   	0.001424    	0.001332    
4120        	10          	0.06956     	0.0001185   	0.0009355   	0.0006273   
4125        	10          	0.07538     	0.0002391   	0.001368    	0.001185    
4130        	10          	0.07597     	0.0002      	0.002569    	0.0019      
4135        	10          	0.06158     	7.436e-05   	0.0015      	0.001528    
4140        	10          	0.06473     	0.0001171   	0.002825    	0.002135    
4145        	10          	0.05688     	3.553e-05   	0.002186    	0.001655    
4150        	10          	0.04539     	0.0001271   	0.001666    	0.001845    
4155        	10          	0.04051     	0.000208    	0.002347    	0.001734    
4160        	10          	0.03766     	0.0001945   	0.001959    	0.002016    
4165        	10          	0.05162     	0.0001605   	0.002912    	0.002176    
4170        	10          	0.036       	0.0001773   	0.002845    	0.003029    
4175        	10          	0.0445      	6.45e-05    	0.002902    	0.002397    
4180        	10          	0.02484     	5.032e-05   	0.003849    	0.003821    
4185        	10          	0.02511     	0.0001573   	0.00386     	0.004959    
4190        	10          	0.02986     	9.708e-05   	0.003173    	0.004185    
4195        	10          	0.02919     	8.121e-05   	0.004177    	0.002757    
4200        	10          	0.02408     	0.0002084   	0.004068    	0.003878    
4205        	10          	0.03413     	0.0001021   	0.003135    	0.003102    
4210        	10          	0.04373     	0.0001117   	0.002343    	0.001349    
4215        	10          	0.04228     	6.022e-05   	0.002034    	0.002516    
4220        	10          	0.04964     	6.468e-05   	0.002125    	0.002575    
4225        	10          	0.03638     	5.002e-05   	0.002802    	0.002409    
4230        	10          	0.02041     	8.461e-05   	0.002873    	0.00329     
4235        	10          	0.03338     	0.0001344   	0.002778    	0.002756    
4240        	10          	0.04439     	9.438e-05   	0.002671    	0.002326    
4245        	10          	0.03339     	0.0002347   	0.002283    	0.001805    
4250        	10          	0.03046     	5.302e-05   	0.001727    	0.001864    
4255        	10          	0.03211     	0.0001166   	0.002237    	0.001557    
4260        	10          	0.02675     	9.447e-05   	0.001652    	0.001243    
4265        	10          	0.02823     	0.0001383   	0.002641    	0.001404    
4270        	10          	0.03071     	7.818e-05   	0.001633    	0.001979    
4275        	10          	0.03273     	0.000172    	0.002898    	0.002556    
4280        	10          	0.03225     	5.519e-05   	0.002849    	0.002212    
4285        	10          	0.02934     	0.0002977   	0.002446    	0.001536    
4290        	10          	0.02654     	0.0001267   	0.002971    	0.001627    
4295        	10          	0.03522     	0.0002002   	0.002863    	0.0018      
4300        	10          	0.0384      	0.0002074   	0.003817    	0.002454    
4305        	10          	0.03879     	0.0001034   	0.00357     	0.003043    
4310        	10          	0.03633     	0.0003807   	0.003192    	0.003069    
4315        	10          	0.02411     	0.0001326   	0.003289    	0.003064    
4320        	10          	0.0306      	3.951e-05   	0.002504    	0.00223     
4325        	10          	0.04311     	0.0002093   	0.002072    	0.002792    
4330        	10          	0.0234      	0.0001787   	0.002228    	0.002502    
4335        	10          	0.02751     	0.0001556   	0.002731    	0.001971    
4340        	10          	0.03384     	0.0001404   	0.002884    	0.002434    
4345        	10          	0.03764     	0.0001295   	0.0027      	0.00248     
4350        	10          	0.02789     	6.787e-05   	0.001866    	0.001865    
4355        	10          	0.02786     	0.0001123   	0.001516    	0.002346    
4360        	10          	0.03528     	0.0002789   	0.001712    	0.00237     
4365        	10          	0.04906     	0.0001209   	0.001064    	0.002682    
4370        	10          	0.04111     	0.0001615   	0.001611    	0.002263    
4375        	10          	0.03818     	0.0003244   	0.001497    	0.002687    
4380        	10          	0.03846     	8.619e-05   	0.001298    	0.002133    
4385        	10          	0.0248      	0.0001197   	0.001668    	0.001589    
4390        	10          	0.02693     	0.0001109   	0.00111     	0.00199     
4395        	10          	0.04207     	0.0004387   	0.0009746   	0.001377    
4400        	10          	0.02871     	0.0001312   	0.0009332   	0.001704    
4405        	10          	0.02766     	0.0001796   	0.001446    	0.001645    
4410        	10          	0.03635     	0.0001489   	0.001894    	0.001616    
4415        	10          	0.02317     	0.0002386   	0.001462    	0.001748    
4420        	10          	0.02807     	8.984e-05   	0.0008478   	0.001789    
4425        	10          	0.02671     	0.0001316   	0.000539    	0.0006189   
4430        	10          	0.03617     	2.063e-05   	0.001485    	0.0008357   
4435        	10          	0.02458     	0.0001008   	0.001179    	0.001127    
4440        	10          	0.02293     	0.0001714   	0.0008943   	0.001042    
4445        	10          	0.02611     	6.103e-05   	0.001173    	0.001378    
4450        	10          	0.03671     	0.0001634   	0.001043    	0.001318    
4455        	10          	0.02773     	8.356e-05   	0.001125    	0.001138    
4460        	10          	0.039       	0.000144    	0.001712    	0.001535    
4465        	10          	0.0236      	0.0001231   	0.00134     	0.0018      
4470        	10          	0.02808     	0.0001808   	0.001181    	0.00141     
4475        	10          	0.02235     	0.0001458   	0.001641    	0.001497    
4480        	10          	0.03128     	0.0002971   	0.001151    	0.001095    
4485        	10          	0.02138     	0.0004033   	0.001992    	0.001342    
4490        	10          	0.01467     	0.0001156   	0.001961    	0.0009783   
4495        	10          	0.01941     	0.0001617   	0.001906    	0.0004122   
4500        	10          	0.01714     	0.0001425   	0.00198     	0.001194    
4505        	10          	0.01832     	9.351e-05   	0.00232     	0.001266    
4510        	10          	0.02673     	0.0001865   	0.002785    	0.001385    
4515        	10          	0.02123     	4.577e-05   	0.002218    	0.001716    
4520        	10          	0.01984     	0.0003053   	0.002348    	0.00144     
4525        	10          	0.0169      	0.0001492   	0.001188    	0.0009357   
4530        	10          	0.01971     	4.594e-05   	0.0009678   	0.0007695   
4535        	10          	0.01978     	5.814e-05   	0.001668    	0.001158    
4540        	10          	0.01834     	0.0001373   	0.001031    	0.0008175   
4545        	10          	0.02596     	0.0003629   	0.001456    	0.0008891   
4550        	10          	0.0279      	4.946e-05   	0.001217    	0.000981    
4555        	10          	0.03496     	0.0001225   	0.0006123   	0.0005588   
4560        	10          	0.02824     	0.0003189   	0.001886    	0.001225    
4565        	10          	0.04023     	0.0002124   	0.001352    	0.001204    
4570        	10          	0.02601     	0.000266    	0.001635    	0.001117    
4575        	10          	0.02151     	0.0001386   	0.001323    	0.0015      
4580        	10          	0.01883     	0.000131    	0.001936    	0.001303    
4585        	10          	0.02846     	4.406e-05   	0.00234     	0.002413    
4590        	10          	0.0361      	0.0002698   	0.002032    	0.002561    
4595        	10          	0.02328     	0.0001781   	0.002675    	0.002894    
4600        	10          	0.03627     	0.0001147   	0.003527    	0.004087    
4605        	10          	0.04057     	7.878e-05   	0.00252     	0.002721    
4610        	10          	0.02964     	0.0003468   	0.003612    	0.004249    
4615        	10          	0.0301      	0.0002669   	0.003597    	0.002694    
4620        	10          	0.0288      	0.0001648   	0.004535    	0.003257    
4625        	10          	0.02049     	0.0001111   	0.004403    	0.004714    
4630        	10          	0.03874     	0.0001223   	0.004558    	0.004284    
4635        	10          	0.03447     	0.0001004   	0.004094    	0.003918    
4640        	10          	0.02677     	0.000105    	0.005092    	0.004066    
4645        	10          	0.02101     	0.0001115   	0.003883    	0.002975    
4650        	10          	0.02589     	0.0001302   	0.00467     	0.003966    
4655        	10          	0.009556    	0.0001253   	0.002749    	0.003092    
4660        	10          	0.01197     	0.0001741   	0.003809    	0.003476    
4665        	10          	0.01386     	0.000148    	0.003463    	0.004513    
4670        	10          	0.02116     	0.0001434   	0.003568    	0.005298    
4675        	10          	0.02251     	0.000138    	0.003609    	0.003791    
4680        	10          	0.02451     	0.0001125   	0.002421    	0.003494    
4685        	10          	0.03272     	8.243e-05   	0.002469    	0.003035    
4690        	10          	0.0281      	0.000161    	0.002412    	0.00271     
4695        	10          	0.02375     	0.0001962   	0.002145    	0.004228    
4700        	10          	0.02886     	0.0001181   	0.001332    	0.003924    
4705        	10          	0.02885     	0.0001135   	0.002744    	0.00425     
4710        	10          	0.01984     	4.892e-05   	0.003139    	0.003257    
4715        	10          	0.01851     	0.0002046   	0.002359    	0.003059    
4720        	10          	0.02082     	0.0001575   	0.002305    	0.003028    
4725        	10          	0.02819     	0.000104    	0.002381    	0.002195    
4730        	10          	0.02968     	0.0002189   	0.002427    	0.002227    
4735        	10          	0.02516     	0.0003392   	0.002576    	0.002931    
4740        	10          	0.02958     	0.0001416   	0.002386    	0.003151    
4745        	10          	0.01908     	0.0001776   	0.002546    	0.002129    
4750        	10          	0.03539     	8.287e-05   	0.002075    	0.001843    
4755        	10          	0.03238     	9.768e-05   	0.00241     	0.0009691   
4760        	10          	0.04186     	6.898e-05   	0.00124     	0.001001    
4765        	10          	0.03021     	0.0001467   	0.001715    	0.001722    
4770        	10          	0.02817     	0.0003238   	0.00249     	0.001689    
4775        	10          	0.01929     	0.0001741   	0.002224    	0.001584    
4780        	10          	0.0224      	0.000131    	0.003381    	0.001958    
4785        	10          	0.03138     	0.0002271   	0.003653    	0.002894    
4790        	10          	0.02314     	2.782e-05   	0.003668    	0.002761    
4795        	10          	0.0228      	0.0001092   	0.00324     	0.001919    
4800        	10          	0.01589     	2.638e-05   	0.003624    	0.002532    
4805        	10          	0.01866     	9.031e-05   	0.00295     	0.002249    
4810        	10          	0.01193     	5.801e-05   	0.003438    	0.00265     
4815        	10          	0.01516     	5.289e-05   	0.003888    	0.002664    
4820        	10          	0.01807     	5.953e-05   	0.002693    	0.002854    
4825        	10          	0.02353     	0.0002102   	0.003767    	0.003553    
4830        	10          	0.01388     	8.491e-05   	0.002806    	0.002871    
4835        	10          	0.01536     	9.124e-05   	0.003587    	0.002734    
4840        	10          	0.012       	0.0001769   	0.003237    	0.003113    
4845        	10          	0.01717     	0.0002335   	0.003701    	0.002499    
4850        	10          	0.01311     	0.0001623   	0.00368     	0.003448    
4855        	10          	0.01304     	0.0001427   	0.003092    	0.002957    
4860        	10          	0.009792    	0.0002352   	0.003741    	0.003369    
4865        	10          	0.0089      	8.955e-05   	0.003521    	0.003024    
4870        	10          	0.006222    	0.0001567   	0.002941    	0.003522    
4875        	10          	0.008558    	0.0001631   	0.004499    	0.003913    
4880        	10          	0.009178    	0.0001299   	0.003948    	0.002604    
4885        	10          	0.0134      	0.0001633   	0.003433    	0.003881    
4890        	10          	0.01723     	7.331e-05   	0.0037      	0.004255    
4895        	10          	0.01773     	0.0001628   	0.003587    	0.004051    
4900        	10          	0.01221     	0.0002261   	0.004158    	0.00458     
4905        	10          	0.01346     	0.0002225   	0.00422     	0.004862    
4910        	10          	0.01954     	0.0001351   	0.004093    	0.004073    
4915        	10          	0.02197     	0.0001376   	0.005651    	0.005224    
4920        	10          	0.0229      	0.0002393   	0.004876    	0.004356    
4925        	10          	0.01617     	0.0001294   	0.005271    	0.005144    
4930        	10          	0.01184     	0.0001601   	0.005044    	0.003547    
4935        	10          	0.02084     	0.0001859   	0.004702    	0.004784    
4940        	10          	0.01432     	0.0002175   	0.005833    	0.005092    
4945        	10          	0.01996     	0.0001376   	0.005034    	0.005227    
4950        	10          	0.007678    	0.000314    	0.003958    	0.004043    
4955        	10          	0.02111     	0.000134    	0.003651    	0.004585    
4960        	10          	0.012       	0.0001706   	0.004277    	0.004784    
4965        	10          	0.01241     	0.0002914   	0.004257    	0.005985    
4970        	10          	0.016       	0.0002516   	0.006076    	0.006401    
4975        	10          	0.01512     	0.0002862   	0.005979    	0.006593    
4980        	10          	0.01703     	0.0002093   	0.005498    	0.006615    
4985        	10          	0.01225     	0.0001548   	0.005161    	0.005222    
4990        	10          	0.0085      	0.0001973   	0.005529    	0.005367    
4995        	10          	0.008878    	0.0001518   	0.006067    	0.005603    
5000        	10          	0.01671     	0.0002938   	0.005829    	0.005394    
