generation  	alive.rpl   	n.adlt.rs   	n.adlt.fst.wc_p1-2	n.adlt.fst.wc_p1-3	n.adlt.fst.wc_p2-3
5           	10          	0.008489    	1.981e-06   	2.454e-06   	1.728e-06   
10          	10          	0.03754     	2.471e-06   	2.785e-06   	3.581e-06   
15          	10          	0.005711    	2.09e-06    	3.974e-06   	5.117e-06   
20          	10          	0.01234     	8.752e-07   	5.315e-06   	2.613e-06   
25          	10          	0.02023     	1.502e-06   	3.356e-06   	2.121e-06   
30          	10          	0.01861     	3.047e-06   	4.265e-06   	7.669e-07   
35          	10          	0.01789     	3.735e-06   	6.136e-06   	1.011e-06   
40          	10          	0.02824     	3.698e-06   	3.504e-06   	2.387e-06   
45          	10          	0.01361     	3.281e-06   	3.663e-06   	9.524e-07   
50          	10          	0.0571      	9.448e-07   	2.112e-06   	1.72e-06    
55          	10          	0.03023     	4.177e-06   	4.115e-06   	1.251e-06   
60          	10          	0.02712     	2.818e-06   	2.889e-06   	1.756e-06   
65          	10          	0.046       	4.323e-06   	3.266e-06   	1.007e-05   
70          	10          	0.04279     	4.55e-06    	5.688e-06   	7.893e-06   
75          	10          	0.0215      	2.591e-06   	4.789e-06   	2.986e-06   
80          	10          	0.02856     	5.438e-06   	7.266e-06   	3.132e-06   
85          	10          	0.04201     	2.781e-06   	5.466e-06   	3.308e-06   
90          	10          	0.02182     	7.278e-06   	4.419e-06   	1.005e-05   
95          	10          	0.0748      	3.914e-06   	3.851e-06   	3.122e-06   
100         	10          	0.03691     	2.187e-06   	1.536e-05   	9.499e-06   
105         	10          	0.05489     	5.895e-06   	5.958e-06   	3.109e-06   
110         	10          	0.0268      	3.037e-06   	1.024e-06   	1.146e-06   
115         	10          	0.08167     	2.08e-06    	3.896e-06   	3.093e-06   
120         	10          	0.04101     	7.644e-06   	9.98e-06    	2.72e-06    
125         	10          	0.03272     	2.802e-06   	7.281e-06   	3.647e-06   
130         	10          	0.06096     	2.624e-06   	4.354e-06   	2.424e-06   
135         	10          	0.05074     	4.845e-06   	4.157e-06   	7.82e-07    
140         	10          	0.06608     	2.52e-06    	8.324e-06   	5.094e-06   
145         	10          	0.03523     	6.17e-06    	8.673e-06   	2.789e-06   
150         	10          	0.05779     	2.712e-06   	6.055e-06   	7.835e-06   
155         	10          	0.04046     	4.078e-06   	1.137e-05   	3.733e-06   
160         	10          	0.05145     	1.26e-05    	6.972e-06   	3.48e-06    
165         	10          	0.04025     	7.189e-06   	5.797e-06   	3.039e-06   
170         	10          	0.04596     	3.056e-06   	6.327e-06   	3.856e-06   
175         	10          	0.04477     	2.71e-06    	5.939e-06   	3.601e-06   
180         	10          	0.02296     	3.317e-06   	9.637e-06   	4.415e-06   
185         	10          	0.03745     	1.975e-06   	4.573e-06   	4.166e-06   
190         	10          	0.03828     	8.313e-06   	1.838e-05   	4.596e-06   
195         	10          	0.04966     	7.404e-06   	1.155e-05   	4.082e-06   
200         	10          	0.03319     	4.392e-06   	1.154e-05   	2.359e-06   
205         	10          	0.06817     	1.238e-05   	2.033e-05   	6.779e-06   
210         	10          	0.04704     	6.231e-06   	5.942e-06   	2.573e-06   
215         	10          	0.04768     	6.321e-06   	7.435e-06   	1.257e-05   
220         	10          	0.04568     	1.071e-05   	8.628e-06   	5.706e-06   
225         	10          	0.08918     	3.455e-06   	7.3e-06     	5.799e-06   
230         	10          	0.04689     	7.218e-06   	3.338e-06   	1.656e-06   
235         	10          	0.07972     	4.674e-06   	7.429e-06   	8.746e-07   
240         	10          	0.1026      	9.593e-06   	3.69e-06    	2.813e-06   
245         	10          	0.04288     	3.752e-06   	4.174e-06   	8.111e-06   
250         	10          	0.06491     	1.094e-05   	8.963e-06   	4.88e-06    
255         	10          	0.03007     	6.448e-06   	3.648e-06   	6.048e-06   
260         	10          	0.04867     	2.949e-06   	9.801e-06   	5.642e-06   
265         	10          	0.04441     	3.647e-06   	8.929e-06   	3.804e-06   
270         	10          	0.05957     	2.955e-06   	1.45e-05    	5.442e-06   
275         	10          	0.06773     	7.735e-06   	8.151e-06   	4.845e-06   
280         	10          	0.04614     	6.389e-06   	9.681e-06   	6.345e-06   
285         	10          	0.06617     	4.129e-06   	4.439e-06   	4.08e-06    
290         	10          	0.06656     	7.102e-06   	9.75e-06    	7.378e-06   
295         	10          	0.05275     	7.538e-06   	1.417e-05   	5.206e-06   
300         	10          	0.05791     	3.77e-06    	8.669e-06   	2.671e-06   
305         	10          	0.03345     	9.209e-06   	1.015e-05   	6.622e-06   
310         	10          	0.05511     	1.075e-05   	9.55e-06    	1.083e-05   
315         	10          	0.06732     	7.097e-06   	1.224e-05   	3.939e-06   
320         	10          	0.03935     	3.811e-06   	1.108e-05   	1.026e-05   
325         	10          	0.02538     	5.633e-06   	8.518e-06   	1.866e-05   
330         	10          	0.03007     	5.577e-06   	6.004e-06   	7.285e-06   
335         	10          	0.02167     	3.949e-06   	3.189e-06   	3.928e-06   
340         	10          	0.05121     	5.159e-06   	7.403e-06   	5.771e-06   
345         	10          	0.04995     	1.154e-05   	3.535e-05   	1.376e-05   
350         	10          	0.07054     	8.278e-06   	6.876e-06   	3.351e-06   
355         	10          	0.07917     	9.612e-06   	1.404e-05   	5.134e-06   
360         	10          	0.05836     	4.035e-06   	4.215e-06   	2.535e-06   
365         	10          	0.05484     	5.894e-06   	4.232e-06   	3.035e-06   
370         	10          	0.03989     	5.847e-06   	8.285e-06   	4.863e-06   
375         	10          	0.08006     	4.65e-06    	3.719e-06   	8.226e-06   
380         	10          	0.0269      	3.118e-06   	1.402e-05   	8.679e-06   
385         	10          	0.0438      	1.741e-05   	6.282e-06   	2.996e-06   
390         	10          	0.07171     	3.37e-06    	5.075e-06   	3.254e-06   
395         	10          	0.07189     	1.227e-05   	6.973e-06   	4.112e-06   
400         	10          	0.05036     	7.247e-06   	1.344e-05   	1.049e-05   
405         	10          	0.07793     	5.709e-06   	9.97e-06    	6.335e-06   
410         	10          	0.03445     	6.847e-06   	1.756e-05   	6.231e-06   
415         	10          	0.03644     	1.214e-05   	2.249e-05   	4.551e-06   
420         	10          	0.05645     	6.668e-06   	4.713e-06   	5.78e-06    
425         	10          	0.06684     	7.929e-06   	6.778e-06   	6.963e-06   
430         	10          	0.03712     	5.099e-06   	8.344e-06   	8.023e-06   
435         	10          	0.09039     	4.414e-06   	1.18e-05    	1.011e-05   
440         	10          	0.07912     	6.229e-06   	1.691e-05   	8.361e-06   
445         	10          	0.06523     	5.281e-06   	8.4e-06     	2.985e-06   
450         	10          	0.0921      	4.779e-06   	9.579e-06   	8.054e-06   
455         	10          	0.05856     	7.59e-06    	5.722e-06   	3.969e-06   
460         	10          	0.105       	1.047e-05   	5.213e-06   	8.07e-06    
465         	10          	0.07749     	6.496e-06   	6.929e-06   	9.847e-06   
470         	10          	0.1274      	7.359e-06   	8.293e-06   	6.777e-06   
475         	10          	0.1201      	6.994e-06   	1.432e-05   	7.362e-06   
480         	10          	0.1172      	4.692e-06   	4.834e-06   	5.275e-06   
485         	10          	0.09206     	6.625e-06   	8.446e-06   	6.199e-06   
490         	10          	0.108       	5.757e-06   	6.069e-06   	3.094e-06   
495         	10          	0.09017     	4.019e-06   	1.094e-05   	4.512e-06   
500         	10          	0.07806     	8.881e-06   	1.096e-05   	9.649e-06   
505         	10          	0.1011      	8.657e-06   	8.938e-06   	2.818e-06   
510         	10          	0.08417     	1.011e-05   	6.562e-06   	2.648e-06   
515         	10          	0.08395     	7.162e-06   	3.917e-06   	8.687e-06   
520         	10          	0.1243      	7.158e-06   	8.836e-06   	6.606e-06   
525         	10          	0.1032      	4.626e-06   	7.129e-06   	1.528e-05   
530         	10          	0.118       	6.205e-06   	9.827e-06   	3.677e-06   
535         	10          	0.08901     	5.651e-06   	4.723e-06   	6.345e-06   
540         	10          	0.144       	6.124e-06   	1.279e-05   	9.5e-06     
545         	10          	0.1203      	7.653e-06   	1.322e-05   	2.646e-06   
550         	10          	0.08818     	4.598e-06   	1.265e-05   	9.218e-06   
555         	10          	0.09621     	3.598e-06   	2.033e-05   	9.198e-06   
560         	10          	0.07989     	7.49e-06    	4.897e-06   	7.315e-06   
565         	10          	0.1045      	5.718e-06   	6.021e-06   	3.528e-06   
570         	10          	0.05524     	1.009e-05   	7.268e-06   	6.19e-06    
575         	10          	0.1158      	8.413e-06   	1.301e-05   	1.226e-05   
580         	10          	0.09756     	1.344e-05   	6.442e-06   	1.951e-06   
585         	10          	0.05573     	7.56e-06    	6.665e-06   	7.877e-06   
590         	10          	0.06664     	6.86e-06    	1.562e-05   	1.06e-05    
595         	10          	0.0749      	2.072e-05   	1.31e-05    	2.854e-06   
600         	10          	0.06256     	5.942e-06   	1.269e-05   	7.355e-06   
605         	10          	0.08182     	1.132e-05   	1.129e-05   	1.454e-05   
610         	10          	0.0421      	8.527e-06   	6.605e-06   	1.177e-05   
615         	10          	0.04164     	1.049e-05   	7.709e-06   	1.161e-05   
620         	10          	0.04732     	4.925e-06   	1.04e-05    	1.191e-05   
625         	10          	0.04354     	5.84e-06    	2.431e-05   	9.669e-06   
630         	10          	0.03484     	9.251e-06   	2.039e-05   	4.951e-06   
635         	10          	0.03636     	2.07e-06    	1.152e-05   	4.356e-06   
640         	10          	0.09011     	3.208e-06   	1.158e-05   	5.074e-06   
645         	10          	0.08229     	1.044e-05   	1.022e-05   	7.654e-06   
650         	10          	0.05518     	6.321e-06   	7.437e-06   	9.52e-06    
655         	10          	0.0593      	5.766e-06   	2.451e-05   	1.156e-05   
660         	10          	0.05146     	1.809e-06   	1.618e-05   	5.757e-06   
665         	10          	0.03745     	5.861e-06   	1.369e-05   	6.695e-06   
670         	10          	0.03758     	1.042e-05   	9.207e-06   	9.36e-06    
675         	10          	0.06947     	1.307e-05   	2.005e-05   	6.954e-06   
680         	10          	0.04417     	2.223e-06   	6.107e-06   	1.147e-05   
685         	10          	0.07923     	6.593e-06   	1.15e-05    	4e-06       
690         	10          	0.1078      	1.011e-05   	1.529e-05   	5.914e-06   
695         	10          	0.09879     	1.038e-05   	7.958e-06   	4.086e-06   
700         	10          	0.08388     	4.212e-06   	1.492e-05   	7.325e-06   
705         	10          	0.08849     	7.23e-06    	1.931e-05   	6.977e-06   
710         	10          	0.04173     	5.128e-06   	2.189e-05   	4.251e-06   
715         	10          	0.1008      	5.813e-06   	3.361e-06   	6.486e-06   
720         	10          	0.04962     	5.587e-06   	8.687e-06   	1.801e-06   
725         	10          	0.1111      	1.183e-05   	1.175e-05   	1.605e-05   
730         	10          	0.05916     	6.252e-06   	1.826e-05   	1.878e-05   
735         	10          	0.06233     	1.016e-05   	2.528e-05   	9.632e-06   
740         	10          	0.1099      	4.061e-06   	1.235e-05   	4.195e-06   
745         	10          	0.08982     	7.282e-06   	8.548e-06   	6.436e-06   
750         	10          	0.1045      	1.646e-05   	1.521e-05   	1.92e-05    
755         	10          	0.1146      	6.988e-06   	1.171e-05   	6.667e-06   
760         	10          	0.0895      	8.266e-06   	2.493e-05   	9.481e-06   
765         	10          	0.06838     	1.11e-05    	1.329e-05   	1.007e-05   
770         	10          	0.08056     	2.258e-06   	6.277e-06   	6.392e-06   
775         	10          	0.1206      	7.94e-06    	1.205e-05   	1.742e-06   
780         	10          	0.0964      	5.654e-06   	8.14e-06    	1.029e-05   
785         	10          	0.08396     	3.657e-06   	9.198e-06   	7.169e-06   
790         	10          	0.06282     	9.005e-06   	7.844e-06   	8.99e-06    
795         	10          	0.07166     	8.337e-06   	7.664e-06   	7.682e-06   
800         	10          	0.1215      	3.607e-06   	4.802e-06   	1.681e-06   
805         	10          	0.07301     	1.046e-05   	1.331e-05   	9.152e-06   
810         	10          	0.0681      	7.458e-06   	2.864e-06   	1.126e-05   
815         	10          	0.0658      	7.639e-06   	1.337e-05   	5.667e-06   
820         	10          	0.06271     	2.245e-05   	4.397e-05   	6.988e-06   
825         	10          	0.08112     	1.271e-05   	1.413e-05   	9.841e-06   
830         	10          	0.05272     	1.508e-05   	1.458e-05   	4.305e-06   
835         	10          	0.05578     	1.247e-05   	1.008e-05   	6.204e-06   
840         	10          	0.09669     	7.931e-06   	1.559e-05   	6.658e-06   
845         	10          	0.1161      	8.418e-06   	1.39e-05    	1.135e-05   
850         	10          	0.09524     	7.683e-06   	3.428e-05   	2.961e-05   
855         	10          	0.1496      	1.376e-05   	9.953e-06   	3.091e-06   
860         	10          	0.04482     	1.451e-05   	2.517e-05   	1.235e-05   
865         	10          	0.0555      	1.041e-05   	1.708e-05   	1.502e-05   
870         	10          	0.07514     	5.9e-06     	1.014e-05   	1.799e-05   
875         	10          	0.06691     	1.023e-05   	2.828e-05   	1.019e-05   
880         	10          	0.05407     	1.01e-05    	1.156e-05   	1.361e-05   
885         	10          	0.07634     	8.723e-06   	1.855e-05   	8.396e-06   
890         	10          	0.0476      	1.419e-05   	1.07e-05    	8.155e-06   
895         	10          	0.05868     	1.987e-05   	1.867e-05   	2.046e-05   
900         	10          	0.04818     	7.603e-06   	1.647e-05   	1.499e-06   
905         	10          	0.05127     	4.274e-06   	5.904e-06   	5.983e-06   
910         	10          	0.07796     	5.078e-06   	1.398e-05   	9.494e-06   
915         	10          	0.04635     	1.139e-05   	7.78e-06    	1.222e-05   
920         	10          	0.08402     	1.072e-05   	1.078e-05   	1.301e-05   
925         	10          	0.07275     	8.032e-06   	1.488e-05   	2.458e-05   
930         	10          	0.05407     	8.097e-06   	1.479e-05   	4.872e-06   
935         	10          	0.06069     	4.78e-06    	2.553e-05   	1.193e-05   
940         	10          	0.07946     	1.201e-05   	6.002e-06   	5.42e-06    
945         	10          	0.09841     	4.477e-06   	9.495e-06   	4.461e-06   
950         	10          	0.07736     	1.952e-05   	1.739e-05   	4.736e-06   
955         	10          	0.07149     	2.05e-05    	2.138e-05   	1.074e-05   
960         	10          	0.09286     	8.005e-06   	7.908e-06   	8.143e-06   
965         	10          	0.0619      	3.569e-06   	1.214e-05   	7.136e-06   
970         	10          	0.08225     	1.386e-05   	1.09e-05    	1.605e-05   
975         	10          	0.08267     	3.368e-05   	2.031e-05   	7.347e-06   
980         	10          	0.08623     	1.55e-05    	1.66e-05    	2.116e-05   
985         	10          	0.08529     	4.015e-06   	2.019e-05   	1.072e-05   
990         	10          	0.09856     	4.749e-06   	5.798e-06   	9.519e-06   
995         	10          	0.1112      	1.711e-05   	2.848e-05   	1.504e-05   
1000        	10          	0.1026      	7.193e-06   	6.788e-06   	1.166e-05   
1005        	10          	0.1149      	1.334e-05   	7.304e-06   	4.582e-06   
1010        	10          	0.03599     	6.498e-06   	1.719e-05   	1.22e-05    
1015        	10          	0.06984     	9.638e-06   	1.172e-05   	1.219e-05   
1020        	10          	0.1026      	1.196e-05   	7.949e-06   	1.913e-05   
1025        	10          	0.0701      	5.921e-06   	1.051e-05   	2.314e-05   
1030        	10          	0.1254      	1.887e-05   	2.308e-05   	1.233e-05   
1035        	10          	0.08599     	1.405e-05   	6.426e-05   	6.91e-06    
1040        	10          	0.06868     	8.399e-06   	2.542e-05   	5.84e-06    
1045        	10          	0.08399     	8.034e-06   	2.086e-05   	1.077e-05   
1050        	10          	0.05978     	9.695e-06   	1.027e-05   	1.438e-05   
1055        	10          	0.1109      	3.891e-06   	1.172e-05   	1.402e-05   
1060        	10          	0.09717     	5.994e-06   	8.398e-06   	2.425e-05   
1065        	10          	0.1083      	2.058e-05   	5.267e-06   	6.999e-06   
1070        	10          	0.08621     	1.384e-05   	1.044e-05   	1.159e-05   
1075        	10          	0.09714     	1.547e-05   	1.322e-05   	1.794e-05   
1080        	10          	0.07878     	1.047e-05   	2.114e-05   	6.518e-06   
1085        	10          	0.1005      	1.851e-05   	2.149e-05   	9.909e-06   
1090        	10          	0.1421      	1.849e-05   	1.551e-05   	1.81e-05    
1095        	10          	0.08757     	9.732e-06   	1.677e-05   	7.817e-06   
1100        	10          	0.1059      	1.122e-05   	5.581e-06   	9.546e-06   
1105        	10          	0.1195      	1.761e-05   	2.254e-05   	1.176e-05   
1110        	10          	0.122       	7.391e-06   	3.528e-05   	1.232e-05   
1115        	10          	0.08536     	1.16e-05    	9.224e-06   	1.339e-05   
1120        	10          	0.08506     	1.398e-05   	2.459e-05   	9.207e-06   
1125        	10          	0.0784      	6.436e-06   	2.376e-05   	8.208e-06   
1130        	10          	0.09249     	8.563e-06   	1.696e-05   	5.439e-06   
1135        	10          	0.1142      	9.112e-06   	8.031e-06   	8.004e-06   
1140        	10          	0.1349      	9.163e-06   	1.015e-05   	1.053e-05   
1145        	10          	0.168       	1.085e-05   	1.455e-05   	1.672e-05   
1150        	10          	0.1245      	1.013e-05   	1.547e-05   	1.107e-05   
1155        	10          	0.1744      	6.501e-06   	2.552e-05   	9.505e-06   
1160        	10          	0.1674      	6.133e-06   	1.029e-05   	1.233e-05   
1165        	10          	0.1961      	9.827e-06   	1.057e-05   	2.005e-05   
1170        	10          	0.1737      	9.72e-06    	1.752e-05   	1.027e-05   
1175        	10          	0.1954      	1.371e-05   	1.261e-05   	2.34e-05    
1180        	10          	0.1969      	1.429e-05   	1.142e-05   	9.151e-06   
1185        	10          	0.1738      	7.077e-06   	1.083e-05   	1.559e-05   
1190        	10          	0.2099      	4.98e-06    	1.699e-05   	2.939e-05   
1195        	10          	0.1453      	5.85e-06    	7.617e-06   	4.289e-06   
1200        	10          	0.1796      	1.377e-05   	4.011e-06   	1.189e-05   
1205        	10          	0.1645      	1.62e-05    	4.641e-06   	8.613e-06   
1210        	10          	0.1749      	1.106e-05   	3.016e-05   	2.6e-05     
1215        	10          	0.1948      	8.26e-06    	1.66e-05    	1.02e-05    
1220        	10          	0.2117      	5.665e-06   	2.768e-05   	7.052e-06   
1225        	10          	0.178       	2.354e-05   	1.56e-05    	9.194e-06   
1230        	10          	0.1728      	7.149e-06   	1.52e-05    	1.019e-05   
1235        	10          	0.1865      	1.653e-05   	4.247e-05   	1.054e-05   
1240        	10          	0.2237      	3.461e-05   	2.825e-05   	9.357e-06   
1245        	10          	0.2018      	5.453e-06   	5.114e-06   	1.043e-05   
1250        	10          	0.22        	2.943e-06   	1.423e-05   	8.112e-06   
1255        	10          	0.2062      	1.386e-05   	2.463e-05   	7.841e-06   
1260        	10          	0.2322      	1.237e-05   	2.634e-05   	1.838e-05   
1265        	10          	0.2509      	1.925e-05   	3.563e-05   	1.073e-05   
1270        	10          	0.2066      	8.596e-06   	6.536e-06   	8.774e-06   
1275        	10          	0.2085      	8.24e-06    	5.55e-06    	6.244e-06   
1280        	10          	0.2274      	1.917e-05   	1.088e-05   	1.01e-05    
1285        	10          	0.2073      	1.138e-05   	2.236e-05   	1.272e-05   
1290        	10          	0.1781      	1.947e-05   	6.183e-06   	2.13e-05    
1295        	10          	0.257       	8.923e-06   	1.328e-05   	1.307e-05   
1300        	10          	0.14        	5.278e-06   	1.566e-05   	1.344e-05   
1305        	10          	0.2106      	6.095e-06   	1.618e-05   	8.608e-06   
1310        	10          	0.2057      	1.302e-05   	9.57e-06    	1.831e-05   
1315        	10          	0.197       	4.423e-06   	1.194e-05   	9.293e-06   
1320        	10          	0.1895      	2.533e-05   	2.493e-05   	6.167e-06   
1325        	10          	0.1648      	5.389e-06   	1.115e-05   	1.708e-05   
1330        	10          	0.1767      	4.553e-06   	1.511e-05   	3.022e-05   
1335        	10          	0.1533      	1.199e-05   	1.685e-05   	1.881e-05   
1340        	10          	0.1889      	1.602e-05   	1.572e-05   	7.647e-06   
1345        	10          	0.185       	3.031e-05   	2.023e-05   	7.007e-06   
1350        	10          	0.1354      	1.044e-05   	1.134e-05   	6.603e-06   
1355        	10          	0.1558      	6.103e-06   	2.181e-05   	1.519e-05   
1360        	10          	0.1517      	5.286e-06   	2.946e-05   	6.367e-06   
1365        	10          	0.1704      	7.613e-06   	1.343e-05   	1.05e-05    
1370        	10          	0.2243      	1.197e-05   	2.018e-05   	2.064e-05   
1375        	10          	0.1908      	1.495e-05   	7.4e-06     	1.033e-05   
1380        	10          	0.1496      	1.581e-05   	8.308e-06   	9.314e-06   
1385        	10          	0.1683      	6.847e-06   	7.617e-06   	1.403e-05   
1390        	10          	0.2537      	1.851e-05   	2.008e-05   	2.54e-05    
1395        	10          	0.1639      	7.636e-06   	2.435e-05   	6.951e-06   
1400        	10          	0.2379      	7.348e-06   	1.335e-05   	8.583e-06   
1405        	10          	0.1651      	2.314e-05   	2.268e-05   	8.284e-06   
1410        	10          	0.2029      	1.817e-05   	2.788e-05   	6.379e-06   
1415        	10          	0.2394      	2.825e-06   	5.999e-06   	9.648e-06   
1420        	10          	0.1926      	1.032e-05   	5.247e-06   	1.136e-05   
1425        	10          	0.2837      	7.619e-06   	1.197e-05   	5.86e-06    
1430        	10          	0.1858      	1.965e-05   	2.004e-05   	6.866e-06   
1435        	10          	0.1751      	1.741e-05   	1.378e-05   	1.508e-05   
1440        	10          	0.2082      	1.501e-05   	1.485e-05   	1.003e-05   
1445        	10          	0.1851      	1.341e-05   	1.04e-05    	7.638e-06   
1450        	10          	0.2129      	5.954e-06   	8.961e-06   	1.15e-05    
1455        	10          	0.2533      	1.927e-05   	4.45e-05    	6.759e-06   
1460        	10          	0.1937      	1.899e-05   	1.038e-05   	1.529e-05   
1465        	10          	0.1318      	2.002e-05   	2.458e-05   	9.935e-06   
1470        	10          	0.1695      	6.742e-06   	2.444e-05   	2.151e-05   
1475        	10          	0.1561      	1.111e-05   	2.1e-05     	2.184e-05   
1480        	10          	0.1481      	6.298e-06   	4.495e-06   	4.738e-06   
1485        	10          	0.1348      	6.372e-06   	1.645e-05   	1.461e-05   
1490        	10          	0.1663      	1.179e-05   	2.974e-05   	2.16e-05    
1495        	10          	0.1599      	1.653e-05   	1.233e-05   	1.394e-05   
1500        	10          	0.1602      	1.235e-05   	3.115e-05   	4.959e-06   
1505        	10          	0.1556      	9.177e-06   	6.838e-06   	3.87e-06    
1510        	10          	0.1444      	1.451e-05   	1.096e-05   	1.028e-05   
1515        	10          	0.154       	1.994e-05   	1.569e-05   	1.379e-05   
1520        	10          	0.18        	8.554e-06   	8.39e-06    	1.069e-05   
1525        	10          	0.1573      	1.022e-05   	1.944e-05   	1.133e-05   
1530        	10          	0.2195      	1.309e-05   	1.231e-05   	1.435e-05   
1535        	10          	0.1708      	1.216e-05   	3.338e-05   	4.695e-06   
1540        	10          	0.1239      	8.682e-06   	1.56e-05    	2.423e-05   
1545        	10          	0.1375      	1.515e-05   	1.822e-05   	2.013e-05   
1550        	10          	0.2242      	4.112e-06   	1.05e-05    	2.849e-05   
1555        	10          	0.1769      	2.092e-05   	3.082e-05   	9.652e-06   
1560        	10          	0.2161      	1.076e-05   	5.903e-06   	1.017e-05   
1565        	10          	0.1672      	1.329e-05   	2.913e-05   	2.435e-05   
1570        	10          	0.177       	6.888e-06   	2.331e-05   	2.334e-05   
1575        	10          	0.1614      	6.505e-06   	2.277e-05   	6.817e-06   
1580        	10          	0.1818      	5.874e-06   	3.717e-05   	1.134e-05   
1585        	10          	0.1757      	9.479e-06   	9.982e-06   	6.394e-06   
1590        	10          	0.1909      	5.698e-06   	2.284e-05   	1.567e-05   
1595        	10          	0.1805      	8.858e-06   	7.365e-06   	1.141e-05   
1600        	10          	0.1887      	4.405e-06   	2.066e-05   	2.002e-05   
1605        	10          	0.16        	1.106e-05   	1.082e-05   	1.185e-05   
1610        	10          	0.1542      	5.15e-06    	1.336e-05   	7.168e-06   
1615        	10          	0.1359      	1.33e-05    	3.894e-06   	6.37e-06    
1620        	10          	0.121       	1.515e-05   	6.678e-06   	7.215e-06   
1625        	10          	0.09641     	1.067e-05   	1.208e-05   	1.122e-05   
1630        	10          	0.1088      	1.458e-05   	2.262e-05   	1.252e-05   
1635        	10          	0.1516      	4.424e-06   	7.225e-06   	1.503e-05   
1640        	10          	0.1677      	1.075e-05   	1.794e-05   	1.565e-05   
1645        	10          	0.1413      	5.748e-06   	1.931e-05   	8.335e-06   
1650        	10          	0.1267      	9.714e-06   	2.374e-05   	1.762e-05   
1655        	10          	0.1475      	1.145e-05   	9.391e-06   	1.175e-05   
1660        	10          	0.1237      	6.495e-06   	1.801e-05   	8.005e-06   
1665        	10          	0.1601      	1.029e-05   	3.062e-05   	1.139e-05   
1670        	10          	0.1438      	1.106e-05   	2.208e-05   	1.198e-05   
1675        	10          	0.133       	6.192e-06   	2.116e-05   	4.133e-06   
1680        	10          	0.1632      	1.043e-05   	8.846e-06   	1.185e-05   
1685        	10          	0.1447      	8.014e-06   	2.15e-05    	4.992e-06   
1690        	10          	0.1519      	1.24e-05    	7.964e-06   	7.568e-06   
1695        	10          	0.1316      	1.368e-06   	1.789e-05   	8.614e-06   
1700        	10          	0.1085      	3.757e-06   	1.721e-05   	1.423e-05   
1705        	10          	0.139       	1.136e-05   	1.596e-05   	1.213e-05   
1710        	10          	0.115       	1.149e-05   	1.916e-05   	8.9e-06     
1715        	10          	0.1218      	1.074e-05   	3.122e-05   	7.519e-06   
1720        	10          	0.1516      	9.154e-06   	1.263e-05   	9.898e-06   
1725        	10          	0.1336      	2.339e-05   	1.819e-05   	1.291e-05   
1730        	10          	0.112       	9.339e-06   	1.998e-05   	1.593e-05   
1735        	10          	0.1171      	1.32e-05    	4.843e-05   	1.258e-05   
1740        	10          	0.1067      	1.671e-05   	1.217e-05   	1.166e-05   
1745        	10          	0.1222      	1.698e-05   	2.837e-05   	1.121e-05   
1750        	10          	0.1325      	8.551e-06   	1.777e-05   	7.348e-06   
1755        	10          	0.1223      	1.16e-05    	1.273e-05   	3.256e-06   
1760        	10          	0.1418      	8.696e-06   	1.659e-05   	1.245e-05   
1765        	10          	0.1601      	8.431e-06   	9.822e-06   	1.339e-05   
1770        	10          	0.09477     	1.577e-05   	1.09e-05    	8.146e-06   
1775        	10          	0.105       	8.853e-06   	2.007e-05   	9.008e-06   
1780        	10          	0.09617     	8.944e-06   	1.435e-05   	5.97e-06    
1785        	10          	0.1062      	2.203e-05   	1.256e-05   	1.161e-05   
1790        	10          	0.1013      	6.373e-06   	1.523e-05   	6.725e-06   
1795        	10          	0.1234      	6.362e-06   	1.992e-05   	9.232e-06   
1800        	10          	0.1452      	5.107e-06   	1.012e-05   	1.924e-05   
1805        	10          	0.1425      	9.534e-06   	2.9e-05     	1.456e-05   
1810        	10          	0.08339     	8.568e-06   	3.103e-05   	1.274e-05   
1815        	10          	0.06921     	1.155e-05   	2.649e-05   	2.204e-05   
1820        	10          	0.1232      	6.081e-06   	1.131e-05   	7.131e-06   
1825        	10          	0.1455      	4.028e-06   	1.574e-05   	1.849e-05   
1830        	10          	0.1197      	4.541e-06   	1.689e-05   	2.112e-05   
1835        	10          	0.1052      	1.242e-05   	2.134e-05   	2.227e-05   
1840        	10          	0.108       	1.457e-05   	5.132e-05   	1.124e-05   
1845        	10          	0.1221      	1.634e-05   	2.002e-05   	3.431e-05   
1850        	10          	0.1003      	7.585e-06   	3.929e-06   	1.282e-05   
1855        	10          	0.1039      	1.754e-05   	5.032e-05   	1.32e-05    
1860        	10          	0.08847     	5.88e-06    	2.814e-05   	1.534e-05   
1865        	10          	0.1028      	1.531e-05   	1.509e-05   	9.52e-06    
1870        	10          	0.07996     	1.638e-05   	9.072e-06   	4.791e-06   
1875        	10          	0.09417     	1.126e-05   	1.879e-05   	1.697e-05   
1880        	10          	0.08463     	1.199e-05   	5.35e-05    	4.784e-06   
1885        	10          	0.07661     	8.43e-06    	7.684e-06   	1.787e-05   
1890        	10          	0.09135     	2.091e-05   	1.291e-05   	1.91e-05    
1895        	10          	0.09625     	1.661e-05   	1.386e-05   	3.4e-06     
1900        	10          	0.0684      	1.344e-05   	2.195e-05   	1.064e-05   
1905        	10          	0.08439     	1.799e-05   	5.221e-06   	1.317e-05   
1910        	10          	0.08234     	9.876e-06   	9.116e-06   	9.518e-06   
1915        	10          	0.1225      	8.453e-06   	2.591e-05   	1.105e-05   
1920        	10          	0.09639     	1.062e-05   	5.223e-06   	8.476e-06   
1925        	10          	0.09856     	7.882e-06   	2.422e-05   	8.472e-06   
1930        	10          	0.09689     	1.444e-05   	1.659e-05   	1.902e-06   
1935        	10          	0.1148      	1.648e-05   	1.912e-05   	1.794e-05   
1940        	10          	0.1177      	1.227e-05   	1.414e-05   	6.439e-06   
1945        	10          	0.063       	2.39e-05    	1.419e-05   	7.092e-06   
1950        	10          	0.07638     	1.234e-05   	2.658e-05   	3.316e-06   
1955        	10          	0.04883     	5.784e-06   	1.029e-05   	1.364e-05   
1960        	10          	0.0638      	1.477e-05   	1.16e-05    	1.801e-05   
1965        	10          	0.05066     	1.156e-05   	1.827e-05   	9.672e-06   
1970        	10          	0.05519     	4.938e-06   	1.204e-05   	8.111e-06   
1975        	10          	0.07957     	9.408e-06   	1.912e-05   	1.017e-05   
1980        	10          	0.08636     	1.119e-05   	3.599e-05   	3.069e-05   
1985        	10          	0.0669      	7.199e-06   	7.629e-06   	2.202e-05   
1990        	10          	0.1079      	1.523e-05   	1.132e-05   	1.189e-05   
1995        	10          	0.116       	1.685e-05   	8.991e-06   	1.281e-05   
2000        	10          	0.1147      	9.314e-06   	1.623e-05   	6.551e-06   
2005        	10          	0.07779     	8.785e-06   	2.212e-05   	1.228e-05   
2010        	10          	0.06383     	7.692e-06   	2.428e-05   	2.082e-05   
2015        	10          	0.06249     	1.271e-05   	2.592e-05   	1.033e-05   
2020        	10          	0.05858     	1.926e-05   	4.033e-05   	2.336e-05   
2025        	10          	0.07661     	1.459e-05   	2.094e-05   	1.096e-05   
2030        	10          	0.07278     	1.761e-05   	1.948e-05   	1.649e-05   
2035        	10          	0.07779     	1.482e-05   	1.079e-05   	7.613e-06   
2040        	10          	0.05612     	1.221e-05   	8.621e-06   	1.808e-05   
2045        	10          	0.08175     	6.772e-06   	9.884e-06   	6.757e-06   
2050        	10          	0.04279     	1.557e-05   	2.558e-05   	1.263e-05   
2055        	10          	0.05745     	1.255e-05   	1.026e-05   	1.572e-05   
2060        	10          	0.06704     	1.281e-05   	2.647e-05   	2.701e-05   
2065        	10          	0.07885     	1.329e-05   	1.783e-05   	4.117e-06   
2070        	10          	0.08521     	2.747e-05   	2.411e-05   	1.511e-05   
2075        	10          	0.07794     	5.525e-06   	1.886e-05   	3.11e-05    
2080        	10          	0.07838     	8.732e-06   	1.84e-05    	1.419e-05   
2085        	10          	0.08867     	8.068e-06   	7.531e-06   	1.274e-05   
2090        	10          	0.09489     	7.728e-06   	1.923e-05   	2.616e-05   
2095        	10          	0.07183     	2.2e-05     	2.038e-05   	8.331e-06   
2100        	10          	0.1067      	1.292e-05   	1.778e-05   	1.015e-05   
2105        	10          	0.08847     	1.615e-05   	1.223e-05   	1.2e-05     
2110        	10          	0.07618     	1.291e-05   	8.888e-06   	9.459e-06   
2115        	10          	0.1074      	5.23e-06    	3.566e-05   	9.005e-06   
2120        	10          	0.09519     	3.717e-06   	5.743e-06   	2.408e-06   
2125        	10          	0.08551     	1.396e-05   	1.312e-05   	1.113e-05   
2130        	10          	0.05007     	1.057e-05   	2.684e-05   	1.525e-05   
2135        	10          	0.08762     	9.28e-06    	3.78e-05    	1.01e-05    
2140        	10          	0.08802     	1.207e-05   	1.739e-05   	5.317e-06   
2145        	10          	0.08869     	1.091e-05   	1.654e-05   	3.842e-06   
2150        	10          	0.05273     	1.111e-05   	2.004e-05   	2.036e-05   
2155        	10          	0.06523     	8.003e-06   	8.564e-06   	2.516e-05   
2160        	10          	0.09762     	1.704e-05   	2.558e-05   	8.912e-06   
2165        	10          	0.04162     	9.816e-06   	1.394e-05   	1.388e-05   
2170        	10          	0.05486     	1.441e-05   	2.013e-05   	2.334e-05   
2175        	10          	0.04924     	1.438e-05   	3.485e-05   	7.519e-06   
2180        	10          	0.08245     	9.501e-06   	1.754e-05   	2.373e-05   
2185        	10          	0.07164     	1.856e-05   	1.754e-05   	5.779e-06   
2190        	10          	0.07882     	1.407e-05   	1.079e-05   	6.849e-06   
2195        	10          	0.08451     	5.724e-06   	8.142e-06   	1.139e-05   
2200        	10          	0.07422     	9.207e-06   	3.099e-05   	1.152e-05   
2205        	10          	0.05907     	1.632e-05   	2.127e-05   	8.946e-06   
2210        	10          	0.07064     	4.296e-06   	1.801e-05   	2.18e-05    
2215        	10          	0.02647     	1.752e-05   	1.181e-05   	2.933e-05   
2220        	10          	0.04018     	1.453e-05   	1.161e-05   	1.204e-05   
2225        	10          	0.05554     	1.621e-05   	8.76e-06    	1.197e-05   
2230        	10          	0.05846     	1.527e-05   	9.993e-06   	1.541e-05   
2235        	10          	0.04273     	1.592e-05   	7.174e-06   	1.693e-05   
2240        	10          	0.05546     	2.941e-05   	2.447e-05   	1.134e-05   
2245        	10          	0.05034     	2.733e-05   	2.517e-05   	3.326e-05   
2250        	10          	0.1093      	8.85e-06    	1.395e-05   	1.63e-05    
2255        	10          	0.06499     	1.532e-05   	2.15e-05    	7.761e-06   
2260        	10          	0.09773     	1.173e-05   	3.079e-05   	1.329e-05   
2265        	10          	0.06073     	2.057e-05   	3.838e-05   	1.725e-05   
2270        	10          	0.08575     	6.383e-06   	2.457e-05   	1.829e-05   
2275        	10          	0.0724      	1.434e-05   	1.426e-05   	6.824e-06   
2280        	10          	0.06862     	1.431e-05   	2.074e-05   	8.583e-06   
2285        	10          	0.0379      	8.945e-06   	1.527e-05   	1.474e-05   
2290        	10          	0.07829     	1.432e-05   	1.121e-05   	1.551e-05   
2295        	10          	0.06984     	1.859e-05   	2.305e-05   	1.341e-05   
2300        	10          	0.06123     	1.127e-05   	9.87e-06    	9.329e-06   
2305        	10          	0.06614     	1.636e-05   	1.091e-05   	4.826e-06   
2310        	10          	0.09388     	9.552e-06   	2.962e-05   	1.043e-05   
2315        	10          	0.07801     	1.42e-05    	2.569e-05   	1.007e-05   
2320        	10          	0.04691     	1.922e-06   	6.422e-06   	1.378e-05   
2325        	10          	0.07804     	1.429e-05   	1.427e-05   	1.949e-05   
2330        	10          	0.06351     	5.922e-06   	2.411e-05   	7.392e-06   
2335        	10          	0.07001     	1.486e-05   	6.059e-06   	1.188e-05   
2340        	10          	0.07884     	2.384e-05   	2.714e-05   	8.503e-06   
2345        	10          	0.08854     	2.266e-06   	9.345e-06   	3.393e-05   
2350        	10          	0.05518     	1.775e-05   	2.12e-05    	2.033e-05   
2355        	10          	0.08732     	2.711e-05   	1.06e-05    	1.526e-05   
2360        	10          	0.09489     	1.624e-05   	1.612e-05   	2.138e-05   
2365        	10          	0.07764     	1.051e-05   	1.833e-05   	1.619e-05   
2370        	10          	0.08836     	9.869e-06   	3.874e-05   	2.821e-05   
2375        	10          	0.08449     	1.744e-05   	2.99e-05    	4.42e-06    
2380        	10          	0.1217      	1.026e-05   	1.988e-05   	4.38e-06    
2385        	10          	0.1225      	8.263e-06   	1.931e-05   	1.505e-05   
2390        	10          	0.0635      	1.617e-05   	2.023e-05   	1.358e-05   
2395        	10          	0.07888     	3.235e-05   	2.913e-05   	2.009e-05   
2400        	10          	0.1177      	1.053e-05   	1.094e-05   	1.203e-05   
2405        	10          	0.0634      	8.537e-06   	1.617e-05   	9.593e-06   
2410        	10          	0.07        	1.062e-05   	1.034e-05   	1.558e-05   
2415        	10          	0.06334     	1.462e-05   	2.741e-05   	1.337e-05   
2420        	10          	0.06229     	1.1e-05     	9.466e-06   	7.221e-06   
2425        	10          	0.08979     	1.659e-05   	6.821e-06   	6.742e-06   
2430        	10          	0.066       	1.502e-05   	1.675e-05   	1.304e-05   
2435        	10          	0.06701     	1.03e-05    	2.202e-05   	9.576e-06   
2440        	10          	0.09558     	1.352e-05   	3.325e-05   	8.152e-06   
2445        	10          	0.1082      	2.543e-05   	2.566e-05   	1.844e-05   
2450        	10          	0.1131      	1.104e-05   	3.888e-06   	1.029e-05   
2455        	10          	0.09657     	9.673e-06   	3.089e-05   	6.13e-06    
2460        	10          	0.09517     	9.481e-06   	2.596e-05   	2.313e-05   
2465        	10          	0.1273      	3.078e-06   	2.144e-05   	1.547e-05   
2470        	10          	0.1186      	1.337e-05   	2.605e-05   	8.049e-06   
2475        	10          	0.08406     	2.234e-05   	1.191e-05   	2.704e-05   
2480        	10          	0.09438     	9.885e-06   	9.454e-06   	1.065e-05   
2485        	10          	0.1103      	1.667e-05   	1.058e-05   	1.098e-05   
2490        	10          	0.08921     	5.366e-06   	1.206e-05   	7.438e-06   
2495        	10          	0.0819      	1.833e-05   	5.645e-06   	2.733e-05   
2500        	10          	0.06112     	1.228e-05   	2.755e-05   	6.52e-06    
2505        	10          	0.09846     	1.253e-05   	3.044e-05   	1.436e-05   
2510        	10          	0.07812     	2.679e-05   	1.06e-05    	4.738e-06   
2515        	10          	0.1199      	1.856e-05   	3.72e-05    	1.844e-05   
2520        	10          	0.09956     	8.303e-06   	1.751e-05   	9.241e-06   
2525        	10          	0.05814     	6.641e-06   	5.294e-06   	1.255e-05   
2530        	10          	0.08373     	3.171e-05   	1.696e-05   	1.592e-05   
2535        	10          	0.0711      	1.188e-05   	3.554e-06   	1.761e-05   
2540        	10          	0.08606     	1.791e-05   	2.49e-05    	5.566e-06   
2545        	10          	0.09616     	1.012e-05   	2.753e-05   	9.85e-06    
2550        	10          	0.07214     	9.003e-06   	1.145e-05   	9.015e-06   
2555        	10          	0.09166     	1.005e-05   	2.312e-05   	1.115e-05   
2560        	10          	0.07736     	1.302e-05   	2.307e-05   	8.891e-06   
2565        	10          	0.06341     	1.508e-05   	2.451e-05   	3.626e-05   
2570        	10          	0.08016     	1.721e-05   	1.787e-05   	1.235e-05   
2575        	10          	0.05407     	1.039e-05   	3.437e-05   	7.44e-06    
2580        	10          	0.09967     	8.664e-06   	5.24e-06    	8.932e-06   
2585        	10          	0.09801     	9.14e-06    	1.024e-05   	7.967e-06   
2590        	10          	0.1144      	1.347e-05   	1.654e-05   	2.238e-05   
2595        	10          	0.07812     	2.721e-06   	2.841e-06   	2.028e-05   
2600        	10          	0.06029     	7.641e-06   	1.526e-05   	8.808e-06   
2605        	10          	0.05886     	2.106e-05   	2.939e-05   	6.498e-06   
2610        	10          	0.08122     	1.741e-05   	1.542e-05   	1.519e-05   
2615        	10          	0.06411     	1.232e-05   	2.623e-05   	1.017e-05   
2620        	10          	0.06711     	1.382e-05   	1.54e-05    	8.054e-06   
2625        	10          	0.05703     	1.528e-05   	4.79e-06    	1.572e-05   
2630        	10          	0.0725      	1.749e-05   	6.827e-06   	8.872e-06   
2635        	10          	0.05717     	1.308e-05   	2.636e-05   	7.4e-06     
2640        	10          	0.06801     	1.865e-05   	4.716e-05   	1.531e-05   
2645        	10          	0.09617     	1.767e-05   	2.202e-05   	7.783e-06   
2650        	10          	0.08196     	1.478e-05   	1.848e-05   	1.545e-05   
2655        	10          	0.07978     	8.735e-06   	2.251e-05   	1.234e-05   
2660        	10          	0.06168     	8.812e-06   	3.108e-05   	1.719e-05   
2665        	10          	0.05664     	1.674e-05   	1.2e-05     	1.2e-05     
2670        	10          	0.04923     	1.393e-05   	2.16e-05    	8.807e-06   
2675        	10          	0.0463      	6.138e-06   	9.363e-06   	8.897e-06   
2680        	10          	0.05989     	3.642e-05   	3.06e-05    	6.257e-06   
2685        	10          	0.06634     	8.209e-06   	3.74e-05    	1.062e-05   
2690        	10          	0.06034     	3.026e-05   	2.477e-05   	4.382e-06   
2695        	10          	0.1034      	1.221e-05   	9.928e-06   	1.128e-05   
2700        	10          	0.09318     	1.333e-05   	2.003e-05   	1.558e-05   
2705        	10          	0.1118      	6.941e-06   	2.253e-05   	1.202e-05   
2710        	10          	0.1121      	1.659e-05   	2.111e-05   	9.861e-06   
2715        	10          	0.1207      	1.923e-05   	1.222e-05   	1.592e-05   
2720        	10          	0.1354      	1.38e-05    	2.008e-05   	9.553e-06   
2725        	10          	0.1419      	5.118e-06   	3.251e-05   	1.337e-05   
2730        	10          	0.127       	1.083e-05   	1.514e-05   	7.237e-06   
2735        	10          	0.1127      	1.695e-05   	1.126e-05   	1.177e-05   
2740        	10          	0.1397      	1.345e-05   	1.761e-05   	4.815e-06   
2745        	10          	0.1272      	1.075e-05   	4.006e-05   	1.927e-05   
2750        	10          	0.1433      	1.388e-05   	2.277e-05   	7.85e-06    
2755        	10          	0.1284      	9.81e-06    	7.713e-06   	1.393e-05   
2760        	10          	0.1039      	1.825e-05   	1.694e-05   	1.057e-05   
2765        	10          	0.1041      	9.322e-06   	2.703e-05   	1.999e-05   
2770        	10          	0.0763      	8.14e-06    	3.171e-05   	1.63e-05    
2775        	10          	0.1004      	2.131e-05   	9.312e-06   	1.334e-05   
2780        	10          	0.1306      	7.673e-06   	1.602e-05   	1.358e-05   
2785        	10          	0.07774     	2.873e-05   	1.752e-06   	7.22e-06    
2790        	10          	0.1386      	2.598e-06   	1.99e-05    	8.376e-06   
2795        	10          	0.1142      	2.866e-05   	3.971e-05   	1.635e-05   
2800        	10          	0.08758     	6.764e-06   	2.257e-05   	1.13e-05    
2805        	10          	0.119       	1.69e-05    	2.281e-05   	9.211e-06   
2810        	10          	0.1         	2.027e-05   	2.74e-05    	9.144e-06   
2815        	10          	0.1192      	1.248e-05   	1.721e-05   	1.228e-05   
2820        	10          	0.1374      	6.423e-06   	3.256e-05   	5.983e-06   
2825        	10          	0.1189      	2.349e-05   	3.3e-05     	2.118e-05   
2830        	10          	0.1254      	1.183e-05   	2.521e-05   	2.541e-05   
2835        	10          	0.1183      	1.67e-05    	2.34e-05    	1.836e-05   
2840        	10          	0.09228     	1.239e-05   	1.817e-05   	1.255e-05   
2845        	10          	0.119       	2.242e-05   	1.765e-05   	2.022e-05   
2850        	10          	0.112       	9.366e-06   	1.467e-05   	1.094e-05   
2855        	10          	0.1339      	2.607e-05   	2.192e-05   	1.579e-05   
2860        	10          	0.09967     	2.328e-05   	5.038e-05   	2.079e-05   
2865        	10          	0.1107      	1.307e-05   	2.924e-06   	2.06e-05    
2870        	10          	0.1073      	6.407e-06   	1.235e-05   	9.348e-06   
2875        	10          	0.1169      	2.031e-05   	1.787e-05   	6.363e-06   
2880        	10          	0.07832     	7.245e-06   	1.882e-05   	1.785e-05   
2885        	10          	0.07485     	3.086e-05   	6.088e-06   	7.251e-06   
2890        	10          	0.1122      	2.541e-05   	2.098e-05   	1.104e-05   
2895        	10          	0.112       	1.008e-05   	1.364e-05   	1.446e-05   
2900        	10          	0.08096     	1.194e-05   	5.805e-06   	8.227e-06   
2905        	10          	0.1283      	1.514e-05   	8.269e-06   	1.126e-05   
2910        	10          	0.1165      	3.852e-05   	4.659e-05   	3.227e-05   
2915        	10          	0.0948      	1.63e-05    	2.195e-05   	7.697e-06   
2920        	10          	0.125       	2.454e-05   	9.431e-06   	1.098e-05   
2925        	10          	0.0919      	1.968e-05   	4.592e-05   	2.244e-05   
2930        	10          	0.133       	1.081e-05   	1.467e-05   	1.909e-05   
2935        	10          	0.1071      	1.869e-05   	1.967e-05   	5.567e-06   
2940        	10          	0.07623     	1.321e-05   	1.023e-05   	1.375e-05   
2945        	10          	0.1171      	7.271e-06   	1.853e-05   	8.418e-06   
2950        	10          	0.09811     	1.328e-05   	2.393e-05   	1.279e-05   
2955        	10          	0.1136      	7.592e-06   	1.45e-05    	1.573e-05   
2960        	10          	0.08512     	6.113e-06   	1.775e-05   	1.565e-05   
2965        	10          	0.0735      	1.526e-05   	1.51e-05    	1.161e-05   
2970        	10          	0.1127      	1.522e-05   	9.001e-06   	8.112e-06   
2975        	10          	0.0938      	1.016e-05   	5.72e-06    	1.696e-05   
2980        	10          	0.06873     	2.769e-05   	1.434e-05   	1.11e-05    
2985        	10          	0.05993     	4.913e-06   	2.564e-05   	1.857e-05   
2990        	10          	0.08971     	6.247e-06   	1.109e-05   	1.501e-05   
2995        	10          	0.09221     	1.478e-05   	4.026e-05   	2.058e-05   
3000        	10          	0.08973     	1.646e-05   	1.236e-05   	2.074e-05   
3005        	10          	0.08369     	9.4e-06     	4.138e-05   	3.57e-06    
3010        	10          	0.1246      	1.983e-05   	2.421e-05   	1.361e-05   
3015        	10          	0.129       	1.709e-05   	1.922e-05   	8.423e-06   
3020        	10          	0.09038     	1.894e-05   	2.747e-05   	4.319e-06   
3025        	10          	0.08594     	6.441e-06   	2.549e-05   	1.284e-05   
3030        	10          	0.09057     	1.028e-05   	1.546e-05   	1.379e-05   
3035        	10          	0.08314     	1.248e-05   	2.666e-05   	1.995e-05   
3040        	10          	0.0639      	7.505e-06   	2.454e-05   	3.914e-06   
3045        	10          	0.07517     	1.312e-05   	1.065e-05   	1.162e-05   
3050        	10          	0.0565      	9.477e-06   	1.45e-05    	8.03e-06    
3055        	10          	0.08154     	8.993e-06   	1.387e-05   	1.795e-05   
3060        	10          	0.05736     	2.639e-05   	1.947e-05   	1.989e-05   
3065        	10          	0.08368     	2.213e-05   	2.46e-05    	1.246e-05   
3070        	10          	0.07389     	2.199e-05   	5.129e-05   	3.009e-05   
3075        	10          	0.0475      	9.823e-06   	2.359e-05   	7.871e-06   
3080        	10          	0.03133     	1.714e-05   	5.049e-06   	1.219e-05   
3085        	10          	0.07457     	2.645e-05   	5.905e-05   	8.099e-06   
3090        	10          	0.03525     	1.872e-05   	1.281e-05   	6.146e-06   
3095        	10          	0.02938     	1.115e-05   	2.547e-05   	8.277e-06   
3100        	10          	0.03334     	1.167e-05   	2.553e-05   	4.982e-06   
3105        	10          	0.05179     	9.391e-06   	4.078e-05   	1.586e-05   
3110        	10          	0.04896     	9.25e-06    	2.291e-05   	5.584e-06   
3115        	10          	0.04557     	1.225e-05   	3.098e-05   	1.021e-05   
3120        	10          	0.05261     	2.639e-05   	3.133e-05   	1.427e-05   
3125        	10          	0.05325     	9.697e-06   	1.87e-05    	1.203e-05   
3130        	10          	0.0713      	1.063e-05   	2.07e-05    	2.149e-05   
3135        	10          	0.06295     	1.338e-05   	4.708e-05   	1.535e-05   
3140        	10          	0.03354     	5.207e-06   	1.702e-05   	1.788e-05   
3145        	10          	0.07406     	1.465e-05   	1.556e-05   	2.23e-05    
3150        	10          	0.03634     	3.475e-06   	2.385e-05   	7.143e-06   
3155        	10          	0.07418     	1.349e-05   	3.627e-05   	2.085e-05   
3160        	10          	0.04622     	1.228e-05   	1.841e-05   	2.365e-05   
3165        	10          	0.05607     	1.151e-05   	2.747e-05   	9.712e-06   
3170        	10          	0.04922     	3.012e-05   	3.785e-05   	4.109e-06   
3175        	10          	0.06468     	1.429e-05   	2.862e-05   	1.244e-05   
3180        	10          	0.02434     	2.924e-05   	1.546e-05   	8.891e-06   
3185        	10          	0.07306     	1.237e-05   	2.775e-05   	2.147e-05   
3190        	10          	0.03052     	9.93e-06    	1.935e-05   	1.244e-05   
3195        	10          	0.05872     	1.653e-05   	2.255e-05   	2.318e-05   
3200        	10          	0.05434     	9.096e-06   	9.373e-06   	1.388e-05   
3205        	10          	0.08177     	1.321e-05   	3.226e-05   	1.494e-05   
3210        	10          	0.103       	6.731e-06   	8.502e-06   	1.048e-05   
3215        	10          	0.07691     	1.278e-05   	2.034e-05   	7.714e-06   
3220        	10          	0.07618     	1.113e-05   	1.924e-05   	2.22e-05    
3225        	10          	0.08523     	1.16e-05    	2.201e-05   	1.183e-05   
3230        	10          	0.07289     	1.891e-05   	1.46e-05    	1.717e-05   
3235        	10          	0.07667     	1.144e-05   	1.453e-05   	2.831e-05   
3240        	10          	0.05834     	1.14e-05    	6.976e-06   	1.907e-05   
3245        	10          	0.1093      	8.293e-06   	5.163e-05   	1.041e-05   
3250        	10          	0.09041     	1.218e-05   	1.468e-05   	3.119e-05   
3255        	10          	0.07068     	3.949e-06   	1.437e-05   	7.757e-06   
3260        	10          	0.1032      	2.021e-05   	1.96e-05    	6.417e-06   
3265        	10          	0.0795      	1.138e-05   	1.673e-05   	8.259e-06   
3270        	10          	0.08778     	9.456e-06   	1.838e-05   	5.123e-06   
3275        	10          	0.06518     	2.745e-05   	1.583e-05   	1.714e-05   
3280        	10          	0.09678     	1.262e-05   	2.266e-05   	1.237e-05   
3285        	10          	0.1117      	1.324e-05   	2.67e-05    	1.494e-05   
3290        	10          	0.08501     	1.808e-05   	1.16e-05    	3.641e-05   
3295        	10          	0.1149      	1.113e-05   	2.52e-05    	1.438e-05   
3300        	10          	0.06846     	1.309e-05   	8.924e-06   	1.284e-05   
3305        	10          	0.1017      	7.244e-06   	2.514e-05   	1.267e-05   
3310        	10          	0.1069      	8.752e-06   	1.376e-05   	1.63e-05    
3315        	10          	0.0859      	2.615e-05   	4.088e-05   	9e-06       
3320        	10          	0.1187      	2.826e-05   	1.252e-05   	4.235e-06   
3325        	10          	0.07984     	6.708e-06   	1.901e-05   	9.876e-06   
3330        	10          	0.06404     	2.517e-05   	9.667e-06   	2.197e-05   
3335        	10          	0.07628     	1.125e-05   	1.037e-05   	8.834e-06   
3340        	10          	0.07477     	4.076e-05   	4.559e-05   	2.536e-05   
3345        	10          	0.07043     	1.242e-05   	1.309e-05   	1.037e-05   
3350        	10          	0.07733     	1.133e-05   	2.82e-05    	1.15e-05    
3355        	10          	0.09023     	1.337e-05   	6.494e-05   	1.568e-05   
3360        	10          	0.07171     	2.077e-05   	3.586e-05   	1.14e-05    
3365        	10          	0.06323     	8.363e-06   	2.479e-05   	1.309e-05   
3370        	10          	0.0553      	1.284e-05   	2.602e-05   	2.538e-05   
3375        	10          	0.04566     	2.235e-05   	3.147e-05   	1.507e-05   
3380        	10          	0.06456     	1.23e-05    	2.721e-05   	2.416e-05   
3385        	10          	0.101       	7.012e-06   	1.68e-05    	1.689e-05   
3390        	10          	0.08182     	2.116e-05   	3.504e-05   	5.457e-06   
3395        	10          	0.07449     	1.692e-05   	4.191e-05   	4.022e-06   
3400        	10          	0.06132     	1.624e-05   	3.418e-05   	9.525e-06   
3405        	10          	0.06101     	2.334e-05   	1.259e-05   	9.657e-06   
3410        	10          	0.06308     	8.004e-06   	1.222e-05   	1.803e-05   
3415        	10          	0.05041     	1.236e-05   	3.308e-05   	3.451e-05   
3420        	10          	0.05968     	2.293e-05   	1.874e-05   	6.805e-06   
3425        	10          	0.05368     	1.473e-05   	1.324e-05   	1.378e-05   
3430        	10          	0.06016     	2.225e-05   	3.134e-05   	3.027e-05   
3435        	10          	0.06995     	1.183e-05   	1.834e-05   	1.149e-05   
3440        	10          	0.05918     	5.343e-06   	2.27e-05    	1.731e-05   
3445        	10          	0.05456     	2.049e-05   	1.649e-05   	5.759e-06   
3450        	10          	0.04207     	2.825e-05   	2.746e-05   	3.604e-05   
3455        	10          	0.04277     	1.142e-05   	4.312e-05   	1.135e-05   
3460        	10          	0.05457     	2.986e-05   	2.73e-05    	1.627e-05   
3465        	10          	0.04683     	1.083e-05   	3.155e-05   	1.123e-05   
3470        	10          	0.03446     	4.204e-06   	1.645e-05   	1.511e-05   
3475        	10          	0.06278     	1.434e-05   	3.117e-05   	1.85e-05    
3480        	10          	0.04612     	3.029e-05   	2.459e-05   	1.586e-05   
3485        	10          	0.06922     	3.433e-05   	1.885e-05   	1.095e-05   
3490        	10          	0.0323      	5.363e-06   	2.264e-05   	1.72e-05    
3495        	10          	0.05262     	3.088e-05   	2.539e-05   	1.021e-05   
3500        	10          	0.03856     	9.991e-06   	1.74e-05    	2.359e-05   
3505        	10          	0.04139     	1.487e-05   	3.041e-05   	1.571e-05   
3510        	10          	0.03243     	1.974e-05   	2.397e-05   	1.681e-05   
3515        	10          	0.04284     	1.076e-05   	1.387e-05   	3.045e-06   
3520        	10          	0.03464     	1.909e-05   	5.084e-05   	2.7e-05     
3525        	10          	0.03206     	2.018e-05   	3.471e-05   	1.781e-05   
3530        	10          	0.03658     	2.861e-05   	2.412e-05   	4.905e-06   
3535        	10          	0.03811     	1.424e-05   	1.86e-05    	1.28e-05    
3540        	10          	0.0455      	1.313e-05   	1.207e-05   	1.233e-05   
3545        	10          	0.04846     	9.206e-06   	2.845e-05   	1.307e-05   
3550        	10          	0.03938     	1.515e-05   	1.472e-05   	1.558e-05   
3555        	10          	0.04282     	2.775e-05   	3.341e-05   	1.701e-05   
3560        	10          	0.04968     	5.64e-05    	2.603e-05   	9.419e-06   
3565        	10          	0.05195     	7.938e-06   	4.018e-05   	1.587e-05   
3570        	10          	0.03736     	3.101e-05   	2.267e-05   	1.861e-05   
3575        	10          	0.04928     	1.42e-05    	1.996e-05   	1.356e-05   
3580        	10          	0.0293      	1.075e-05   	1.878e-05   	3.787e-05   
3585        	10          	0.04429     	1.403e-05   	5.56e-05    	2.166e-05   
3590        	10          	0.03461     	9.309e-06   	1.863e-05   	1.5e-05     
3595        	10          	0.05369     	1.469e-05   	2.763e-05   	1.638e-05   
3600        	10          	0.06535     	1.304e-05   	3.281e-05   	9.525e-06   
3605        	10          	0.05141     	2.183e-05   	5.171e-05   	2.92e-05    
3610        	10          	0.05994     	1.047e-05   	1.902e-05   	1.294e-05   
3615        	10          	0.03369     	1.28e-05    	1.922e-05   	1.13e-05    
3620        	10          	0.04041     	1.588e-05   	1.025e-05   	7.473e-06   
3625        	10          	0.05674     	1.062e-05   	2.848e-05   	1.447e-05   
3630        	10          	0.04841     	8.771e-06   	2.747e-05   	1.356e-05   
3635        	10          	0.06922     	1.616e-05   	3.865e-05   	3.226e-05   
3640        	10          	0.08602     	1.763e-05   	2.499e-05   	1.853e-05   
3645        	10          	0.06807     	5.971e-06   	9.553e-06   	1.356e-05   
3650        	10          	0.07668     	1.981e-05   	2.094e-05   	1.598e-05   
3655        	10          	0.04058     	2.084e-05   	3.871e-05   	2.561e-05   
3660        	10          	0.04636     	3.594e-06   	3.116e-05   	1.204e-05   
3665        	10          	0.05938     	2.019e-05   	1.259e-05   	2.611e-05   
3670        	10          	0.07939     	1.871e-05   	3.355e-05   	2.6e-05     
3675        	10          	0.07854     	1.799e-05   	3.045e-05   	1.063e-05   
3680        	10          	0.05699     	2.029e-05   	1.066e-05   	9.001e-06   
3685        	10          	0.05575     	2.891e-05   	3.994e-05   	3.197e-05   
3690        	10          	0.04513     	1.239e-05   	2.439e-05   	1.867e-05   
3695        	10          	0.07488     	1.99e-05    	2.049e-05   	2.615e-05   
3700        	10          	0.06512     	1.491e-05   	2.172e-05   	2.869e-05   
3705        	10          	0.05096     	6.505e-06   	1.623e-05   	1.58e-05    
3710        	10          	0.06741     	1.683e-05   	2.474e-05   	1.545e-05   
3715        	10          	0.03654     	1.455e-05   	9.814e-06   	9.403e-06   
3720        	10          	0.08216     	9.429e-06   	2.307e-05   	2.047e-05   
3725        	10          	0.05645     	7.863e-06   	2.239e-05   	7.043e-06   
3730        	10          	0.04367     	8.767e-06   	2.118e-05   	3.908e-06   
3735        	10          	0.03288     	1.178e-05   	2.352e-05   	1.442e-05   
3740        	10          	0.07328     	1.993e-05   	6.536e-05   	4.214e-05   
3745        	10          	0.05469     	9.508e-06   	1.098e-05   	2.185e-05   
3750        	10          	0.04802     	7.79e-06    	1.813e-05   	1.291e-05   
3755        	10          	0.03561     	1.066e-05   	2.333e-05   	1.262e-05   
3760        	10          	0.0578      	1.576e-05   	2.061e-05   	1.818e-05   
3765        	10          	0.04319     	2.814e-06   	5.75e-06    	1.262e-05   
3770        	10          	0.03901     	1.369e-05   	1.647e-05   	8.314e-06   
3775        	10          	0.0581      	1.571e-05   	3.129e-05   	1.003e-05   
3780        	10          	0.07489     	1.187e-05   	1.419e-05   	8.638e-06   
3785        	10          	0.05633     	2.219e-05   	2.612e-05   	2.002e-05   
3790        	10          	0.05088     	1.759e-05   	1.534e-05   	1.34e-05    
3795        	10          	0.07066     	2.7e-05     	2.289e-05   	1.272e-05   
3800        	10          	0.07452     	2.112e-05   	1.098e-05   	2.598e-05   
3805        	10          	0.07984     	2.34e-05    	2.506e-05   	1.646e-06   
3810        	10          	0.06196     	1.031e-05   	1.454e-05   	2e-05       
3815        	10          	0.04158     	5.915e-06   	5.242e-05   	2.817e-05   
3820        	10          	0.0514      	1.512e-05   	1.869e-05   	1.153e-05   
3825        	10          	0.03956     	1.893e-05   	2.736e-05   	1.425e-05   
3830        	10          	0.0725      	1.18e-05    	2.31e-05    	7.356e-06   
3835        	10          	0.06213     	1.764e-05   	2.691e-05   	1.752e-05   
3840        	10          	0.04094     	1.703e-05   	2.732e-05   	1.692e-05   
3845        	10          	0.04888     	3.293e-05   	2.645e-05   	2.262e-05   
3850        	10          	0.05197     	6.895e-06   	6.184e-05   	1.709e-05   
3855        	10          	0.04646     	1.164e-05   	4.202e-05   	1.141e-05   
3860        	10          	0.05344     	5.337e-06   	1.66e-05    	1.386e-05   
3865        	10          	0.0453      	2.656e-06   	2.368e-05   	1.416e-05   
3870        	10          	0.0453      	2.094e-05   	3.383e-05   	1.295e-05   
3875        	10          	0.02572     	3.931e-05   	2.968e-05   	7.665e-06   
3880        	10          	0.0355      	1.752e-05   	2.656e-05   	2.886e-05   
3885        	10          	0.05651     	2.256e-05   	1.485e-05   	1.365e-05   
3890        	10          	0.04391     	1.113e-05   	1.866e-05   	1.797e-05   
3895        	10          	0.04946     	2.267e-05   	3.188e-05   	1.195e-05   
3900        	10          	0.03849     	2.007e-05   	1.498e-05   	7.502e-06   
3905        	10          	0.06722     	1.432e-05   	1.196e-05   	1.92e-05    
3910        	10          	0.0504      	3.481e-05   	1.228e-05   	1.014e-05   
3915        	10          	0.06622     	1.378e-05   	4.04e-05    	1.402e-05   
3920        	10          	0.04221     	8.359e-06   	3.255e-05   	8.539e-06   
3925        	10          	0.05712     	9.974e-06   	2.226e-05   	1.559e-05   
3930        	10          	0.06649     	7.146e-06   	1.245e-05   	7.912e-06   
3935        	10          	0.05418     	1.668e-05   	1.472e-05   	1.29e-05    
3940        	10          	0.07497     	1.58e-05    	1.907e-05   	1.633e-05   
3945        	10          	0.07416     	1.76e-05    	1.503e-05   	1.216e-05   
3950        	10          	0.08075     	2.695e-05   	3.275e-05   	3.133e-05   
3955        	10          	0.07804     	8.268e-06   	4.856e-05   	3.02e-05    
3960        	10          	0.07007     	2.89e-05    	1.873e-05   	2.395e-05   
3965        	10          	0.06836     	1.244e-05   	1.966e-05   	2.185e-05   
3970        	10          	0.05751     	1.323e-05   	2.192e-05   	2.017e-05   
3975        	10          	0.05523     	1.904e-05   	2.215e-05   	2.08e-05    
3980        	10          	0.08347     	3.078e-05   	1.436e-05   	8.026e-06   
3985        	10          	0.08271     	1.618e-05   	2.147e-05   	7.783e-06   
3990        	10          	0.04716     	8.767e-06   	1.002e-05   	1.585e-05   
3995        	10          	0.08001     	1.439e-05   	2.304e-05   	1.609e-05   
4000        	10          	0.07808     	3.514e-05   	1.581e-05   	6.172e-06   
4005        	10          	0.1029      	1.346e-05   	4.833e-05   	1.162e-05   
4010        	10          	0.08985     	1.195e-05   	2.289e-05   	1.531e-05   
4015        	10          	0.09369     	1.134e-05   	7.591e-06   	9.733e-06   
4020        	10          	0.08011     	1.913e-05   	2.1e-05     	1.938e-05   
4025        	10          	0.05608     	2.788e-05   	3.051e-05   	1.308e-05   
4030        	10          	0.07001     	2.743e-05   	9.177e-06   	6.283e-06   
4035        	10          	0.06129     	4.631e-06   	2.976e-05   	1.199e-05   
4040        	10          	0.08073     	1.204e-05   	1.174e-05   	7.059e-06   
4045        	10          	0.05857     	2.066e-05   	2.686e-05   	1.686e-05   
4050        	10          	0.07068     	1.052e-05   	2.659e-05   	3.042e-06   
4055        	10          	0.08072     	1.032e-05   	4.58e-05    	1.258e-05   
4060        	10          	0.05732     	9.091e-06   	1.967e-05   	1.658e-05   
4065        	10          	0.06996     	2.698e-05   	2.693e-05   	2.011e-05   
4070        	10          	0.05189     	1.83e-05    	1.148e-05   	1.372e-05   
4075        	10          	0.07611     	9.225e-06   	2.047e-05   	2.82e-05    
4080        	10          	0.04522     	2.024e-05   	2.417e-05   	1.766e-05   
4085        	10          	0.05356     	8.661e-06   	9.87e-06    	1.849e-05   
4090        	10          	0.04858     	9.889e-06   	8.653e-05   	1.684e-05   
4095        	10          	0.063       	9.283e-06   	2.418e-05   	7.921e-06   
4100        	10          	0.08612     	7.648e-06   	1.052e-05   	1.514e-05   
4105        	10          	0.05993     	8.704e-06   	1.591e-05   	1.222e-05   
4110        	10          	0.05111     	1.591e-05   	3.179e-05   	4.993e-06   
4115        	10          	0.05001     	7.902e-06   	2.044e-05   	2.912e-06   
4120        	10          	0.04168     	8.277e-06   	1.521e-05   	8.214e-06   
4125        	10          	0.05739     	1.221e-05   	3.46e-05    	1.24e-05    
4130        	10          	0.06158     	9.914e-06   	1.379e-05   	2.836e-05   
4135        	10          	0.06332     	1.529e-05   	2.037e-05   	1.8e-05     
4140        	10          	0.05307     	2.445e-05   	1.42e-05    	9.826e-06   
4145        	10          	0.04429     	1.68e-06    	1.505e-05   	8.465e-06   
4150        	10          	0.05672     	4.83e-06    	4.985e-05   	1.577e-05   
4155        	10          	0.06279     	1.256e-05   	1.865e-05   	1.573e-05   
4160        	10          	0.05154     	1.972e-05   	2.288e-05   	2.329e-05   
4165        	10          	0.05758     	1.063e-05   	2.643e-05   	7.539e-06   
4170        	10          	0.06079     	1.303e-05   	2.442e-05   	2.117e-05   
4175        	10          	0.05756     	2.656e-05   	1.488e-05   	2.087e-05   
4180        	10          	0.0416      	2.145e-05   	4.015e-05   	2.565e-05   
4185        	10          	0.0648      	1.269e-05   	2.565e-05   	1.543e-05   
4190        	10          	0.07271     	2.496e-05   	8.652e-06   	9.747e-06   
4195        	10          	0.08434     	4.866e-05   	3.393e-05   	1.695e-05   
4200        	10          	0.07553     	3.619e-05   	6.097e-05   	1.782e-05   
4205        	10          	0.055       	1.859e-05   	3.1e-05     	2.854e-05   
4210        	10          	0.0569      	1.141e-05   	1.482e-05   	1.729e-05   
4215        	10          	0.05675     	6.88e-06    	1.044e-05   	2.335e-05   
4220        	10          	0.06988     	1.738e-05   	3.564e-05   	8.707e-06   
4225        	10          	0.06267     	4.152e-06   	2.881e-05   	1.449e-05   
4230        	10          	0.06256     	1.052e-05   	1.404e-05   	1.111e-05   
4235        	10          	0.05211     	1.547e-05   	1.081e-05   	1.13e-05    
4240        	10          	0.06411     	6.984e-06   	9.158e-06   	2.226e-05   
4245        	10          	0.05167     	3.087e-05   	1.268e-05   	1.533e-05   
4250        	10          	0.06077     	1.455e-05   	1.637e-05   	2.905e-05   
4255        	10          	0.06445     	6.459e-06   	1.33e-05    	1.787e-05   
4260        	10          	0.08162     	2.089e-05   	3.565e-05   	1.455e-05   
4265        	10          	0.07011     	2.817e-05   	3.236e-05   	4.171e-06   
4270        	10          	0.05514     	5.266e-06   	3.663e-05   	1.038e-05   
4275        	10          	0.06339     	1.437e-05   	4.376e-05   	2.211e-05   
4280        	10          	0.04923     	2.298e-05   	2.304e-05   	2e-05       
4285        	10          	0.05484     	2.036e-05   	1.538e-05   	2.244e-05   
4290        	10          	0.06169     	8.399e-06   	9.763e-06   	1.586e-05   
4295        	10          	0.03197     	7.716e-06   	2.127e-05   	1.324e-05   
4300        	10          	0.03458     	8.078e-06   	1.877e-05   	1.007e-05   
4305        	10          	0.03051     	1.123e-05   	1.898e-05   	1.958e-05   
4310        	10          	0.03372     	1.664e-05   	1.941e-05   	1.6e-05     
4315        	10          	0.05116     	6.998e-06   	1.644e-05   	9.829e-06   
4320        	10          	0.04635     	2.668e-06   	2.04e-05    	1.869e-05   
4325        	10          	0.05189     	1.579e-05   	1.336e-05   	1.889e-05   
4330        	10          	0.05706     	1.324e-05   	1.216e-05   	1.165e-05   
4335        	10          	0.05278     	1.922e-05   	4.241e-05   	2.534e-05   
4340        	10          	0.0811      	6.481e-06   	1.94e-05    	1.503e-05   
4345        	10          	0.04177     	1.341e-05   	9.394e-06   	1.001e-05   
4350        	10          	0.0678      	7.19e-06    	9.77e-06    	1.68e-05    
4355        	10          	0.0939      	2.374e-05   	3.691e-05   	1.443e-05   
4360        	10          	0.07275     	3.534e-05   	2.881e-05   	1.199e-05   
4365        	10          	0.06929     	2.552e-05   	2.212e-05   	2.318e-05   
4370        	10          	0.1086      	1.728e-05   	2.947e-05   	1.48e-05    
4375        	10          	0.1151      	2.417e-05   	1.085e-05   	1.466e-05   
4380        	10          	0.1131      	1.696e-05   	2.255e-05   	1.947e-05   
4385        	10          	0.07606     	1.167e-05   	3.986e-05   	1.335e-05   
4390        	10          	0.07391     	1.135e-05   	3.185e-05   	1.455e-05   
4395        	10          	0.07868     	1.76e-05    	2.21e-05    	8.315e-06   
4400        	10          	0.06311     	2.231e-05   	2.49e-05    	1.534e-05   
4405        	10          	0.07208     	1.292e-05   	3.833e-05   	1.931e-05   
4410        	10          	0.1016      	1.068e-05   	4.78e-05    	3.104e-05   
4415        	10          	0.08452     	2.411e-05   	2.09e-05    	1.441e-05   
4420        	10          	0.08196     	1.594e-05   	2.1e-05     	1.052e-05   
4425        	10          	0.09428     	1.373e-05   	2.727e-05   	8.768e-06   
4430        	10          	0.095       	1.558e-05   	2.428e-05   	1.552e-05   
4435        	10          	0.1018      	5.726e-06   	1.15e-05    	7.031e-06   
4440        	10          	0.1033      	8.552e-06   	1.801e-05   	9.504e-06   
4445        	10          	0.08986     	1.495e-05   	1.516e-05   	1.344e-05   
4450        	10          	0.0649      	2.065e-05   	1.946e-05   	3.074e-05   
4455        	10          	0.08054     	1.568e-05   	1.37e-05    	2.132e-05   
4460        	10          	0.07711     	1.047e-05   	1.185e-05   	1.343e-05   
4465        	10          	0.05797     	1.323e-05   	3.906e-05   	8.066e-06   
4470        	10          	0.09564     	5.775e-06   	3.681e-05   	1.297e-05   
4475        	10          	0.1143      	7.106e-06   	1.482e-05   	1.503e-05   
4480        	10          	0.09668     	3.796e-06   	6.827e-06   	1.693e-05   
4485        	10          	0.1131      	1.218e-05   	2.284e-05   	1.854e-05   
4490        	10          	0.1004      	1.879e-05   	3.261e-05   	1.588e-05   
4495        	10          	0.09322     	9.572e-06   	2.479e-05   	1.335e-05   
4500        	10          	0.08129     	1.718e-05   	1.645e-05   	1.222e-05   
4505        	10          	0.08596     	3.342e-05   	2.158e-05   	7.561e-06   
4510        	10          	0.08696     	5.591e-06   	1.961e-05   	8.203e-06   
4515        	10          	0.07618     	6.846e-06   	3.629e-05   	7.677e-06   
4520        	10          	0.07064     	9.415e-06   	3.919e-05   	1.149e-05   
4525        	10          	0.08656     	1.189e-05   	2.145e-05   	2.315e-05   
4530        	10          	0.07388     	1.253e-05   	3.671e-05   	1.53e-05    
4535        	10          	0.06301     	2.387e-05   	1.266e-05   	2.671e-05   
4540        	10          	0.07014     	1.539e-05   	1.688e-05   	1.914e-05   
4545        	10          	0.0385      	2.336e-05   	5.326e-05   	1.316e-05   
4550        	10          	0.07167     	1.227e-05   	1.712e-05   	1.89e-05    
4555        	10          	0.05761     	1.524e-05   	1.587e-05   	8.622e-06   
4560        	10          	0.05306     	1.996e-05   	3.159e-05   	1.405e-05   
4565        	10          	0.06602     	1.677e-05   	3.996e-05   	1.368e-05   
4570        	10          	0.05525     	1.104e-05   	4.017e-05   	2.997e-05   
4575        	10          	0.07482     	4.704e-06   	4.692e-05   	2.196e-05   
4580        	10          	0.05639     	2.377e-05   	3.239e-05   	8.642e-06   
4585        	10          	0.08151     	3.207e-06   	4.952e-05   	1.998e-05   
4590        	10          	0.07772     	4.026e-05   	1.681e-05   	2.492e-05   
4595        	10          	0.06378     	1.214e-05   	1.411e-05   	1.546e-05   
4600        	10          	0.08968     	1.383e-05   	2.977e-05   	1.399e-05   
4605        	10          	0.06497     	1.719e-05   	3.353e-05   	1.836e-05   
4610        	10          	0.06754     	1.618e-05   	1.065e-05   	1.432e-05   
4615        	10          	0.09768     	9.486e-06   	1.04e-05    	1.191e-05   
4620        	10          	0.07645     	1.976e-05   	1.477e-05   	3.345e-05   
4625        	10          	0.06008     	1.269e-05   	2.333e-05   	1.341e-05   
4630        	10          	0.0675      	1.283e-05   	5.704e-05   	1.865e-05   
4635        	10          	0.04245     	1.38e-05    	4.836e-06   	1.02e-05    
4640        	10          	0.04384     	1.351e-05   	2.574e-05   	1.497e-05   
4645        	10          	0.04282     	1.032e-05   	2.908e-05   	1.78e-05    
4650        	10          	0.04901     	3.185e-05   	2.909e-05   	4.898e-05   
4655        	10          	0.05129     	1.167e-05   	2.811e-05   	3.185e-05   
4660        	10          	0.04766     	2.482e-05   	3.105e-05   	2.088e-05   
4665        	10          	0.05801     	2.191e-05   	6.68e-05    	2.702e-05   
4670        	10          	0.05747     	3.02e-05    	2.653e-05   	1.644e-05   
4675        	10          	0.0563      	1.791e-05   	4.23e-05    	5.67e-06    
4680        	10          	0.0449      	1.678e-05   	2.57e-05    	8.008e-06   
4685        	10          	0.05008     	1.89e-05    	4.097e-05   	1.092e-05   
4690        	10          	0.07882     	2.656e-05   	1.575e-05   	6.572e-06   
4695        	10          	0.05394     	1.993e-05   	1.323e-05   	1.451e-05   
4700        	10          	0.06129     	1.508e-05   	2.064e-05   	1.415e-05   
4705        	10          	0.07989     	5.62e-06    	4.887e-05   	2.839e-05   
4710        	10          	0.06588     	1.243e-05   	4.012e-05   	2.097e-05   
4715        	10          	0.03823     	2.381e-05   	4.718e-05   	1.389e-05   
4720        	10          	0.07138     	2.029e-05   	1.287e-05   	3.077e-05   
4725        	10          	0.06869     	2.729e-05   	3.667e-05   	1.863e-05   
4730        	10          	0.0486      	3.049e-05   	2.068e-05   	1.219e-05   
4735        	10          	0.07141     	2.731e-05   	4.223e-05   	2.096e-05   
4740        	10          	0.07857     	7.445e-06   	2.277e-05   	1.079e-05   
4745        	10          	0.08241     	7.923e-06   	1.597e-05   	1.201e-05   
4750        	10          	0.0509      	9.267e-06   	1.416e-05   	5.592e-06   
4755        	10          	0.06499     	1.041e-05   	4.6e-05     	1.534e-05   
4760        	10          	0.0656      	1.986e-05   	3.976e-05   	1.309e-05   
4765        	10          	0.093       	2.577e-05   	1.55e-05    	1.133e-05   
4770        	10          	0.08249     	2.793e-05   	1.692e-05   	1.872e-05   
4775        	10          	0.05871     	2.127e-05   	2.224e-05   	6.873e-06   
4780        	10          	0.0511      	2.012e-05   	1.099e-05   	1.23e-05    
4785        	10          	0.05894     	4.568e-06   	4.243e-05   	1.558e-05   
4790        	10          	0.08888     	3.207e-06   	1.747e-05   	1.928e-05   
4795        	10          	0.06071     	6.133e-06   	2.062e-05   	1.696e-05   
4800        	10          	0.06454     	1.154e-05   	4.126e-05   	1.037e-05   
4805        	10          	0.03741     	2.921e-05   	2.192e-05   	2.949e-05   
4810        	10          	0.05172     	3.951e-05   	2.328e-05   	5.35e-06    
4815        	10          	0.06328     	4.827e-06   	2.281e-05   	1.872e-05   
4820        	10          	0.07671     	1.608e-05   	2.308e-05   	2.991e-05   
4825        	10          	0.07239     	5.75e-05    	2.611e-05   	6.038e-06   
4830        	10          	0.06113     	1.203e-05   	3.657e-05   	2.438e-05   
4835        	10          	0.06746     	1.413e-05   	1.79e-05    	1.143e-05   
4840        	10          	0.07406     	1.967e-05   	1.306e-05   	7.505e-06   
4845        	10          	0.0733      	2.68e-05    	1.112e-05   	1.001e-05   
4850        	10          	0.0956      	2.108e-05   	2.235e-05   	8.734e-06   
4855        	10          	0.08111     	1.514e-05   	2.306e-05   	3.405e-05   
4860        	10          	0.09941     	1.234e-05   	3.051e-05   	2.998e-05   
4865        	10          	0.09708     	3.207e-05   	2.11e-05    	2.082e-05   
4870        	10          	0.07836     	1.4e-05     	2.205e-05   	7.663e-06   
4875        	10          	0.09662     	7.702e-06   	3.039e-05   	2.662e-05   
4880        	10          	0.08017     	1.55e-05    	4.502e-05   	1.112e-05   
4885        	10          	0.05888     	1.353e-05   	2.991e-05   	1.807e-05   
4890        	10          	0.08434     	1.657e-05   	2.362e-05   	1.371e-05   
4895        	10          	0.07682     	1.185e-05   	3.379e-05   	7.169e-05   
4900        	10          	0.07606     	1.286e-05   	3.324e-05   	4.592e-05   
4905        	10          	0.08384     	1.705e-05   	4.615e-05   	2.376e-05   
4910        	10          	0.06927     	1.328e-05   	1.519e-05   	1.31e-05    
4915        	10          	0.04391     	6.12e-06    	1.712e-05   	9.651e-06   
4920        	10          	0.08003     	1.176e-05   	2.436e-05   	2.142e-05   
4925        	10          	0.04953     	3.14e-05    	2.435e-05   	3.435e-05   
4930        	10          	0.05239     	1.099e-05   	2.231e-05   	2.687e-06   
4935        	10          	0.05569     	1.721e-05   	2.61e-05    	2.02e-05    
4940        	10          	0.06064     	4.377e-05   	1.047e-05   	3.307e-06   
4945        	10          	0.06134     	7.214e-06   	1.731e-05   	1.747e-05   
4950        	10          	0.073       	1.044e-05   	2.675e-05   	2.003e-05   
4955        	10          	0.08646     	6.097e-06   	1.749e-05   	1.271e-05   
4960        	10          	0.09179     	1.336e-05   	2.09e-05    	1.258e-05   
4965        	10          	0.06411     	1.543e-05   	2.889e-05   	1.108e-05   
4970        	10          	0.05961     	1.141e-05   	1.978e-05   	1.312e-05   
4975        	10          	0.09021     	1.77e-05    	3.385e-05   	7.962e-06   
4980        	10          	0.07585     	1.814e-05   	3.176e-05   	9.799e-06   
4985        	10          	0.07284     	2.348e-05   	7.236e-06   	2.063e-05   
4990        	10          	0.07627     	3.058e-05   	1.969e-05   	9.512e-06   
4995        	10          	0.1001      	1.635e-05   	2.101e-05   	1.332e-05   
5000        	10          	0.08206     	1.262e-05   	2.248e-05   	9.573e-06   
