generation  	alive.rpl   	n.adlt.rs   	n.adlt.fst.wc_p1-2	n.adlt.fst.wc_p1-3	n.adlt.fst.wc_p2-3
5           	10          	18.84       	0.001275    	0.003473    	0.001994    
10          	10          	18.5        	0.003546    	0.006772    	0.003914    
15          	10          	18.35       	0.003831    	0.006696    	0.003014    
20          	10          	18.14       	0.004014    	0.00763     	0.003019    
25          	10          	17.99       	0.003479    	0.008129    	0.003444    
30          	10          	17.7        	0.004587    	0.009052    	0.004458    
35          	10          	17.65       	0.003606    	0.008073    	0.004055    
40          	10          	17.48       	0.004298    	0.008117    	0.003824    
45          	10          	17.31       	0.004366    	0.008958    	0.003925    
50          	10          	17.17       	0.005438    	0.00829     	0.004201    
55          	10          	17.04       	0.004166    	0.008683    	0.005329    
60          	10          	16.79       	0.005117    	0.008455    	0.003713    
65          	10          	16.64       	0.004845    	0.008581    	0.005633    
70          	10          	16.42       	0.004753    	0.00982     	0.005243    
75          	10          	16.24       	0.005466    	0.01049     	0.003875    
80          	10          	16.21       	0.003996    	0.009487    	0.003728    
85          	10          	15.89       	0.003893    	0.009406    	0.005459    
90          	10          	15.78       	0.003319    	0.009209    	0.004479    
95          	10          	15.7        	0.003879    	0.01066     	0.004467    
100         	10          	15.47       	0.004006    	0.009705    	0.004682    
105         	10          	15.37       	0.005761    	0.01095     	0.005008    
110         	10          	15.24       	0.003169    	0.00781     	0.002525    
115         	10          	15.05       	0.003615    	0.009091    	0.004469    
120         	10          	14.91       	0.004869    	0.00975     	0.004755    
125         	10          	14.88       	0.00397     	0.007979    	0.004319    
130         	10          	14.76       	0.004742    	0.00904     	0.004932    
135         	10          	14.59       	0.005253    	0.008975    	0.00454     
140         	10          	14.62       	0.004649    	0.008401    	0.003925    
145         	10          	14.45       	0.004745    	0.01032     	0.006396    
150         	10          	14.34       	0.003416    	0.008872    	0.003668    
155         	10          	14.16       	0.004489    	0.01035     	0.004967    
160         	10          	14.09       	0.004728    	0.00921     	0.004215    
165         	10          	14          	0.004052    	0.01035     	0.003729    
170         	10          	13.91       	0.003856    	0.01015     	0.004546    
175         	10          	13.79       	0.004184    	0.01072     	0.005071    
180         	10          	13.68       	0.004412    	0.01029     	0.005491    
185         	10          	13.56       	0.004636    	0.008648    	0.004523    
190         	10          	13.44       	0.005481    	0.01057     	0.005653    
195         	10          	13.32       	0.005567    	0.009826    	0.00492     
200         	10          	13.27       	0.003187    	0.01212     	0.003767    
205         	10          	13.04       	0.004834    	0.01026     	0.003856    
210         	10          	12.95       	0.004253    	0.00721     	0.003442    
215         	10          	12.87       	0.005464    	0.01103     	0.005864    
220         	10          	12.78       	0.003646    	0.01015     	0.004998    
225         	10          	12.71       	0.005105    	0.01016     	0.004401    
230         	10          	12.67       	0.004534    	0.009355    	0.004574    
235         	10          	12.57       	0.004365    	0.009155    	0.004293    
240         	10          	12.47       	0.003716    	0.0091      	0.004085    
245         	10          	12.4        	0.004069    	0.008148    	0.005102    
250         	10          	12.35       	0.003922    	0.0096      	0.00365     
255         	10          	12.26       	0.005421    	0.009298    	0.003612    
260         	10          	12.15       	0.002741    	0.008926    	0.002515    
265         	10          	12.07       	0.002868    	0.009146    	0.004546    
270         	10          	12.07       	0.004301    	0.009319    	0.003805    
275         	10          	12.05       	0.003653    	0.008777    	0.003169    
280         	10          	11.82       	0.003823    	0.00971     	0.003924    
285         	10          	11.71       	0.00536     	0.01062     	0.005072    
290         	10          	11.72       	0.004492    	0.008014    	0.0038      
295         	10          	11.72       	0.003754    	0.008732    	0.004897    
300         	10          	11.52       	0.005132    	0.00884     	0.003226    
305         	10          	11.46       	0.004086    	0.009716    	0.004953    
310         	10          	11.46       	0.003119    	0.0079      	0.003105    
315         	10          	11.34       	0.004959    	0.009084    	0.003362    
320         	10          	11.24       	0.005984    	0.008707    	0.005331    
325         	10          	11.25       	0.003352    	0.009587    	0.003727    
330         	10          	11.13       	0.005384    	0.008904    	0.005193    
335         	10          	11.06       	0.003767    	0.01021     	0.004384    
340         	10          	11.04       	0.003797    	0.00966     	0.004719    
345         	10          	10.98       	0.004804    	0.01058     	0.00411     
350         	10          	10.95       	0.004628    	0.01045     	0.004442    
355         	10          	10.83       	0.00484     	0.009823    	0.003317    
360         	10          	10.73       	0.004645    	0.01046     	0.003052    
365         	10          	10.71       	0.00398     	0.008509    	0.004326    
370         	10          	10.6        	0.004604    	0.009346    	0.004611    
375         	10          	10.55       	0.003201    	0.008897    	0.004031    
380         	10          	10.58       	0.003254    	0.008378    	0.00536     
385         	10          	10.42       	0.005244    	0.009721    	0.004721    
390         	10          	10.4        	0.003344    	0.008689    	0.002951    
395         	10          	10.42       	0.00267     	0.008682    	0.004836    
400         	10          	10.38       	0.00384     	0.008676    	0.004486    
405         	10          	10.24       	0.005624    	0.01032     	0.003502    
410         	10          	10.2        	0.005937    	0.01095     	0.004954    
415         	10          	10.17       	0.005845    	0.01034     	0.003368    
420         	10          	10.09       	0.005473    	0.008892    	0.004325    
425         	10          	10.09       	0.006386    	0.01301     	0.004579    
430         	10          	10.07       	0.003676    	0.009935    	0.005009    
435         	10          	10.05       	0.00533     	0.01136     	0.005027    
440         	10          	10.03       	0.004599    	0.009416    	0.005222    
445         	10          	9.99        	0.003774    	0.009835    	0.00475     
450         	10          	9.937       	0.003292    	0.008398    	0.004095    
455         	10          	9.912       	0.004344    	0.009864    	0.004426    
460         	10          	9.897       	0.003392    	0.009019    	0.003886    
465         	10          	9.803       	0.004878    	0.009388    	0.004205    
470         	10          	9.875       	0.003726    	0.008379    	0.005887    
475         	10          	9.82        	0.003971    	0.008961    	0.003247    
480         	10          	9.842       	0.00327     	0.008915    	0.004058    
485         	10          	9.722       	0.003719    	0.009231    	0.005458    
490         	10          	9.703       	0.004156    	0.008392    	0.004188    
495         	10          	9.672       	0.004279    	0.00845     	0.003802    
500         	10          	9.605       	0.003376    	0.008332    	0.004923    
505         	10          	9.598       	0.003493    	0.009871    	0.004798    
510         	10          	9.572       	0.004806    	0.008787    	0.004733    
515         	10          	9.438       	0.006098    	0.008808    	0.00513     
520         	10          	9.453       	0.005806    	0.008194    	0.004019    
525         	10          	9.408       	0.00417     	0.01019     	0.003747    
530         	10          	9.468       	0.003844    	0.008972    	0.002331    
535         	10          	9.373       	0.003599    	0.01026     	0.003847    
540         	10          	9.295       	0.004732    	0.01084     	0.004449    
545         	10          	9.278       	0.004311    	0.01073     	0.004009    
550         	10          	9.308       	0.00325     	0.008189    	0.003953    
555         	10          	9.247       	0.004719    	0.009703    	0.004764    
560         	10          	9.278       	0.005108    	0.00962     	0.004721    
565         	10          	9.237       	0.004082    	0.00969     	0.003774    
570         	10          	9.158       	0.003658    	0.009577    	0.003245    
575         	10          	9.088       	0.004167    	0.01046     	0.004218    
580         	10          	9.122       	0.005498    	0.00995     	0.003248    
585         	10          	9.123       	0.003807    	0.007991    	0.002165    
590         	10          	9.115       	0.005728    	0.01015     	0.003563    
595         	10          	9.108       	0.004552    	0.008442    	0.002906    
600         	10          	9.067       	0.005679    	0.01165     	0.004116    
605         	10          	8.987       	0.005384    	0.01064     	0.005903    
610         	10          	8.97        	0.003417    	0.007644    	0.00527     
615         	10          	8.902       	0.005252    	0.009776    	0.005589    
620         	10          	8.953       	0.003328    	0.01116     	0.004753    
625         	10          	8.887       	0.003623    	0.009802    	0.003863    
630         	10          	8.872       	0.004711    	0.009602    	0.004067    
635         	10          	8.882       	0.004428    	0.009332    	0.003803    
640         	10          	8.805       	0.004369    	0.008686    	0.004179    
645         	10          	8.843       	0.004087    	0.009242    	0.004512    
650         	10          	8.823       	0.002715    	0.006819    	0.00357     
655         	10          	8.732       	0.006338    	0.0113      	0.00625     
660         	10          	8.793       	0.003978    	0.008391    	0.003735    
665         	10          	8.688       	0.00357     	0.009859    	0.005349    
670         	10          	8.682       	0.004295    	0.008995    	0.003352    
675         	10          	8.685       	0.006442    	0.007923    	0.00381     
680         	10          	8.645       	0.001261    	0.009166    	0.004659    
685         	10          	8.695       	0.003951    	0.01018     	0.006109    
690         	10          	8.628       	0.004194    	0.008314    	0.004907    
695         	10          	8.675       	0.004504    	0.006951    	0.003903    
700         	10          	8.603       	0.004895    	0.009245    	0.00436     
705         	10          	8.537       	0.00388     	0.008535    	0.002627    
710         	10          	8.573       	0.00263     	0.006162    	0.003386    
715         	10          	8.525       	0.004308    	0.009323    	0.006855    
720         	10          	8.577       	0.003658    	0.01005     	0.0062      
725         	10          	8.558       	0.004542    	0.009815    	0.005626    
730         	10          	8.47        	0.003282    	0.009942    	0.004858    
735         	10          	8.433       	0.005492    	0.01166     	0.005585    
740         	10          	8.467       	0.004488    	0.009339    	0.004446    
745         	10          	8.437       	0.006483    	0.0116      	0.004255    
750         	10          	8.388       	0.004792    	0.007674    	0.006602    
755         	10          	8.338       	0.004822    	0.01014     	0.00366     
760         	10          	8.305       	0.003889    	0.009578    	0.005668    
765         	10          	8.28        	0.005681    	0.01125     	0.005032    
770         	10          	8.283       	0.003714    	0.007686    	0.003001    
775         	10          	8.242       	0.003171    	0.008733    	0.004996    
780         	10          	8.227       	0.003606    	0.009504    	0.004458    
785         	10          	8.173       	0.004313    	0.008085    	0.003354    
790         	10          	8.13        	0.004888    	0.009013    	0.004288    
795         	10          	8.097       	0.002774    	0.008071    	0.004141    
800         	10          	8.047       	0.002095    	0.008659    	0.004068    
805         	10          	8.14        	0.002993    	0.008458    	0.004459    
810         	10          	8.103       	0.006161    	0.008935    	0.003844    
815         	10          	8.118       	0.004427    	0.008106    	0.003361    
820         	10          	8.03        	0.005251    	0.009378    	0.005133    
825         	10          	8.007       	0.004457    	0.009449    	0.004474    
830         	10          	7.978       	0.003027    	0.009966    	0.004217    
835         	10          	7.872       	0.006008    	0.008916    	0.004485    
840         	10          	7.948       	0.003158    	0.008065    	0.004619    
845         	10          	7.865       	0.004626    	0.008339    	0.00334     
850         	10          	7.808       	0.005652    	0.01146     	0.004405    
855         	10          	7.778       	0.003597    	0.009908    	0.003713    
860         	10          	7.78        	0.003943    	0.01152     	0.004825    
865         	10          	7.762       	0.004588    	0.008601    	0.003835    
870         	10          	7.798       	0.004218    	0.006506    	0.004442    
875         	10          	7.782       	0.004172    	0.00946     	0.003878    
880         	10          	7.727       	0.003701    	0.009315    	0.003179    
885         	10          	7.705       	0.00386     	0.00987     	0.003468    
890         	10          	7.653       	0.004248    	0.00775     	0.004272    
895         	10          	7.707       	0.004773    	0.01001     	0.004735    
900         	10          	7.64        	0.003922    	0.008503    	0.00189     
905         	10          	7.647       	0.005153    	0.006784    	0.004177    
910         	10          	7.623       	0.003616    	0.009716    	0.006375    
915         	10          	7.642       	0.002462    	0.007214    	0.002585    
920         	10          	7.602       	0.005336    	0.008636    	0.005629    
925         	10          	7.535       	0.0046      	0.009501    	0.0031      
930         	10          	7.54        	0.004301    	0.008244    	0.002329    
935         	10          	7.598       	0.00314     	0.01058     	0.004219    
940         	10          	7.573       	0.003669    	0.008266    	0.004203    
945         	10          	7.582       	0.003078    	0.009524    	0.004169    
950         	10          	7.602       	0.005624    	0.009672    	0.003139    
955         	10          	7.57        	0.004798    	0.007748    	0.002522    
960         	10          	7.582       	0.003405    	0.01086     	0.002533    
965         	10          	7.557       	0.002072    	0.007553    	0.002496    
970         	10          	7.618       	0.003865    	0.01102     	0.005121    
975         	10          	7.6         	0.005598    	0.01111     	0.005665    
980         	10          	7.593       	0.004348    	0.0113      	0.005609    
985         	10          	7.608       	0.003874    	0.008163    	0.003655    
990         	10          	7.555       	0.005587    	0.009145    	0.005291    
995         	10          	7.548       	0.003689    	0.01182     	0.004521    
1000        	10          	7.558       	0.003033    	0.008143    	0.00327     
1005        	10          	7.535       	0.004281    	0.008245    	0.004207    
1010        	10          	7.463       	0.003557    	0.007028    	0.002954    
1015        	10          	7.477       	0.005401    	0.007705    	0.003907    
1020        	10          	7.472       	0.004925    	0.009091    	0.003642    
1025        	10          	7.503       	0.004822    	0.00842     	0.005187    
1030        	10          	7.388       	0.006161    	0.00985     	0.005759    
1035        	10          	7.43        	0.00649     	0.01013     	0.002727    
1040        	10          	7.425       	0.004341    	0.0102      	0.00356     
1045        	10          	7.353       	0.003404    	0.008963    	0.003021    
1050        	10          	7.345       	0.003256    	0.00696     	0.002923    
1055        	10          	7.37        	0.002918    	0.008353    	0.003039    
1060        	10          	7.317       	0.004282    	0.01098     	0.004601    
1065        	10          	7.317       	0.003961    	0.009349    	0.004665    
1070        	10          	7.263       	0.00343     	0.01064     	0.00518     
1075        	10          	7.348       	0.003133    	0.008884    	0.005826    
1080        	10          	7.345       	0.002646    	0.009652    	0.005538    
1085        	10          	7.29        	0.0041      	0.006438    	0.003138    
1090        	10          	7.352       	0.006731    	0.01068     	0.006741    
1095        	10          	7.31        	0.002822    	0.008977    	0.005595    
1100        	10          	7.265       	0.003999    	0.0102      	0.004798    
1105        	10          	7.275       	0.00412     	0.008928    	0.00414     
1110        	10          	7.258       	0.004003    	0.01107     	0.005054    
1115        	10          	7.235       	0.004203    	0.009705    	0.006525    
1120        	10          	7.188       	0.003762    	0.00842     	0.003088    
1125        	10          	7.243       	0.003879    	0.009761    	0.00421     
1130        	10          	7.247       	0.00419     	0.009725    	0.00234     
1135        	10          	7.31        	0.005486    	0.01171     	0.003079    
1140        	10          	7.143       	0.00391     	0.007615    	0.004672    
1145        	10          	7.123       	0.004196    	0.007808    	0.005549    
1150        	10          	7.193       	0.004269    	0.01101     	0.006063    
1155        	10          	7.18        	0.003967    	0.008723    	0.001729    
1160        	10          	7.188       	0.003036    	0.006454    	0.005841    
1165        	10          	7.117       	0.004739    	0.01152     	0.006742    
1170        	10          	7.107       	0.004235    	0.0107      	0.004752    
1175        	10          	7.113       	0.003727    	0.01047     	0.005724    
1180        	10          	7.1         	0.006555    	0.01047     	0.005726    
1185        	10          	7.045       	0.006871    	0.01325     	0.006304    
1190        	10          	7.038       	0.0032      	0.008899    	0.006196    
1195        	10          	6.958       	0.003338    	0.008326    	0.002979    
1200        	10          	6.995       	0.005328    	0.009874    	0.004111    
1205        	10          	7.037       	0.005277    	0.008985    	0.003416    
1210        	10          	6.902       	0.004452    	0.01119     	0.005523    
1215        	10          	6.94        	0.004294    	0.0101      	0.00496     
1220        	10          	6.867       	0.003056    	0.0101      	0.004468    
1225        	10          	6.883       	0.003396    	0.009072    	0.00414     
1230        	10          	6.847       	0.004952    	0.01199     	0.005654    
1235        	10          	6.927       	0.005409    	0.01375     	0.004605    
1240        	10          	6.91        	0.004995    	0.00941     	0.002699    
1245        	10          	6.895       	0.002311    	0.006756    	0.004777    
1250        	10          	6.952       	0.001154    	0.007786    	0.004469    
1255        	10          	6.875       	0.002568    	0.009865    	0.003541    
1260        	10          	6.853       	0.004166    	0.008871    	0.002852    
1265        	10          	6.942       	0.005556    	0.01        	0.004633    
1270        	10          	6.878       	0.005014    	0.009441    	0.003725    
1275        	10          	6.943       	0.002959    	0.00812     	0.002708    
1280        	10          	6.822       	0.003748    	0.009838    	0.002961    
1285        	10          	6.793       	0.005542    	0.01101     	0.003698    
1290        	10          	6.892       	0.004837    	0.01128     	0.005513    
1295        	10          	6.835       	0.003245    	0.01006     	0.004993    
1300        	10          	6.783       	0.004364    	0.009223    	0.00507     
1305        	10          	6.708       	0.005003    	0.009646    	0.005807    
1310        	10          	6.813       	0.003319    	0.009055    	0.004739    
1315        	10          	6.837       	0.00298     	0.009495    	0.003734    
1320        	10          	6.79        	0.005582    	0.0112      	0.005311    
1325        	10          	6.743       	0.004733    	0.01265     	0.00567     
1330        	10          	6.718       	0.002142    	0.008777    	0.005908    
1335        	10          	6.77        	0.00513     	0.01058     	0.006747    
1340        	10          	6.768       	0.006124    	0.01035     	0.002424    
1345        	10          	6.698       	0.005921    	0.01152     	0.003757    
1350        	10          	6.737       	0.004132    	0.009349    	0.003982    
1355        	10          	6.732       	0.004036    	0.007188    	0.003529    
1360        	10          	6.712       	0.003081    	0.01026     	0.004487    
1365        	10          	6.707       	0.003076    	0.007488    	0.004562    
1370        	10          	6.717       	0.004485    	0.008631    	0.004852    
1375        	10          	6.722       	0.004167    	0.008698    	0.002748    
1380        	10          	6.722       	0.003987    	0.007915    	0.00328     
1385        	10          	6.695       	0.005029    	0.008914    	0.005355    
1390        	10          	6.72        	0.005455    	0.008862    	0.004594    
1395        	10          	6.7         	0.00625     	0.009986    	0.002965    
1400        	10          	6.717       	0.003901    	0.008443    	0.005096    
1405        	10          	6.688       	0.00822     	0.006863    	0.003682    
1410        	10          	6.672       	0.005408    	0.007245    	0.003667    
1415        	10          	6.702       	0.001385    	0.008945    	0.002444    
1420        	10          	6.657       	0.0043      	0.007603    	0.00287     
1425        	10          	6.682       	0.00601     	0.00852     	0.004663    
1430        	10          	6.572       	0.003572    	0.00688     	0.001403    
1435        	10          	6.7         	0.004303    	0.008816    	0.003344    
1440        	10          	6.633       	0.004653    	0.008729    	0.003565    
1445        	10          	6.615       	0.00458     	0.01056     	0.006267    
1450        	10          	6.698       	0.002457    	0.008013    	0.004523    
1455        	10          	6.657       	0.005377    	0.01314     	0.005831    
1460        	10          	6.64        	0.00338     	0.01007     	0.003954    
1465        	10          	6.553       	0.004869    	0.01285     	0.005619    
1470        	10          	6.613       	0.005985    	0.009383    	0.004617    
1475        	10          	6.605       	0.003282    	0.008511    	0.00458     
1480        	10          	6.59        	0.00394     	0.00624     	0.002002    
1485        	10          	6.563       	0.004222    	0.01028     	0.005466    
1490        	10          	6.557       	0.005061    	0.01091     	0.004005    
1495        	10          	6.543       	0.00592     	0.01081     	0.004545    
1500        	10          	6.535       	0.0033      	0.007863    	0.003067    
1505        	10          	6.497       	0.003957    	0.007623    	0.00462     
1510        	10          	6.5         	0.004258    	0.009265    	0.003958    
1515        	10          	6.477       	0.004987    	0.00823     	0.004673    
1520        	10          	6.512       	0.004775    	0.008886    	0.004584    
1525        	10          	6.487       	0.005145    	0.008904    	0.003899    
1530        	10          	6.473       	0.004716    	0.009831    	0.005052    
1535        	10          	6.457       	0.004155    	0.01079     	0.003702    
1540        	10          	6.453       	0.004149    	0.01065     	0.005184    
1545        	10          	6.42        	0.006703    	0.01045     	0.005587    
1550        	10          	6.438       	0.006054    	0.008861    	0.005947    
1555        	10          	6.415       	0.004113    	0.01019     	0.002233    
1560        	10          	6.427       	0.003533    	0.008757    	0.004184    
1565        	10          	6.463       	0.004938    	0.01006     	0.003831    
1570        	10          	6.387       	0.005483    	0.008499    	0.004164    
1575        	10          	6.398       	0.003417    	0.009313    	0.002388    
1580        	10          	6.443       	0.004428    	0.009366    	0.002508    
1585        	10          	6.448       	0.003361    	0.006634    	0.004377    
1590        	10          	6.47        	0.004734    	0.009808    	0.005808    
1595        	10          	6.405       	0.004815    	0.009249    	0.002864    
1600        	10          	6.428       	0.00637     	0.01078     	0.006157    
1605        	10          	6.422       	0.004408    	0.008827    	0.002938    
1610        	10          	6.485       	0.004412    	0.007788    	0.002313    
1615        	10          	6.507       	0.003563    	0.01007     	0.003784    
1620        	10          	6.395       	0.00407     	0.01081     	0.003843    
1625        	10          	6.452       	0.004846    	0.008915    	0.004444    
1630        	10          	6.44        	0.004886    	0.009763    	0.003388    
1635        	10          	6.44        	0.004174    	0.007092    	0.005284    
1640        	10          	6.332       	0.004627    	0.009279    	0.005085    
1645        	10          	6.347       	0.003879    	0.01007     	0.003219    
1650        	10          	6.35        	0.003359    	0.009944    	0.006103    
1655        	10          	6.327       	0.003269    	0.01018     	0.004382    
1660        	10          	6.337       	0.003881    	0.008008    	0.004701    
1665        	10          	6.365       	0.0052      	0.008599    	0.006219    
1670        	10          	6.3         	0.004439    	0.01155     	0.005566    
1675        	10          	6.307       	0.003457    	0.00731     	0.001629    
1680        	10          	6.312       	0.003212    	0.006131    	0.003042    
1685        	10          	6.333       	0.005125    	0.007664    	0.004528    
1690        	10          	6.332       	0.00435     	0.01032     	0.003448    
1695        	10          	6.355       	0.003433    	0.008059    	0.002254    
1700        	10          	6.218       	0.005247    	0.007388    	0.003096    
1705        	10          	6.253       	0.004862    	0.008705    	0.003053    
1710        	10          	6.233       	0.005934    	0.01049     	0.004873    
1715        	10          	6.257       	0.00357     	0.00897     	0.003449    
1720        	10          	6.217       	0.004884    	0.008967    	0.003609    
1725        	10          	6.218       	0.006031    	0.007394    	0.006541    
1730        	10          	6.217       	0.004718    	0.009062    	0.003294    
1735        	10          	6.25        	0.004684    	0.01161     	0.004313    
1740        	10          	6.208       	0.004166    	0.007799    	0.004597    
1745        	10          	6.198       	0.00702     	0.013       	0.004791    
1750        	10          	6.165       	0.004717    	0.007841    	0.001309    
1755        	10          	6.203       	0.004844    	0.007424    	0.002204    
1760        	10          	6.193       	0.005358    	0.01002     	0.003878    
1765        	10          	6.207       	0.00479     	0.007717    	0.005145    
1770        	10          	6.163       	0.003386    	0.008051    	0.00513     
1775        	10          	6.19        	0.003895    	0.01013     	0.004797    
1780        	10          	6.188       	0.003905    	0.009241    	0.005024    
1785        	10          	6.1         	0.005188    	0.008092    	0.004668    
1790        	10          	6.158       	0.002969    	0.006888    	0.003595    
1795        	10          	6.155       	0.003355    	0.007867    	0.004259    
1800        	10          	6.157       	0.003531    	0.01098     	0.005926    
1805        	10          	6.153       	0.003174    	0.01061     	0.005583    
1810        	10          	6.133       	0.002858    	0.01079     	0.005848    
1815        	10          	6.197       	0.006596    	0.0105      	0.003181    
1820        	10          	6.127       	0.004275    	0.009725    	0.003825    
1825        	10          	6.155       	0.003385    	0.008683    	0.004802    
1830        	10          	6.113       	0.00454     	0.007689    	0.00316     
1835        	10          	6.128       	0.005107    	0.008976    	0.005322    
1840        	10          	6.132       	0.004703    	0.009656    	0.001233    
1845        	10          	6.105       	0.005105    	0.01002     	0.005242    
1850        	10          	6.122       	0.004134    	0.008923    	0.004465    
1855        	10          	6.112       	0.004853    	0.0113      	0.005599    
1860        	10          	6.102       	0.003391    	0.007702    	0.005943    
1865        	10          	6.177       	0.005638    	0.009586    	0.004019    
1870        	10          	6.16        	0.004087    	0.008354    	0.005065    
1875        	10          	6.155       	0.004763    	0.009451    	0.003224    
1880        	10          	6.142       	0.004498    	0.01043     	0.003548    
1885        	10          	6.2         	0.002655    	0.006619    	0.004572    
1890        	10          	6.092       	0.003655    	0.01008     	0.007021    
1895        	10          	6.182       	0.003232    	0.005938    	0.002924    
1900        	10          	6.177       	0.007112    	0.009992    	0.002331    
1905        	10          	6.167       	0.004406    	0.009344    	0.005401    
1910        	10          	6.157       	0.005044    	0.01192     	0.005288    
1915        	10          	6.182       	0.002591    	0.008701    	0.002963    
1920        	10          	6.15        	0.004352    	0.0106      	0.004818    
1925        	10          	6.167       	0.006749    	0.007492    	0.003691    
1930        	10          	6.112       	0.003816    	0.009508    	0.004367    
1935        	10          	6.135       	0.00536     	0.01277     	0.006802    
1940        	10          	6.167       	0.002284    	0.009109    	0.00466     
1945        	10          	6.105       	0.004593    	0.01086     	0.003263    
1950        	10          	6.113       	0.005161    	0.009729    	0.002947    
1955        	10          	6.15        	0.002158    	0.0104      	0.004241    
1960        	10          	6.165       	0.003398    	0.007005    	0.004959    
1965        	10          	6.147       	0.00523     	0.01143     	0.00407     
1970        	10          	6.085       	0.001534    	0.006201    	0.002713    
1975        	10          	6.075       	0.004945    	0.008163    	0.003529    
1980        	10          	6.102       	0.005032    	0.01159     	0.005153    
1985        	10          	6.042       	0.003752    	0.009256    	0.003956    
1990        	10          	6.14        	0.002114    	0.008445    	0.004695    
1995        	10          	6.058       	0.005632    	0.01009     	0.005391    
2000        	10          	6.053       	0.002112    	0.008105    	0.003609    
2005        	10          	6.077       	0.003026    	0.00766     	0.002505    
2010        	10          	6.133       	0.005581    	0.007821    	0.005994    
2015        	10          	6.07        	0.006887    	0.01046     	0.00434     
2020        	10          	6.015       	0.005551    	0.00985     	0.00437     
2025        	10          	6.083       	0.004262    	0.006999    	0.003181    
2030        	10          	6.083       	0.003982    	0.00989     	0.003471    
2035        	10          	6.007       	0.004496    	0.008125    	0.003857    
2040        	10          	6.093       	0.004168    	0.008953    	0.004431    
2045        	10          	6.048       	0.004156    	0.008597    	-6.17e-05   
2050        	10          	5.99        	0.004563    	0.008616    	0.004029    
2055        	10          	6.022       	0.004895    	0.007141    	0.003472    
2060        	10          	6.013       	0.005972    	0.009956    	0.004983    
2065        	10          	5.975       	0.0027      	0.008119    	0.004449    
2070        	10          	5.997       	0.004731    	0.01009     	0.004501    
2075        	10          	5.983       	0.001655    	0.009072    	0.003557    
2080        	10          	5.98        	0.005127    	0.01176     	0.005055    
2085        	10          	6.033       	0.005768    	0.008729    	0.005296    
2090        	10          	5.978       	0.004638    	0.00763     	0.003875    
2095        	10          	6.017       	0.005017    	0.008675    	0.004615    
2100        	10          	6.053       	0.003067    	0.008756    	0.005141    
2105        	10          	6.015       	0.003983    	0.00807     	0.003132    
2110        	10          	6.007       	0.004123    	0.008454    	0.005011    
2115        	10          	6.013       	0.003985    	0.009233    	0.00546     
2120        	10          	5.998       	0.002853    	0.007973    	0.002996    
2125        	10          	6.027       	0.00528     	0.008066    	0.00272     
2130        	10          	5.992       	0.003414    	0.01047     	0.004571    
2135        	10          	5.96        	0.003321    	0.01188     	0.00457     
2140        	10          	5.932       	0.005052    	0.008756    	0.00289     
2145        	10          	5.965       	0.002673    	0.009497    	0.00196     
2150        	10          	5.943       	0.004259    	0.008025    	0.003323    
2155        	10          	5.977       	0.004726    	0.009469    	0.004217    
2160        	10          	5.91        	0.003767    	0.007959    	0.003344    
2165        	10          	5.877       	0.003845    	0.01122     	0.004347    
2170        	10          	5.902       	0.003224    	0.009511    	0.004018    
2175        	10          	5.958       	0.003599    	0.007347    	0.003031    
2180        	10          	5.862       	0.002328    	0.00955     	0.004786    
2185        	10          	5.918       	0.00497     	0.009495    	0.003957    
2190        	10          	5.887       	0.005124    	0.0103      	0.002822    
2195        	10          	5.877       	0.003113    	0.007389    	0.003888    
2200        	10          	5.917       	0.003657    	0.00892     	0.005311    
2205        	10          	5.86        	0.00423     	0.00875     	0.003623    
2210        	10          	5.848       	0.004719    	0.008911    	0.004887    
2215        	10          	5.885       	0.004801    	0.007553    	0.004714    
2220        	10          	5.96        	0.003165    	0.008616    	0.002196    
2225        	10          	5.88        	0.00487     	0.01142     	0.00553     
2230        	10          	5.942       	0.002601    	0.007636    	0.003321    
2235        	10          	5.905       	0.005498    	0.0106      	0.005222    
2240        	10          	5.857       	0.005797    	0.008763    	0.005714    
2245        	10          	5.862       	0.00582     	0.007185    	0.003784    
2250        	10          	5.91        	0.004488    	0.009093    	0.006037    
2255        	10          	5.887       	0.00561     	0.01105     	0.005017    
2260        	10          	5.878       	0.00374     	0.008752    	0.001493    
2265        	10          	5.89        	0.004409    	0.01027     	0.004193    
2270        	10          	5.865       	0.004074    	0.008758    	0.004102    
2275        	10          	5.893       	0.004379    	0.009861    	0.003949    
2280        	10          	5.823       	0.001982    	0.007678    	0.00326     
2285        	10          	5.875       	0.003542    	0.009629    	0.00393     
2290        	10          	5.81        	0.003364    	0.007203    	0.00301     
2295        	10          	5.795       	0.006727    	0.01098     	0.00506     
2300        	10          	5.855       	0.003279    	0.01156     	0.003813    
2305        	10          	5.918       	0.003163    	0.01083     	0.004363    
2310        	10          	5.837       	0.003954    	0.01053     	0.005459    
2315        	10          	5.86        	0.004961    	0.00848     	0.003449    
2320        	10          	5.768       	0.003271    	0.008937    	0.004648    
2325        	10          	5.78        	0.003621    	0.01011     	0.005483    
2330        	10          	5.823       	0.004828    	0.00904     	0.003915    
2335        	10          	5.793       	0.006252    	0.007224    	0.003358    
2340        	10          	5.81        	0.003293    	0.008932    	0.00456     
2345        	10          	5.797       	0.005572    	0.007071    	0.004434    
2350        	10          	5.858       	0.003743    	0.009018    	0.003423    
2355        	10          	5.853       	0.003265    	0.007657    	0.003057    
2360        	10          	5.828       	0.005735    	0.01003     	0.006266    
2365        	10          	5.815       	0.004427    	0.009557    	0.006244    
2370        	10          	5.852       	0.004331    	0.01249     	0.007261    
2375        	10          	5.87        	0.004392    	0.009647    	0.006262    
2380        	10          	5.825       	0.004764    	0.01081     	0.004126    
2385        	10          	5.782       	0.004668    	0.01235     	0.005864    
2390        	10          	5.767       	0.005906    	0.01244     	0.00515     
2395        	10          	5.77        	0.005251    	0.01134     	0.004549    
2400        	10          	5.805       	0.003887    	0.007006    	0.002199    
2405        	10          	5.79        	0.005337    	0.00674     	0.003866    
2410        	10          	5.845       	0.003451    	0.009999    	0.00246     
2415        	10          	5.788       	0.003692    	0.01084     	0.003298    
2420        	10          	5.743       	0.004086    	0.01045     	0.003445    
2425        	10          	5.76        	0.004664    	0.008765    	0.004465    
2430        	10          	5.772       	0.003496    	0.009572    	0.006376    
2435        	10          	5.843       	0.004592    	0.01049     	0.004841    
2440        	10          	5.785       	0.005595    	0.01027     	0.003891    
2445        	10          	5.82        	0.003654    	0.01109     	0.005749    
2450        	10          	5.758       	0.006308    	0.01027     	0.004568    
2455        	10          	5.843       	0.004739    	0.007388    	0.005203    
2460        	10          	5.828       	0.003048    	0.00974     	0.004826    
2465        	10          	5.773       	0.004219    	0.01081     	0.004228    
2470        	10          	5.802       	0.006602    	0.009828    	0.004976    
2475        	10          	5.728       	0.002789    	0.007774    	0.003641    
2480        	10          	5.72        	0.003095    	0.008146    	0.004343    
2485        	10          	5.75        	0.004626    	0.01195     	0.005944    
2490        	10          	5.713       	0.00644     	0.009443    	0.002798    
2495        	10          	5.743       	0.005132    	0.009611    	0.004406    
2500        	10          	5.727       	0.004808    	0.01019     	0.003149    
2505        	10          	5.707       	0.004131    	0.009547    	0.00458     
2510        	10          	5.693       	0.004079    	0.01095     	0.005016    
2515        	10          	5.685       	0.005053    	0.01284     	0.005815    
2520        	10          	5.755       	0.003992    	0.01129     	0.003917    
2525        	10          	5.732       	0.006793    	0.007553    	0.004792    
2530        	10          	5.693       	0.005277    	0.01193     	0.005546    
2535        	10          	5.73        	0.004752    	0.008818    	0.002457    
2540        	10          	5.745       	0.005287    	0.008623    	0.001496    
2545        	10          	5.73        	0.005454    	0.01006     	0.002368    
2550        	10          	5.715       	0.003632    	0.009878    	0.005073    
2555        	10          	5.737       	0.003192    	0.005208    	0.003575    
2560        	10          	5.715       	0.003989    	0.008942    	0.004169    
2565        	10          	5.768       	0.003462    	0.01019     	0.005022    
2570        	10          	5.68        	0.00294     	0.00915     	0.004371    
2575        	10          	5.657       	0.00483     	0.008922    	0.005015    
2580        	10          	5.672       	0.003506    	0.005068    	0.002215    
2585        	10          	5.608       	0.00403     	0.006714    	0.004664    
2590        	10          	5.672       	0.006654    	0.009697    	0.004036    
2595        	10          	5.677       	0.003902    	0.009734    	0.005409    
2600        	10          	5.658       	0.005453    	0.0079      	0.003939    
2605        	10          	5.685       	0.005364    	0.01022     	0.003835    
2610        	10          	5.662       	0.002766    	0.01006     	0.006887    
2615        	10          	5.595       	0.004938    	0.007545    	0.004911    
2620        	10          	5.628       	0.005161    	0.007349    	0.003448    
2625        	10          	5.652       	0.004186    	0.008257    	0.004024    
2630        	10          	5.688       	0.004903    	0.01105     	0.004875    
2635        	10          	5.695       	0.003824    	0.005879    	0.004681    
2640        	10          	5.592       	0.006204    	0.007693    	0.00631     
2645        	10          	5.612       	0.005384    	0.007898    	0.003328    
2650        	10          	5.625       	0.004912    	0.009978    	0.006484    
2655        	10          	5.612       	0.002486    	0.007689    	0.002267    
2660        	10          	5.64        	0.004808    	0.007284    	0.003041    
2665        	10          	5.618       	0.005091    	0.009583    	0.005812    
2670        	10          	5.628       	0.0046      	0.008289    	0.002651    
2675        	10          	5.585       	0.004835    	0.00959     	0.004915    
2680        	10          	5.612       	0.007997    	0.01199     	0.002178    
2685        	10          	5.555       	0.004831    	0.01119     	0.003658    
2690        	10          	5.61        	0.006155    	0.01064     	0.003863    
2695        	10          	5.57        	0.007196    	0.01203     	0.005521    
2700        	10          	5.592       	0.004103    	0.009559    	0.004655    
2705        	10          	5.542       	0.002088    	0.007313    	0.004079    
2710        	10          	5.562       	0.005468    	0.01099     	0.003123    
2715        	10          	5.56        	0.005769    	0.006234    	0.003909    
2720        	10          	5.545       	0.004491    	0.007892    	0.00357     
2725        	10          	5.502       	0.00389     	0.01015     	0.002722    
2730        	10          	5.552       	0.00342     	0.01036     	0.00465     
2735        	10          	5.57        	0.003497    	0.006395    	0.003376    
2740        	10          	5.587       	0.004832    	0.006846    	0.005638    
2745        	10          	5.617       	0.002931    	0.00921     	0.004573    
2750        	10          	5.597       	0.004069    	0.009046    	0.002227    
2755        	10          	5.595       	0.00397     	0.011       	0.004857    
2760        	10          	5.635       	0.00489     	0.009237    	0.004084    
2765        	10          	5.573       	0.005399    	0.009504    	0.003576    
2770        	10          	5.598       	0.005683    	0.01058     	0.004594    
2775        	10          	5.572       	0.003303    	0.006191    	0.001806    
2780        	10          	5.592       	0.006076    	0.009261    	0.00549     
2785        	10          	5.608       	0.004757    	0.009507    	0.004225    
2790        	10          	5.612       	0.001638    	0.007943    	0.004261    
2795        	10          	5.595       	0.005946    	0.01145     	0.007222    
2800        	10          	5.632       	0.004936    	0.01044     	0.005192    
2805        	10          	5.63        	0.005039    	0.008643    	0.002052    
2810        	10          	5.638       	0.006778    	0.008931    	0.004566    
2815        	10          	5.642       	0.002539    	0.008911    	0.00291     
2820        	10          	5.598       	0.002275    	0.0104      	0.005911    
2825        	10          	5.625       	0.006257    	0.01004     	0.004989    
2830        	10          	5.593       	0.003493    	0.00887     	0.003773    
2835        	10          	5.6         	0.004071    	0.008472    	0.003733    
2840        	10          	5.595       	0.003772    	0.007063    	0.001743    
2845        	10          	5.575       	0.004047    	0.007699    	0.004662    
2850        	10          	5.523       	0.001697    	0.0104      	0.003264    
2855        	10          	5.578       	0.005294    	0.01183     	0.006196    
2860        	10          	5.578       	0.005918    	0.0103      	0.007394    
2865        	10          	5.537       	0.004612    	0.009378    	0.004872    
2870        	10          	5.542       	0.002811    	0.009048    	0.002962    
2875        	10          	5.523       	0.003597    	0.009029    	0.003925    
2880        	10          	5.547       	0.004129    	0.008183    	0.004389    
2885        	10          	5.542       	0.002945    	0.005117    	0.003483    
2890        	10          	5.553       	0.005905    	0.01058     	0.005347    
2895        	10          	5.53        	0.004978    	0.01087     	0.002947    
2900        	10          	5.557       	0.004026    	0.006901    	0.003424    
2905        	10          	5.552       	0.00421     	0.0101      	0.002908    
2910        	10          	5.505       	0.00512     	0.00943     	0.003581    
2915        	10          	5.482       	0.005103    	0.00921     	0.00399     
2920        	10          	5.51        	0.003973    	0.01014     	0.004257    
2925        	10          	5.475       	0.00416     	0.01144     	0.005322    
2930        	10          	5.553       	0.004595    	0.006862    	0.002833    
2935        	10          	5.512       	0.00438     	0.006614    	0.004902    
2940        	10          	5.527       	0.0046      	0.009839    	0.004141    
2945        	10          	5.507       	0.002616    	0.007077    	0.002963    
2950        	10          	5.528       	0.005764    	0.007278    	0.00684     
2955        	10          	5.49        	0.002198    	0.008813    	0.002694    
2960        	10          	5.507       	0.003876    	0.01072     	0.002714    
2965        	10          	5.445       	0.004474    	0.01091     	0.003062    
2970        	10          	5.428       	0.006621    	0.006526    	0.004851    
2975        	10          	5.535       	0.003534    	0.01039     	0.004417    
2980        	10          	5.51        	0.003664    	0.008639    	0.004302    
2985        	10          	5.537       	0.00374     	0.009663    	0.007015    
2990        	10          	5.497       	0.002712    	0.009005    	0.00239     
2995        	10          	5.487       	0.004373    	0.007966    	0.004938    
3000        	10          	5.46        	0.005605    	0.008158    	0.005535    
3005        	10          	5.448       	0.004346    	0.008866    	0.005082    
3010        	10          	5.5         	0.004819    	0.009845    	0.002013    
3015        	10          	5.463       	0.006792    	0.008509    	0.002403    
3020        	10          	5.447       	0.005707    	0.01282     	0.003861    
3025        	10          	5.483       	0.006244    	0.01104     	0.004659    
3030        	10          	5.443       	0.005116    	0.009216    	0.003822    
3035        	10          	5.515       	0.005206    	0.01004     	0.004957    
3040        	10          	5.443       	0.003786    	0.009741    	0.002559    
3045        	10          	5.455       	0.00607     	0.01023     	0.004251    
3050        	10          	5.455       	0.002032    	0.006565    	0.002721    
3055        	10          	5.447       	0.004496    	0.006755    	0.003624    
3060        	10          	5.452       	0.006535    	0.01079     	0.003081    
3065        	10          	5.507       	0.002731    	0.009838    	0.004097    
3070        	10          	5.517       	0.004621    	0.01096     	0.004819    
3075        	10          	5.478       	0.003233    	0.006434    	0.00256     
3080        	10          	5.483       	0.004811    	0.01092     	0.00574     
3085        	10          	5.508       	0.007987    	0.009876    	0.003761    
3090        	10          	5.468       	0.003564    	0.007545    	0.003733    
3095        	10          	5.463       	0.004694    	0.009164    	0.004804    
3100        	10          	5.512       	0.005125    	0.008427    	0.003896    
3105        	10          	5.46        	0.002949    	0.01008     	0.003515    
3110        	10          	5.457       	0.006911    	0.01189     	0.004578    
3115        	10          	5.507       	0.002308    	0.008054    	0.00475     
3120        	10          	5.422       	0.005113    	0.009714    	0.002099    
3125        	10          	5.435       	0.003704    	0.007903    	0.004619    
3130        	10          	5.468       	0.001254    	0.006879    	0.002961    
3135        	10          	5.462       	0.001458    	0.01151     	0.004083    
3140        	10          	5.453       	0.004546    	0.01048     	0.00392     
3145        	10          	5.512       	0.00326     	0.01032     	0.005356    
3150        	10          	5.49        	0.005342    	0.008255    	0.005861    
3155        	10          	5.425       	0.005095    	0.01011     	0.002946    
3160        	10          	5.445       	0.006017    	0.01064     	0.005318    
3165        	10          	5.41        	0.004969    	0.007346    	0.005278    
3170        	10          	5.45        	0.00625     	0.008431    	0.003044    
3175        	10          	5.342       	0.003758    	0.007606    	0.003193    
3180        	10          	5.422       	0.004835    	0.009393    	0.004752    
3185        	10          	5.383       	0.004898    	0.009911    	0.00542     
3190        	10          	5.415       	0.003876    	0.00906     	0.003515    
3195        	10          	5.372       	0.002841    	0.006193    	0.002965    
3200        	10          	5.388       	0.004863    	0.009222    	0.003909    
3205        	10          	5.413       	0.006361    	0.007923    	0.003117    
3210        	10          	5.423       	0.002486    	0.008584    	0.002736    
3215        	10          	5.398       	0.004371    	0.007829    	0.004038    
3220        	10          	5.373       	0.002871    	0.01018     	0.007213    
3225        	10          	5.378       	0.003738    	0.009284    	0.003566    
3230        	10          	5.372       	0.00539     	0.01274     	0.00712     
3235        	10          	5.45        	0.005369    	0.009728    	0.003473    
3240        	10          	5.39        	0.003151    	0.007158    	0.002053    
3245        	10          	5.46        	0.003536    	0.00986     	0.004792    
3250        	10          	5.448       	0.002523    	0.008496    	0.002186    
3255        	10          	5.425       	0.003218    	0.008207    	0.002282    
3260        	10          	5.412       	0.004957    	0.009836    	0.004237    
3265        	10          	5.428       	0.004659    	0.008698    	0.005111    
3270        	10          	5.4         	0.004851    	0.009749    	0.004913    
3275        	10          	5.358       	0.006883    	0.009457    	0.007297    
3280        	10          	5.305       	0.00625     	0.01032     	0.006823    
3285        	10          	5.318       	0.005714    	0.01342     	0.006683    
3290        	10          	5.375       	0.003609    	0.009132    	0.004944    
3295        	10          	5.382       	0.004169    	0.01168     	0.003582    
3300        	10          	5.39        	0.004485    	0.008599    	0.004009    
3305        	10          	5.348       	0.001972    	0.006674    	0.004585    
3310        	10          	5.343       	0.003941    	0.008926    	0.003886    
3315        	10          	5.325       	0.004921    	0.009713    	0.005025    
3320        	10          	5.283       	0.005699    	0.01029     	0.006317    
3325        	10          	5.327       	0.00291     	0.01035     	0.005979    
3330        	10          	5.27        	0.003277    	0.008896    	0.005045    
3335        	10          	5.355       	0.002581    	0.01057     	0.005036    
3340        	10          	5.303       	0.003591    	0.009951    	0.004714    
3345        	10          	5.28        	0.003592    	0.01111     	0.004464    
3350        	10          	5.283       	0.003081    	0.01005     	0.002616    
3355        	10          	5.305       	0.004888    	0.01067     	0.005921    
3360        	10          	5.28        	0.00412     	0.009372    	0.004066    
3365        	10          	5.277       	0.005214    	0.01056     	0.00182     
3370        	10          	5.232       	0.004143    	0.009074    	0.005409    
3375        	10          	5.247       	0.003554    	0.007176    	0.003957    
3380        	10          	5.228       	0.003578    	0.01117     	0.007573    
3385        	10          	5.232       	0.003061    	0.00856     	0.005541    
3390        	10          	5.213       	0.00247     	0.008834    	0.003708    
3395        	10          	5.28        	0.005363    	0.007264    	0.003526    
3400        	10          	5.297       	0.003721    	0.009102    	0.00573     
3405        	10          	5.307       	0.003241    	0.004086    	0.003784    
3410        	10          	5.248       	0.004621    	0.009319    	0.004652    
3415        	10          	5.265       	0.003496    	0.01008     	0.004618    
3420        	10          	5.277       	0.007715    	0.01113     	0.004089    
3425        	10          	5.21        	0.00423     	0.007745    	0.005473    
3430        	10          	5.247       	0.004095    	0.009037    	0.00491     
3435        	10          	5.228       	0.002168    	0.007092    	0.002761    
3440        	10          	5.225       	0.003069    	0.007275    	0.003211    
3445        	10          	5.228       	0.00495     	0.007341    	0.001628    
3450        	10          	5.208       	0.002337    	0.009584    	0.00383     
3455        	10          	5.253       	0.006153    	0.01009     	0.003837    
3460        	10          	5.223       	0.006711    	0.008606    	0.004926    
3465        	10          	5.2         	0.004661    	0.01037     	0.003458    
3470        	10          	5.243       	0.001032    	0.006399    	0.003447    
3475        	10          	5.262       	0.005233    	0.01297     	0.007645    
3480        	10          	5.258       	0.004808    	0.0102      	0.001949    
3485        	10          	5.267       	0.004036    	0.009104    	0.00394     
3490        	10          	5.235       	0.003874    	0.008915    	0.004017    
3495        	10          	5.242       	0.002136    	0.008809    	0.004133    
3500        	10          	5.255       	0.005529    	0.009014    	0.003629    
3505        	10          	5.233       	0.006974    	0.01215     	0.006879    
3510        	10          	5.203       	0.007125    	0.01147     	0.005542    
3515        	10          	5.212       	0.002213    	0.006582    	0.002741    
3520        	10          	5.252       	0.00322     	0.008606    	0.002082    
3525        	10          	5.228       	0.004144    	0.008779    	0.003703    
3530        	10          	5.282       	0.004124    	0.009805    	0.002863    
3535        	10          	5.255       	0.004331    	0.01031     	0.005196    
3540        	10          	5.25        	0.004372    	0.01166     	0.006008    
3545        	10          	5.26        	0.003006    	0.008792    	0.003038    
3550        	10          	5.22        	0.004604    	0.008375    	0.002412    
3555        	10          	5.203       	0.003633    	0.01174     	0.007268    
3560        	10          	5.225       	0.006977    	0.01064     	0.004132    
3565        	10          	5.195       	0.003233    	0.01029     	0.004192    
3570        	10          	5.215       	0.004766    	0.009673    	0.004126    
3575        	10          	5.183       	0.00334     	0.009213    	0.003587    
3580        	10          	5.202       	0.005523    	0.01109     	0.005479    
3585        	10          	5.208       	0.004232    	0.01134     	0.003704    
3590        	10          	5.2         	0.00296     	0.009109    	0.004557    
3595        	10          	5.168       	0.003782    	0.007731    	0.0006697   
3600        	10          	5.108       	0.004903    	0.01099     	0.004606    
3605        	10          	5.118       	0.00504     	0.01119     	0.004017    
3610        	10          	5.15        	0.0061      	0.01058     	0.005333    
3615        	10          	5.165       	0.005842    	0.01026     	0.002877    
3620        	10          	5.198       	0.003748    	0.01009     	0.005273    
3625        	10          	5.175       	0.004136    	0.01117     	0.0041      
3630        	10          	5.202       	0.005197    	0.008394    	0.003502    
3635        	10          	5.178       	0.003758    	0.01011     	0.005744    
3640        	10          	5.198       	0.003213    	0.008325    	0.004928    
3645        	10          	5.14        	0.002907    	0.00629     	0.004792    
3650        	10          	5.158       	0.006268    	0.009948    	0.004822    
3655        	10          	5.185       	0.004955    	0.00774     	0.004204    
3660        	10          	5.152       	0.004498    	0.008619    	0.003613    
3665        	10          	5.187       	0.003424    	0.008688    	0.006257    
3670        	10          	5.2         	0.003687    	0.007492    	0.004216    
3675        	10          	5.163       	0.005232    	0.01185     	0.004472    
3680        	10          	5.12        	0.003333    	0.01082     	0.003158    
3685        	10          	5.132       	0.006329    	0.01048     	0.006469    
3690        	10          	5.142       	0.002255    	0.007963    	0.003399    
3695        	10          	5.037       	0.003906    	0.009533    	0.004244    
3700        	10          	5.123       	0.003381    	0.01103     	0.004767    
3705        	10          	5.14        	0.00652     	0.01091     	0.004226    
3710        	10          	5.115       	0.006218    	0.009644    	0.004797    
3715        	10          	5.163       	0.004291    	0.01001     	0.005159    
3720        	10          	5.113       	0.00579     	0.01248     	0.006343    
3725        	10          	5.162       	0.002971    	0.008211    	0.005088    
3730        	10          	5.172       	0.0006793   	0.009634    	0.005257    
3735        	10          	5.13        	0.003029    	0.008299    	0.003308    
3740        	10          	5.117       	0.005924    	0.01608     	0.009462    
3745        	10          	5.168       	0.006086    	0.008836    	0.004196    
3750        	10          	5.152       	0.003202    	0.009315    	0.004159    
3755        	10          	5.15        	0.004079    	0.009916    	0.00538     
3760        	10          	5.098       	0.005462    	0.009496    	0.004427    
3765        	10          	5.082       	0.001995    	0.009886    	0.005421    
3770        	10          	5.14        	0.003502    	0.007741    	0.004414    
3775        	10          	5.147       	0.002961    	0.007426    	0.005582    
3780        	10          	5.145       	0.003181    	0.008796    	0.002256    
3785        	10          	5.117       	0.003938    	0.007914    	0.00445     
3790        	10          	5.07        	0.003502    	0.01005     	0.005708    
3795        	10          	5.097       	0.003568    	0.009735    	0.005559    
3800        	10          	5.085       	0.005761    	0.01126     	0.002911    
3805        	10          	5.088       	0.005592    	0.007495    	0.004282    
3810        	10          	5.125       	0.002493    	0.01017     	0.004968    
3815        	10          	5.135       	0.00282     	0.0104      	0.006275    
3820        	10          	5.11        	0.004951    	0.0112      	0.003302    
3825        	10          	5.133       	0.006295    	0.009239    	0.005294    
3830        	10          	5.155       	0.006825    	0.0097      	0.006244    
3835        	10          	5.125       	0.006818    	0.009388    	0.004905    
3840        	10          	5.083       	0.002963    	0.00674     	0.003332    
3845        	10          	5.137       	0.002946    	0.007704    	0.005562    
3850        	10          	5.152       	0.004245    	0.01057     	0.004065    
3855        	10          	5.125       	0.003911    	0.01062     	0.005275    
3860        	10          	5.183       	0.004479    	0.007784    	0.003153    
3865        	10          	5.185       	0.004551    	0.008618    	0.005081    
3870        	10          	5.115       	0.004212    	0.007679    	0.003134    
3875        	10          	5.162       	0.006255    	0.01157     	0.005552    
3880        	10          	5.095       	0.004515    	0.01026     	0.004756    
3885        	10          	5.125       	0.006436    	0.00929     	0.004233    
3890        	10          	5.115       	0.003865    	0.009331    	0.004024    
3895        	10          	5.14        	0.004157    	0.01005     	0.004767    
3900        	10          	5.13        	0.004221    	0.00871     	0.004188    
3905        	10          	5.138       	0.002684    	0.008698    	0.002707    
3910        	10          	5.158       	0.005557    	0.01094     	0.005657    
3915        	10          	5.1         	0.004731    	0.01004     	0.005093    
3920        	10          	5.163       	0.003289    	0.008826    	0.003225    
3925        	10          	5.123       	0.004235    	0.008729    	0.003275    
3930        	10          	5.063       	0.00482     	0.008233    	0.002642    
3935        	10          	5.127       	0.006346    	0.01183     	0.006216    
3940        	10          	5.098       	0.006331    	0.01123     	0.004628    
3945        	10          	5.12        	0.003553    	0.009573    	0.003231    
3950        	10          	5.098       	0.005501    	0.009964    	0.006998    
3955        	10          	5.047       	0.002541    	0.009572    	0.0029      
3960        	10          	5.09        	0.00547     	0.01222     	0.004836    
3965        	10          	5.165       	0.00466     	0.009173    	0.004211    
3970        	10          	5.107       	0.001594    	0.005897    	0.004266    
3975        	10          	5.127       	0.00524     	0.0101      	0.003909    
3980        	10          	5.115       	0.004316    	0.009875    	0.00364     
3985        	10          	5.087       	0.004937    	0.009637    	0.003421    
3990        	10          	5.087       	0.002994    	0.0099      	0.004363    
3995        	10          	5.107       	0.006099    	0.009559    	0.004558    
4000        	10          	5.085       	0.004246    	0.01082     	0.003432    
4005        	10          	5.1         	0.005067    	0.01067     	0.003437    
4010        	10          	5.075       	0.002835    	0.00872     	0.004495    
4015        	10          	5.098       	0.004606    	0.007644    	0.005529    
4020        	10          	5.055       	0.004309    	0.009122    	0.005987    
4025        	10          	5.082       	0.003573    	0.01009     	0.006493    
4030        	10          	5.058       	0.005975    	0.00635     	0.004202    
4035        	10          	5.077       	0.005069    	0.009998    	0.005427    
4040        	10          	4.978       	0.004033    	0.007977    	0.003034    
4045        	10          	5.008       	0.006076    	0.009214    	0.006424    
4050        	10          	5.043       	0.001407    	0.00788     	0.003117    
4055        	10          	5.033       	0.004491    	0.007105    	0.004275    
4060        	10          	5.02        	0.003626    	0.00729     	0.002341    
4065        	10          	5.008       	0.006403    	0.01084     	0.005179    
4070        	10          	5.045       	0.005687    	0.007064    	0.004407    
4075        	10          	4.995       	0.005438    	0.01254     	0.005639    
4080        	10          	5.033       	0.005252    	0.006828    	0.00534     
4085        	10          	5.012       	0.003434    	0.007972    	0.00402     
4090        	10          	5.018       	0.004003    	0.01048     	0.005998    
4095        	10          	5.038       	0.003036    	0.009298    	0.003577    
4100        	10          	5.04        	0.004237    	0.009329    	0.004049    
4105        	10          	5.047       	0.002659    	0.006314    	0.005123    
4110        	10          	5           	0.003323    	0.00838     	0.004169    
4115        	10          	4.99        	0.005393    	0.009336    	0.003394    
4120        	10          	5.007       	0.003946    	0.009447    	0.001347    
4125        	10          	5           	0.003913    	0.0101      	0.004056    
4130        	10          	4.998       	0.003595    	0.008584    	0.004097    
4135        	10          	5.013       	0.002219    	0.01136     	0.005887    
4140        	10          	5.042       	0.003156    	0.009952    	0.003871    
4145        	10          	4.973       	0.005946    	0.007939    	0.004022    
4150        	10          	5.067       	0.004505    	0.009976    	0.004981    
4155        	10          	4.993       	0.003335    	0.008366    	0.007161    
4160        	10          	5.03        	0.001124    	0.006191    	0.002383    
4165        	10          	4.968       	0.002863    	0.007616    	0.00213     
4170        	10          	4.923       	0.003995    	0.009967    	0.002095    
4175        	10          	5.005       	0.003759    	0.009144    	0.002944    
4180        	10          	4.92        	0.004693    	0.009865    	0.005261    
4185        	10          	4.952       	0.002724    	0.009581    	0.006084    
4190        	10          	4.987       	0.006094    	0.009056    	0.004485    
4195        	10          	4.957       	0.005284    	0.01082     	0.005068    
4200        	10          	5.002       	0.008013    	0.01079     	0.005355    
4205        	10          	5.028       	0.00217     	0.008448    	0.003945    
4210        	10          	4.992       	0.003678    	0.007945    	0.004492    
4215        	10          	4.968       	0.003714    	0.01188     	0.004526    
4220        	10          	4.92        	0.003864    	0.0116      	0.006279    
4225        	10          	4.938       	0.004927    	0.01038     	0.005237    
4230        	10          	4.978       	0.002471    	0.007545    	0.002138    
4235        	10          	4.912       	0.004496    	0.01002     	0.003339    
4240        	10          	5.005       	0.003705    	0.009017    	0.002516    
4245        	10          	4.928       	0.005042    	0.007334    	0.004576    
4250        	10          	4.93        	0.003604    	0.009288    	0.003824    
4255        	10          	4.928       	0.002955    	0.007833    	0.004261    
4260        	10          	4.993       	0.005936    	0.01132     	0.00524     
4265        	10          	4.945       	0.004158    	0.007752    	0.00303     
4270        	10          	4.982       	0.002053    	0.008268    	0.002192    
4275        	10          	4.938       	0.004217    	0.01091     	0.005108    
4280        	10          	4.927       	0.006384    	0.008517    	0.004828    
4285        	10          	4.96        	0.002336    	0.008802    	0.00442     
4290        	10          	4.915       	0.004994    	0.0114      	0.002627    
4295        	10          	4.882       	0.003983    	0.009371    	0.003674    
4300        	10          	4.935       	0.003507    	0.00957     	0.006461    
4305        	10          	4.943       	0.002837    	0.007587    	0.004372    
4310        	10          	4.9         	0.004647    	0.007559    	0.005787    
4315        	10          	4.97        	0.00449     	0.009288    	0.003674    
4320        	10          	4.892       	0.003246    	0.007281    	0.003542    
4325        	10          	4.933       	0.004397    	0.007585    	0.004149    
4330        	10          	4.9         	0.004096    	0.007187    	0.003018    
4335        	10          	4.872       	0.002525    	0.01156     	0.002561    
4340        	10          	4.87        	0.003294    	0.009842    	0.002466    
4345        	10          	4.897       	0.002693    	0.007437    	0.004569    
4350        	10          	4.835       	0.00409     	0.005273    	0.002447    
4355        	10          	4.877       	0.007812    	0.01025     	0.004783    
4360        	10          	4.882       	0.004823    	0.009248    	0.006083    
4365        	10          	4.908       	0.006922    	0.0097      	0.001987    
4370        	10          	4.862       	0.003688    	0.01008     	0.00559     
4375        	10          	4.888       	0.004508    	0.009929    	0.004075    
4380        	10          	4.865       	0.002713    	0.01131     	0.002285    
4385        	10          	4.845       	0.005788    	0.0113      	0.005655    
4390        	10          	4.882       	0.004118    	0.009954    	0.002881    
4395        	10          	4.793       	0.004226    	0.008965    	0.004273    
4400        	10          	4.828       	0.004942    	0.01065     	0.002681    
4405        	10          	4.852       	0.002124    	0.008578    	0.004782    
4410        	10          	4.875       	0.003497    	0.009988    	0.00578     
4415        	10          	4.882       	0.005661    	0.01347     	0.004207    
4420        	10          	4.857       	0.004037    	0.008458    	0.004818    
4425        	10          	4.805       	0.004858    	0.007788    	0.004922    
4430        	10          	4.867       	0.005654    	0.01072     	0.003488    
4435        	10          	4.837       	0.003713    	0.009676    	0.005167    
4440        	10          	4.852       	0.002891    	0.007903    	0.003367    
4445        	10          	4.865       	0.003135    	0.01092     	0.0048      
4450        	10          	4.857       	0.005165    	0.01131     	0.004951    
4455        	10          	4.903       	0.003597    	0.009763    	0.004007    
4460        	10          	4.888       	0.003482    	0.008545    	0.00341     
4465        	10          	4.898       	0.006215    	0.01439     	0.005796    
4470        	10          	4.898       	0.00332     	0.01113     	0.003592    
4475        	10          	4.878       	0.003232    	0.009494    	0.004587    
4480        	10          	4.89        	0.005005    	0.00937     	0.005786    
4485        	10          	4.882       	0.004905    	0.01002     	0.005037    
4490        	10          	4.847       	0.00398     	0.008937    	0.003987    
4495        	10          	4.872       	0.003829    	0.008745    	0.00363     
4500        	10          	4.86        	0.004017    	0.005712    	0.00329     
4505        	10          	4.873       	0.004667    	0.007064    	0.004408    
4510        	10          	4.925       	0.005953    	0.007515    	0.003459    
4515        	10          	4.877       	0.004794    	0.01027     	0.005742    
4520        	10          	4.868       	0.005055    	0.009092    	0.006302    
4525        	10          	4.862       	0.006101    	0.009744    	0.003892    
4530        	10          	4.847       	0.005614    	0.009728    	0.001735    
4535        	10          	4.857       	0.002568    	0.008809    	0.003908    
4540        	10          	4.848       	0.004915    	0.01141     	0.00729     
4545        	10          	4.85        	0.004988    	0.009839    	0.004362    
4550        	10          	4.862       	0.004145    	0.01054     	0.004935    
4555        	10          	4.878       	0.00347     	0.00461     	0.001354    
4560        	10          	4.817       	0.004043    	0.007654    	0.003497    
4565        	10          	4.802       	0.003959    	0.00879     	0.003032    
4570        	10          	4.832       	0.002855    	0.008405    	0.003529    
4575        	10          	4.863       	0.003772    	0.008223    	0.005244    
4580        	10          	4.85        	0.005332    	0.009164    	0.005833    
4585        	10          	4.86        	0.004439    	0.009351    	0.005535    
4590        	10          	4.828       	0.006733    	0.009012    	0.004742    
4595        	10          	4.795       	0.002297    	0.007116    	0.004478    
4600        	10          	4.823       	0.004038    	0.005789    	0.005171    
4605        	10          	4.832       	0.004412    	0.008428    	0.002431    
4610        	10          	4.82        	0.006493    	0.00832     	0.005381    
4615        	10          	4.79        	0.004402    	0.007185    	0.005222    
4620        	10          	4.812       	0.003601    	0.009794    	0.005433    
4625        	10          	4.852       	0.001586    	0.007424    	0.00416     
4630        	10          	4.862       	0.003211    	0.01089     	0.002976    
4635        	10          	4.828       	0.006968    	0.008979    	0.003667    
4640        	10          	4.812       	0.001642    	0.008251    	0.005724    
4645        	10          	4.83        	0.003398    	0.009018    	0.002769    
4650        	10          	4.775       	0.007628    	0.007238    	0.007789    
4655        	10          	4.775       	0.003202    	0.009811    	0.005271    
4660        	10          	4.82        	0.004554    	0.01053     	0.004404    
4665        	10          	4.79        	0.003677    	0.01164     	0.008089    
4670        	10          	4.832       	0.00232     	0.01029     	0.005761    
4675        	10          	4.835       	0.003657    	0.006883    	0.0003068   
4680        	10          	4.843       	0.003138    	0.009695    	0.005028    
4685        	10          	4.782       	0.00285     	0.006974    	0.002679    
4690        	10          	4.78        	0.004004    	0.007575    	0.00334     
4695        	10          	4.783       	0.002861    	0.006295    	0.003909    
4700        	10          	4.81        	0.003536    	0.008073    	0.004892    
4705        	10          	4.778       	0.003417    	0.0108      	0.005983    
4710        	10          	4.753       	0.005349    	0.01186     	0.003976    
4715        	10          	4.772       	0.004122    	0.01183     	0.00398     
4720        	10          	4.787       	0.003658    	0.006825    	0.004843    
4725        	10          	4.832       	0.005784    	0.009009    	0.00616     
4730        	10          	4.82        	0.004887    	0.005595    	0.006091    
4735        	10          	4.798       	0.00495     	0.008403    	0.004614    
4740        	10          	4.81        	0.005895    	0.009213    	0.003073    
4745        	10          	4.832       	0.003368    	0.01154     	0.003825    
4750        	10          	4.827       	0.004831    	0.01039     	0.004331    
4755        	10          	4.803       	0.004449    	0.008223    	0.005124    
4760        	10          	4.83        	0.005526    	0.008612    	0.003226    
4765        	10          	4.767       	0.005737    	0.008727    	0.005834    
4770        	10          	4.813       	0.005512    	0.009743    	0.004488    
4775        	10          	4.797       	0.006645    	0.008857    	0.005098    
4780        	10          	4.813       	0.004092    	0.008334    	0.004075    
4785        	10          	4.817       	0.00495     	0.01028     	0.004095    
4790        	10          	4.77        	0.005132    	0.0103      	0.003531    
4795        	10          	4.803       	0.001977    	0.008869    	0.004153    
4800        	10          	4.78        	0.002087    	0.006732    	0.003587    
4805        	10          	4.765       	0.003761    	0.008469    	0.004882    
4810        	10          	4.817       	0.003759    	0.00899     	0.004006    
4815        	10          	4.783       	0.003891    	0.008556    	0.003176    
4820        	10          	4.803       	0.004842    	0.008654    	0.005717    
4825        	10          	4.75        	0.005542    	0.01375     	0.005572    
4830        	10          	4.742       	0.004445    	0.01114     	0.005286    
4835        	10          	4.777       	0.003665    	0.01136     	0.006587    
4840        	10          	4.783       	0.003987    	0.009635    	0.004309    
4845        	10          	4.768       	0.006797    	0.009294    	0.003308    
4850        	10          	4.82        	0.003083    	0.008487    	0.004051    
4855        	10          	4.8         	0.004279    	0.01218     	0.007126    
4860        	10          	4.815       	0.003468    	0.00947     	0.004864    
4865        	10          	4.785       	0.004698    	0.01287     	0.007908    
4870        	10          	4.835       	0.002894    	0.005892    	0.005815    
4875        	10          	4.79        	0.003636    	0.007385    	0.005469    
4880        	10          	4.788       	0.004859    	0.00925     	0.004474    
4885        	10          	4.803       	0.003064    	0.007478    	0.00468     
4890        	10          	4.828       	0.00394     	0.01237     	0.006412    
4895        	10          	4.787       	0.003762    	0.009098    	0.004781    
4900        	10          	4.828       	0.003585    	0.008715    	0.005598    
4905        	10          	4.827       	0.005579    	0.01166     	0.008673    
4910        	10          	4.83        	0.003846    	0.007399    	0.005748    
4915        	10          	4.815       	0.004105    	0.008185    	0.002395    
4920        	10          	4.798       	0.004817    	0.009497    	0.005678    
4925        	10          	4.818       	0.004996    	0.009818    	0.003062    
4930        	10          	4.772       	0.003163    	0.009498    	0.004       
4935        	10          	4.802       	0.003586    	0.008898    	-0.0007519  
4940        	10          	4.765       	0.005208    	0.008242    	0.005447    
4945        	10          	4.795       	0.004677    	0.007161    	0.004155    
4950        	10          	4.783       	0.003597    	0.01209     	0.00632     
4955        	10          	4.842       	0.00369     	0.009674    	0.00534     
4960        	10          	4.825       	0.003635    	0.01192     	0.004744    
4965        	10          	4.817       	0.004336    	0.009457    	0.004147    
4970        	10          	4.838       	0.002495    	0.008583    	0.004422    
4975        	10          	4.82        	0.005713    	0.01024     	0.006154    
4980        	10          	4.825       	0.003524    	0.01176     	0.005044    
4985        	10          	4.812       	0.005268    	0.008462    	0.00462     
4990        	10          	4.837       	0.003591    	0.009943    	0.00247     
4995        	10          	4.835       	0.005529    	0.01224     	0.005239    
5000        	10          	4.833       	0.004388    	0.01156     	0.005203    
