generation  	alive.rpl   	n.adlt.rs   	n.adlt.fst.wc_p1-2	n.adlt.fst.wc_p1-3	n.adlt.fst.wc_p2-3
5           	10          	0.01518     	2.767e-06   	4.361e-06   	1.272e-06   
10          	10          	0.02047     	1.494e-06   	1.618e-06   	1.939e-06   
15          	10          	0.02216     	1.779e-06   	1.368e-06   	1.959e-06   
20          	10          	0.007044    	1.227e-06   	2.489e-06   	2.034e-06   
25          	10          	0.02345     	2.759e-06   	2.155e-06   	2.299e-06   
30          	10          	0.03023     	3.629e-06   	2.817e-06   	4.784e-06   
35          	10          	0.01661     	2.637e-06   	1.674e-06   	3.704e-06   
40          	10          	0.03832     	1.082e-06   	6.54e-06    	2.515e-06   
45          	10          	0.04039     	2.456e-06   	2.294e-06   	2.246e-06   
50          	10          	0.03704     	6.07e-06    	2.289e-06   	4.21e-06    
55          	10          	0.03544     	2.355e-06   	2.347e-06   	1.882e-06   
60          	10          	0.04146     	4.198e-06   	2.842e-06   	2.103e-06   
65          	10          	0.04291     	3.33e-06    	2.096e-06   	3.216e-06   
70          	10          	0.07546     	3.753e-06   	7.41e-06    	5.563e-06   
75          	10          	0.1091      	4.863e-06   	8.393e-06   	3.809e-06   
80          	10          	0.04017     	6.891e-06   	6.761e-06   	4.646e-06   
85          	10          	0.08303     	5.593e-06   	3.611e-06   	4.592e-06   
90          	10          	0.031       	3.574e-06   	1.225e-05   	4.408e-06   
95          	10          	0.05241     	4.957e-06   	4.772e-06   	5.139e-06   
100         	10          	0.03107     	4.157e-06   	9.766e-06   	7.413e-06   
105         	10          	0.07195     	4.015e-06   	2.003e-06   	3.578e-06   
110         	10          	0.1242      	9.734e-06   	9.397e-06   	4.178e-06   
115         	10          	0.0541      	5e-06       	7.257e-06   	3.538e-06   
120         	10          	0.08422     	2.543e-06   	5.294e-06   	4.12e-06    
125         	10          	0.05466     	5.876e-06   	3.091e-06   	4.747e-06   
130         	10          	0.04618     	5.733e-06   	8.042e-06   	2.934e-06   
135         	10          	0.0345      	3.173e-06   	2.266e-06   	2.753e-06   
140         	10          	0.07039     	2.668e-06   	1.095e-06   	2.966e-06   
145         	10          	0.03807     	2.704e-06   	5.974e-06   	3.094e-06   
150         	10          	0.02993     	4.461e-06   	4.807e-06   	5.239e-06   
155         	10          	0.05882     	5.792e-06   	1.108e-05   	9.012e-06   
160         	10          	0.05341     	7.365e-06   	7.772e-06   	9.986e-06   
165         	10          	0.02747     	2.878e-06   	5.747e-06   	3.787e-06   
170         	10          	0.06344     	7.922e-06   	1.13e-05    	3.47e-06    
175         	10          	0.03001     	2.204e-06   	6.291e-06   	6.917e-06   
180         	10          	0.04203     	5.752e-06   	4.235e-06   	5.988e-06   
185         	10          	0.03746     	5.137e-06   	1.185e-05   	2.743e-06   
190         	10          	0.04762     	1.196e-06   	6.92e-06    	4.78e-06    
195         	10          	0.02784     	4.598e-06   	3.227e-06   	5.307e-06   
200         	10          	0.05918     	6.122e-06   	1.198e-05   	5.394e-06   
205         	10          	0.06445     	7.003e-06   	7.398e-06   	5.572e-06   
210         	10          	0.0464      	3.953e-06   	1.23e-05    	4.633e-06   
215         	10          	0.07064     	4.534e-06   	7.879e-06   	3.48e-06    
220         	10          	0.03656     	3.237e-06   	1.231e-05   	7.868e-06   
225         	10          	0.05554     	2.939e-06   	5.068e-06   	4.331e-06   
230         	10          	0.05694     	3.697e-06   	3.425e-06   	1.129e-05   
235         	10          	0.05861     	4.324e-06   	8.691e-06   	3.95e-06    
240         	10          	0.04254     	5.355e-06   	5.155e-06   	5.67e-06    
245         	10          	0.04007     	6.129e-06   	1.138e-05   	4.605e-06   
250         	10          	0.02152     	6.453e-06   	5.11e-06    	3.188e-06   
255         	10          	0.03912     	9.171e-06   	5.776e-06   	5.67e-06    
260         	10          	0.03657     	3.54e-06    	6.901e-06   	1.463e-05   
265         	10          	0.02907     	4.519e-06   	1.203e-05   	5.796e-06   
270         	10          	0.04201     	2.009e-06   	5.553e-06   	4.585e-06   
275         	10          	0.07346     	4.972e-06   	7.186e-06   	4.241e-06   
280         	10          	0.05075     	5.122e-06   	6.133e-06   	4.112e-06   
285         	10          	0.03457     	3.423e-07   	4.983e-06   	6.127e-06   
290         	10          	0.0871      	5.883e-06   	1.102e-05   	4.549e-06   
295         	10          	0.03983     	3.212e-06   	2.075e-05   	2.522e-06   
300         	10          	0.05536     	9.304e-06   	1.305e-05   	4.372e-06   
305         	10          	0.06414     	1.674e-05   	5.548e-06   	1.158e-05   
310         	10          	0.04425     	3.961e-06   	4.824e-06   	4.551e-06   
315         	10          	0.05262     	5.87e-06    	1.129e-05   	5.266e-06   
320         	10          	0.05447     	6.512e-06   	1.032e-05   	8.516e-06   
325         	10          	0.03296     	1.087e-05   	7.348e-06   	5.329e-06   
330         	10          	0.03667     	3.184e-06   	6.249e-06   	4.009e-06   
335         	10          	0.07117     	4.518e-06   	1.93e-06    	2.706e-06   
340         	10          	0.03601     	5.046e-06   	6.49e-06    	6.682e-06   
345         	10          	0.08443     	1.33e-05    	7.546e-06   	5.66e-06    
350         	10          	0.08789     	4.173e-06   	8.975e-06   	4.372e-06   
355         	10          	0.03964     	3.784e-06   	1.002e-05   	8.178e-06   
360         	10          	0.07488     	8.946e-06   	9.597e-06   	1.049e-05   
365         	10          	0.07779     	4.173e-06   	1.373e-05   	3.163e-06   
370         	10          	0.05204     	3.99e-06    	1.179e-05   	2.154e-06   
375         	10          	0.04508     	9.317e-06   	7.182e-06   	1.752e-06   
380         	10          	0.06321     	6.968e-06   	1.09e-05    	4.397e-06   
385         	10          	0.04304     	4.523e-06   	6.997e-06   	7.905e-06   
390         	10          	0.08069     	6.937e-06   	4.745e-06   	4.613e-06   
395         	10          	0.08719     	2.62e-06    	4.545e-06   	5.817e-06   
400         	10          	0.0839      	2.875e-06   	1.078e-05   	7.866e-06   
405         	10          	0.06266     	7.251e-06   	7.856e-06   	2.403e-06   
410         	10          	0.04922     	7.263e-06   	6.77e-06    	1.137e-05   
415         	10          	0.03628     	3.196e-06   	9.528e-06   	3.72e-06    
420         	10          	0.05746     	5.949e-06   	2.38e-05    	1.562e-05   
425         	10          	0.05501     	9.652e-06   	3.576e-06   	6.777e-06   
430         	10          	0.04151     	5.083e-06   	2.733e-06   	4.312e-06   
435         	10          	0.06111     	7.651e-06   	8.767e-06   	6.817e-06   
440         	10          	0.06599     	1.18e-05    	9.54e-06    	7.022e-06   
445         	10          	0.04111     	5.551e-06   	2.315e-05   	7.631e-06   
450         	10          	0.1155      	6.896e-06   	1.29e-05    	5.048e-06   
455         	10          	0.1282      	1.842e-05   	2.224e-05   	4.284e-06   
460         	10          	0.06404     	5.736e-06   	6.621e-06   	1.556e-05   
465         	10          	0.05738     	3.681e-06   	1.276e-05   	8.145e-06   
470         	10          	0.05417     	8.413e-06   	8.513e-06   	5.864e-06   
475         	10          	0.04993     	8.368e-06   	3.447e-06   	4.578e-06   
480         	10          	0.09318     	2.678e-06   	1.609e-05   	6.969e-06   
485         	10          	0.06867     	6.688e-06   	1.007e-05   	6.068e-06   
490         	10          	0.0594      	7.232e-06   	2.163e-05   	1.212e-05   
495         	10          	0.0783      	7.141e-06   	1.959e-05   	1.079e-05   
500         	10          	0.0878      	1.703e-05   	9.255e-06   	2.121e-06   
505         	10          	0.07496     	1.058e-05   	1.449e-05   	3.575e-06   
510         	10          	0.1133      	1.212e-05   	1.343e-05   	9.803e-06   
515         	10          	0.06394     	4.205e-06   	5.456e-06   	6.695e-06   
520         	10          	0.06839     	1.075e-05   	8.89e-06    	7.776e-06   
525         	10          	0.05523     	5.031e-06   	1.066e-05   	1.312e-06   
530         	10          	0.117       	6.459e-06   	9.844e-06   	9.858e-06   
535         	10          	0.06586     	1.191e-05   	3.216e-05   	5.247e-06   
540         	10          	0.09861     	2.291e-06   	9.929e-06   	4.166e-06   
545         	10          	0.1184      	5.39e-06    	1.066e-05   	5.658e-06   
550         	10          	0.0871      	7.967e-06   	9.683e-06   	6.366e-06   
555         	10          	0.08477     	9.269e-06   	1.64e-05    	6.687e-06   
560         	10          	0.1043      	5.548e-06   	2.402e-05   	1.688e-06   
565         	10          	0.05974     	5.569e-06   	8.695e-06   	9.347e-06   
570         	10          	0.07506     	5.824e-06   	1.232e-05   	5.517e-06   
575         	10          	0.1077      	7.845e-06   	6.149e-06   	3.976e-06   
580         	10          	0.06296     	5.259e-06   	6.834e-05   	7.352e-06   
585         	10          	0.07736     	4.409e-06   	7.184e-06   	1.064e-05   
590         	10          	0.08117     	3.666e-06   	6.241e-06   	2.554e-06   
595         	10          	0.05651     	4.553e-06   	5.404e-06   	9.937e-06   
600         	10          	0.06572     	8.575e-06   	1.87e-05    	1.183e-05   
605         	10          	0.04139     	8.133e-06   	1.359e-05   	6.663e-06   
610         	10          	0.08803     	1.264e-05   	9.767e-06   	1.262e-05   
615         	10          	0.0421      	6.041e-06   	2.316e-05   	1.86e-05    
620         	10          	0.03607     	5.307e-06   	7.026e-06   	7.954e-06   
625         	10          	0.09829     	3.939e-06   	3.899e-06   	6.788e-06   
630         	10          	0.05656     	5.418e-06   	1.249e-05   	7.44e-06    
635         	10          	0.07264     	1.108e-05   	5.208e-06   	3.711e-06   
640         	10          	0.06433     	4.871e-06   	7.844e-06   	7.924e-06   
645         	10          	0.06068     	6.169e-06   	8.222e-06   	4.583e-06   
650         	10          	0.06866     	7.78e-06    	7.555e-06   	5.383e-06   
655         	10          	0.0604      	3.861e-06   	1.32e-05    	1.02e-05    
660         	10          	0.058       	8.513e-06   	7.493e-06   	4.693e-06   
665         	10          	0.06517     	2.921e-06   	1.455e-05   	1.084e-05   
670         	10          	0.07007     	8.736e-06   	6.552e-06   	6.975e-06   
675         	10          	0.03921     	5.157e-06   	8.934e-06   	1.468e-06   
680         	10          	0.06268     	1.233e-05   	2.899e-05   	1.005e-05   
685         	10          	0.04191     	1.624e-06   	9.409e-06   	1.056e-05   
690         	10          	0.04107     	7.291e-06   	2.328e-05   	3.596e-06   
695         	10          	0.04433     	8.73e-06    	1.306e-05   	7.664e-06   
700         	10          	0.05699     	6.981e-06   	4.092e-06   	8.141e-06   
705         	10          	0.04802     	1.033e-05   	5.009e-06   	9.961e-06   
710         	10          	0.04873     	6.365e-06   	8.803e-06   	9.989e-06   
715         	10          	0.07307     	9.347e-06   	1.059e-05   	1.031e-05   
720         	10          	0.02811     	5.536e-06   	1.248e-05   	7.379e-06   
725         	10          	0.04056     	1.607e-05   	2.238e-05   	2.145e-05   
730         	10          	0.03507     	4.272e-06   	7.615e-06   	9.067e-06   
735         	10          	0.0401      	4.643e-06   	9.338e-06   	8.759e-06   
740         	10          	0.0335      	6.666e-06   	4.889e-06   	8.4e-06     
745         	10          	0.02106     	1.356e-05   	1.688e-05   	6.392e-06   
750         	10          	0.04864     	5.55e-06    	3.509e-06   	1.476e-05   
755         	10          	0.04223     	5.937e-06   	2.333e-05   	2.096e-05   
760         	10          	0.08493     	1.337e-05   	6.524e-06   	9.995e-06   
765         	10          	0.03222     	5.037e-06   	1.514e-05   	8.972e-06   
770         	10          	0.04716     	7.526e-06   	1.095e-05   	1.019e-05   
775         	10          	0.02927     	5.625e-06   	2.791e-05   	5.917e-06   
780         	10          	0.01488     	1.046e-05   	2.014e-05   	3.971e-06   
785         	10          	0.02896     	6.378e-06   	7.345e-06   	1.395e-05   
790         	10          	0.04572     	1.044e-05   	1.425e-05   	9.776e-06   
795         	10          	0.0444      	7.142e-06   	2.106e-05   	4.02e-06    
800         	10          	0.0465      	1.205e-05   	5.535e-06   	6.908e-06   
805         	10          	0.04575     	1.151e-05   	1.55e-05    	9.761e-06   
810         	10          	0.04557     	8.494e-06   	1.491e-05   	1.91e-05    
815         	10          	0.03301     	9.58e-06    	3.584e-06   	3.538e-06   
820         	10          	0.03569     	1.081e-05   	5.611e-06   	5.807e-06   
825         	10          	0.03725     	1.22e-05    	1.197e-05   	1.125e-05   
830         	10          	0.0505      	9.236e-06   	1.311e-05   	9.395e-06   
835         	10          	0.02416     	4.117e-06   	1.034e-05   	5.758e-06   
840         	10          	0.03577     	1.079e-05   	1.545e-05   	8.652e-06   
845         	10          	0.04001     	8.192e-06   	1.803e-05   	5.326e-06   
850         	10          	0.01491     	8.625e-06   	2.4e-05     	1.771e-05   
855         	10          	0.027       	3.063e-06   	1.016e-05   	1.257e-05   
860         	10          	0.05618     	9.949e-06   	7.814e-06   	1.023e-05   
865         	10          	0.03096     	1.035e-05   	6.369e-06   	3.694e-06   
870         	10          	0.02434     	3.581e-06   	1.032e-05   	1.484e-05   
875         	10          	0.04979     	4.106e-06   	1.244e-05   	9.607e-06   
880         	10          	0.03612     	1.676e-05   	1.973e-05   	1.094e-05   
885         	10          	0.06007     	8.164e-06   	8.99e-06    	7.377e-06   
890         	10          	0.07386     	4.385e-06   	9.564e-06   	8.294e-06   
895         	10          	0.05444     	8.693e-06   	7.898e-06   	9.173e-06   
900         	10          	0.04512     	4.349e-06   	1.488e-05   	5.78e-06    
905         	10          	0.07057     	8.705e-06   	1.039e-05   	8.228e-06   
910         	10          	0.05269     	2.227e-05   	1.287e-05   	4.632e-06   
915         	10          	0.1123      	4.634e-06   	1.491e-05   	6.282e-06   
920         	10          	0.1027      	3.643e-06   	6.566e-06   	1.456e-05   
925         	10          	0.09507     	1.097e-05   	7.903e-06   	1.446e-05   
930         	10          	0.1117      	1.646e-05   	2.768e-05   	1.217e-05   
935         	10          	0.08672     	7.003e-06   	2.065e-05   	1.266e-05   
940         	10          	0.1402      	1.45e-05    	1.842e-05   	8.061e-06   
945         	10          	0.06749     	8.51e-06    	1.583e-05   	7.326e-06   
950         	10          	0.09535     	1.464e-05   	1.275e-05   	1.843e-05   
955         	10          	0.08178     	1.213e-05   	9.231e-06   	9.835e-06   
960         	10          	0.0995      	2.026e-05   	8.707e-06   	6.471e-06   
965         	10          	0.1053      	9.346e-06   	1.742e-05   	1.149e-05   
970         	10          	0.07017     	6.052e-06   	8.214e-06   	7.32e-06    
975         	10          	0.1066      	1.209e-05   	1.998e-05   	5.311e-06   
980         	10          	0.09325     	6.391e-06   	5.798e-06   	1.067e-05   
985         	10          	0.1031      	1.744e-05   	1.518e-05   	1.693e-05   
990         	10          	0.1193      	7.15e-06    	7.09e-06    	8.308e-06   
995         	10          	0.06978     	2.717e-05   	1.638e-05   	1.019e-05   
1000        	10          	0.1127      	7.11e-06    	1.545e-05   	1.589e-05   
1005        	10          	0.114       	8.713e-06   	2.325e-05   	6.021e-06   
1010        	10          	0.09167     	9.738e-06   	1.878e-05   	9.674e-06   
1015        	10          	0.1019      	1.492e-05   	9.525e-06   	1.336e-05   
1020        	10          	0.1211      	4.092e-06   	1.909e-05   	9.333e-06   
1025        	10          	0.09711     	8.345e-06   	9.469e-06   	1.318e-05   
1030        	10          	0.1615      	1.935e-05   	1.149e-05   	4.187e-06   
1035        	10          	0.1269      	1.13e-05    	8.835e-06   	3.797e-06   
1040        	10          	0.114       	4.409e-06   	2.723e-06   	7.06e-06    
1045        	10          	0.1168      	1.761e-05   	9.869e-06   	1.39e-05    
1050        	10          	0.1092      	8.172e-06   	4.605e-05   	1.304e-05   
1055        	10          	0.1087      	1.434e-05   	2.975e-05   	8.24e-06    
1060        	10          	0.0783      	6.382e-06   	1.389e-05   	1.223e-05   
1065        	10          	0.1215      	2.089e-05   	6.27e-06    	3.532e-06   
1070        	10          	0.07534     	1.799e-05   	2.315e-05   	1.334e-05   
1075        	10          	0.1039      	1.141e-05   	1.6e-05     	1.091e-05   
1080        	10          	0.1272      	7.796e-06   	1.322e-05   	8.824e-06   
1085        	10          	0.07679     	2.745e-05   	2.286e-05   	1.735e-05   
1090        	10          	0.1035      	7.416e-06   	1.972e-05   	1.894e-06   
1095        	10          	0.0665      	5.639e-06   	9.938e-06   	7.559e-06   
1100        	10          	0.08721     	1.056e-05   	9.8e-06     	9.866e-06   
1105        	10          	0.07227     	9.879e-06   	8.877e-06   	1.253e-05   
1110        	10          	0.05929     	7.709e-06   	1.836e-05   	1.051e-05   
1115        	10          	0.05767     	8.19e-06    	6.661e-06   	6.842e-06   
1120        	10          	0.06256     	2.448e-05   	2.426e-05   	1.084e-05   
1125        	10          	0.05471     	6.05e-06    	6.062e-06   	1.005e-05   
1130        	10          	0.0509      	6.368e-06   	1.793e-05   	4.758e-06   
1135        	10          	0.03472     	1.239e-05   	1.503e-05   	6.85e-06    
1140        	10          	0.02477     	6.292e-06   	3.005e-05   	1.977e-05   
1145        	10          	0.04673     	6.435e-06   	1.428e-05   	1.491e-05   
1150        	10          	0.03388     	4.368e-05   	5.298e-05   	9.597e-06   
1155        	10          	0.02749     	7.424e-06   	1.793e-05   	1.268e-05   
1160        	10          	0.05572     	1.459e-05   	1.088e-05   	3.093e-05   
1165        	10          	0.03445     	1.396e-05   	2.65e-05    	1.283e-05   
1170        	10          	0.04353     	1.931e-05   	2.267e-05   	7.453e-06   
1175        	10          	0.0641      	1.115e-05   	1.536e-05   	1.603e-05   
1180        	10          	0.0453      	1.071e-05   	1.941e-05   	2.244e-06   
1185        	10          	0.03934     	1.4e-05     	1.818e-05   	9.186e-06   
1190        	10          	0.07786     	1.135e-05   	9.977e-06   	1.695e-05   
1195        	10          	0.04436     	1.242e-05   	4.683e-06   	5.658e-06   
1200        	10          	0.07284     	5.435e-06   	4.232e-05   	8.978e-06   
1205        	10          	0.0674      	1.249e-05   	8.798e-06   	2.012e-05   
1210        	10          	0.09673     	2.198e-05   	2.784e-05   	1.441e-05   
1215        	10          	0.0375      	1.171e-05   	1.81e-05    	7.259e-06   
1220        	10          	0.0381      	9.795e-06   	1.215e-05   	3.459e-06   
1225        	10          	0.08211     	6.98e-06    	6.423e-06   	6.791e-06   
1230        	10          	0.07889     	2.202e-05   	1.017e-05   	1.469e-05   
1235        	10          	0.08561     	1.673e-05   	8.471e-06   	3.981e-06   
1240        	10          	0.1094      	1.761e-05   	2.02e-05    	9.967e-06   
1245        	10          	0.05608     	1.26e-05    	1.457e-05   	8.187e-06   
1250        	10          	0.081       	8.975e-06   	1.464e-05   	1.145e-05   
1255        	10          	0.04168     	8.029e-06   	1.72e-05    	9.461e-06   
1260        	10          	0.07211     	1.1e-05     	2.145e-05   	1.596e-05   
1265        	10          	0.06941     	7.35e-06    	1.01e-05    	1.686e-05   
1270        	10          	0.1057      	1.076e-05   	1.909e-05   	9.746e-06   
1275        	10          	0.081       	6.711e-06   	3.255e-05   	1.974e-05   
1280        	10          	0.07711     	1.132e-05   	1.791e-05   	1.134e-05   
1285        	10          	0.07967     	1.093e-05   	1.35e-05    	9.458e-06   
1290        	10          	0.07518     	5.901e-06   	3.002e-05   	8.946e-06   
1295        	10          	0.08989     	7.019e-06   	1.127e-05   	1.757e-06   
1300        	10          	0.07073     	1.361e-05   	2.422e-05   	6.58e-06    
1305        	10          	0.08479     	6.134e-06   	9.108e-06   	6.914e-06   
1310        	10          	0.08388     	2.034e-05   	8.556e-06   	1.682e-05   
1315        	10          	0.08268     	2.214e-05   	3.371e-05   	7.492e-06   
1320        	10          	0.1195      	1.279e-05   	1.101e-05   	1.314e-05   
1325        	10          	0.05354     	1.775e-05   	1.267e-05   	1.508e-05   
1330        	10          	0.05056     	7.598e-06   	1.752e-05   	4.51e-06    
1335        	10          	0.0695      	1.251e-05   	6.907e-06   	7.901e-06   
1340        	10          	0.08616     	1.678e-05   	1.712e-05   	6.289e-06   
1345        	10          	0.08335     	1.162e-05   	3.042e-05   	1.367e-05   
1350        	10          	0.092       	1.799e-05   	1.623e-05   	9.29e-06    
1355        	10          	0.1097      	1.799e-05   	1.669e-05   	1.214e-05   
1360        	10          	0.1052      	5.972e-06   	1.855e-05   	1.276e-05   
1365        	10          	0.1394      	1.321e-05   	5.385e-06   	9.655e-06   
1370        	10          	0.08513     	5.763e-06   	1.539e-05   	1.549e-05   
1375        	10          	0.08591     	1.262e-05   	5.226e-05   	1e-05       
1380        	10          	0.0924      	1.37e-05    	1.145e-05   	8.62e-06    
1385        	10          	0.08757     	1.96e-05    	1.974e-05   	1.096e-05   
1390        	10          	0.09378     	1.272e-05   	1.824e-05   	1.338e-05   
1395        	10          	0.06227     	1.812e-05   	8.473e-06   	1.088e-05   
1400        	10          	0.07849     	7.49e-06    	1.028e-05   	9.727e-06   
1405        	10          	0.1138      	2.057e-05   	2.864e-06   	9.56e-06    
1410        	10          	0.07577     	5.741e-06   	3.914e-05   	3.412e-06   
1415        	10          	0.09216     	9.845e-06   	1.113e-05   	1.657e-05   
1420        	10          	0.1114      	9.664e-06   	4.408e-06   	8.15e-06    
1425        	10          	0.114       	6.057e-06   	6.907e-06   	1.966e-05   
1430        	10          	0.08834     	1.165e-05   	1.474e-05   	1.331e-06   
1435        	10          	0.1583      	1.369e-05   	1.645e-05   	2.612e-05   
1440        	10          	0.1075      	9.178e-06   	3.076e-05   	1.485e-05   
1445        	10          	0.1294      	7.679e-06   	1.903e-05   	8.466e-06   
1450        	10          	0.09728     	9.248e-06   	2.492e-05   	1.461e-05   
1455        	10          	0.1095      	6.078e-06   	1.567e-05   	1.35e-05    
1460        	10          	0.1062      	3.151e-06   	1.447e-05   	1.12e-05    
1465        	10          	0.1107      	1.257e-05   	7.172e-06   	8.88e-06    
1470        	10          	0.12        	4.84e-06    	1.32e-05    	1.163e-05   
1475        	10          	0.06752     	1.42e-05    	1.508e-05   	1.028e-05   
1480        	10          	0.1204      	4.737e-06   	1.008e-05   	9.096e-06   
1485        	10          	0.1298      	6.008e-06   	2.783e-05   	8.212e-06   
1490        	10          	0.1612      	8.344e-06   	1.672e-05   	1.258e-05   
1495        	10          	0.1596      	7.235e-06   	1.153e-05   	9.56e-06    
1500        	10          	0.1355      	8.263e-06   	2.082e-05   	4.681e-06   
1505        	10          	0.1811      	1.194e-05   	4.868e-06   	8.169e-06   
1510        	10          	0.1117      	2.234e-05   	3.143e-05   	9.897e-06   
1515        	10          	0.1336      	1.288e-05   	2.007e-05   	4.648e-06   
1520        	10          	0.1907      	1.342e-05   	9.496e-06   	1.175e-05   
1525        	10          	0.1542      	6.667e-06   	1.393e-05   	2.227e-05   
1530        	10          	0.1603      	4.686e-06   	2.699e-05   	7.113e-06   
1535        	10          	0.1486      	1.806e-05   	2.242e-05   	1.63e-05    
1540        	10          	0.1307      	1.359e-05   	1.138e-05   	1.004e-05   
1545        	10          	0.1407      	8.973e-06   	2.625e-05   	1.543e-05   
1550        	10          	0.1383      	2.291e-05   	1.935e-05   	2.078e-05   
1555        	10          	0.1037      	1.436e-05   	1.258e-05   	1.863e-05   
1560        	10          	0.1174      	8.675e-06   	1.493e-05   	7.378e-06   
1565        	10          	0.1024      	6.521e-06   	9.41e-06    	2.088e-05   
1570        	10          	0.06468     	1.461e-05   	1.74e-05    	1.042e-05   
1575        	10          	0.1117      	9.35e-06    	1.89e-05    	7.712e-06   
1580        	10          	0.1197      	2.194e-05   	9.113e-06   	1.56e-05    
1585        	10          	0.07017     	1.221e-05   	5.888e-06   	9.149e-06   
1590        	10          	0.1321      	2.197e-06   	1.347e-05   	9.433e-06   
1595        	10          	0.1328      	6.947e-06   	2.212e-06   	1.231e-05   
1600        	10          	0.154       	3.834e-05   	2.313e-05   	1.127e-05   
1605        	10          	0.1321      	1.415e-05   	1.865e-05   	2.099e-05   
1610        	10          	0.1902      	1.461e-05   	1.026e-05   	8.594e-06   
1615        	10          	0.1407      	1.485e-05   	1.192e-05   	9.983e-06   
1620        	10          	0.1688      	1.776e-05   	2.203e-05   	3.211e-05   
1625        	10          	0.1751      	1.189e-05   	3.032e-05   	9.595e-06   
1630        	10          	0.1492      	1.101e-05   	8.094e-06   	6.874e-06   
1635        	10          	0.16        	1.343e-05   	2.38e-05    	1.201e-05   
1640        	10          	0.1563      	8.936e-06   	9.137e-06   	8.845e-06   
1645        	10          	0.1318      	1.281e-05   	1.292e-05   	9.779e-06   
1650        	10          	0.147       	9.77e-06    	1.127e-05   	7.937e-06   
1655        	10          	0.1412      	6.654e-06   	1.793e-05   	1.14e-05    
1660        	10          	0.2071      	1.424e-05   	1.405e-05   	1.139e-05   
1665        	10          	0.1599      	2.987e-05   	1.517e-05   	2.138e-05   
1670        	10          	0.1584      	1.47e-05    	2.443e-05   	1.714e-05   
1675        	10          	0.126       	1.127e-05   	1.646e-05   	1.138e-05   
1680        	10          	0.1301      	1.496e-05   	2.797e-05   	1.285e-05   
1685        	10          	0.1055      	4.017e-06   	3.278e-05   	9.616e-06   
1690        	10          	0.13        	8.901e-06   	2.251e-05   	8.906e-06   
1695        	10          	0.1214      	1.85e-05    	1.486e-05   	1.271e-05   
1700        	10          	0.1096      	1.005e-05   	2.468e-05   	1.16e-05    
1705        	10          	0.1147      	1.096e-05   	1.761e-05   	1.647e-05   
1710        	10          	0.1032      	9.39e-06    	1.739e-05   	1.416e-05   
1715        	10          	0.1225      	9.418e-06   	1.508e-05   	1.374e-05   
1720        	10          	0.1212      	1.143e-05   	1.464e-05   	8.501e-06   
1725        	10          	0.1169      	1.759e-05   	2.29e-05    	1.798e-05   
1730        	10          	0.08943     	4.031e-06   	1.636e-05   	4.415e-06   
1735        	10          	0.1431      	7.797e-06   	1.54e-05    	2.339e-05   
1740        	10          	0.1146      	1.231e-05   	1.026e-05   	8.652e-06   
1745        	10          	0.1094      	1.452e-05   	2.158e-05   	1.268e-05   
1750        	10          	0.1293      	3.461e-06   	1.105e-05   	1.502e-05   
1755        	10          	0.09757     	2.018e-05   	1.591e-05   	2.013e-05   
1760        	10          	0.1158      	1.068e-05   	2.807e-05   	8.671e-06   
1765        	10          	0.1247      	1.569e-05   	1.711e-05   	3.81e-06    
1770        	10          	0.094       	1.661e-05   	4.892e-05   	2.34e-05    
1775        	10          	0.1099      	7.698e-06   	1.049e-05   	1.933e-05   
1780        	10          	0.142       	1.552e-06   	3.408e-05   	8.982e-06   
1785        	10          	0.1124      	2.404e-05   	1.038e-05   	7.48e-06    
1790        	10          	0.05932     	4.623e-06   	9.235e-06   	1.071e-05   
1795        	10          	0.07722     	7.112e-06   	1.176e-05   	1.348e-05   
1800        	10          	0.06847     	6.401e-06   	1.12e-05    	1.119e-05   
1805        	10          	0.06235     	7.835e-06   	2.706e-05   	1.123e-05   
1810        	10          	0.09472     	8.683e-06   	3.241e-05   	1.628e-05   
1815        	10          	0.1025      	1.994e-05   	1.289e-05   	1.79e-05    
1820        	10          	0.07667     	2.054e-05   	1.016e-05   	8.775e-06   
1825        	10          	0.05273     	4.274e-06   	1.808e-05   	1.73e-05    
1830        	10          	0.07334     	1.265e-05   	1.818e-05   	1.128e-05   
1835        	10          	0.04866     	1.697e-05   	3.408e-05   	8.293e-06   
1840        	10          	0.07801     	1.823e-05   	1.738e-05   	2.478e-05   
1845        	10          	0.03539     	2.085e-05   	4.872e-06   	6.909e-06   
1850        	10          	0.03829     	8.488e-06   	4.818e-05   	1.602e-05   
1855        	10          	0.03167     	1.769e-05   	1.103e-05   	1.049e-05   
1860        	10          	0.04678     	9.174e-06   	1.39e-05    	8.138e-06   
1865        	10          	0.04335     	9.845e-06   	2.004e-05   	1.392e-05   
1870        	10          	0.0454      	7.248e-06   	2.279e-05   	1.192e-05   
1875        	10          	0.03424     	1.66e-05    	2.618e-05   	5.158e-06   
1880        	10          	0.06066     	1.173e-05   	2.075e-05   	8.661e-06   
1885        	10          	0.04988     	1.236e-05   	2.009e-05   	1.865e-05   
1890        	10          	0.07502     	1.042e-05   	1.296e-05   	1.667e-05   
1895        	10          	0.05828     	2.733e-05   	1.92e-05    	2.126e-05   
1900        	10          	0.05874     	6.409e-06   	2.343e-05   	2.165e-05   
1905        	10          	0.02702     	8.442e-06   	1.455e-05   	2.482e-05   
1910        	10          	0.04271     	1.807e-05   	1.097e-05   	7.603e-06   
1915        	10          	0.04518     	7.588e-06   	1.313e-05   	1.59e-05    
1920        	10          	0.06068     	6.659e-06   	2.549e-05   	7.055e-06   
1925        	10          	0.05772     	7.617e-06   	2.667e-05   	1.044e-05   
1930        	10          	0.04814     	1.673e-05   	3.371e-05   	5.244e-06   
1935        	10          	0.05807     	1.688e-05   	4.171e-05   	1.396e-05   
1940        	10          	0.02906     	1.585e-05   	3.326e-05   	2.025e-05   
1945        	10          	0.04272     	5.579e-06   	1.63e-05    	8.084e-06   
1950        	10          	0.03322     	2.194e-05   	6.434e-06   	7.469e-06   
1955        	10          	0.05054     	2.308e-05   	8.649e-06   	1.366e-05   
1960        	10          	0.02122     	8.913e-06   	5.514e-06   	9.01e-06    
1965        	10          	0.0424      	7.43e-06    	2.027e-05   	1.492e-05   
1970        	10          	0.04596     	6.378e-06   	1.556e-05   	5.339e-06   
1975        	10          	0.04452     	6.164e-06   	1.228e-05   	4.082e-06   
1980        	10          	0.0555      	1.799e-05   	2.507e-05   	1.116e-05   
1985        	10          	0.04446     	5.462e-06   	2.674e-05   	1.232e-05   
1990        	10          	0.0325      	1.145e-05   	2.189e-05   	8.56e-06    
1995        	10          	0.05116     	1.345e-05   	1.083e-05   	5.855e-06   
2000        	10          	0.04596     	7.023e-06   	5.452e-06   	8.838e-06   
2005        	10          	0.0553      	2.667e-05   	4.024e-06   	9.461e-06   
2010        	10          	0.04734     	8.823e-06   	1.09e-05    	1.196e-05   
2015        	10          	0.06788     	1.348e-05   	1.472e-05   	6.465e-06   
2020        	10          	0.07773     	2.719e-05   	8.012e-06   	1.785e-05   
2025        	10          	0.09972     	9.991e-06   	4.081e-05   	1.073e-05   
2030        	10          	0.05723     	1.061e-05   	1.364e-05   	1.256e-05   
2035        	10          	0.042       	1.413e-05   	2.242e-05   	4.181e-06   
2040        	10          	0.04591     	1.773e-05   	3.569e-05   	1.779e-05   
2045        	10          	0.04884     	2.34e-06    	1.608e-05   	2.05e-05    
2050        	10          	0.0599      	3.005e-05   	2.153e-05   	1.631e-05   
2055        	10          	0.06208     	1.691e-05   	3.906e-06   	6.443e-06   
2060        	10          	0.095       	2.115e-05   	1.48e-05    	1.46e-05    
2065        	10          	0.06724     	3.405e-05   	4.18e-05    	1.493e-05   
2070        	10          	0.06124     	1.13e-05    	3.493e-05   	1.675e-05   
2075        	10          	0.05386     	1.476e-05   	7.77e-06    	9.58e-06    
2080        	10          	0.03589     	1.763e-05   	1.666e-05   	1.207e-05   
2085        	10          	0.06882     	9.057e-06   	3.044e-05   	1.88e-05    
2090        	10          	0.03206     	5.297e-06   	2.8e-05     	2.89e-05    
2095        	10          	0.03954     	1.842e-05   	1.113e-05   	1.382e-05   
2100        	10          	0.05258     	1.908e-05   	5.855e-06   	1.41e-05    
2105        	10          	0.06957     	9.159e-06   	1.029e-05   	1.61e-05    
2110        	10          	0.06434     	1.282e-05   	1.813e-05   	7.296e-06   
2115        	10          	0.05228     	8.996e-06   	1.353e-05   	7.803e-06   
2120        	10          	0.04625     	6.703e-06   	1.401e-05   	4.011e-06   
2125        	10          	0.05561     	8.317e-06   	3.389e-05   	1.54e-05    
2130        	10          	0.0385      	8.17e-06    	3.002e-05   	3.156e-05   
2135        	10          	0.05638     	3.486e-05   	1.889e-05   	8.541e-06   
2140        	10          	0.05919     	2.514e-05   	7.023e-06   	3.066e-06   
2145        	10          	0.08644     	2.065e-05   	1.25e-05    	1.54e-05    
2150        	10          	0.04773     	1.592e-05   	6.963e-06   	8.228e-06   
2155        	10          	0.0558      	2.373e-05   	1.918e-05   	9.413e-06   
2160        	10          	0.05593     	7.024e-06   	6.157e-06   	2.195e-05   
2165        	10          	0.09111     	1.705e-05   	1.447e-05   	3.006e-05   
2170        	10          	0.07771     	1.815e-05   	2.164e-05   	3.284e-05   
2175        	10          	0.08929     	1.193e-05   	8.001e-06   	3.046e-05   
2180        	10          	0.07451     	2.391e-05   	1.974e-05   	1.152e-05   
2185        	10          	0.06328     	2.322e-05   	2.297e-05   	1.334e-05   
2190        	10          	0.06767     	9.025e-06   	1.231e-05   	1.885e-05   
2195        	10          	0.07386     	1.851e-05   	2.992e-05   	1.258e-05   
2200        	10          	0.0721      	6.493e-06   	1.895e-05   	1.29e-05    
2205        	10          	0.06982     	1.127e-05   	9.762e-06   	1.177e-05   
2210        	10          	0.04123     	8.737e-06   	3.437e-06   	5.72e-06    
2215        	10          	0.04082     	2.707e-05   	2.474e-05   	7.498e-06   
2220        	10          	0.07768     	1.881e-05   	2.295e-05   	8.384e-06   
2225        	10          	0.06872     	3.16e-05    	2.602e-05   	1.637e-05   
2230        	10          	0.03264     	8.817e-06   	3.525e-05   	1.282e-05   
2235        	10          	0.06564     	1.033e-05   	1.597e-05   	1.049e-05   
2240        	10          	0.03954     	1.222e-05   	3.586e-05   	1.449e-05   
2245        	10          	0.04736     	2.666e-05   	1.597e-05   	2.988e-05   
2250        	10          	0.07471     	1.546e-05   	1.931e-05   	4.048e-06   
2255        	10          	0.05823     	7.947e-06   	1.038e-05   	1.957e-05   
2260        	10          	0.05486     	1.446e-05   	3.236e-05   	2.499e-05   
2265        	10          	0.04807     	1.199e-05   	3.028e-05   	2.455e-05   
2270        	10          	0.05186     	2.242e-06   	1.872e-05   	9.573e-06   
2275        	10          	0.07321     	1.722e-05   	1.796e-05   	1.446e-05   
2280        	10          	0.09166     	1.095e-05   	2.623e-05   	1.787e-05   
2285        	10          	0.06795     	2.283e-05   	1.411e-05   	7.499e-06   
2290        	10          	0.1076      	1.677e-05   	8.761e-06   	1.986e-05   
2295        	10          	0.09378     	4.047e-06   	1.654e-05   	1.315e-05   
2300        	10          	0.08767     	2.537e-05   	1.237e-05   	1.534e-05   
2305        	10          	0.0713      	1.774e-05   	2.292e-05   	3.632e-06   
2310        	10          	0.08323     	1.603e-05   	1.702e-05   	4.002e-05   
2315        	10          	0.06785     	1.019e-05   	4.687e-05   	1.365e-05   
2320        	10          	0.08188     	1.962e-05   	8.936e-06   	8.82e-06    
2325        	10          	0.06038     	3.59e-06    	1.864e-05   	1.481e-05   
2330        	10          	0.07838     	1.268e-05   	1.192e-05   	8.265e-06   
2335        	10          	0.1258      	1.162e-05   	9.251e-06   	1.889e-05   
2340        	10          	0.06729     	5.659e-06   	2.585e-05   	1.694e-05   
2345        	10          	0.1248      	3.961e-06   	5.035e-06   	1.017e-05   
2350        	10          	0.08475     	1.87e-05    	3.591e-05   	6.664e-06   
2355        	10          	0.08417     	1.271e-05   	2.661e-05   	1.412e-05   
2360        	10          	0.07979     	1.184e-05   	2.156e-05   	2.196e-06   
2365        	10          	0.08594     	4.22e-06    	3.876e-05   	1.346e-05   
2370        	10          	0.07493     	1.781e-05   	5.69e-06    	8.007e-06   
2375        	10          	0.06602     	1.461e-05   	1.279e-05   	1.081e-05   
2380        	10          	0.1104      	9.37e-06    	1.208e-05   	1.172e-05   
2385        	10          	0.09763     	2.333e-05   	2.638e-05   	3.963e-05   
2390        	10          	0.1026      	1.902e-05   	1.221e-05   	1.082e-05   
2395        	10          	0.1617      	8.954e-06   	1.737e-05   	4.984e-06   
2400        	10          	0.1189      	1.502e-05   	8.626e-06   	1.741e-05   
2405        	10          	0.1537      	1.27e-05    	8.438e-06   	1.724e-05   
2410        	10          	0.1208      	2.061e-05   	1.634e-05   	1.925e-05   
2415        	10          	0.114       	1.222e-05   	2.424e-05   	7.514e-06   
2420        	10          	0.1233      	1.278e-05   	2.261e-05   	1.437e-05   
2425        	10          	0.1268      	9.578e-06   	2.035e-05   	1.086e-05   
2430        	10          	0.1556      	1.589e-05   	2.169e-05   	1.779e-05   
2435        	10          	0.09923     	2.429e-05   	3.584e-05   	1.242e-05   
2440        	10          	0.1268      	2.912e-05   	5.774e-06   	3.052e-05   
2445        	10          	0.1312      	1.353e-05   	1.84e-05    	6.52e-06    
2450        	10          	0.09273     	9.735e-06   	2.898e-05   	2.439e-05   
2455        	10          	0.07908     	1.119e-05   	1.346e-05   	1.991e-05   
2460        	10          	0.1025      	1.208e-05   	1.046e-05   	2.658e-05   
2465        	10          	0.07327     	5.776e-06   	1.758e-05   	1.695e-05   
2470        	10          	0.09584     	1.545e-05   	5.524e-05   	1.367e-05   
2475        	10          	0.07904     	2.007e-05   	3.42e-05    	5.671e-06   
2480        	10          	0.05994     	1.452e-05   	1.588e-05   	6.279e-06   
2485        	10          	0.082       	1.205e-05   	2.058e-05   	6.28e-06    
2490        	10          	0.06578     	1.468e-05   	2.619e-05   	7.592e-06   
2495        	10          	0.09644     	1.62e-05    	1.184e-05   	8.692e-06   
2500        	10          	0.117       	9.918e-06   	1.747e-05   	1.147e-05   
2505        	10          	0.06851     	6.014e-06   	1.332e-05   	5.183e-06   
2510        	10          	0.1323      	1.637e-05   	1.047e-05   	1.587e-05   
2515        	10          	0.1042      	1.567e-05   	8.129e-06   	9.446e-06   
2520        	10          	0.103       	1.657e-05   	3.052e-05   	1.834e-05   
2525        	10          	0.0955      	1.078e-05   	2.646e-05   	4.767e-06   
2530        	10          	0.09436     	8.536e-06   	2.395e-05   	1.151e-05   
2535        	10          	0.112       	1.193e-05   	4.484e-05   	2.385e-05   
2540        	10          	0.1145      	1.362e-05   	3.691e-05   	1.718e-05   
2545        	10          	0.1643      	3.476e-06   	1.67e-05    	2.707e-05   
2550        	10          	0.1272      	4.591e-06   	2.733e-05   	1.371e-05   
2555        	10          	0.07972     	8.538e-06   	2.053e-05   	1.836e-05   
2560        	10          	0.1083      	1.411e-05   	1.187e-05   	3.754e-06   
2565        	10          	0.1093      	2.839e-05   	2.808e-05   	8.122e-06   
2570        	10          	0.1092      	1.211e-05   	1.752e-05   	1.383e-05   
2575        	10          	0.09524     	9.193e-06   	1.456e-05   	4.859e-06   
2580        	10          	0.1305      	7.808e-06   	1.593e-05   	1.12e-05    
2585        	10          	0.0851      	9.376e-06   	2.157e-05   	2.02e-05    
2590        	10          	0.1057      	2.128e-05   	1.932e-05   	2.071e-05   
2595        	10          	0.13        	1.057e-05   	1.172e-05   	1.253e-05   
2600        	10          	0.08316     	7.37e-06    	1.55e-05    	2.497e-05   
2605        	10          	0.08417     	1.062e-05   	1.787e-05   	1.796e-05   
2610        	10          	0.05671     	1.436e-05   	1.835e-05   	1.402e-05   
2615        	10          	0.124       	1.414e-05   	1.483e-05   	1.906e-05   
2620        	10          	0.09339     	1.102e-05   	1.819e-05   	7.873e-06   
2625        	10          	0.08691     	8.932e-06   	2.059e-05   	7.69e-06    
2630        	10          	0.09151     	6.049e-06   	1.498e-05   	8.013e-06   
2635        	10          	0.06288     	1.776e-05   	1.249e-05   	1.579e-05   
2640        	10          	0.08778     	1.394e-05   	2.293e-05   	1.343e-05   
2645        	10          	0.08317     	4.986e-06   	2.308e-05   	1.714e-05   
2650        	10          	0.08207     	2.14e-05    	8.132e-06   	6.088e-06   
2655        	10          	0.1228      	2.524e-05   	4.157e-05   	3.034e-05   
2660        	10          	0.0974      	6.177e-06   	2.856e-05   	1.723e-05   
2665        	10          	0.07134     	1.098e-05   	1.087e-05   	6.858e-06   
2670        	10          	0.08757     	2.443e-05   	1.313e-05   	1.521e-05   
2675        	10          	0.09173     	1.517e-05   	1.283e-05   	1.153e-05   
2680        	10          	0.1149      	1.255e-05   	3.617e-05   	3.211e-05   
2685        	10          	0.09171     	1.307e-05   	1.717e-05   	8.02e-06    
2690        	10          	0.1061      	8.235e-06   	2.779e-05   	1.699e-05   
2695        	10          	0.07368     	1.301e-05   	2.505e-05   	2.598e-05   
2700        	10          	0.07999     	6.185e-06   	2.943e-05   	1.517e-05   
2705        	10          	0.0736      	1.3e-05     	2.207e-05   	2.311e-05   
2710        	10          	0.0825      	1.248e-05   	2.252e-05   	9.032e-06   
2715        	10          	0.07925     	9.225e-06   	7.537e-06   	6.445e-06   
2720        	10          	0.07973     	1.091e-05   	3.477e-05   	8.129e-06   
2725        	10          	0.08718     	1.015e-05   	1.941e-05   	3.546e-06   
2730        	10          	0.08469     	2.591e-05   	2.305e-05   	6.45e-06    
2735        	10          	0.09279     	2.103e-05   	2.662e-05   	1.472e-05   
2740        	10          	0.07906     	1.514e-05   	9.033e-05   	2.69e-05    
2745        	10          	0.09988     	2.812e-05   	2.232e-05   	1.612e-05   
2750        	10          	0.09927     	1.386e-05   	1.865e-05   	1.194e-05   
2755        	10          	0.1038      	1.106e-05   	2.086e-05   	8.343e-06   
2760        	10          	0.0871      	8.556e-06   	7.474e-06   	1.042e-05   
2765        	10          	0.1152      	8.185e-06   	1.635e-05   	1.307e-05   
2770        	10          	0.08083     	1.523e-05   	1.9e-05     	1.423e-05   
2775        	10          	0.05739     	1.302e-05   	2.544e-05   	1.729e-05   
2780        	10          	0.04736     	9.281e-06   	1.901e-05   	2.283e-05   
2785        	10          	0.07246     	1.626e-05   	3.676e-05   	1.811e-05   
2790        	10          	0.1144      	5.187e-06   	2.303e-05   	1.675e-05   
2795        	10          	0.07256     	1.599e-05   	2.581e-05   	1.288e-05   
2800        	10          	0.07075     	1.09e-05    	2.513e-05   	1.613e-05   
2805        	10          	0.07614     	2.3e-05     	1.753e-05   	1.79e-05    
2810        	10          	0.08271     	1.471e-05   	1.439e-05   	1.601e-05   
2815        	10          	0.08402     	1.169e-05   	2.981e-05   	2.946e-06   
2820        	10          	0.08684     	8.039e-06   	1.142e-05   	6.804e-06   
2825        	10          	0.08801     	1.905e-05   	1.419e-05   	2.071e-05   
2830        	10          	0.07629     	1.258e-05   	6.489e-05   	4.127e-05   
2835        	10          	0.1004      	6.367e-06   	1.97e-05    	9.656e-06   
2840        	10          	0.04211     	1.279e-05   	4.23e-05    	2.25e-05    
2845        	10          	0.1073      	4.444e-05   	1.965e-05   	9.859e-06   
2850        	10          	0.08616     	1.423e-05   	1.785e-05   	3.226e-05   
2855        	10          	0.06374     	1.503e-05   	1.788e-05   	1.474e-05   
2860        	10          	0.07606     	8.654e-06   	1.111e-05   	9.751e-06   
2865        	10          	0.04171     	1.554e-05   	2.301e-05   	5.731e-06   
2870        	10          	0.06134     	7.307e-06   	2.024e-05   	7.796e-06   
2875        	10          	0.0836      	1.403e-05   	2.795e-05   	5.19e-06    
2880        	10          	0.06533     	9.458e-06   	2.148e-05   	1.353e-05   
2885        	10          	0.08379     	1.39e-05    	3.835e-05   	3.33e-05    
2890        	10          	0.1064      	2.741e-05   	2.917e-05   	9.506e-06   
2895        	10          	0.1159      	1.043e-05   	4.338e-05   	1.309e-05   
2900        	10          	0.1043      	1.265e-05   	3.136e-05   	8.347e-06   
2905        	10          	0.09928     	1.371e-05   	1.558e-05   	2.219e-05   
2910        	10          	0.09844     	1.592e-05   	1.123e-05   	1.338e-05   
2915        	10          	0.09782     	5.617e-06   	2.262e-05   	1.986e-05   
2920        	10          	0.09479     	8.867e-06   	3.593e-05   	1.298e-05   
2925        	10          	0.1393      	9.218e-06   	1.611e-05   	6.905e-06   
2930        	10          	0.09664     	1.153e-05   	1.278e-05   	1.049e-05   
2935        	10          	0.1088      	5.861e-06   	1.2e-05     	6.351e-06   
2940        	10          	0.09669     	1.392e-05   	1.938e-05   	1.642e-05   
2945        	10          	0.1394      	1.571e-05   	2.975e-05   	2.457e-05   
2950        	10          	0.122       	7.854e-06   	1.347e-05   	2.584e-05   
2955        	10          	0.1511      	1.309e-05   	9.92e-06    	3.945e-06   
2960        	10          	0.1576      	1.385e-05   	2.458e-05   	2.112e-05   
2965        	10          	0.1623      	1.376e-05   	1.667e-05   	3.735e-06   
2970        	10          	0.1494      	2.564e-05   	2.116e-05   	2.13e-05    
2975        	10          	0.1582      	1.658e-05   	2.213e-05   	5.456e-06   
2980        	10          	0.1423      	2.277e-05   	2.05e-05    	2.088e-05   
2985        	10          	0.09738     	3.01e-05    	1.205e-05   	3.697e-05   
2990        	10          	0.1097      	1.261e-05   	1.802e-05   	1.13e-05    
2995        	10          	0.1635      	8.699e-06   	1.1e-05     	1.42e-05    
3000        	10          	0.09171     	2.316e-05   	8.531e-06   	2.152e-05   
3005        	10          	0.1467      	1.617e-05   	1.254e-05   	8.932e-06   
3010        	10          	0.1386      	4.481e-06   	1.789e-05   	2.852e-05   
3015        	10          	0.1637      	1.115e-05   	2.044e-05   	2.549e-05   
3020        	10          	0.1631      	1.157e-05   	4.673e-06   	1.705e-05   
3025        	10          	0.1325      	7.989e-06   	1.897e-05   	7.966e-06   
3030        	10          	0.142       	5.94e-06    	2.913e-05   	1.495e-05   
3035        	10          	0.1184      	1.095e-05   	2.57e-05    	1.788e-05   
3040        	10          	0.1587      	6.887e-06   	1.883e-05   	9.033e-06   
3045        	10          	0.152       	1.015e-05   	1.316e-05   	1.423e-05   
3050        	10          	0.1077      	4.023e-05   	3.323e-05   	1.549e-05   
3055        	10          	0.1492      	1.228e-05   	1.122e-05   	1.446e-05   
3060        	10          	0.108       	1.26e-05    	2.554e-05   	9.858e-06   
3065        	10          	0.1202      	1.372e-05   	2.284e-05   	1.445e-05   
3070        	10          	0.1288      	9.098e-06   	2.29e-05    	5.999e-06   
3075        	10          	0.1429      	1.116e-05   	2.756e-05   	7.512e-06   
3080        	10          	0.1159      	9.645e-06   	1.078e-05   	7.696e-06   
3085        	10          	0.1205      	6.044e-06   	2.069e-05   	1.475e-05   
3090        	10          	0.1127      	1.144e-05   	2.186e-05   	8.349e-06   
3095        	10          	0.1385      	1.795e-05   	8.665e-06   	8.469e-06   
3100        	10          	0.1089      	5.017e-06   	5.276e-06   	1.018e-05   
3105        	10          	0.1431      	2.896e-05   	1.095e-05   	2.033e-05   
3110        	10          	0.1158      	9.822e-06   	6.935e-06   	2.198e-05   
3115        	10          	0.1468      	1.947e-05   	2.543e-05   	1.98e-05    
3120        	10          	0.1231      	1.077e-05   	3.278e-05   	9.207e-06   
3125        	10          	0.1271      	1.735e-05   	2.329e-05   	2.2e-05     
3130        	10          	0.1317      	9.764e-06   	3.981e-06   	5.832e-06   
3135        	10          	0.1572      	3.72e-05    	1.657e-05   	4.305e-06   
3140        	10          	0.1619      	1.521e-06   	1.973e-05   	1.242e-05   
3145        	10          	0.1595      	2.142e-05   	2.867e-05   	1.41e-05    
3150        	10          	0.1605      	4.795e-06   	2.618e-05   	4.005e-05   
3155        	10          	0.217       	1.02e-05    	1.35e-05    	1.52e-05    
3160        	10          	0.1715      	8.193e-06   	2.604e-05   	1.259e-05   
3165        	10          	0.1487      	1.445e-05   	3.234e-05   	1.075e-05   
3170        	10          	0.1317      	3.127e-05   	1.678e-05   	2.044e-05   
3175        	10          	0.1721      	1.368e-05   	5.425e-05   	1.467e-05   
3180        	10          	0.1124      	9.709e-06   	2.95e-05    	2.018e-05   
3185        	10          	0.1268      	1.492e-05   	7.883e-06   	8.741e-06   
3190        	10          	0.1322      	1.538e-05   	2.157e-05   	1.03e-05    
3195        	10          	0.1039      	1.35e-05    	7.565e-06   	7.211e-06   
3200        	10          	0.1539      	2.39e-06    	2.755e-05   	1.395e-05   
3205        	10          	0.1027      	2.089e-05   	6.826e-06   	1.266e-05   
3210        	10          	0.1032      	1.279e-05   	6.174e-05   	6.182e-06   
3215        	10          	0.1122      	1.083e-05   	2.866e-05   	1.048e-05   
3220        	10          	0.1075      	1.017e-05   	2.718e-05   	5.238e-06   
3225        	10          	0.1169      	1.479e-05   	2.149e-05   	1.028e-05   
3230        	10          	0.1821      	1.901e-05   	8.79e-06    	1.914e-05   
3235        	10          	0.1449      	1.131e-05   	1.204e-05   	1.342e-05   
3240        	10          	0.104       	1.378e-05   	2.746e-05   	9.649e-06   
3245        	10          	0.1233      	2.087e-05   	2.851e-05   	1.341e-05   
3250        	10          	0.124       	7.773e-06   	9.476e-06   	1.252e-05   
3255        	10          	0.1351      	1.632e-05   	1.871e-05   	6.415e-06   
3260        	10          	0.1043      	1.304e-05   	2.547e-05   	1.241e-05   
3265        	10          	0.1545      	8.816e-06   	3.012e-05   	2.245e-05   
3270        	10          	0.1126      	1.274e-05   	1.966e-05   	1.659e-05   
3275        	10          	0.105       	1.182e-05   	2.144e-05   	7.339e-06   
3280        	10          	0.0919      	3.334e-05   	1.121e-05   	1.85e-05    
3285        	10          	0.115       	1.407e-05   	2.645e-05   	8.469e-06   
3290        	10          	0.1102      	1.894e-05   	2.522e-05   	1.623e-05   
3295        	10          	0.1141      	3.54e-05    	1.28e-05    	1.547e-05   
3300        	10          	0.1054      	1.662e-05   	2.227e-05   	1.124e-05   
3305        	10          	0.0865      	5.591e-06   	1.235e-05   	2.124e-05   
3310        	10          	0.07572     	3.246e-05   	2.974e-05   	1.31e-05    
3315        	10          	0.07073     	8.532e-06   	2.554e-05   	1.328e-05   
3320        	10          	0.05599     	4.957e-06   	2.946e-05   	2.328e-05   
3325        	10          	0.07328     	7.824e-06   	1.373e-05   	6.183e-06   
3330        	10          	0.0954      	2.15e-05    	9.27e-06    	2.479e-05   
3335        	10          	0.08127     	2.486e-05   	3.667e-05   	7.686e-06   
3340        	10          	0.1014      	1.122e-05   	1.69e-05    	9.074e-06   
3345        	10          	0.1043      	4.907e-06   	1.446e-05   	1.452e-05   
3350        	10          	0.06536     	9.386e-06   	2.285e-05   	1.47e-05    
3355        	10          	0.07752     	5.718e-06   	2.996e-05   	5.346e-05   
3360        	10          	0.07586     	1.36e-05    	2.188e-05   	1.611e-05   
3365        	10          	0.06886     	5.099e-06   	9.873e-06   	1.291e-05   
3370        	10          	0.08145     	3.394e-05   	2.658e-05   	1.609e-05   
3375        	10          	0.09067     	6.1e-06     	2.142e-05   	1.493e-05   
3380        	10          	0.09661     	1.492e-05   	4.329e-05   	1.955e-05   
3385        	10          	0.09411     	1.02e-05    	3.053e-05   	2.055e-05   
3390        	10          	0.1221      	1.136e-05   	1.591e-05   	1.252e-05   
3395        	10          	0.1207      	1.224e-05   	8.889e-06   	1.066e-05   
3400        	10          	0.09182     	1.351e-05   	7.134e-06   	1.423e-05   
3405        	10          	0.1092      	8.222e-06   	3.938e-06   	1.568e-05   
3410        	10          	0.09511     	1.5e-05     	9.347e-06   	1.65e-05    
3415        	10          	0.1102      	5.714e-06   	1.378e-05   	9.851e-06   
3420        	10          	0.105       	1.528e-05   	1.119e-05   	1.364e-05   
3425        	10          	0.1309      	3.178e-05   	3.204e-05   	2.321e-05   
3430        	10          	0.07967     	1.407e-05   	2.392e-05   	2.96e-05    
3435        	10          	0.1033      	1.647e-05   	8.046e-06   	1.648e-05   
3440        	10          	0.1248      	1.564e-05   	1.538e-05   	1.378e-05   
3445        	10          	0.1075      	2.065e-05   	1.679e-05   	1.049e-05   
3450        	10          	0.1386      	5.408e-06   	2.46e-05    	1.78e-05    
3455        	10          	0.1067      	1.223e-05   	1.218e-05   	8.495e-06   
3460        	10          	0.1109      	8.18e-06    	2.247e-05   	4.97e-06    
3465        	10          	0.1062      	1.052e-05   	1.121e-05   	2.692e-05   
3470        	10          	0.1263      	2.183e-06   	1.763e-05   	4.549e-05   
3475        	10          	0.1202      	9.829e-06   	2.535e-05   	1.25e-05    
3480        	10          	0.1207      	4.227e-05   	5.141e-05   	1.426e-05   
3485        	10          	0.1341      	1.166e-05   	3.648e-05   	2.371e-05   
3490        	10          	0.1397      	3.33e-05    	2.689e-05   	1.161e-05   
3495        	10          	0.1618      	1.672e-05   	2.016e-05   	1.54e-05    
3500        	10          	0.122       	8.788e-06   	2.163e-05   	1.219e-05   
3505        	10          	0.1613      	1.006e-05   	2.667e-05   	1.013e-05   
3510        	10          	0.1706      	1.436e-05   	2.967e-05   	1.551e-05   
3515        	10          	0.1464      	1.478e-05   	2.033e-05   	1.752e-05   
3520        	10          	0.1237      	7.564e-06   	2.184e-05   	1.923e-05   
3525        	10          	0.116       	8.798e-06   	3.48e-05    	1.769e-05   
3530        	10          	0.1249      	1.038e-05   	2.926e-05   	2.212e-05   
3535        	10          	0.1243      	1.139e-05   	1.543e-05   	1.565e-05   
3540        	10          	0.1256      	1.505e-05   	3.446e-05   	1.306e-05   
3545        	10          	0.1446      	1.335e-05   	3.228e-05   	2.744e-05   
3550        	10          	0.1402      	2.011e-05   	1.459e-05   	8.919e-06   
3555        	10          	0.1144      	8.863e-06   	3.218e-05   	1.449e-05   
3560        	10          	0.1515      	1.925e-05   	1.035e-05   	1.4e-05     
3565        	10          	0.1255      	1.563e-05   	1.646e-05   	7.481e-06   
3570        	10          	0.1424      	2.273e-05   	1.478e-05   	2.594e-05   
3575        	10          	0.1554      	9.579e-06   	1.856e-05   	3.19e-05    
3580        	10          	0.1991      	9.929e-06   	1.418e-05   	6.556e-06   
3585        	10          	0.1339      	1.514e-05   	2.697e-05   	1.585e-05   
3590        	10          	0.1315      	7.479e-06   	2.478e-05   	6.863e-06   
3595        	10          	0.1278      	1.292e-05   	1.467e-05   	1.214e-05   
3600        	10          	0.1778      	1.004e-05   	1.115e-05   	1.687e-05   
3605        	10          	0.1365      	1.892e-05   	2.129e-05   	8.432e-06   
3610        	10          	0.1193      	9.985e-06   	2.638e-05   	6.945e-06   
3615        	10          	0.1221      	2.639e-05   	1.9e-05     	2.298e-05   
3620        	10          	0.1546      	1.661e-05   	6.713e-05   	1.748e-05   
3625        	10          	0.1249      	1.528e-05   	1.974e-05   	2.646e-05   
3630        	10          	0.1206      	8.321e-06   	1.883e-05   	5.18e-06    
3635        	10          	0.09875     	6.769e-06   	1.218e-05   	1.104e-05   
3640        	10          	0.1075      	1.583e-05   	3.359e-05   	6.404e-06   
3645        	10          	0.1022      	1.43e-05    	6.385e-06   	3.147e-05   
3650        	10          	0.1013      	9.313e-06   	3.504e-05   	1.044e-05   
3655        	10          	0.121       	1.957e-05   	3.539e-05   	5.367e-06   
3660        	10          	0.1591      	2.318e-05   	8.583e-06   	1.98e-05    
3665        	10          	0.1208      	1.067e-05   	8.965e-06   	1.664e-05   
3670        	10          	0.1119      	1.783e-05   	3.465e-05   	8.892e-06   
3675        	10          	0.1396      	2.146e-05   	7.286e-06   	7.254e-06   
3680        	10          	0.1316      	9.592e-06   	3.229e-05   	1.711e-05   
3685        	10          	0.135       	6.539e-06   	2.848e-05   	7.262e-06   
3690        	10          	0.1375      	1.859e-05   	1.584e-05   	2.072e-05   
3695        	10          	0.1175      	9.779e-06   	2.413e-05   	7.733e-06   
3700        	10          	0.1036      	1.178e-05   	1.503e-05   	8.995e-06   
3705        	10          	0.1042      	2.588e-05   	1.832e-05   	1.348e-05   
3710        	10          	0.1568      	1.994e-05   	1.703e-05   	1.278e-05   
3715        	10          	0.1082      	1.543e-05   	3.599e-05   	1.914e-05   
3720        	10          	0.1035      	1.334e-05   	4.16e-05    	1.422e-05   
3725        	10          	0.09264     	8.185e-06   	3.938e-05   	1.688e-05   
3730        	10          	0.137       	1.331e-05   	3.386e-05   	2.927e-05   
3735        	10          	0.1352      	1.694e-05   	6.562e-06   	9.107e-06   
3740        	10          	0.1347      	1.316e-05   	2.119e-05   	1.152e-05   
3745        	10          	0.1265      	1.787e-05   	3.928e-05   	1.415e-05   
3750        	10          	0.1141      	1.607e-05   	1.905e-05   	1.539e-05   
3755        	10          	0.1276      	1.211e-05   	2.945e-05   	1.067e-05   
3760        	10          	0.08714     	1.726e-05   	1.449e-05   	1.332e-05   
3765        	10          	0.144       	1.262e-05   	1.888e-05   	1.527e-05   
3770        	10          	0.1343      	2.355e-05   	3.567e-05   	1.45e-05    
3775        	10          	0.1548      	1.146e-05   	1.292e-05   	1.886e-05   
3780        	10          	0.1478      	8.924e-06   	1.811e-05   	3.481e-06   
3785        	10          	0.1161      	5.686e-06   	2.226e-05   	3.966e-06   
3790        	10          	0.1439      	6.482e-06   	1.821e-05   	3.363e-05   
3795        	10          	0.1256      	2.765e-05   	1.336e-05   	1.184e-05   
3800        	10          	0.1604      	1.01e-05    	1.224e-05   	5.308e-06   
3805        	10          	0.1205      	1.533e-05   	1.411e-05   	9.389e-06   
3810        	10          	0.118       	1.36e-05    	2.343e-05   	1.018e-05   
3815        	10          	0.1062      	2.822e-05   	9.53e-06    	7.944e-06   
3820        	10          	0.1068      	1.546e-05   	2.493e-05   	1.392e-05   
3825        	10          	0.1115      	3.725e-06   	1.323e-05   	2.182e-05   
3830        	10          	0.1261      	2.443e-05   	6.325e-05   	1.457e-05   
3835        	10          	0.1002      	2.11e-05    	2.139e-05   	1.724e-05   
3840        	10          	0.1309      	2.357e-05   	4.509e-05   	6.394e-06   
3845        	10          	0.09984     	1.181e-05   	4.455e-05   	9.901e-06   
3850        	10          	0.1307      	6.877e-06   	2.143e-05   	1.35e-05    
3855        	10          	0.1338      	6.99e-06    	1.758e-05   	2.271e-05   
3860        	10          	0.1073      	2.404e-05   	1.457e-05   	1.66e-05    
3865        	10          	0.1202      	1.633e-05   	5.315e-05   	2.446e-05   
3870        	10          	0.1181      	1.58e-05    	1.691e-05   	1.175e-05   
3875        	10          	0.1235      	1.142e-05   	1.367e-05   	1.316e-05   
3880        	10          	0.1147      	9.104e-06   	4.029e-05   	3.385e-05   
3885        	10          	0.1325      	1.777e-05   	1.955e-05   	7.353e-06   
3890        	10          	0.1092      	2.681e-05   	5.046e-06   	1.231e-05   
3895        	10          	0.09656     	1.654e-05   	2.979e-05   	2.866e-05   
3900        	10          	0.09441     	1.897e-05   	4.537e-05   	1.436e-05   
3905        	10          	0.1034      	1.812e-05   	3.516e-05   	4.925e-06   
3910        	10          	0.1112      	1.538e-05   	1.479e-05   	2.158e-05   
3915        	10          	0.1011      	1.235e-05   	9.123e-06   	1.732e-05   
3920        	10          	0.1512      	1.984e-05   	2.242e-05   	7.108e-06   
3925        	10          	0.1029      	1.754e-05   	2.136e-05   	1.501e-05   
3930        	10          	0.1412      	4.166e-05   	1.883e-05   	7.12e-06    
3935        	10          	0.1319      	9.531e-06   	5.914e-05   	1.155e-05   
3940        	10          	0.1385      	2.241e-05   	2.352e-05   	1.214e-05   
3945        	10          	0.1014      	7.994e-06   	1.546e-05   	2.924e-05   
3950        	10          	0.1225      	1.341e-05   	2.358e-05   	2.003e-05   
3955        	10          	0.09621     	1.996e-05   	2.102e-05   	1.078e-05   
3960        	10          	0.1194      	2.319e-05   	1.015e-05   	1.754e-05   
3965        	10          	0.1241      	6.992e-06   	5.006e-05   	1.396e-05   
3970        	10          	0.1294      	5.182e-06   	2.004e-05   	1.063e-05   
3975        	10          	0.1524      	6.691e-06   	3.243e-05   	7.768e-06   
3980        	10          	0.1634      	1.284e-05   	2.017e-05   	1.21e-05    
3985        	10          	0.1489      	2.193e-05   	2.402e-05   	7.318e-06   
3990        	10          	0.1635      	4.243e-05   	4.391e-05   	1.512e-05   
3995        	10          	0.1653      	1.366e-05   	2.269e-05   	5.106e-06   
4000        	10          	0.1682      	1.519e-05   	1.003e-05   	2.919e-05   
4005        	10          	0.1317      	9.713e-06   	1.716e-05   	4.215e-05   
4010        	10          	0.1227      	1.585e-05   	2.114e-05   	2.349e-05   
4015        	10          	0.107       	9.497e-06   	2.826e-05   	2.218e-05   
4020        	10          	0.1389      	1.177e-05   	1.079e-05   	1.664e-05   
4025        	10          	0.1505      	1.56e-05    	2.251e-05   	2.132e-05   
4030        	10          	0.1394      	2.651e-05   	8.803e-06   	1.98e-05    
4035        	10          	0.1464      	1.43e-05    	8.452e-06   	1.476e-05   
4040        	10          	0.144       	1.191e-06   	8.455e-06   	2.522e-05   
4045        	10          	0.1532      	6.253e-06   	1.697e-05   	5.076e-06   
4050        	10          	0.1302      	1.627e-05   	3.172e-05   	1.934e-05   
4055        	10          	0.1209      	3.261e-05   	2.244e-05   	1.826e-05   
4060        	10          	0.1116      	1.93e-05    	6.636e-05   	8.135e-05   
4065        	10          	0.1608      	1.342e-05   	4.035e-05   	5.102e-05   
4070        	10          	0.1439      	1.104e-05   	4.445e-05   	0.000132    
4075        	10          	0.1281      	7.94e-06    	8.118e-05   	6.519e-05   
4080        	10          	0.1387      	9.087e-06   	8.639e-05   	4.961e-05   
4085        	10          	0.1107      	1.282e-05   	3.977e-05   	3.907e-05   
4090        	10          	0.1012      	1.711e-05   	5.719e-05   	0.0001113   
4095        	10          	0.1251      	9.699e-07   	8.793e-05   	0.0001257   
4100        	10          	0.1423      	1.567e-05   	5.502e-05   	0.0001      
4105        	10          	0.1116      	1.27e-05    	7.525e-05   	3.285e-05   
4110        	10          	0.1311      	1.26e-05    	0.0001482   	6.388e-05   
4115        	10          	0.1199      	4.095e-05   	6.64e-05    	4.781e-05   
4120        	10          	0.1152      	2.14e-05    	4.813e-05   	0.000117    
4125        	10          	0.1317      	2.572e-05   	5.231e-05   	4.421e-05   
4130        	10          	0.1101      	1.359e-05   	9.951e-05   	2.772e-05   
4135        	10          	0.1063      	3.007e-05   	7.794e-05   	0.0001142   
4140        	10          	0.09956     	6.821e-06   	0.0002074   	0.000146    
4145        	10          	0.07196     	1.868e-05   	0.0001606   	0.0002123   
4150        	10          	0.09501     	2.001e-05   	8.977e-05   	0.0001357   
4155        	10          	0.09564     	1.887e-05   	0.000276    	0.000176    
4160        	10          	0.09218     	1.414e-05   	0.0002828   	0.0001323   
4165        	10          	0.0884      	1.125e-05   	0.0002029   	0.0002642   
4170        	10          	0.089       	1.921e-05   	0.0002661   	0.0001936   
4175        	10          	0.09085     	2.744e-05   	0.000222    	0.0003973   
4180        	10          	0.05153     	1.308e-05   	0.0003228   	0.0003876   
4185        	10          	0.07146     	1.701e-05   	0.0002838   	0.0003107   
4190        	10          	0.06107     	1.695e-05   	0.0002176   	0.0002595   
4195        	10          	0.07529     	1.846e-05   	0.0003064   	0.0003334   
4200        	10          	0.06369     	1.748e-05   	0.0002595   	0.0001328   
4205        	10          	0.07196     	1.848e-05   	0.0001641   	0.0001754   
4210        	10          	0.05282     	1.864e-05   	0.0004044   	0.0002692   
4215        	10          	0.0635      	7.17e-06    	0.0001064   	0.0001985   
4220        	10          	0.06306     	2.1e-05     	0.000148    	0.0002632   
4225        	10          	0.06051     	9.765e-06   	0.0004961   	0.0002552   
4230        	10          	0.05903     	3.085e-05   	0.0001668   	0.00016     
4235        	10          	0.04912     	1.366e-05   	0.0002295   	0.0001298   
4240        	10          	0.04814     	1.699e-05   	0.0002488   	7.693e-05   
4245        	10          	0.0454      	8.398e-06   	0.0003225   	0.0002499   
4250        	10          	0.07472     	1.335e-05   	0.0003437   	0.0001861   
4255        	10          	0.08689     	1.551e-05   	0.0002139   	0.0001795   
4260        	10          	0.05627     	2.024e-05   	0.0004237   	0.0004463   
4265        	10          	0.05839     	2.127e-05   	0.0002499   	0.0003319   
4270        	10          	0.06969     	2.176e-05   	0.0003486   	0.0003206   
4275        	10          	0.07086     	3.602e-05   	0.0003528   	0.0002114   
4280        	10          	0.06764     	1.283e-05   	0.0005176   	0.0003933   
4285        	10          	0.07754     	2.373e-05   	0.0002396   	0.0005131   
4290        	10          	0.06828     	1.717e-05   	0.0004264   	0.0004278   
4295        	10          	0.06934     	1.418e-05   	0.0002286   	0.0001884   
4300        	10          	0.09183     	3.668e-05   	0.0002079   	0.0004532   
4305        	10          	0.08216     	2.721e-05   	0.0004212   	0.000267    
4310        	10          	0.05151     	8.396e-06   	0.0004588   	0.0003697   
4315        	10          	0.06745     	5.503e-05   	0.0006455   	0.0003584   
4320        	10          	0.06768     	2.323e-05   	0.0002001   	0.000221    
4325        	10          	0.06711     	2.409e-05   	0.0004549   	0.0003579   
4330        	10          	0.06636     	1.167e-05   	0.0005741   	0.0005843   
4335        	10          	0.09907     	2.969e-05   	0.0008831   	0.0008594   
4340        	10          	0.08639     	8.102e-06   	0.0005929   	0.0006217   
4345        	10          	0.05979     	2.631e-05   	0.0007888   	0.0008673   
4350        	10          	0.05316     	2.483e-05   	0.0005756   	0.0004819   
4355        	10          	0.08128     	2.377e-05   	0.0007896   	0.0004454   
4360        	10          	0.06102     	2.805e-05   	0.0005422   	0.000581    
4365        	10          	0.06811     	2.492e-05   	0.0005844   	0.000673    
4370        	10          	0.0401      	4.756e-05   	0.0008537   	0.0009713   
4375        	10          	0.03525     	1.762e-05   	0.001188    	0.0007094   
4380        	10          	0.04218     	1.037e-05   	0.001062    	0.0006605   
4385        	10          	0.04975     	1.239e-05   	0.0007091   	0.000712    
4390        	10          	0.05272     	1.286e-05   	0.0006951   	0.0008003   
4395        	10          	0.04238     	2.192e-05   	0.001087    	0.0008557   
4400        	10          	0.06274     	1.185e-05   	0.0003828   	0.0006491   
4405        	10          	0.05521     	3.492e-05   	0.0006978   	0.0008777   
4410        	10          	0.06851     	1.851e-05   	0.0007243   	0.001006    
4415        	10          	0.06064     	1.68e-05    	0.0006938   	0.0009013   
4420        	10          	0.07469     	3.813e-05   	0.0007633   	0.0008124   
4425        	10          	0.04793     	2.964e-05   	0.0007254   	0.0007749   
4430        	10          	0.0634      	5.83e-05    	0.0006211   	0.0006425   
4435        	10          	0.04549     	2.004e-05   	0.0005142   	0.0005701   
4440        	10          	0.07001     	1.245e-05   	0.0008138   	0.0006911   
4445        	10          	0.09096     	1.468e-05   	0.0005133   	0.0006572   
4450        	10          	0.07658     	6.855e-06   	0.0006523   	0.0004351   
4455        	10          	0.06969     	1.547e-05   	0.0008072   	0.0008471   
4460        	10          	0.08986     	4.465e-06   	0.000542    	0.000519    
4465        	10          	0.07028     	2.904e-05   	0.0006502   	0.000804    
4470        	10          	0.07872     	8.519e-06   	0.000591    	0.0006744   
4475        	10          	0.07229     	9.625e-06   	0.001124    	0.001157    
4480        	10          	0.07353     	1.814e-05   	0.001183    	0.001272    
4485        	10          	0.0604      	3.344e-05   	0.001098    	0.001024    
4490        	10          	0.1005      	4.801e-06   	0.001468    	0.0008127   
4495        	10          	0.1061      	2.614e-05   	0.001134    	0.001129    
4500        	10          	0.07317     	1.019e-05   	0.0008572   	0.0007323   
4505        	10          	0.07207     	1.08e-05    	0.0009085   	0.00097     
4510        	10          	0.06641     	1.168e-05   	0.0009061   	0.0008857   
4515        	10          	0.075       	1.88e-05    	0.0008959   	0.001007    
4520        	10          	0.08962     	2.957e-05   	0.001179    	0.001171    
4525        	10          	0.06543     	1.804e-05   	0.001111    	0.0009525   
4530        	10          	0.06139     	1.159e-05   	0.0008692   	0.00101     
4535        	10          	0.06796     	2.074e-05   	0.001165    	0.001258    
4540        	10          	0.07546     	2.142e-05   	0.00102     	0.001098    
4545        	10          	0.07667     	1.325e-05   	0.0008796   	0.0009546   
4550        	10          	0.05411     	1.843e-05   	0.0009854   	0.001106    
4555        	10          	0.04679     	1.348e-05   	0.001613    	0.0008724   
4560        	10          	0.06597     	1.454e-05   	0.001299    	0.0007333   
4565        	10          	0.08261     	7.251e-06   	0.0008267   	0.001176    
4570        	10          	0.08035     	2.195e-05   	0.001157    	0.0008885   
4575        	10          	0.06164     	3.074e-05   	0.0007886   	0.0009338   
4580        	10          	0.08651     	1.025e-05   	0.001427    	0.0009804   
4585        	10          	0.07346     	4.889e-06   	0.0006655   	0.00043     
4590        	10          	0.07219     	1.748e-05   	0.0009562   	0.001205    
4595        	10          	0.07329     	1.166e-05   	0.0007159   	0.0008103   
4600        	10          	0.07899     	2.57e-05    	0.001398    	0.001205    
4605        	10          	0.07623     	1.251e-05   	0.001372    	0.001281    
4610        	10          	0.08368     	6.857e-06   	0.001123    	0.001113    
4615        	10          	0.08367     	2.015e-05   	0.001209    	0.001423    
4620        	10          	0.08422     	3.058e-06   	0.001705    	0.001521    
4625        	10          	0.07012     	8.94e-06    	0.001327    	0.001417    
4630        	10          	0.0596      	1.212e-05   	0.001509    	0.001377    
4635        	10          	0.08        	6.826e-06   	0.002311    	0.001757    
4640        	10          	0.04734     	1.219e-05   	0.001343    	0.002023    
4645        	10          	0.07527     	8.316e-06   	0.00177     	0.002253    
4650        	10          	0.06754     	1.885e-05   	0.002278    	0.002139    
4655        	10          	0.07877     	1.65e-05    	0.001844    	0.002471    
4660        	10          	0.07546     	4.203e-05   	0.001719    	0.001352    
4665        	10          	0.08201     	4.252e-05   	0.002076    	0.001556    
4670        	10          	0.08875     	1.714e-05   	0.001573    	0.001469    
4675        	10          	0.07506     	8.772e-06   	0.002032    	0.002146    
4680        	10          	0.08562     	1.241e-05   	0.002328    	0.002462    
4685        	10          	0.09595     	2.86e-05    	0.00181     	0.001839    
4690        	10          	0.1294      	1.301e-05   	0.002179    	0.001839    
4695        	10          	0.1362      	1.28e-05    	0.001937    	0.002183    
4700        	10          	0.0931      	1.791e-05   	0.002047    	0.002257    
4705        	10          	0.1216      	3.515e-05   	0.002835    	0.002174    
4710        	10          	0.1108      	7.194e-06   	0.002148    	0.001613    
4715        	10          	0.09696     	1.676e-05   	0.002017    	0.001524    
4720        	10          	0.08773     	1.534e-05   	0.00197     	0.002002    
4725        	10          	0.0798      	2.064e-05   	0.00185     	0.001815    
4730        	10          	0.08588     	1.931e-05   	0.001893    	0.001686    
4735        	10          	0.1013      	1.481e-05   	0.002537    	0.002269    
4740        	10          	0.09601     	1.557e-05   	0.002309    	0.001492    
4745        	10          	0.08662     	2.086e-05   	0.001935    	0.00153     
4750        	10          	0.06518     	1.634e-05   	0.002409    	0.001718    
4755        	10          	0.08097     	7.757e-06   	0.001837    	0.001816    
4760        	10          	0.04707     	9.241e-06   	0.001806    	0.00147     
4765        	10          	0.09452     	1.232e-05   	0.001951    	0.001667    
4770        	10          	0.06723     	2.808e-05   	0.002639    	0.002287    
4775        	10          	0.07228     	1.891e-05   	0.002011    	0.001764    
4780        	10          	0.09754     	2.929e-05   	0.00169     	0.001508    
4785        	10          	0.08695     	2.067e-05   	0.002056    	0.001928    
4790        	10          	0.07379     	1.576e-05   	0.001849    	0.001508    
4795        	10          	0.07134     	1.525e-05   	0.001825    	0.001704    
4800        	10          	0.07727     	1.626e-05   	0.002272    	0.001825    
4805        	10          	0.06739     	2.052e-05   	0.002649    	0.002371    
4810        	10          	0.07994     	3.035e-05   	0.002337    	0.00237     
4815        	10          	0.06846     	5.192e-05   	0.002009    	0.002447    
4820        	10          	0.05854     	1.328e-05   	0.002067    	0.001988    
4825        	10          	0.0796      	3.371e-05   	0.00183     	0.00268     
4830        	10          	0.05885     	1.668e-05   	0.002615    	0.002087    
4835        	10          	0.04257     	1.123e-05   	0.002306    	0.002646    
4840        	10          	0.04596     	1.445e-05   	0.002972    	0.002749    
4845        	10          	0.05243     	8.654e-06   	0.002769    	0.002696    
4850        	10          	0.0789      	1.137e-05   	0.002584    	0.002333    
4855        	10          	0.05145     	2.405e-05   	0.002926    	0.002865    
4860        	10          	0.03738     	2.931e-05   	0.003052    	0.002735    
4865        	10          	0.03378     	1.789e-05   	0.003444    	0.001955    
4870        	10          	0.05073     	3.111e-05   	0.002984    	0.002303    
4875        	10          	0.03572     	2.56e-05    	0.003214    	0.00286     
4880        	10          	0.05096     	1.124e-05   	0.003688    	0.002467    
4885        	10          	0.06522     	2.376e-05   	0.002066    	0.002299    
4890        	10          	0.08493     	1.249e-05   	0.002697    	0.002715    
4895        	10          	0.07039     	2.018e-05   	0.002653    	0.002822    
4900        	10          	0.05695     	2.504e-05   	0.003384    	0.003275    
4905        	10          	0.06777     	1.797e-05   	0.002986    	0.003308    
4910        	10          	0.07385     	8.694e-06   	0.00276     	0.003035    
4915        	10          	0.0729      	1.601e-05   	0.002981    	0.002979    
4920        	10          	0.08056     	9.87e-06    	0.003343    	0.00278     
4925        	10          	0.07706     	2.132e-05   	0.00289     	0.003564    
4930        	10          	0.07802     	8.948e-06   	0.003872    	0.0038      
4935        	10          	0.05421     	9.508e-06   	0.004114    	0.00327     
4940        	10          	0.05517     	2.788e-05   	0.002951    	0.003307    
4945        	10          	0.04617     	1.667e-05   	0.002849    	0.003144    
4950        	10          	0.06133     	1.999e-05   	0.003384    	0.003981    
4955        	10          	0.05745     	1.822e-05   	0.002688    	0.002601    
4960        	10          	0.05199     	2.011e-05   	0.003073    	0.002748    
4965        	10          	0.06195     	1.654e-05   	0.002581    	0.002196    
4970        	10          	0.06928     	3.8e-05     	0.003669    	0.003017    
4975        	10          	0.0751      	1.314e-05   	0.002705    	0.002197    
4980        	10          	0.073       	2.665e-05   	0.003382    	0.002671    
4985        	10          	0.07012     	8.27e-06    	0.003114    	0.002934    
4990        	10          	0.05789     	1.482e-05   	0.002866    	0.003365    
4995        	10          	0.05546     	2.229e-05   	0.003015    	0.003543    
5000        	10          	0.0669      	1.195e-05   	0.004074    	0.003558    
