generation  	alive.rpl   	n.adlt.rs   	n.adlt.fst.wc_p1-2	n.adlt.fst.wc_p1-3	n.adlt.fst.wc_p2-3
5           	10          	18.82       	0.002512    	0.0028      	0.002195    
10          	10          	18.48       	0.003227    	0.0061      	0.002483    
15          	10          	18.28       	0.003936    	0.007725    	0.004515    
20          	10          	18.13       	0.00344     	0.007352    	0.002991    
25          	10          	17.91       	0.004383    	0.007986    	0.003974    
30          	10          	17.84       	0.003753    	0.008504    	0.003954    
35          	10          	17.69       	0.003122    	0.009187    	0.004361    
40          	10          	17.4        	0.004625    	0.009556    	0.005033    
45          	10          	17.26       	0.00386     	0.007989    	0.003508    
50          	10          	17.1        	0.003941    	0.008816    	0.004154    
55          	10          	16.93       	0.004246    	0.009588    	0.004645    
60          	10          	16.81       	0.004429    	0.009148    	0.004708    
65          	10          	16.6        	0.003877    	0.00901     	0.003753    
70          	10          	16.49       	0.003856    	0.008535    	0.0046      
75          	10          	16.26       	0.004642    	0.00979     	0.003282    
80          	10          	16.21       	0.003992    	0.008579    	0.003439    
85          	10          	15.95       	0.003474    	0.00731     	0.004259    
90          	10          	15.72       	0.0037      	0.01041     	0.004894    
95          	10          	15.72       	0.005253    	0.009169    	0.005515    
100         	10          	15.59       	0.004784    	0.008659    	0.003778    
105         	10          	15.39       	0.004465    	0.009161    	0.003527    
110         	10          	15.22       	0.004913    	0.0092      	0.004781    
115         	10          	15.28       	0.003533    	0.008944    	0.003786    
120         	10          	15.03       	0.004134    	0.007853    	0.005232    
125         	10          	14.9        	0.004184    	0.008418    	0.003552    
130         	10          	14.79       	0.00357     	0.009591    	0.004836    
135         	10          	14.78       	0.003987    	0.008981    	0.005148    
140         	10          	14.56       	0.004809    	0.009795    	0.004602    
145         	10          	14.53       	0.004242    	0.008439    	0.003995    
150         	10          	14.39       	0.0048      	0.008366    	0.003572    
155         	10          	14.15       	0.003704    	0.01031     	0.004726    
160         	10          	14.12       	0.004495    	0.009712    	0.003863    
165         	10          	14.03       	0.004422    	0.009006    	0.004137    
170         	10          	13.93       	0.005221    	0.008111    	0.002678    
175         	10          	13.81       	0.003537    	0.01018     	0.005542    
180         	10          	13.63       	0.004984    	0.009445    	0.00488     
185         	10          	13.69       	0.004798    	0.009593    	0.004508    
190         	10          	13.49       	0.004842    	0.01032     	0.00385     
195         	10          	13.36       	0.003754    	0.009964    	0.003734    
200         	10          	13.26       	0.004989    	0.009218    	0.004022    
205         	10          	13.21       	0.00479     	0.008884    	0.003506    
210         	10          	13.11       	0.004188    	0.009507    	0.004301    
215         	10          	13.07       	0.003717    	0.008965    	0.004143    
220         	10          	13.01       	0.003667    	0.008597    	0.004428    
225         	10          	12.86       	0.004256    	0.009193    	0.004819    
230         	10          	12.8        	0.003778    	0.008681    	0.006027    
235         	10          	12.75       	0.004261    	0.008314    	0.003878    
240         	10          	12.66       	0.003786    	0.008606    	0.005231    
245         	10          	12.46       	0.003449    	0.008529    	0.003739    
250         	10          	12.5        	0.003093    	0.008574    	0.002667    
255         	10          	12.36       	0.00404     	0.008539    	0.003464    
260         	10          	12.24       	0.00367     	0.008508    	0.005343    
265         	10          	12.26       	0.005142    	0.009651    	0.004252    
270         	10          	12.24       	0.004254    	0.009901    	0.003701    
275         	10          	12.17       	0.004858    	0.007999    	0.002715    
280         	10          	12.08       	0.004231    	0.008402    	0.003035    
285         	10          	11.99       	0.003736    	0.01038     	0.00356     
290         	10          	11.94       	0.004269    	0.009671    	0.003694    
295         	10          	11.85       	0.004118    	0.01059     	0.003564    
300         	10          	11.8        	0.004041    	0.01007     	0.0039      
305         	10          	11.72       	0.004494    	0.01007     	0.005661    
310         	10          	11.67       	0.00466     	0.008494    	0.004212    
315         	10          	11.68       	0.005365    	0.01028     	0.005008    
320         	10          	11.48       	0.004428    	0.00947     	0.003234    
325         	10          	11.48       	0.005142    	0.008074    	0.003579    
330         	10          	11.28       	0.002946    	0.009248    	0.004287    
335         	10          	11.32       	0.003068    	0.01054     	0.004823    
340         	10          	11.31       	0.003194    	0.009265    	0.004972    
345         	10          	11.23       	0.005081    	0.008777    	0.002452    
350         	10          	11.16       	0.003757    	0.01078     	0.004003    
355         	10          	11.1        	0.00333     	0.0092      	0.0045      
360         	10          	11.05       	0.004212    	0.008341    	0.004896    
365         	10          	11.01       	0.004083    	0.008615    	0.003814    
370         	10          	10.83       	0.006242    	0.01097     	0.003886    
375         	10          	10.82       	0.00401     	0.008552    	0.00404     
380         	10          	10.81       	0.003642    	0.008252    	0.003479    
385         	10          	10.73       	0.00406     	0.008099    	0.002823    
390         	10          	10.7        	0.00342     	0.00876     	0.00442     
395         	10          	10.62       	0.004801    	0.008668    	0.004323    
400         	10          	10.54       	0.004291    	0.01091     	0.005445    
405         	10          	10.57       	0.003198    	0.009954    	0.004038    
410         	10          	10.5        	0.004247    	0.008699    	0.005911    
415         	10          	10.47       	0.002658    	0.009369    	0.00288     
420         	10          	10.41       	0.003948    	0.009522    	0.005353    
425         	10          	10.34       	0.006013    	0.008846    	0.004492    
430         	10          	10.31       	0.003715    	0.00861     	0.003047    
435         	10          	10.27       	0.003127    	0.008448    	0.00326     
440         	10          	10.27       	0.005468    	0.009464    	0.005086    
445         	10          	10.24       	0.00407     	0.009317    	0.005403    
450         	10          	10.16       	0.003366    	0.008062    	0.004198    
455         	10          	10.05       	0.004303    	0.01038     	0.004497    
460         	10          	10          	0.005029    	0.01047     	0.00596     
465         	10          	9.963       	0.003723    	0.00803     	0.005171    
470         	10          	10.01       	0.004724    	0.00887     	0.004452    
475         	10          	9.803       	0.006198    	0.01257     	0.005433    
480         	10          	9.875       	0.004193    	0.01128     	0.005667    
485         	10          	9.755       	0.004828    	0.008571    	0.004523    
490         	10          	9.858       	0.003785    	0.009105    	0.003751    
495         	10          	9.632       	0.004178    	0.008685    	0.004123    
500         	10          	9.685       	0.007006    	0.01189     	0.005065    
505         	10          	9.71        	0.005136    	0.01054     	0.003891    
510         	10          	9.648       	0.005594    	0.01037     	0.003714    
515         	10          	9.6         	0.005212    	0.009678    	0.004663    
520         	10          	9.583       	0.005012    	0.009352    	0.004782    
525         	10          	9.51        	0.003704    	0.009445    	0.004291    
530         	10          	9.485       	0.004399    	0.009908    	0.004372    
535         	10          	9.432       	0.00268     	0.008592    	0.004151    
540         	10          	9.388       	0.005598    	0.009539    	0.002029    
545         	10          	9.383       	0.004495    	0.007304    	0.002319    
550         	10          	9.363       	0.003947    	0.008323    	0.001997    
555         	10          	9.263       	0.003907    	0.01093     	0.00508     
560         	10          	9.278       	0.00281     	0.008728    	0.00358     
565         	10          	9.275       	0.005983    	0.009274    	0.005496    
570         	10          	9.138       	0.003567    	0.008926    	0.004142    
575         	10          	9.138       	0.00364     	0.008952    	0.004661    
580         	10          	9.077       	0.004428    	0.008831    	0.003504    
585         	10          	9.115       	0.004361    	0.009711    	0.004377    
590         	10          	9.072       	0.004537    	0.00818     	0.004356    
595         	10          	9.125       	0.004088    	0.008232    	0.003694    
600         	10          	9.1         	0.002373    	0.00801     	0.003434    
605         	10          	9.055       	0.004314    	0.01034     	0.003525    
610         	10          	9.082       	0.005835    	0.008939    	0.005131    
615         	10          	8.947       	0.002702    	0.009877    	0.005935    
620         	10          	8.977       	0.003906    	0.01049     	0.005557    
625         	10          	9.008       	0.002904    	0.008716    	0.003791    
630         	10          	8.895       	0.003128    	0.009045    	0.003412    
635         	10          	8.835       	0.004826    	0.009017    	0.003749    
640         	10          	8.8         	0.003263    	0.008455    	0.003973    
645         	10          	8.807       	0.002159    	0.008247    	0.001426    
650         	10          	8.82        	0.004594    	0.007715    	0.003263    
655         	10          	8.757       	0.002724    	0.008218    	0.001882    
660         	10          	8.695       	0.004301    	0.009342    	0.005736    
665         	10          	8.717       	0.003893    	0.007489    	0.003728    
670         	10          	8.69        	0.003078    	0.008546    	0.004329    
675         	10          	8.637       	0.004031    	0.009711    	0.004435    
680         	10          	8.593       	0.006391    	0.01042     	0.005817    
685         	10          	8.618       	0.004195    	0.009576    	0.003161    
690         	10          	8.508       	0.004057    	0.009265    	0.005119    
695         	10          	8.583       	0.004141    	0.008803    	0.003236    
700         	10          	8.447       	0.003291    	0.008652    	0.003255    
705         	10          	8.515       	0.003909    	0.008906    	0.003217    
710         	10          	8.455       	0.002655    	0.008434    	0.003656    
715         	10          	8.39        	0.00548     	0.008371    	0.004768    
720         	10          	8.455       	0.004188    	0.008495    	0.005372    
725         	10          	8.388       	0.002669    	0.01124     	0.004542    
730         	10          	8.308       	0.003636    	0.0105      	0.002465    
735         	10          	8.337       	0.004494    	0.01112     	0.004427    
740         	10          	8.328       	0.004347    	0.008673    	0.002704    
745         	10          	8.3         	0.005685    	0.01006     	0.003811    
750         	10          	8.332       	0.005327    	0.01116     	0.004834    
755         	10          	8.273       	0.003577    	0.009264    	0.004655    
760         	10          	8.287       	0.005637    	0.00956     	0.003884    
765         	10          	8.245       	0.002694    	0.009711    	0.004024    
770         	10          	8.287       	0.003685    	0.009072    	0.003713    
775         	10          	8.213       	0.004487    	0.009648    	0.003371    
780         	10          	8.187       	0.004328    	0.01055     	0.00331     
785         	10          	8.21        	0.00251     	0.007893    	0.00319     
790         	10          	8.128       	0.002914    	0.00812     	0.0041      
795         	10          	8.143       	0.005065    	0.007742    	0.002874    
800         	10          	8.162       	0.00503     	0.007964    	0.002796    
805         	10          	8.115       	0.003815    	0.009493    	0.005765    
810         	10          	8.092       	0.00445     	0.006472    	0.003411    
815         	10          	8.06        	0.005887    	0.01062     	0.003702    
820         	10          	8.132       	0.003632    	0.01005     	0.003775    
825         	10          	8.085       	0.006229    	0.009576    	0.003116    
830         	10          	7.978       	0.005375    	0.01035     	0.005373    
835         	10          	7.97        	0.004657    	0.01066     	0.003423    
840         	10          	7.953       	0.003712    	0.008526    	0.004152    
845         	10          	7.99        	0.005224    	0.009166    	0.003863    
850         	10          	7.982       	0.003682    	0.008393    	0.004785    
855         	10          	7.895       	0.004338    	0.007698    	0.004338    
860         	10          	7.958       	0.004827    	0.008571    	0.003916    
865         	10          	7.877       	0.00358     	0.009466    	0.004031    
870         	10          	7.962       	0.003507    	0.01113     	0.005972    
875         	10          	7.927       	0.004084    	0.01184     	0.004373    
880         	10          	7.84        	0.004132    	0.0115      	0.005093    
885         	10          	7.907       	0.003613    	0.008569    	0.005214    
890         	10          	7.868       	0.003954    	0.009386    	0.005759    
895         	10          	7.917       	0.005161    	0.009672    	0.004791    
900         	10          	7.825       	0.004132    	0.007778    	0.00372     
905         	10          	7.74        	0.004215    	0.008909    	0.004178    
910         	10          	7.832       	0.00619     	0.009337    	0.003924    
915         	10          	7.805       	0.003222    	0.009508    	0.004533    
920         	10          	7.738       	0.004516    	0.009085    	0.005585    
925         	10          	7.693       	0.003875    	0.006933    	0.005012    
930         	10          	7.688       	0.005374    	0.01082     	0.008046    
935         	10          	7.738       	0.004781    	0.01101     	0.006256    
940         	10          	7.728       	0.004665    	0.008148    	0.004633    
945         	10          	7.72        	0.00457     	0.008919    	0.004088    
950         	10          	7.725       	0.003337    	0.008455    	0.003404    
955         	10          	7.695       	0.004036    	0.008582    	0.003805    
960         	10          	7.717       	0.006533    	0.008991    	0.004359    
965         	10          	7.663       	0.005556    	0.01034     	0.003071    
970         	10          	7.683       	0.004472    	0.009253    	0.004889    
975         	10          	7.605       	0.004594    	0.006364    	0.004233    
980         	10          	7.582       	0.005009    	0.007855    	0.004574    
985         	10          	7.578       	0.006216    	0.009487    	0.006262    
990         	10          	7.64        	0.003982    	0.00744     	0.004154    
995         	10          	7.6         	0.003109    	0.006926    	0.003624    
1000        	10          	7.555       	0.004198    	0.008623    	0.004527    
1005        	10          	7.578       	0.002429    	0.009002    	0.00389     
1010        	10          	7.567       	0.004615    	0.008245    	0.003813    
1015        	10          	7.478       	0.003858    	0.007894    	0.003619    
1020        	10          	7.482       	0.002685    	0.009289    	0.002383    
1025        	10          	7.483       	0.002592    	0.009962    	0.004776    
1030        	10          	7.422       	0.003792    	0.007871    	0.003142    
1035        	10          	7.49        	0.003301    	0.008133    	0.002848    
1040        	10          	7.432       	0.003421    	0.008035    	0.003303    
1045        	10          	7.385       	0.002573    	0.00625     	0.005015    
1050        	10          	7.403       	0.00455     	0.008995    	0.005379    
1055        	10          	7.362       	0.002746    	0.008277    	0.005569    
1060        	10          	7.265       	0.005038    	0.009339    	0.005899    
1065        	10          	7.32        	0.002932    	0.007086    	0.001487    
1070        	10          	7.373       	0.003727    	0.007576    	0.003636    
1075        	10          	7.365       	0.003831    	0.008663    	0.003773    
1080        	10          	7.32        	0.002709    	0.007253    	0.005249    
1085        	10          	7.308       	0.003928    	0.01097     	0.004045    
1090        	10          	7.33        	0.003656    	0.01037     	0.004064    
1095        	10          	7.328       	0.003785    	0.009053    	0.003701    
1100        	10          	7.287       	0.005767    	0.0123      	0.003863    
1105        	10          	7.303       	0.00231     	0.008874    	0.004591    
1110        	10          	7.242       	0.004953    	0.008878    	0.00474     
1115        	10          	7.228       	0.004482    	0.008196    	0.004181    
1120        	10          	7.238       	0.004492    	0.009483    	0.004513    
1125        	10          	7.253       	0.004885    	0.007816    	0.001304    
1130        	10          	7.207       	0.003414    	0.008846    	0.00613     
1135        	10          	7.217       	0.002539    	0.009538    	0.005541    
1140        	10          	7.247       	0.004004    	0.009171    	0.005819    
1145        	10          	7.193       	0.006603    	0.0102      	0.004655    
1150        	10          	7.213       	0.007339    	0.01037     	0.005629    
1155        	10          	7.237       	0.004842    	0.007699    	0.003549    
1160        	10          	7.278       	0.004709    	0.008818    	0.005957    
1165        	10          	7.222       	0.004397    	0.009422    	0.003786    
1170        	10          	7.182       	0.004083    	0.008877    	0.004828    
1175        	10          	7.18        	0.003796    	0.008574    	0.005636    
1180        	10          	7.135       	0.005592    	0.009562    	0.00337     
1185        	10          	7.127       	0.005863    	0.009862    	0.003897    
1190        	10          	7.135       	0.005709    	0.01028     	0.007384    
1195        	10          	7.148       	0.005005    	0.008151    	0.003687    
1200        	10          	7.127       	0.002575    	0.00696     	0.003391    
1205        	10          	7.06        	0.002691    	0.009093    	0.005256    
1210        	10          	7.11        	0.004541    	0.009801    	0.005601    
1215        	10          	7.128       	0.004785    	0.009057    	0.002946    
1220        	10          	7.13        	0.001921    	0.007765    	0.002983    
1225        	10          	7.122       	0.004185    	0.007154    	0.004471    
1230        	10          	7.072       	0.007583    	0.008886    	0.004233    
1235        	10          	7.078       	0.003467    	0.008655    	0.003722    
1240        	10          	7.102       	0.004432    	0.009476    	0.004721    
1245        	10          	6.982       	0.004647    	0.007853    	0.004534    
1250        	10          	7.005       	0.004955    	0.01009     	0.002507    
1255        	10          	6.99        	0.005479    	0.009222    	0.004522    
1260        	10          	6.983       	0.004881    	0.007241    	0.002807    
1265        	10          	6.968       	0.004763    	0.008625    	0.003674    
1270        	10          	6.98        	0.00428     	0.01093     	0.003386    
1275        	10          	6.995       	0.004496    	0.01065     	0.005059    
1280        	10          	6.945       	0.002635    	0.007048    	0.003433    
1285        	10          	6.972       	0.005005    	0.007581    	0.005471    
1290        	10          	6.942       	0.004957    	0.008229    	0.003732    
1295        	10          	6.912       	0.005765    	0.01075     	0.004533    
1300        	10          	6.972       	0.006192    	0.009452    	0.00281     
1305        	10          	6.873       	0.004924    	0.008486    	0.003425    
1310        	10          	6.903       	0.00558     	0.01086     	0.004185    
1315        	10          	6.858       	0.006215    	0.01203     	0.002165    
1320        	10          	6.917       	0.004657    	0.008054    	0.004336    
1325        	10          	6.937       	0.003848    	0.008427    	0.003982    
1330        	10          	6.822       	0.004849    	0.00857     	0.004062    
1335        	10          	6.833       	0.0008469   	0.005834    	0.002609    
1340        	10          	6.88        	0.004997    	0.01098     	0.003808    
1345        	10          	6.808       	0.004557    	0.009138    	0.00712     
1350        	10          	6.895       	0.004863    	0.009295    	0.006242    
1355        	10          	6.878       	0.005013    	0.008595    	0.00425     
1360        	10          	6.817       	0.003955    	0.007168    	0.00401     
1365        	10          	6.778       	0.004236    	0.008919    	0.005313    
1370        	10          	6.758       	0.005245    	0.0122      	0.005299    
1375        	10          	6.765       	0.004254    	0.009015    	0.00355     
1380        	10          	6.757       	0.004399    	0.008088    	0.003688    
1385        	10          	6.74        	0.005339    	0.01083     	0.006852    
1390        	10          	6.745       	0.006778    	0.01035     	0.00356     
1395        	10          	6.68        	0.003799    	0.009949    	0.003755    
1400        	10          	6.753       	0.007839    	0.007468    	0.002505    
1405        	10          	6.737       	0.004337    	0.009063    	0.005722    
1410        	10          	6.687       	0.004959    	0.009813    	0.004891    
1415        	10          	6.747       	0.002811    	0.008551    	0.004204    
1420        	10          	6.64        	0.006716    	0.009371    	0.003868    
1425        	10          	6.71        	0.002442    	0.008702    	0.00357     
1430        	10          	6.69        	0.003808    	0.009218    	0.00386     
1435        	10          	6.693       	0.003362    	0.008589    	0.005446    
1440        	10          	6.705       	0.00463     	0.009816    	0.005864    
1445        	10          	6.653       	0.004948    	0.01255     	0.004315    
1450        	10          	6.728       	0.001764    	0.00969     	0.003954    
1455        	10          	6.693       	0.004505    	0.009975    	0.00391     
1460        	10          	6.687       	0.003044    	0.009972    	0.003673    
1465        	10          	6.625       	0.002776    	0.008724    	0.004256    
1470        	10          	6.592       	0.002889    	0.008876    	0.006418    
1475        	10          	6.582       	0.003965    	0.01011     	0.00449     
1480        	10          	6.638       	0.003234    	0.009257    	0.005006    
1485        	10          	6.638       	0.002745    	0.008651    	0.002429    
1490        	10          	6.575       	0.003724    	0.0111      	0.004952    
1495        	10          	6.628       	0.004391    	0.008898    	0.005488    
1500        	10          	6.557       	0.005003    	0.009141    	0.003894    
1505        	10          	6.59        	0.003387    	0.01005     	0.004328    
1510        	10          	6.612       	0.005884    	0.01108     	0.005033    
1515        	10          	6.518       	0.006788    	0.007184    	0.004716    
1520        	10          	6.598       	0.002738    	0.00752     	0.004284    
1525        	10          	6.602       	0.004059    	0.009926    	0.004583    
1530        	10          	6.555       	0.005108    	0.01199     	0.004533    
1535        	10          	6.56        	0.00506     	0.009919    	0.004381    
1540        	10          	6.538       	0.004253    	0.008518    	0.00306     
1545        	10          	6.55        	0.005066    	0.00904     	0.004926    
1550        	10          	6.533       	0.00456     	0.008856    	0.00543     
1555        	10          	6.513       	0.004151    	0.01172     	0.006961    
1560        	10          	6.523       	0.002929    	0.008252    	0.005875    
1565        	10          	6.535       	0.004905    	0.007399    	0.003593    
1570        	10          	6.492       	0.004644    	0.01016     	0.005994    
1575        	10          	6.495       	0.004552    	0.007982    	0.005622    
1580        	10          	6.443       	0.007477    	0.01043     	0.004436    
1585        	10          	6.488       	0.00594     	0.01033     	0.002528    
1590        	10          	6.473       	0.005009    	0.01092     	0.004265    
1595        	10          	6.458       	0.0033      	0.009331    	0.004275    
1600        	10          	6.43        	0.007442    	0.01062     	0.004145    
1605        	10          	6.477       	0.004368    	0.01036     	0.003197    
1610        	10          	6.445       	0.001965    	0.008437    	0.002705    
1615        	10          	6.457       	0.005939    	0.007933    	0.005028    
1620        	10          	6.497       	0.004281    	0.007798    	0.004229    
1625        	10          	6.438       	0.004257    	0.0099      	0.003556    
1630        	10          	6.533       	0.003471    	0.009229    	0.004532    
1635        	10          	6.463       	0.004111    	0.009557    	0.004937    
1640        	10          	6.497       	0.005272    	0.01003     	0.004572    
1645        	10          	6.417       	0.006197    	0.009807    	0.004681    
1650        	10          	6.503       	0.004279    	0.007004    	0.00506     
1655        	10          	6.452       	0.006463    	0.01199     	0.003955    
1660        	10          	6.462       	0.006192    	0.01312     	0.005068    
1665        	10          	6.465       	0.003784    	0.008471    	0.005175    
1670        	10          	6.503       	0.003759    	0.009918    	0.004693    
1675        	10          	6.535       	0.003296    	0.01066     	0.005528    
1680        	10          	6.45        	0.003564    	0.008949    	0.003928    
1685        	10          	6.44        	0.004426    	0.01068     	0.004673    
1690        	10          	6.47        	0.002847    	0.01146     	0.0032      
1695        	10          	6.453       	0.005194    	0.0105      	0.004751    
1700        	10          	6.493       	0.004248    	0.01199     	0.003936    
1705        	10          	6.41        	0.007136    	0.01027     	0.005812    
1710        	10          	6.458       	0.003113    	0.009443    	0.002605    
1715        	10          	6.43        	0.006538    	0.008339    	0.003806    
1720        	10          	6.357       	0.005685    	0.01027     	0.007635    
1725        	10          	6.415       	0.004103    	0.01138     	0.00322     
1730        	10          	6.387       	0.005227    	0.009258    	0.002333    
1735        	10          	6.388       	0.003664    	0.007956    	0.004221    
1740        	10          	6.357       	0.006115    	0.009949    	0.006119    
1745        	10          	6.395       	0.00494     	0.00942     	0.004131    
1750        	10          	6.363       	0.00388     	0.008896    	0.003363    
1755        	10          	6.373       	0.004371    	0.006615    	0.005364    
1760        	10          	6.355       	0.004719    	0.01095     	0.003723    
1765        	10          	6.345       	0.004548    	0.00834     	0.00269     
1770        	10          	6.355       	0.00273     	0.01101     	0.005321    
1775        	10          	6.283       	0.00547     	0.01098     	0.004998    
1780        	10          	6.285       	0.005002    	0.00962     	0.004184    
1785        	10          	6.25        	0.004251    	0.008593    	0.004715    
1790        	10          	6.237       	0.004565    	0.008074    	0.002056    
1795        	10          	6.233       	0.00396     	0.01102     	0.004535    
1800        	10          	6.282       	0.004293    	0.007664    	0.004412    
1805        	10          	6.275       	0.004834    	0.009781    	0.004857    
1810        	10          	6.222       	0.005063    	0.009968    	0.006154    
1815        	10          	6.182       	0.004618    	0.009907    	0.004829    
1820        	10          	6.222       	0.004877    	0.01097     	0.00475     
1825        	10          	6.24        	0.001603    	0.007854    	0.004877    
1830        	10          	6.188       	0.003394    	0.006613    	0.005088    
1835        	10          	6.163       	0.003451    	0.01133     	0.004623    
1840        	10          	6.125       	0.006069    	0.008858    	0.004109    
1845        	10          	6.105       	0.004003    	0.00697     	0.004234    
1850        	10          	6.108       	0.003015    	0.01079     	0.004748    
1855        	10          	6.055       	0.00659     	0.008104    	0.006183    
1860        	10          	6.117       	0.002523    	0.007715    	0.003851    
1865        	10          	6.042       	0.004421    	0.007075    	0.002166    
1870        	10          	6.14        	0.004568    	0.009213    	0.005172    
1875        	10          	6.042       	0.004447    	0.007861    	0.004064    
1880        	10          	6.03        	0.005061    	0.008321    	0.003602    
1885        	10          	5.98        	0.005067    	0.01022     	0.005706    
1890        	10          	5.952       	0.004923    	0.009196    	0.005469    
1895        	10          	5.988       	0.005509    	0.00848     	0.004592    
1900        	10          	5.958       	0.004286    	0.01192     	0.006256    
1905        	10          	5.952       	0.005628    	0.01012     	0.005549    
1910        	10          	5.953       	0.005286    	0.009083    	0.005708    
1915        	10          	6.058       	0.00336     	0.00783     	0.006289    
1920        	10          	6.01        	0.003508    	0.0104      	0.005736    
1925        	10          	5.983       	0.002327    	0.008864    	0.003518    
1930        	10          	5.982       	0.004877    	0.009722    	0.003893    
1935        	10          	5.975       	0.005968    	0.01437     	0.006882    
1940        	10          	6           	0.004452    	0.01141     	0.003535    
1945        	10          	6.005       	0.001661    	0.008811    	0.003056    
1950        	10          	6.022       	0.004163    	0.009993    	0.005108    
1955        	10          	5.947       	0.004497    	0.00823     	0.004158    
1960        	10          	5.95        	0.004325    	0.007285    	0.003898    
1965        	10          	5.977       	0.003569    	0.009395    	0.005294    
1970        	10          	5.942       	0.006311    	0.01177     	0.00345     
1975        	10          	5.935       	0.004581    	0.01139     	0.004705    
1980        	10          	5.967       	0.005525    	0.007259    	0.003194    
1985        	10          	5.91        	0.002803    	0.008473    	0.002056    
1990        	10          	5.855       	0.006258    	0.01064     	0.003828    
1995        	10          	5.953       	0.004312    	0.008814    	0.004424    
2000        	10          	5.957       	0.002732    	0.009896    	0.00456     
2005        	10          	6.002       	0.006434    	0.008154    	0.002344    
2010        	10          	5.927       	0.003793    	0.007877    	0.004074    
2015        	10          	5.913       	0.005618    	0.007833    	0.00329     
2020        	10          	5.888       	0.00411     	0.007799    	0.00482     
2025        	10          	5.967       	0.004217    	0.01145     	0.004168    
2030        	10          	5.957       	0.005364    	0.008582    	0.002906    
2035        	10          	5.895       	0.002931    	0.008587    	0.00448     
2040        	10          	5.932       	0.004741    	0.01105     	0.004017    
2045        	10          	5.94        	0.003925    	0.007668    	0.004406    
2050        	10          	5.91        	0.007048    	0.01333     	0.006849    
2055        	10          	5.935       	0.003822    	0.01098     	0.003339    
2060        	10          	5.917       	0.005341    	0.008029    	0.002764    
2065        	10          	5.892       	0.005294    	0.009837    	0.004837    
2070        	10          	5.925       	0.006006    	0.01007     	0.006515    
2075        	10          	5.885       	0.004708    	0.008306    	0.003107    
2080        	10          	5.912       	0.005601    	0.007234    	0.005136    
2085        	10          	5.897       	0.006486    	0.009071    	0.005308    
2090        	10          	5.933       	0.004218    	0.009986    	0.003213    
2095        	10          	5.897       	0.006025    	0.009307    	0.003581    
2100        	10          	5.915       	0.005204    	0.00812     	0.003225    
2105        	10          	5.91        	0.004165    	0.00812     	0.004116    
2110        	10          	5.877       	0.004923    	0.01051     	0.004454    
2115        	10          	5.905       	0.002123    	0.006589    	0.00265     
2120        	10          	5.932       	0.00387     	0.009019    	0.002489    
2125        	10          	5.933       	0.004346    	0.009636    	0.005351    
2130        	10          	5.878       	0.003684    	0.00969     	0.004693    
2135        	10          	5.87        	0.00541     	0.00964     	0.003398    
2140        	10          	5.868       	0.002251    	0.00906     	0.005253    
2145        	10          	5.933       	0.004918    	0.007301    	0.003711    
2150        	10          	5.888       	0.00439     	0.007031    	0.003893    
2155        	10          	5.818       	0.004801    	0.01208     	0.004472    
2160        	10          	5.863       	0.004744    	0.01064     	0.004363    
2165        	10          	5.845       	0.003429    	0.008406    	0.006187    
2170        	10          	5.847       	0.003904    	0.008687    	0.004767    
2175        	10          	5.86        	0.002463    	0.009306    	0.006504    
2180        	10          	5.808       	0.00318     	0.01141     	0.00253     
2185        	10          	5.872       	0.006589    	0.0117      	0.004281    
2190        	10          	5.788       	0.00532     	0.008771    	0.003679    
2195        	10          	5.832       	0.003073    	0.008171    	0.004634    
2200        	10          	5.847       	0.005012    	0.01106     	0.003309    
2205        	10          	5.813       	0.004141    	0.007924    	0.004583    
2210        	10          	5.822       	0.001957    	0.007538    	0.002353    
2215        	10          	5.847       	0.005587    	0.00951     	0.004182    
2220        	10          	5.858       	0.005125    	0.01007     	0.005047    
2225        	10          	5.812       	0.002394    	0.009219    	0.005825    
2230        	10          	5.882       	0.006866    	0.01064     	0.005472    
2235        	10          	5.832       	0.003012    	0.01223     	0.005389    
2240        	10          	5.813       	0.004268    	0.01076     	0.005595    
2245        	10          	5.882       	0.003292    	0.009209    	0.004258    
2250        	10          	5.837       	0.005152    	0.009615    	0.003462    
2255        	10          	5.807       	0.001654    	0.008773    	0.003477    
2260        	10          	5.835       	0.002074    	0.0104      	0.006866    
2265        	10          	5.758       	0.00376     	0.008246    	0.005211    
2270        	10          	5.802       	0.004226    	0.009282    	0.004388    
2275        	10          	5.813       	0.003812    	0.009627    	0.00524     
2280        	10          	5.837       	0.006763    	0.0106      	0.00566     
2285        	10          	5.795       	0.004634    	0.009119    	0.003201    
2290        	10          	5.805       	0.004223    	0.01095     	0.004259    
2295        	10          	5.717       	0.003006    	0.008099    	0.005887    
2300        	10          	5.833       	0.00559     	0.01043     	0.0048      
2305        	10          	5.848       	0.004304    	0.01102     	0.004037    
2310        	10          	5.843       	0.005482    	0.01044     	0.007151    
2315        	10          	5.808       	0.004931    	0.009497    	0.005019    
2320        	10          	5.87        	0.005574    	0.009559    	0.004416    
2325        	10          	5.88        	0.002766    	0.008564    	0.004268    
2330        	10          	5.83        	0.003908    	0.01068     	0.004297    
2335        	10          	5.878       	0.005565    	0.01018     	0.003424    
2340        	10          	5.892       	0.003337    	0.00936     	0.003321    
2345        	10          	5.797       	0.003495    	0.009029    	0.00321     
2350        	10          	5.752       	0.003284    	0.01139     	0.00429     
2355        	10          	5.738       	0.005235    	0.01113     	0.004539    
2360        	10          	5.793       	0.003618    	0.007149    	0.003862    
2365        	10          	5.767       	0.003928    	0.00835     	0.004644    
2370        	10          	5.763       	0.001981    	0.005857    	0.00529     
2375        	10          	5.815       	0.006361    	0.01145     	0.005356    
2380        	10          	5.83        	0.00477     	0.01015     	0.001747    
2385        	10          	5.775       	0.004839    	0.01418     	0.006588    
2390        	10          	5.765       	0.006031    	0.0111      	0.005758    
2395        	10          	5.788       	0.005533    	0.009182    	0.004112    
2400        	10          	5.772       	0.006163    	0.008493    	0.004321    
2405        	10          	5.768       	0.004989    	0.009165    	0.005031    
2410        	10          	5.76        	0.00505     	0.00867     	0.007061    
2415        	10          	5.752       	0.005614    	0.009045    	0.003978    
2420        	10          	5.765       	0.004209    	0.01022     	0.00585     
2425        	10          	5.758       	0.006192    	0.01194     	0.003593    
2430        	10          	5.742       	0.003896    	0.0132      	0.005313    
2435        	10          	5.74        	0.005291    	0.01015     	0.003921    
2440        	10          	5.725       	0.005172    	0.006358    	0.008264    
2445        	10          	5.743       	0.003684    	0.00792     	0.001951    
2450        	10          	5.743       	0.00446     	0.008661    	0.005338    
2455        	10          	5.715       	0.003253    	0.01077     	0.004441    
2460        	10          	5.79        	0.003953    	0.009665    	0.005502    
2465        	10          	5.763       	0.001368    	0.00532     	0.003403    
2470        	10          	5.805       	0.004368    	0.008824    	0.004878    
2475        	10          	5.703       	0.003835    	0.008831    	0.005308    
2480        	10          	5.717       	0.003481    	0.009598    	0.005227    
2485        	10          	5.745       	0.001858    	0.009279    	0.002245    
2490        	10          	5.705       	0.004754    	0.008698    	0.006499    
2495        	10          	5.717       	0.003407    	0.00964     	0.005656    
2500        	10          	5.685       	0.004489    	0.0112      	0.003046    
2505        	10          	5.792       	0.002052    	0.007644    	0.001116    
2510        	10          	5.79        	0.002701    	0.009701    	0.004234    
2515        	10          	5.732       	0.00324     	0.008384    	0.004513    
2520        	10          	5.732       	0.005387    	0.01102     	0.006447    
2525        	10          	5.778       	0.002748    	0.009557    	0.00267     
2530        	10          	5.752       	0.003097    	0.01069     	0.004599    
2535        	10          	5.688       	0.003869    	0.009984    	0.004066    
2540        	10          	5.678       	0.003374    	0.009789    	0.005478    
2545        	10          	5.69        	0.002213    	0.009608    	0.005817    
2550        	10          	5.71        	0.003459    	0.00844     	0.004659    
2555        	10          	5.717       	0.004587    	0.007791    	0.003633    
2560        	10          	5.687       	0.004814    	0.01059     	0.003322    
2565        	10          	5.698       	0.00412     	0.01053     	0.001971    
2570        	10          	5.68        	0.004881    	0.009016    	0.00333     
2575        	10          	5.758       	0.003784    	0.0082      	0.003582    
2580        	10          	5.672       	0.003785    	0.01057     	0.00286     
2585        	10          	5.713       	0.004636    	0.008282    	0.003842    
2590        	10          	5.717       	0.004104    	0.009458    	0.002067    
2595        	10          	5.718       	0.003523    	0.008513    	0.002668    
2600        	10          	5.753       	0.003502    	0.009469    	0.003557    
2605        	10          	5.733       	0.0035      	0.008557    	0.005156    
2610        	10          	5.72        	0.005501    	0.008794    	0.005517    
2615        	10          	5.678       	0.004145    	0.01028     	0.003839    
2620        	10          	5.672       	0.003251    	0.007025    	0.004227    
2625        	10          	5.602       	0.003947    	0.008655    	0.003585    
2630        	10          	5.658       	0.00316     	0.009415    	0.005723    
2635        	10          	5.647       	0.005803    	0.009154    	0.004762    
2640        	10          	5.712       	0.004289    	0.00931     	0.00352     
2645        	10          	5.695       	0.002539    	0.007731    	0.003631    
2650        	10          	5.675       	0.006352    	0.008616    	0.004536    
2655        	10          	5.708       	0.007674    	0.008749    	0.004845    
2660        	10          	5.608       	0.003102    	0.008017    	0.005069    
2665        	10          	5.69        	0.003889    	0.008043    	0.002347    
2670        	10          	5.66        	0.005362    	0.01009     	0.002109    
2675        	10          	5.612       	0.003511    	0.00951     	0.003602    
2680        	10          	5.6         	0.005929    	0.008482    	0.006097    
2685        	10          	5.67        	0.004353    	0.01003     	0.005011    
2690        	10          	5.595       	0.002684    	0.007947    	0.004807    
2695        	10          	5.593       	0.003503    	0.01208     	0.004878    
2700        	10          	5.587       	0.001992    	0.007196    	0.002358    
2705        	10          	5.62        	0.004285    	0.01205     	0.006037    
2710        	10          	5.55        	0.005363    	0.0112      	0.005612    
2715        	10          	5.632       	0.006196    	0.01047     	0.004493    
2720        	10          	5.593       	0.005863    	0.0109      	0.002299    
2725        	10          	5.607       	0.003829    	0.008491    	0.003102    
2730        	10          	5.568       	0.006132    	0.01152     	0.00401     
2735        	10          	5.59        	0.003621    	0.008945    	0.006075    
2740        	10          	5.622       	0.005425    	0.01344     	0.005468    
2745        	10          	5.57        	0.004444    	0.01228     	0.003423    
2750        	10          	5.563       	0.003655    	0.007214    	0.004635    
2755        	10          	5.58        	0.004004    	0.01059     	0.003833    
2760        	10          	5.547       	0.002408    	0.008041    	0.005905    
2765        	10          	5.582       	0.004981    	0.00989     	0.004277    
2770        	10          	5.533       	0.001566    	0.01195     	0.00419     
2775        	10          	5.583       	0.005685    	0.006949    	0.004069    
2780        	10          	5.585       	0.003849    	0.008607    	0.003104    
2785        	10          	5.493       	0.003207    	0.007648    	0.003865    
2790        	10          	5.608       	0.004001    	0.009419    	0.005277    
2795        	10          	5.595       	0.003321    	0.009263    	0.004544    
2800        	10          	5.602       	0.007122    	0.009591    	0.004922    
2805        	10          	5.598       	0.005443    	0.009158    	0.004183    
2810        	10          	5.53        	0.004202    	0.009834    	0.00413     
2815        	10          	5.565       	0.002111    	0.009352    	0.002684    
2820        	10          	5.595       	0.003251    	0.008136    	0.004652    
2825        	10          	5.542       	0.003648    	0.01012     	0.005982    
2830        	10          	5.575       	0.001233    	0.009235    	0.004212    
2835        	10          	5.578       	0.003819    	0.01055     	0.005153    
2840        	10          	5.572       	0.00556     	0.01019     	0.006004    
2845        	10          	5.562       	0.00607     	0.01038     	0.005468    
2850        	10          	5.57        	0.003182    	0.009841    	0.005392    
2855        	10          	5.608       	0.003403    	0.008773    	0.006354    
2860        	10          	5.595       	0.00197     	0.01046     	0.003916    
2865        	10          	5.637       	0.002668    	0.01167     	0.004865    
2870        	10          	5.673       	0.00513     	0.00897     	0.002835    
2875        	10          	5.637       	0.004381    	0.0115      	0.003073    
2880        	10          	5.583       	0.005359    	0.01133     	0.002765    
2885        	10          	5.64        	0.005026    	0.01202     	0.005517    
2890        	10          	5.65        	0.005994    	0.009432    	0.004028    
2895        	10          	5.638       	0.004336    	0.008058    	0.004531    
2900        	10          	5.612       	0.0042      	0.01123     	0.004123    
2905        	10          	5.638       	0.005664    	0.01031     	0.005312    
2910        	10          	5.6         	0.004345    	0.008518    	0.002376    
2915        	10          	5.63        	0.003548    	0.005415    	0.005357    
2920        	10          	5.643       	0.003449    	0.0115      	0.005995    
2925        	10          	5.61        	0.004148    	0.009387    	0.004162    
2930        	10          	5.632       	0.003542    	0.0103      	0.00387     
2935        	10          	5.568       	0.005657    	0.007189    	0.003311    
2940        	10          	5.615       	0.002514    	0.009647    	0.00331     
2945        	10          	5.568       	0.005796    	0.01042     	0.005911    
2950        	10          	5.515       	0.005024    	0.008001    	0.005363    
2955        	10          	5.555       	0.002723    	0.008189    	0.002802    
2960        	10          	5.588       	0.005379    	0.008752    	0.007571    
2965        	10          	5.585       	0.003152    	0.008262    	0.002424    
2970        	10          	5.537       	0.002       	0.01006     	0.004703    
2975        	10          	5.563       	0.003601    	0.009154    	0.004546    
2980        	10          	5.532       	0.004979    	0.009231    	0.006037    
2985        	10          	5.53        	0.004776    	0.008535    	0.00589     
2990        	10          	5.542       	0.002868    	0.008016    	0.004697    
2995        	10          	5.493       	0.005251    	0.01011     	0.006134    
3000        	10          	5.447       	0.005434    	0.009532    	0.004251    
3005        	10          	5.518       	0.005423    	0.009916    	0.002643    
3010        	10          	5.487       	0.001697    	0.008231    	0.00395     
3015        	10          	5.48        	0.003772    	0.009081    	0.003791    
3020        	10          	5.49        	0.003717    	0.008446    	0.006641    
3025        	10          	5.502       	0.002733    	0.008692    	0.003656    
3030        	10          	5.487       	0.003993    	0.009836    	0.006       
3035        	10          	5.445       	0.004132    	0.008877    	0.004322    
3040        	10          	5.46        	0.003271    	0.009321    	0.002072    
3045        	10          	5.45        	0.003151    	0.007311    	0.003201    
3050        	10          	5.513       	0.007579    	0.0122      	0.005905    
3055        	10          	5.468       	0.002724    	0.007703    	0.003841    
3060        	10          	5.452       	0.004381    	0.009152    	0.005431    
3065        	10          	5.51        	0.002699    	0.006825    	0.001166    
3070        	10          	5.4         	0.00321     	0.01257     	0.004352    
3075        	10          	5.48        	0.00351     	0.008858    	0.003477    
3080        	10          	5.417       	0.005041    	0.006242    	0.002672    
3085        	10          	5.482       	0.003626    	0.006964    	0.005574    
3090        	10          	5.418       	0.004088    	0.006774    	0.001828    
3095        	10          	5.443       	0.00368     	0.005163    	0.002935    
3100        	10          	5.447       	0.003827    	0.01088     	0.005544    
3105        	10          	5.432       	0.004331    	0.01163     	0.003098    
3110        	10          	5.48        	0.006822    	0.01065     	0.004929    
3115        	10          	5.403       	0.005146    	0.01126     	0.004708    
3120        	10          	5.41        	0.004701    	0.008826    	0.004839    
3125        	10          	5.44        	0.00401     	0.00916     	0.004622    
3130        	10          	5.497       	0.004926    	0.008165    	0.002611    
3135        	10          	5.44        	0.006195    	0.009901    	0.004847    
3140        	10          	5.452       	0.00307     	0.009543    	0.003256    
3145        	10          	5.423       	0.005007    	0.0106      	0.003611    
3150        	10          	5.39        	0.004978    	0.009733    	0.005658    
3155        	10          	5.428       	0.004013    	0.008916    	0.005354    
3160        	10          	5.438       	0.004367    	0.00951     	0.004752    
3165        	10          	5.403       	0.005034    	0.009199    	0.002621    
3170        	10          	5.37        	0.003965    	0.008457    	0.00239     
3175        	10          	5.415       	0.004425    	0.008724    	0.005747    
3180        	10          	5.387       	0.002226    	0.007244    	0.002203    
3185        	10          	5.408       	0.001817    	0.008997    	0.004069    
3190        	10          	5.352       	0.005991    	0.009624    	0.00184     
3195        	10          	5.383       	0.004342    	0.005179    	0.002452    
3200        	10          	5.398       	0.003952    	0.0106      	0.003043    
3205        	10          	5.387       	0.005833    	0.009683    	0.003379    
3210        	10          	5.335       	0.005111    	0.01123     	0.002842    
3215        	10          	5.323       	0.006749    	0.008705    	0.003273    
3220        	10          	5.382       	0.003137    	0.009913    	0.002872    
3225        	10          	5.342       	0.004181    	0.009285    	0.004574    
3230        	10          	5.395       	0.006642    	0.008933    	0.003457    
3235        	10          	5.342       	0.004561    	0.009244    	0.004752    
3240        	10          	5.332       	0.003928    	0.007161    	0.003134    
3245        	10          	5.413       	0.004375    	0.0114      	0.00399     
3250        	10          	5.353       	0.004777    	0.009984    	0.004942    
3255        	10          	5.377       	0.002471    	0.006595    	0.003974    
3260        	10          	5.362       	0.005871    	0.009767    	0.003962    
3265        	10          	5.383       	0.005332    	0.008438    	0.003749    
3270        	10          	5.32        	0.005192    	0.009013    	0.003967    
3275        	10          	5.382       	0.002373    	0.008649    	0.003128    
3280        	10          	5.343       	0.004943    	0.009476    	0.002189    
3285        	10          	5.358       	0.003883    	0.01108     	0.002699    
3290        	10          	5.352       	0.005219    	0.01084     	0.004065    
3295        	10          	5.373       	0.004075    	0.01102     	0.005105    
3300        	10          	5.352       	0.004245    	0.009776    	0.005202    
3305        	10          	5.367       	0.004346    	0.01007     	0.004249    
3310        	10          	5.367       	0.00442     	0.009794    	0.004444    
3315        	10          	5.343       	0.00395     	0.01053     	0.005606    
3320        	10          	5.347       	0.003938    	0.009403    	0.004696    
3325        	10          	5.338       	0.003682    	0.01098     	0.002156    
3330        	10          	5.307       	0.004512    	0.0109      	0.004867    
3335        	10          	5.28        	0.004655    	0.009961    	0.004105    
3340        	10          	5.348       	0.003364    	0.009621    	0.003736    
3345        	10          	5.343       	0.00303     	0.01002     	0.002767    
3350        	10          	5.282       	0.004165    	0.008817    	0.002668    
3355        	10          	5.265       	0.003846    	0.01132     	0.00669     
3360        	10          	5.298       	0.003721    	0.00947     	0.002918    
3365        	10          	5.318       	0.004889    	0.01084     	0.003782    
3370        	10          	5.312       	0.005005    	0.01235     	0.002954    
3375        	10          	5.283       	0.003973    	0.0106      	0.004207    
3380        	10          	5.305       	0.003381    	0.009152    	0.004378    
3385        	10          	5.345       	0.0025      	0.008378    	0.005075    
3390        	10          	5.302       	0.004189    	0.008345    	0.005524    
3395        	10          	5.328       	0.002773    	0.007334    	0.002673    
3400        	10          	5.287       	0.00253     	0.008371    	0.001454    
3405        	10          	5.36        	0.006439    	0.009001    	0.003483    
3410        	10          	5.355       	0.003206    	0.006719    	0.003363    
3415        	10          	5.275       	0.002778    	0.008127    	0.003453    
3420        	10          	5.293       	0.004648    	0.00927     	0.00385     
3425        	10          	5.272       	0.005447    	0.01042     	0.006762    
3430        	10          	5.288       	0.003129    	0.008843    	0.005852    
3435        	10          	5.253       	0.004283    	0.008528    	0.003257    
3440        	10          	5.28        	0.00437     	0.009336    	0.004792    
3445        	10          	5.268       	0.004293    	0.009176    	0.00291     
3450        	10          	5.25        	0.004739    	0.008798    	0.0035      
3455        	10          	5.237       	0.003712    	0.007997    	0.002041    
3460        	10          	5.287       	0.005252    	0.008324    	0.003924    
3465        	10          	5.273       	0.005389    	0.01063     	0.005152    
3470        	10          	5.225       	0.003848    	0.008225    	0.003159    
3475        	10          	5.268       	0.005413    	0.008521    	0.003445    
3480        	10          	5.265       	0.005792    	0.01315     	0.005297    
3485        	10          	5.17        	0.003337    	0.006946    	0.004406    
3490        	10          	5.227       	0.005652    	0.01024     	0.004657    
3495        	10          	5.262       	0.004519    	0.00979     	0.003083    
3500        	10          	5.247       	0.001862    	0.008845    	0.004425    
3505        	10          	5.273       	0.003831    	0.008135    	0.004876    
3510        	10          	5.255       	0.004098    	0.00975     	0.003029    
3515        	10          	5.253       	0.003548    	0.008045    	0.004756    
3520        	10          	5.238       	0.004437    	0.01051     	0.005273    
3525        	10          	5.197       	0.00645     	0.01162     	0.007462    
3530        	10          	5.265       	0.003596    	0.008005    	0.003664    
3535        	10          	5.222       	0.003296    	0.008317    	0.004152    
3540        	10          	5.237       	0.005648    	0.009645    	0.003295    
3545        	10          	5.197       	0.005278    	0.0109      	0.004756    
3550        	10          	5.202       	0.003659    	0.00915     	0.005051    
3555        	10          	5.232       	0.004553    	0.009869    	0.001403    
3560        	10          	5.182       	0.005094    	0.01195     	0.00421     
3565        	10          	5.247       	0.00448     	0.01046     	0.004501    
3570        	10          	5.29        	0.003092    	0.007804    	0.004875    
3575        	10          	5.317       	0.002796    	0.008345    	0.005191    
3580        	10          	5.245       	0.00389     	0.009698    	0.003438    
3585        	10          	5.228       	0.005715    	0.01075     	0.003983    
3590        	10          	5.257       	0.004664    	0.011       	0.003735    
3595        	10          	5.247       	0.005136    	0.009876    	0.004098    
3600        	10          	5.207       	0.005025    	0.009688    	0.00542     
3605        	10          	5.242       	0.005239    	0.01104     	0.005433    
3610        	10          	5.163       	0.002179    	0.01025     	0.004591    
3615        	10          	5.198       	0.002614    	0.008843    	0.004589    
3620        	10          	5.19        	0.004295    	0.01089     	0.005164    
3625        	10          	5.24        	0.004868    	0.01115     	0.004158    
3630        	10          	5.18        	0.003906    	0.01085     	0.004813    
3635        	10          	5.168       	0.002922    	0.01075     	0.005122    
3640        	10          	5.248       	0.005643    	0.009755    	0.004066    
3645        	10          	5.208       	0.007084    	0.01244     	0.006184    
3650        	10          	5.187       	0.00476     	0.008733    	0.003213    
3655        	10          	5.228       	0.002286    	0.009604    	0.003229    
3660        	10          	5.228       	0.004198    	0.009262    	0.006111    
3665        	10          	5.187       	0.003842    	0.01007     	0.003547    
3670        	10          	5.17        	0.00407     	0.01013     	0.003999    
3675        	10          	5.168       	0.004578    	0.009611    	0.0042      
3680        	10          	5.178       	0.004779    	0.008984    	0.002619    
3685        	10          	5.172       	0.00416     	0.009689    	0.004175    
3690        	10          	5.157       	0.004105    	0.01067     	0.003539    
3695        	10          	5.173       	0.007025    	0.01047     	0.006547    
3700        	10          	5.182       	0.004514    	0.01075     	0.004003    
3705        	10          	5.095       	0.005272    	0.01174     	0.005557    
3710        	10          	5.142       	0.005697    	0.008888    	0.004232    
3715        	10          	5.128       	0.004713    	0.009379    	0.006166    
3720        	10          	5.115       	0.004234    	0.01055     	0.00308     
3725        	10          	5.135       	0.00354     	0.00943     	0.005867    
3730        	10          	5.093       	0.005293    	0.01376     	0.00513     
3735        	10          	5.167       	0.003404    	0.008567    	0.004914    
3740        	10          	5.13        	0.00161     	0.006751    	0.001584    
3745        	10          	5.162       	0.003989    	0.008864    	0.003441    
3750        	10          	5.133       	0.00351     	0.009555    	0.004121    
3755        	10          	5.127       	0.005255    	0.007212    	0.004556    
3760        	10          	5.082       	0.004842    	0.009434    	0.003091    
3765        	10          	5.06        	0.003389    	0.00983     	0.004818    
3770        	10          	5.07        	0.00458     	0.01138     	0.006414    
3775        	10          	5.097       	0.002671    	0.01085     	0.003984    
3780        	10          	5.088       	0.004878    	0.009757    	0.003952    
3785        	10          	5.048       	0.002192    	0.008726    	0.002666    
3790        	10          	5.082       	0.00446     	0.01036     	0.004434    
3795        	10          	5.078       	0.001951    	0.007858    	0.003334    
3800        	10          	5.055       	0.0009428   	0.009313    	0.003371    
3805        	10          	5.093       	0.002915    	0.009264    	0.005515    
3810        	10          	5.027       	0.004812    	0.01018     	0.006584    
3815        	10          	5.057       	0.00291     	0.01091     	0.005331    
3820        	10          	5.078       	0.004002    	0.009044    	0.002334    
3825        	10          	5.067       	0.003629    	0.006431    	0.004164    
3830        	10          	5.093       	0.005239    	0.008884    	0.004114    
3835        	10          	5.088       	0.002934    	0.006752    	0.003563    
3840        	10          	5.13        	0.004956    	0.01164     	0.004576    
3845        	10          	5.14        	0.003682    	0.01071     	0.001464    
3850        	10          	5.1         	0.003141    	0.007329    	0.004631    
3855        	10          	5.108       	0.00348     	0.006177    	0.003422    
3860        	10          	5.13        	0.003656    	0.007593    	0.003111    
3865        	10          	5.125       	0.004046    	0.009772    	0.006667    
3870        	10          	5.117       	0.002959    	0.008762    	0.004227    
3875        	10          	5.097       	0.003874    	0.01017     	0.00395     
3880        	10          	5.123       	0.003472    	0.009837    	0.006556    
3885        	10          	5.148       	0.002801    	0.006794    	0.003139    
3890        	10          	5.143       	0.005765    	0.009211    	0.003245    
3895        	10          	5.1         	0.002546    	0.01025     	0.004572    
3900        	10          	5.118       	0.002445    	0.009853    	0.004528    
3905        	10          	5.13        	0.006234    	0.01194     	0.003703    
3910        	10          	5.135       	0.005211    	0.009093    	0.003718    
3915        	10          	5.088       	0.005055    	0.009751    	0.003503    
3920        	10          	5.1         	0.002888    	0.01121     	0.005343    
3925        	10          	5.122       	0.003289    	0.008242    	0.005038    
3930        	10          	5.118       	0.00575     	0.009845    	0.003314    
3935        	10          	5.137       	0.004057    	0.006879    	0.002597    
3940        	10          	5.157       	0.006967    	0.01019     	0.003204    
3945        	10          	5.072       	0.005512    	0.009428    	0.004607    
3950        	10          	5.118       	0.002737    	0.008686    	0.005923    
3955        	10          	5.12        	0.003053    	0.009869    	0.003436    
3960        	10          	5.103       	0.004087    	0.008647    	0.006889    
3965        	10          	5.147       	0.003656    	0.009817    	0.005738    
3970        	10          	5.098       	0.005376    	0.01013     	0.005159    
3975        	10          	5.062       	0.003734    	0.008892    	0.005749    
3980        	10          	5.07        	0.005657    	0.00714     	0.002449    
3985        	10          	5.08        	0.004272    	0.01177     	0.003151    
3990        	10          	5.057       	0.007824    	0.01035     	0.004504    
3995        	10          	5.063       	0.002055    	0.006043    	0.001643    
4000        	10          	5.043       	0.003095    	0.009276    	0.005867    
4005        	10          	5.043       	0.005439    	0.006409    	0.0053      
4010        	10          	5.038       	0.004755    	0.012       	0.004794    
4015        	10          	5.105       	0.004684    	0.008413    	0.004186    
4020        	10          	5.075       	0.002101    	0.009911    	0.003812    
4025        	10          	5.103       	0.00407     	0.006684    	0.002409    
4030        	10          	5.037       	0.004015    	0.01084     	0.004433    
4035        	10          	5.052       	0.006589    	0.01138     	0.005067    
4040        	10          	5.087       	0.001986    	0.00543     	0.004117    
4045        	10          	5.037       	0.003123    	0.008409    	0.003446    
4050        	10          	5.038       	0.001911    	0.01228     	0.006282    
4055        	10          	4.957       	0.00688     	0.01601     	0.01353     
4060        	10          	4.955       	0.004025    	0.0187      	0.01481     
4065        	10          	4.972       	0.005526    	0.02441     	0.02217     
4070        	10          	4.897       	0.003883    	0.02727     	0.0288      
4075        	10          	4.905       	0.004633    	0.03346     	0.03197     
4080        	10          	4.862       	0.00443     	0.0375      	0.03413     
4085        	10          	4.77        	0.003888    	0.03485     	0.03772     
4090        	10          	4.83        	0.005551    	0.03693     	0.04064     
4095        	10          	4.772       	0.0003202   	0.04425     	0.04378     
4100        	10          	4.757       	0.004715    	0.04858     	0.04065     
4105        	10          	4.813       	0.006101    	0.04968     	0.04644     
4110        	10          	4.743       	0.005946    	0.04853     	0.04557     
4115        	10          	4.738       	0.00446     	0.04872     	0.05485     
4120        	10          	4.692       	0.004123    	0.0574      	0.05345     
4125        	10          	4.663       	0.003714    	0.05996     	0.05827     
4130        	10          	4.688       	0.004318    	0.06062     	0.06005     
4135        	10          	4.647       	0.003393    	0.06246     	0.06598     
4140        	10          	4.667       	0.00204     	0.06974     	0.06917     
4145        	10          	4.643       	0.004599    	0.07182     	0.07487     
4150        	10          	4.623       	0.006772    	0.07663     	0.07554     
4155        	10          	4.618       	0.005954    	0.07851     	0.07967     
4160        	10          	4.627       	0.00566     	0.08192     	0.08336     
4165        	10          	4.623       	0.004305    	0.08757     	0.08733     
4170        	10          	4.588       	0.003602    	0.08844     	0.0866      
4175        	10          	4.592       	0.004341    	0.0919      	0.09371     
4180        	10          	4.615       	0.005226    	0.09587     	0.09405     
4185        	10          	4.557       	0.004122    	0.09503     	0.09586     
4190        	10          	4.575       	0.005701    	0.0944      	0.0998      
4195        	10          	4.592       	0.005547    	0.1026      	0.09788     
4200        	10          	4.552       	0.004932    	0.1192      	0.1111      
4205        	10          	4.543       	0.004772    	0.1099      	0.1146      
4210        	10          	4.52        	0.003858    	0.1079      	0.1106      
4215        	10          	4.505       	0.003155    	0.1108      	0.1102      
4220        	10          	4.5         	0.004503    	0.1145      	0.1166      
4225        	10          	4.523       	0.00437     	0.1191      	0.1172      
4230        	10          	4.485       	0.004056    	0.1121      	0.1151      
4235        	10          	4.49        	0.005382    	0.1144      	0.126       
4240        	10          	4.482       	0.004256    	0.1196      	0.1202      
4245        	10          	4.523       	0.004275    	0.1223      	0.1267      
4250        	10          	4.483       	0.003474    	0.1233      	0.1235      
4255        	10          	4.512       	0.004167    	0.1274      	0.1196      
4260        	10          	4.48        	0.003946    	0.1271      	0.1232      
4265        	10          	4.428       	0.003776    	0.1327      	0.1338      
4270        	10          	4.418       	0.004943    	0.1291      	0.1355      
4275        	10          	4.448       	0.0079      	0.1325      	0.1354      
4280        	10          	4.402       	0.004324    	0.1347      	0.1315      
4285        	10          	4.437       	0.005272    	0.1353      	0.1346      
4290        	10          	4.428       	0.004575    	0.1385      	0.1353      
4295        	10          	4.443       	0.003139    	0.142       	0.1383      
4300        	10          	4.417       	0.005151    	0.1448      	0.1452      
4305        	10          	4.43        	0.005082    	0.1459      	0.1476      
4310        	10          	4.427       	0.00532     	0.1431      	0.1433      
4315        	10          	4.412       	0.008042    	0.1436      	0.1465      
4320        	10          	4.358       	0.005606    	0.1474      	0.1511      
4325        	10          	4.35        	0.005266    	0.1589      	0.1549      
4330        	10          	4.368       	0.003296    	0.1538      	0.1553      
4335        	10          	4.407       	0.004331    	0.1538      	0.1598      
4340        	10          	4.355       	0.002046    	0.1595      	0.1579      
4345        	10          	4.377       	0.006589    	0.1682      	0.1581      
4350        	10          	4.347       	0.005716    	0.1644      	0.1652      
4355        	10          	4.345       	0.002527    	0.1599      	0.1529      
4360        	10          	4.348       	0.003475    	0.1636      	0.1615      
4365        	10          	4.305       	0.004288    	0.1666      	0.1619      
4370        	10          	4.287       	0.00614     	0.1707      	0.1679      
4375        	10          	4.318       	0.004768    	0.1727      	0.175       
4380        	10          	4.308       	0.005262    	0.1709      	0.1763      
4385        	10          	4.285       	0.004379    	0.1774      	0.1776      
4390        	10          	4.295       	0.004991    	0.1765      	0.1744      
4395        	10          	4.313       	0.00549     	0.1845      	0.1807      
4400        	10          	4.275       	0.003883    	0.1787      	0.1774      
4405        	10          	4.303       	0.004261    	0.1799      	0.1738      
4410        	10          	4.293       	0.004245    	0.1804      	0.1712      
4415        	10          	4.265       	0.004323    	0.1917      	0.1871      
4420        	10          	4.302       	0.003699    	0.185       	0.1851      
4425        	10          	4.27        	0.008151    	0.1898      	0.1804      
4430        	10          	4.307       	0.004755    	0.1874      	0.1901      
4435        	10          	4.303       	0.003475    	0.1796      	0.1792      
4440        	10          	4.26        	0.006006    	0.1952      	0.1878      
4445        	10          	4.275       	0.003303    	0.1884      	0.1885      
4450        	10          	4.302       	0.003177    	0.1874      	0.1872      
4455        	10          	4.252       	0.007416    	0.2044      	0.1944      
4460        	10          	4.282       	0.003696    	0.1921      	0.1908      
4465        	10          	4.2         	0.003407    	0.1922      	0.1914      
4470        	10          	4.233       	0.00306     	0.1941      	0.1965      
4475        	10          	4.208       	0.004735    	0.1991      	0.1971      
4480        	10          	4.235       	0.005667    	0.2045      	0.199       
4485        	10          	4.227       	0.005677    	0.2067      	0.2035      
4490        	10          	4.253       	0.003581    	0.2099      	0.2066      
4495        	10          	4.252       	0.003779    	0.2071      	0.2049      
4500        	10          	4.228       	0.003708    	0.2049      	0.2031      
4505        	10          	4.242       	0.004524    	0.2135      	0.2131      
4510        	10          	4.218       	0.004202    	0.2141      	0.2112      
4515        	10          	4.222       	0.002387    	0.2091      	0.2102      
4520        	10          	4.177       	0.00458     	0.2186      	0.2156      
4525        	10          	4.22        	0.003677    	0.2172      	0.2129      
4530        	10          	4.233       	0.006589    	0.219       	0.2193      
4535        	10          	4.242       	0.005632    	0.2218      	0.2166      
4540        	10          	4.16        	0.006881    	0.2294      	0.2249      
4545        	10          	4.167       	0.002765    	0.2275      	0.226       
4550        	10          	4.188       	0.00422     	0.2285      	0.2261      
4555        	10          	4.192       	0.00292     	0.2281      	0.2218      
4560        	10          	4.232       	0.004416    	0.2242      	0.2259      
4565        	10          	4.205       	0.0046      	0.2249      	0.2218      
4570        	10          	4.208       	0.004523    	0.2297      	0.2324      
4575        	10          	4.182       	0.005415    	0.2311      	0.2277      
4580        	10          	4.175       	0.005134    	0.2365      	0.2394      
4585        	10          	4.208       	0.002111    	0.2402      	0.2439      
4590        	10          	4.185       	0.006074    	0.2325      	0.246       
4595        	10          	4.143       	0.005054    	0.2415      	0.2395      
4600        	10          	4.203       	0.003761    	0.2437      	0.2493      
4605        	10          	4.145       	0.007107    	0.2441      	0.247       
4610        	10          	4.125       	0.004728    	0.248       	0.2418      
4615        	10          	4.15        	0.003046    	0.2483      	0.2543      
4620        	10          	4.145       	0.002923    	0.2445      	0.2499      
4625        	10          	4.123       	0.002906    	0.2503      	0.2543      
4630        	10          	4.13        	0.004898    	0.2451      	0.2597      
4635        	10          	4.088       	0.004086    	0.2473      	0.2524      
4640        	10          	4.088       	0.002278    	0.2476      	0.2504      
4645        	10          	4.07        	0.003399    	0.257       	0.2579      
4650        	10          	4.07        	0.005214    	0.2495      	0.2548      
4655        	10          	4.08        	0.002955    	0.2497      	0.2535      
4660        	10          	4.057       	0.008003    	0.2602      	0.2611      
4665        	10          	4.093       	0.005508    	0.263       	0.2533      
4670        	10          	4.098       	0.003162    	0.2608      	0.2648      
4675        	10          	4.078       	0.007981    	0.2625      	0.2632      
4680        	10          	4.107       	0.004913    	0.2572      	0.2624      
4685        	10          	4.105       	0.007075    	0.2671      	0.2691      
4690        	10          	4.073       	0.003684    	0.2743      	0.2692      
4695        	10          	4.09        	0.004317    	0.2735      	0.2692      
4700        	10          	4.063       	0.002836    	0.271       	0.2764      
4705        	10          	4.06        	0.004031    	0.2709      	0.2756      
4710        	10          	4.137       	0.006204    	0.2729      	0.2666      
4715        	10          	4.093       	0.003989    	0.2758      	0.2679      
4720        	10          	4.04        	0.0028      	0.2664      	0.278       
4725        	10          	4.048       	0.003509    	0.2702      	0.2741      
4730        	10          	4.063       	0.002739    	0.2799      	0.2797      
4735        	10          	4.07        	0.003087    	0.2737      	0.2707      
4740        	10          	4.01        	0.00408     	0.2882      	0.2769      
4745        	10          	4.042       	0.004485    	0.2793      	0.2739      
4750        	10          	4.008       	0.006857    	0.2887      	0.2826      
4755        	10          	4.032       	0.006022    	0.2914      	0.2865      
4760        	10          	3.993       	0.003428    	0.2847      	0.2813      
4765        	10          	4.032       	0.004205    	0.2976      	0.2973      
4770        	10          	4.045       	0.004133    	0.2893      	0.2911      
4775        	10          	4.045       	0.004408    	0.2866      	0.2858      
4780        	10          	4.02        	0.005319    	0.2785      	0.2843      
4785        	10          	4.005       	0.004572    	0.2829      	0.2844      
4790        	10          	4.008       	0.00397     	0.2848      	0.2897      
4795        	10          	4.055       	0.002551    	0.2882      	0.2903      
4800        	10          	4.013       	0.002372    	0.2851      	0.2808      
4805        	10          	4.022       	0.005181    	0.2913      	0.2966      
4810        	10          	4.017       	0.004959    	0.2882      	0.2956      
4815        	10          	4.01        	0.004893    	0.2965      	0.2934      
4820        	10          	3.98        	0.005156    	0.3064      	0.2955      
4825        	10          	4.013       	0.005079    	0.293       	0.2936      
4830        	10          	3.958       	0.004616    	0.2993      	0.2977      
4835        	10          	3.96        	0.004395    	0.302       	0.2996      
4840        	10          	3.973       	0.003114    	0.3031      	0.2978      
4845        	10          	3.947       	0.00511     	0.295       	0.2931      
4850        	10          	4.007       	0.004541    	0.3007      	0.302       
4855        	10          	3.978       	0.002851    	0.2949      	0.2995      
4860        	10          	3.997       	0.004654    	0.3038      	0.3026      
4865        	10          	3.933       	0.005339    	0.304       	0.3049      
4870        	10          	3.972       	0.004565    	0.3022      	0.302       
4875        	10          	3.95        	0.005307    	0.3064      	0.2959      
4880        	10          	3.943       	0.003032    	0.3014      	0.2964      
4885        	10          	3.95        	0.004644    	0.3051      	0.3019      
4890        	10          	3.963       	0.004001    	0.3002      	0.3042      
4895        	10          	3.972       	0.003292    	0.3063      	0.3039      
4900        	10          	3.922       	0.002572    	0.3058      	0.3123      
4905        	10          	3.937       	0.004528    	0.297       	0.3004      
4910        	10          	3.958       	0.003667    	0.3066      	0.3102      
4915        	10          	3.957       	0.006214    	0.3105      	0.3104      
4920        	10          	3.917       	0.004772    	0.3177      	0.3115      
4925        	10          	3.95        	0.003439    	0.3128      	0.3094      
4930        	10          	3.948       	0.002073    	0.3094      	0.3115      
4935        	10          	3.937       	0.002025    	0.3116      	0.307       
4940        	10          	3.938       	0.005172    	0.3099      	0.3085      
4945        	10          	3.878       	0.004385    	0.3198      	0.3144      
4950        	10          	3.917       	0.003138    	0.3087      	0.3151      
4955        	10          	3.888       	0.001773    	0.314       	0.3135      
4960        	10          	3.853       	0.004894    	0.3198      	0.317       
4965        	10          	3.905       	0.006028    	0.3171      	0.3165      
4970        	10          	3.9         	0.004514    	0.3221      	0.3202      
4975        	10          	3.863       	0.003558    	0.3236      	0.3266      
4980        	10          	3.833       	0.005168    	0.3289      	0.322       
4985        	10          	3.827       	0.005562    	0.3295      	0.3285      
4990        	10          	3.878       	0.00517     	0.3279      	0.3276      
4995        	10          	3.86        	0.003984    	0.3291      	0.3242      
5000        	10          	3.842       	0.003958    	0.3335      	0.331       
