generation  	alive.rpl   	n.adlt.rs   	n.adlt.fst.wc_p1-2	n.adlt.fst.wc_p1-3	n.adlt.fst.wc_p2-3
5           	10          	0.02396     	5.674e-06   	3.4e-06     	7.504e-06   
10          	10          	0.01819     	5.183e-06   	4.327e-06   	3.862e-06   
15          	10          	0.0134      	7.995e-06   	1.297e-05   	4.508e-06   
20          	10          	0.03708     	1.305e-05   	1.535e-05   	1.158e-05   
25          	10          	0.05906     	7.307e-06   	1.127e-05   	1.024e-05   
30          	10          	0.1234      	3.113e-05   	3.698e-05   	9.032e-06   
35          	10          	0.08108     	2.617e-05   	4.211e-05   	1.939e-05   
40          	10          	0.06736     	2.144e-05   	2.957e-05   	1.259e-05   
45          	10          	0.04975     	1.825e-05   	4.077e-05   	4.525e-05   
50          	10          	0.03234     	3.142e-05   	5.07e-05    	4.321e-05   
55          	10          	0.02477     	2.153e-05   	2.052e-05   	3.615e-05   
60          	10          	0.1219      	3.525e-05   	3.646e-05   	3.741e-05   
65          	10          	0.05491     	5.09e-05    	5.402e-05   	1.776e-05   
70          	10          	0.07418     	3.027e-05   	4.543e-05   	4.189e-05   
75          	10          	0.1263      	4.509e-05   	7.83e-05    	2.145e-05   
80          	10          	0.06134     	9.808e-06   	0.0001023   	2.739e-05   
85          	10          	0.1135      	2.131e-05   	6.813e-05   	3.626e-05   
90          	10          	0.1166      	6.816e-05   	9.288e-05   	2.889e-05   
95          	10          	0.05961     	3.162e-05   	4.545e-05   	4.103e-05   
100         	10          	0.09493     	2.437e-05   	5.101e-05   	6.082e-05   
105         	10          	0.08734     	3.128e-05   	2.247e-05   	2.252e-05   
110         	10          	0.08945     	6.175e-05   	6.75e-05    	6.987e-05   
115         	10          	0.04196     	9.928e-05   	5.271e-05   	2.635e-05   
120         	10          	0.04212     	6.395e-05   	7.106e-05   	7.38e-05    
125         	10          	0.02496     	7.611e-05   	1.482e-05   	2.358e-05   
130         	10          	0.03225     	4.92e-05    	4.959e-05   	4.879e-05   
135         	10          	0.03925     	6.199e-05   	1.305e-05   	4.121e-05   
140         	10          	0.01268     	4.201e-05   	4.575e-05   	4.87e-05    
145         	10          	0.05817     	2.205e-05   	4.505e-05   	4.217e-05   
150         	10          	0.06116     	3.153e-05   	3.795e-05   	1.654e-05   
155         	10          	0.07145     	3.532e-05   	4.273e-05   	4.054e-05   
160         	10          	0.0319      	7.729e-05   	6.091e-05   	5.444e-05   
165         	10          	0.05854     	5.814e-05   	8.438e-05   	4.373e-05   
170         	10          	0.04214     	6.953e-05   	4.198e-05   	2.533e-05   
175         	10          	0.02921     	8.552e-05   	0.000108    	3.504e-05   
180         	10          	0.02414     	3.073e-05   	5.856e-05   	5.637e-05   
185         	10          	0.01596     	1.254e-05   	6.26e-05    	7.097e-05   
190         	10          	0.04793     	5.001e-05   	8.502e-05   	1.699e-05   
195         	10          	0.02483     	9.022e-06   	8.499e-05   	2.474e-05   
200         	10          	0.02538     	2.548e-05   	5.978e-05   	2.302e-05   
205         	10          	0.02711     	6.052e-05   	6.85e-05    	3.826e-05   
210         	10          	0.03707     	5.611e-05   	8.251e-05   	3.353e-05   
215         	10          	0.04058     	4.274e-05   	8.124e-05   	5.051e-05   
220         	10          	0.02096     	2.806e-05   	6.34e-05    	4.131e-05   
225         	10          	0.0579      	4.339e-05   	0.0001389   	5.67e-05    
230         	10          	0.0614      	3.3e-05     	7.869e-05   	2.613e-05   
235         	10          	0.0578      	0.0001031   	0.000157    	5.326e-05   
240         	10          	0.07801     	5.627e-05   	0.0001872   	4.031e-05   
245         	10          	0.06204     	8.352e-05   	0.0001029   	3.406e-05   
250         	10          	0.06439     	6.19e-05    	7.199e-05   	6.116e-05   
255         	10          	0.101       	5.144e-05   	0.0001076   	0.0001066   
260         	10          	0.08204     	8.184e-05   	0.0001091   	5.293e-05   
265         	10          	0.06757     	2.099e-05   	0.0001467   	6.024e-05   
270         	10          	0.06275     	4.125e-05   	9.809e-05   	5.879e-05   
275         	10          	0.04599     	6.541e-05   	0.000112    	6.095e-05   
280         	10          	0.1016      	4.975e-05   	0.0001088   	6.283e-05   
285         	10          	0.05667     	6.126e-05   	0.0001014   	5.146e-05   
290         	10          	0.09728     	0.0001246   	0.0001838   	6.435e-05   
295         	10          	0.09357     	9.433e-05   	0.0001324   	5.541e-05   
300         	10          	0.09088     	9.624e-05   	0.0001239   	5.306e-05   
305         	10          	0.08646     	6.811e-05   	8.306e-05   	8.262e-05   
310         	10          	0.07816     	3.409e-05   	0.0001015   	4.579e-05   
315         	10          	0.06599     	4.566e-05   	0.0001313   	0.0001149   
320         	10          	0.07189     	7.112e-05   	0.0002084   	7.253e-05   
325         	10          	0.06239     	8.051e-05   	0.0001579   	5.249e-05   
330         	10          	0.06775     	0.0001092   	0.0001783   	4.186e-05   
335         	10          	0.0674      	9.571e-05   	0.0001844   	5.411e-05   
340         	10          	0.06691     	3.798e-05   	0.0001012   	3.63e-05    
345         	10          	0.08119     	5.029e-05   	9.379e-05   	5.911e-05   
350         	10          	0.0825      	3.71e-05    	7.66e-05    	5.116e-05   
355         	10          	0.1026      	7.302e-05   	0.000268    	0.0001272   
360         	10          	0.1064      	4.873e-05   	9.287e-05   	9.868e-05   
365         	10          	0.09917     	7.794e-05   	0.0002132   	0.0001057   
370         	10          	0.1299      	9.996e-05   	0.000201    	6.962e-05   
375         	10          	0.1039      	5.587e-05   	9.6e-05     	6.412e-05   
380         	10          	0.1171      	6.102e-05   	0.0001236   	8.053e-05   
385         	10          	0.08824     	6.164e-05   	0.0001595   	8.323e-05   
390         	10          	0.1314      	4.62e-05    	5.513e-05   	2.832e-05   
395         	10          	0.1212      	6.963e-05   	6.965e-05   	2.876e-05   
400         	10          	0.1161      	0.0001304   	8.756e-05   	2.506e-05   
405         	10          	0.1282      	4.909e-05   	0.0001314   	3.563e-05   
410         	10          	0.1641      	6.372e-05   	6.674e-05   	5.736e-05   
415         	10          	0.1607      	0.0001366   	0.0001948   	8.257e-05   
420         	10          	0.1541      	0.0001232   	0.000176    	5.537e-05   
425         	10          	0.1415      	5.309e-05   	0.0001452   	7.053e-05   
430         	10          	0.09982     	3.74e-05    	0.0001693   	3.362e-05   
435         	10          	0.1135      	6.532e-05   	0.0001133   	1.51e-05    
440         	10          	0.156       	9.023e-05   	0.000141    	8.554e-05   
445         	10          	0.1686      	3.096e-05   	4.63e-05    	3.733e-05   
450         	10          	0.2068      	0.0001312   	0.0002513   	2.765e-05   
455         	10          	0.1303      	0.0001348   	0.0002725   	4.944e-05   
460         	10          	0.144       	9.542e-05   	0.000282    	8.442e-05   
465         	10          	0.1377      	0.0001796   	0.0002068   	8.739e-05   
470         	10          	0.1438      	7.723e-05   	0.000142    	7.101e-05   
475         	10          	0.1077      	0.0001112   	0.0001981   	2.657e-05   
480         	10          	0.1063      	6.434e-05   	0.0001511   	4.383e-05   
485         	10          	0.1198      	4.646e-05   	0.0001057   	1.904e-05   
490         	10          	0.1432      	8.439e-05   	9.592e-05   	5.358e-05   
495         	10          	0.1294      	3.053e-05   	0.0001243   	3.05e-05    
500         	10          	0.1086      	3.73e-05    	0.0001066   	5.092e-05   
505         	10          	0.1004      	4.098e-05   	0.0001153   	5.928e-05   
510         	10          	0.1045      	0.0001479   	0.0001563   	9.088e-05   
515         	10          	0.09667     	3.139e-05   	0.0001703   	0.0001545   
520         	10          	0.1325      	7.988e-05   	0.0002029   	6.867e-05   
525         	10          	0.137       	7.166e-05   	0.0001405   	0.0001065   
530         	10          	0.09499     	6.977e-06   	0.0001092   	9.648e-05   
535         	10          	0.08767     	6.929e-05   	6.11e-05    	7.443e-05   
540         	10          	0.1026      	9.99e-05    	0.0001141   	7.751e-05   
545         	10          	0.08796     	0.0001014   	0.0002288   	7.41e-05    
550         	10          	0.1413      	0.0001072   	8.185e-05   	3.173e-05   
555         	10          	0.1117      	9.727e-05   	7.473e-05   	3.823e-05   
560         	10          	0.1083      	5.23e-05    	0.0001998   	4.693e-05   
565         	10          	0.08362     	0.0001131   	0.0002228   	5.5e-05     
570         	10          	0.1138      	0.0001196   	0.0002264   	7.909e-05   
575         	10          	0.06693     	7.974e-05   	8.641e-05   	5.897e-05   
580         	10          	0.06334     	9.946e-05   	0.0001506   	4.043e-05   
585         	10          	0.05396     	9.112e-05   	0.0001098   	4.563e-05   
590         	10          	0.03954     	8.196e-05   	0.0002105   	8.871e-05   
595         	10          	0.06666     	3.903e-05   	0.0001222   	6.289e-05   
600         	10          	0.0609      	0.0001047   	0.0002285   	0.0001786   
605         	10          	0.04224     	8.203e-05   	0.0001101   	8.705e-05   
610         	10          	0.03232     	4.253e-05   	0.0002054   	0.0001514   
615         	10          	0.04057     	6.525e-05   	0.0003579   	5.793e-05   
620         	10          	0.07927     	9.506e-05   	0.0001829   	2.773e-05   
625         	10          	0.07406     	9e-05       	0.000143    	5.753e-05   
630         	10          	0.07551     	7.852e-05   	0.0001338   	0.0001012   
635         	10          	0.08934     	7.119e-05   	0.0001145   	5.089e-05   
640         	10          	0.06649     	3.37e-05    	7.711e-05   	5.247e-05   
645         	10          	0.09939     	6.022e-05   	3.936e-05   	5.537e-05   
650         	10          	0.05754     	3.128e-05   	0.0002082   	5.34e-05    
655         	10          	0.07301     	4.093e-05   	0.0002084   	5.031e-05   
660         	10          	0.06071     	5.374e-05   	0.0001285   	6.924e-05   
665         	10          	0.07025     	7.17e-05    	0.0001758   	9.147e-05   
670         	10          	0.08989     	0.0002076   	0.0003104   	7.852e-05   
675         	10          	0.07034     	9.931e-05   	9.08e-05    	0.0001112   
680         	10          	0.08707     	0.0001532   	0.0001387   	4.795e-05   
685         	10          	0.1033      	0.0001511   	0.0002297   	0.0001029   
690         	10          	0.1099      	7.599e-05   	0.0001242   	3.324e-05   
695         	10          	0.09341     	8.521e-05   	0.0001034   	7.863e-05   
700         	10          	0.1417      	0.0002289   	0.000305    	5.489e-05   
705         	10          	0.1093      	7.908e-05   	0.0001302   	7.414e-05   
710         	10          	0.1387      	5.809e-05   	0.000104    	8.305e-05   
715         	10          	0.1185      	0.0001267   	6.681e-05   	4.245e-05   
720         	10          	0.1141      	9.355e-05   	6.752e-05   	1.667e-05   
725         	10          	0.08906     	0.0001073   	0.0001261   	2.137e-05   
730         	10          	0.08779     	0.0001      	0.0002074   	4.215e-05   
735         	10          	0.08979     	5.961e-05   	0.0001509   	0.0001104   
740         	10          	0.0671      	0.0001395   	0.0001823   	3.423e-05   
745         	10          	0.07769     	0.0001011   	0.0002454   	0.000104    
750         	10          	0.07536     	5.469e-05   	0.000108    	0.0001898   
755         	10          	0.0608      	5.959e-05   	0.0005016   	5.091e-05   
760         	10          	0.06993     	7.744e-05   	0.0002061   	4.671e-05   
765         	10          	0.06925     	4.098e-05   	0.0001051   	6.77e-05    
770         	10          	0.06201     	5.287e-05   	0.000136    	5.123e-05   
775         	10          	0.08317     	5.945e-05   	0.0002435   	4.524e-05   
780         	10          	0.08125     	0.0001067   	0.0002248   	0.0001293   
785         	10          	0.07388     	0.0001142   	0.0002734   	0.0001444   
790         	10          	0.08941     	7.418e-05   	0.0001234   	8.641e-05   
795         	10          	0.05654     	0.0001277   	0.0002068   	8.793e-05   
800         	10          	0.0613      	8.29e-05    	0.0001205   	9.669e-05   
805         	10          	0.0571      	5.805e-05   	0.0006482   	0.0001289   
810         	10          	0.07656     	6.862e-05   	8.18e-05    	7.075e-05   
815         	10          	0.06173     	6.766e-05   	7.574e-05   	0.0001099   
820         	10          	0.08612     	0.0001548   	0.0003267   	9.773e-05   
825         	10          	0.06834     	5.449e-05   	5.426e-05   	7.543e-05   
830         	10          	0.1002      	4.252e-05   	0.0001351   	7.173e-05   
835         	10          	0.08929     	3.83e-05    	0.0001704   	0.000141    
840         	10          	0.1079      	6.809e-05   	0.0001104   	0.000128    
845         	10          	0.09468     	0.000206    	0.0001325   	0.0002369   
850         	10          	0.08094     	0.0001762   	0.000201    	0.0001545   
855         	10          	0.06267     	8.476e-05   	0.000199    	4.219e-05   
860         	10          	0.04778     	6.602e-05   	0.0001769   	2.805e-05   
865         	10          	0.05307     	8.475e-05   	0.0001139   	5.891e-05   
870         	10          	0.04601     	6.522e-05   	0.0001787   	3.338e-05   
875         	10          	0.05628     	0.0001501   	0.0002507   	2.237e-05   
880         	10          	0.07423     	8.156e-05   	5.404e-05   	6.944e-05   
885         	10          	0.06004     	5.926e-05   	0.0001343   	0.0002507   
890         	10          	0.04846     	8.467e-05   	7.68e-05    	4.528e-05   
895         	10          	0.1058      	2.493e-05   	8.165e-05   	2.33e-05    
900         	10          	0.0603      	0.0001045   	0.0001819   	7.427e-05   
905         	10          	0.07391     	9.744e-05   	6.285e-05   	4.481e-05   
910         	10          	0.04667     	9.467e-05   	9.697e-05   	4.038e-05   
915         	10          	0.07766     	4.643e-05   	7.502e-05   	5.052e-05   
920         	10          	0.07627     	9.818e-05   	0.0001436   	7.175e-05   
925         	10          	0.08443     	0.0001424   	0.0001397   	8.047e-05   
930         	10          	0.0706      	7.294e-05   	6.111e-05   	7.396e-05   
935         	10          	0.1024      	7.099e-05   	0.0001329   	6.118e-05   
940         	10          	0.09701     	0.0001563   	0.0004046   	6.101e-05   
945         	10          	0.1257      	4.915e-05   	0.0003784   	7.02e-05    
950         	10          	0.1028      	0.0001729   	0.000239    	9.129e-05   
955         	10          	0.1025      	8.535e-05   	0.0002323   	7.73e-05    
960         	10          	0.09364     	8.248e-05   	0.0006514   	0.0001483   
965         	10          	0.09961     	8.752e-05   	0.0001832   	3.554e-05   
970         	10          	0.07958     	0.0001591   	0.0005572   	0.000112    
975         	10          	0.06975     	0.0001132   	0.0003506   	9.038e-05   
980         	10          	0.06817     	3.554e-05   	0.0004176   	0.0001474   
985         	10          	0.06119     	0.0001079   	0.0003271   	7.477e-05   
990         	10          	0.06221     	4.486e-05   	0.0002487   	5.711e-05   
995         	10          	0.05212     	8.655e-05   	0.000151    	7.228e-05   
1000        	10          	0.0584      	7.244e-05   	0.000262    	0.0001247   
1005        	10          	0.07756     	0.0001076   	0.0001627   	0.0001307   
1010        	10          	0.06806     	6.644e-05   	0.0002774   	8.452e-05   
1015        	10          	0.05784     	0.0001748   	0.0001419   	7.398e-05   
1020        	10          	0.06023     	9.136e-05   	0.0004182   	7.768e-05   
1025        	10          	0.039       	6.043e-05   	0.0003441   	9.03e-05    
1030        	10          	0.08411     	6.008e-05   	0.0001611   	0.0001245   
1035        	10          	0.05588     	0.0001616   	0.0005217   	9.683e-05   
1040        	10          	0.06511     	0.0001099   	0.0002542   	5.005e-05   
1045        	10          	0.05556     	9.79e-05    	0.0002856   	0.0001152   
1050        	10          	0.06373     	0.0001602   	0.0001677   	8.783e-05   
1055        	10          	0.08046     	0.00018     	0.0002062   	6.997e-05   
1060        	10          	0.06243     	0.00012     	0.0002609   	0.0001042   
1065        	10          	0.05929     	0.0001667   	0.0002438   	5.33e-05    
1070        	10          	0.08366     	0.0001102   	0.000135    	6.356e-05   
1075        	10          	0.06475     	5.329e-05   	0.0001958   	7.524e-05   
1080        	10          	0.08551     	9.287e-05   	0.0002576   	0.0001558   
1085        	10          	0.065       	6.304e-05   	0.0001941   	0.000183    
1090        	10          	0.08141     	9.586e-05   	0.0001329   	8.046e-05   
1095        	10          	0.07291     	8.9e-05     	0.0001829   	0.0001226   
1100        	10          	0.05918     	8.113e-05   	0.0001931   	7.652e-05   
1105        	10          	0.07477     	9.672e-05   	0.0002396   	0.0001596   
1110        	10          	0.05979     	9.349e-05   	0.0001083   	0.0001038   
1115        	10          	0.04407     	0.000112    	0.0001206   	3.676e-05   
1120        	10          	0.05071     	4.9e-05     	0.0004228   	0.0001905   
1125        	10          	0.0603      	0.0001165   	8.204e-05   	0.0001055   
1130        	10          	0.05389     	7.571e-05   	7.66e-05    	2.258e-05   
1135        	10          	0.06771     	7.345e-05   	8.587e-05   	4.8e-05     
1140        	10          	0.07068     	6.057e-05   	0.0002775   	0.0001475   
1145        	10          	0.05862     	7.719e-05   	0.0004318   	0.0001069   
1150        	10          	0.08372     	7.081e-05   	0.0005322   	0.0001403   
1155        	10          	0.07461     	0.0001113   	0.0002292   	6.856e-05   
1160        	10          	0.05863     	0.0001254   	0.0001471   	4.788e-05   
1165        	10          	0.07357     	4.701e-05   	0.0001351   	1.545e-05   
1170        	10          	0.05784     	0.0001628   	0.0002094   	0.0001031   
1175        	10          	0.06422     	5.443e-05   	0.0002429   	8.074e-05   
1180        	10          	0.06795     	9.449e-05   	0.0002587   	0.0001044   
1185        	10          	0.09717     	4.497e-05   	0.0002077   	0.0001051   
1190        	10          	0.09821     	9.59e-05    	0.0002834   	0.0001238   
1195        	10          	0.1257      	7.831e-05   	0.0002873   	0.0001725   
1200        	10          	0.08602     	0.000164    	0.0003791   	4.716e-05   
1205        	10          	0.08851     	0.000128    	0.0001573   	5.545e-05   
1210        	10          	0.1056      	0.0001745   	7.073e-05   	6.314e-05   
1215        	10          	0.08914     	4.992e-05   	0.0002507   	5.081e-05   
1220        	10          	0.09829     	5.447e-05   	0.0001698   	0.0001761   
1225        	10          	0.06768     	0.0001707   	0.0002735   	8.076e-05   
1230        	10          	0.07957     	0.0001262   	0.0004249   	8.4e-05     
1235        	10          	0.06884     	0.0001084   	0.0003307   	9.076e-05   
1240        	10          	0.08701     	3.998e-05   	0.0002481   	0.0001213   
1245        	10          	0.06056     	0.0001072   	0.0003486   	3.682e-05   
1250        	10          	0.08486     	0.0001735   	0.0003557   	0.0001278   
1255        	10          	0.06029     	4.279e-05   	0.000373    	8.417e-05   
1260        	10          	0.08346     	5.496e-05   	0.0002419   	0.0001305   
1265        	10          	0.05832     	0.0001054   	0.0005959   	0.0002139   
1270        	10          	0.07651     	8.793e-05   	0.0003648   	0.0002175   
1275        	10          	0.07779     	8.917e-05   	0.0006082   	0.0001998   
1280        	10          	0.09143     	2.006e-05   	0.0002356   	0.0001892   
1285        	10          	0.09823     	8.464e-05   	0.0003737   	0.0001038   
1290        	10          	0.08864     	5.611e-05   	0.0001368   	0.0001711   
1295        	10          	0.1131      	0.0001255   	0.0002047   	0.0001226   
1300        	10          	0.09512     	4.706e-05   	0.0002779   	0.0002866   
1305        	10          	0.1273      	0.0001151   	0.0001028   	0.0001636   
1310        	10          	0.1146      	0.0001198   	0.0002877   	0.0003323   
1315        	10          	0.1385      	9.841e-05   	0.0001893   	0.0001715   
1320        	10          	0.1087      	0.0001293   	0.0001772   	5.088e-05   
1325        	10          	0.08622     	7.528e-05   	0.0001617   	3.108e-05   
1330        	10          	0.1177      	0.0001478   	0.000387    	0.0001009   
1335        	10          	0.1195      	0.0001301   	0.0001796   	4.121e-05   
1340        	10          	0.1265      	9.412e-05   	0.0001658   	6.447e-05   
1345        	10          	0.07458     	0.0001419   	0.0001585   	7.33e-05    
1350        	10          	0.1194      	4.428e-05   	0.0001523   	6.694e-05   
1355        	10          	0.07629     	6.06e-05    	0.0001468   	6.961e-05   
1360        	10          	0.111       	7.855e-05   	6.139e-05   	2.266e-05   
1365        	10          	0.1185      	0.0001468   	0.0001817   	6.396e-05   
1370        	10          	0.1112      	9.156e-05   	0.0002491   	0.0001011   
1375        	10          	0.1055      	6.735e-05   	0.0001709   	0.0001167   
1380        	10          	0.1123      	0.0001548   	0.0004375   	0.0001445   
1385        	10          	0.1098      	0.0001184   	0.0003853   	0.0001425   
1390        	10          	0.1306      	9.823e-05   	0.0001953   	0.0001513   
1395        	10          	0.13        	5.64e-05    	0.000394    	0.0001697   
1400        	10          	0.119       	7.436e-05   	0.0002624   	9.708e-05   
1405        	10          	0.1217      	0.0001433   	0.0001845   	0.0001273   
1410        	10          	0.1297      	0.0001468   	0.0001512   	5.765e-05   
1415        	10          	0.1225      	0.0001229   	9.946e-05   	0.0001113   
1420        	10          	0.1014      	4.304e-05   	0.0001599   	6.397e-05   
1425        	10          	0.1346      	7.347e-05   	0.000111    	3.605e-05   
1430        	10          	0.1165      	7.8e-05     	6.791e-05   	7.369e-05   
1435        	10          	0.1272      	0.0001992   	0.0002858   	4.736e-05   
1440        	10          	0.1193      	3.99e-05    	0.0002129   	4.136e-05   
1445        	10          	0.09941     	5.78e-05    	0.0001542   	0.0001094   
1450        	10          	0.1146      	5.708e-05   	0.000202    	0.0001154   
1455        	10          	0.1266      	0.0001071   	0.0001118   	0.0001275   
1460        	10          	0.112       	0.0001242   	0.0001255   	6.823e-05   
1465        	10          	0.1243      	0.0001025   	0.0002218   	8.736e-05   
1470        	10          	0.1152      	3.831e-05   	0.0002837   	8.195e-05   
1475        	10          	0.1632      	7.645e-05   	0.0001446   	0.0001563   
1480        	10          	0.1369      	7.811e-05   	0.0001071   	8.217e-05   
1485        	10          	0.1463      	0.0001352   	0.0002136   	9.693e-05   
1490        	10          	0.1604      	0.0001125   	0.000266    	7.958e-05   
1495        	10          	0.1995      	0.0001624   	0.0001663   	0.0001039   
1500        	10          	0.1958      	7.072e-05   	0.0004061   	0.0001063   
1505        	10          	0.1685      	3.539e-05   	0.0004889   	0.0002127   
1510        	10          	0.1787      	0.0001517   	0.0004594   	0.0001558   
1515        	10          	0.1527      	0.0002228   	0.0003399   	0.0001033   
1520        	10          	0.1673      	0.0001354   	0.0006948   	8.532e-05   
1525        	10          	0.1455      	8.879e-05   	0.0002839   	9.755e-05   
1530        	10          	0.13        	8.374e-05   	0.000263    	5.772e-05   
1535        	10          	0.1232      	0.0002319   	0.0002773   	0.000175    
1540        	10          	0.1175      	9.191e-05   	0.0002199   	8.867e-05   
1545        	10          	0.1671      	7.845e-05   	3.468e-05   	7.357e-05   
1550        	10          	0.135       	7.269e-05   	0.0001183   	2.734e-05   
1555        	10          	0.1388      	5.265e-05   	0.0002761   	0.0001149   
1560        	10          	0.1295      	6.809e-05   	9.714e-05   	8.742e-05   
1565        	10          	0.1107      	7.531e-05   	0.0001118   	7.664e-05   
1570        	10          	0.1447      	5.591e-05   	0.0001752   	9.083e-05   
1575        	10          	0.1487      	0.0001113   	0.0002492   	7.183e-05   
1580        	10          	0.1099      	0.0001556   	6.337e-05   	0.0001212   
1585        	10          	0.1615      	0.000214    	0.000381    	8.127e-05   
1590        	10          	0.1719      	0.0003277   	0.0001954   	7.965e-05   
1595        	10          	0.1682      	0.0001855   	0.0003404   	0.0001047   
1600        	10          	0.1571      	3.707e-05   	0.0003862   	9.024e-05   
1605        	10          	0.1411      	4.808e-05   	0.0001446   	0.0001168   
1610        	10          	0.121       	6.413e-05   	0.0001374   	0.0001676   
1615        	10          	0.1511      	9.739e-05   	0.0001838   	0.0001971   
1620        	10          	0.1391      	0.0001684   	0.0002175   	9.607e-05   
1625        	10          	0.146       	3.076e-05   	4.094e-05   	5.395e-05   
1630        	10          	0.1434      	0.0001352   	0.0001406   	0.0001418   
1635        	10          	0.1296      	9.542e-05   	0.0002285   	7.134e-05   
1640        	10          	0.1227      	4.47e-05    	7.219e-05   	0.0001203   
1645        	10          	0.1188      	0.0001204   	0.0001102   	4.996e-05   
1650        	10          	0.1143      	3.894e-05   	0.0002225   	0.0001292   
1655        	10          	0.106       	9.064e-05   	0.000308    	4.86e-05    
1660        	10          	0.09507     	0.0001097   	0.0002274   	4.828e-05   
1665        	10          	0.09343     	0.0001192   	0.000499    	0.0002058   
1670        	10          	0.1089      	3.024e-05   	0.0004621   	0.0002576   
1675        	10          	0.09123     	6.077e-05   	0.0002663   	0.0001235   
1680        	10          	0.09968     	5.783e-05   	0.0003248   	0.0001506   
1685        	10          	0.1232      	0.0001285   	0.0002564   	0.0001315   
1690        	10          	0.09384     	9.516e-05   	0.0001308   	9.44e-05    
1695        	10          	0.1147      	0.0001015   	0.0002519   	8.604e-05   
1700        	10          	0.1027      	5.508e-05   	0.0001958   	9.046e-05   
1705        	10          	0.08211     	9.711e-05   	0.0001809   	0.0001887   
1710        	10          	0.1059      	2.614e-05   	0.000222    	0.0001342   
1715        	10          	0.08689     	0.0001215   	0.0004663   	0.0002741   
1720        	10          	0.09767     	0.0001183   	0.0001454   	0.0001696   
1725        	10          	0.1108      	5.58e-05    	0.0001783   	0.0001262   
1730        	10          	0.1098      	0.0001387   	0.0002738   	8.61e-05    
1735        	10          	0.1057      	4.039e-05   	0.0001103   	7.682e-05   
1740        	10          	0.102       	5.445e-05   	0.0001714   	9.823e-05   
1745        	10          	0.1004      	7.958e-05   	0.000136    	9.941e-05   
1750        	10          	0.1194      	9.282e-05   	0.0002693   	5.225e-05   
1755        	10          	0.1349      	6.118e-05   	0.0003031   	0.0001389   
1760        	10          	0.1398      	0.0001246   	0.0002816   	7.828e-05   
1765        	10          	0.1052      	8.607e-05   	9.339e-05   	5.147e-05   
1770        	10          	0.1219      	4.519e-05   	9.788e-05   	7.635e-05   
1775        	10          	0.1286      	0.0001657   	0.0002017   	6.74e-05    
1780        	10          	0.1189      	0.0001237   	0.0001381   	0.0001177   
1785        	10          	0.1085      	8.88e-05    	0.0002554   	0.0001787   
1790        	10          	0.1077      	9.747e-05   	0.0001668   	0.000166    
1795        	10          	0.08839     	7.131e-05   	3.091e-05   	0.0001316   
1800        	10          	0.1048      	8.493e-05   	0.0002313   	6.912e-05   
1805        	10          	0.08536     	8.101e-05   	0.0001193   	8.558e-05   
1810        	10          	0.1091      	0.0001226   	0.0002073   	6.548e-05   
1815        	10          	0.08229     	5.416e-05   	0.0003128   	4.96e-05    
1820        	10          	0.08601     	3.82e-05    	0.0001776   	0.0002763   
1825        	10          	0.09767     	6.261e-05   	0.0002656   	9.493e-05   
1830        	10          	0.0724      	0.0001314   	0.0002937   	6.799e-05   
1835        	10          	0.06204     	9.175e-05   	0.0003433   	0.0002316   
1840        	10          	0.07712     	6.391e-05   	0.0002724   	4.27e-05    
1845        	10          	0.04334     	0.0001746   	0.0003804   	7.051e-05   
1850        	10          	0.04106     	1.762e-05   	0.0004031   	0.0001163   
1855        	10          	0.06136     	0.0001169   	0.000241    	4.201e-05   
1860        	10          	0.06643     	0.0001165   	0.0002616   	6.117e-05   
1865        	10          	0.04979     	0.0001505   	0.0002812   	0.0001584   
1870        	10          	0.06278     	0.0001738   	0.0001859   	8.49e-05    
1875        	10          	0.05062     	9.994e-05   	0.0005158   	6.382e-05   
1880        	10          	0.07119     	0.0001045   	0.000305    	9.127e-05   
1885        	10          	0.06354     	0.0001978   	0.0007894   	0.000189    
1890        	10          	0.0523      	0.0001755   	0.0003372   	0.0001112   
1895        	10          	0.05249     	0.0001948   	0.0005789   	0.0003367   
1900        	10          	0.05052     	0.0001377   	0.0006628   	0.0001853   
1905        	10          	0.05385     	5.781e-05   	0.0005661   	0.0001964   
1910        	10          	0.05295     	0.0001155   	0.0006196   	0.0001076   
1915        	10          	0.05228     	0.0001366   	0.0001582   	5.476e-05   
1920        	10          	0.06873     	9.215e-05   	0.0001299   	5.81e-05    
1925        	10          	0.04367     	5.012e-05   	0.0001212   	4.508e-05   
1930        	10          	0.05667     	0.0001037   	0.0001656   	5.607e-05   
1935        	10          	0.05453     	0.0001326   	0.00061     	0.0001169   
1940        	10          	0.08014     	0.000174    	0.0001381   	7.237e-05   
1945        	10          	0.05684     	0.0001402   	0.000469    	0.0002115   
1950        	10          	0.08156     	3.721e-05   	0.0001708   	0.0001581   
1955        	10          	0.06404     	0.0001074   	0.0002511   	0.0001014   
1960        	10          	0.06868     	0.0001295   	0.000392    	0.0001282   
1965        	10          	0.07078     	0.0001062   	0.0006894   	0.0002407   
1970        	10          	0.07257     	7.979e-05   	0.0002849   	7.568e-05   
1975        	10          	0.07812     	8.924e-05   	0.0002058   	7.699e-05   
1980        	10          	0.05964     	0.0001312   	0.0001805   	0.0001467   
1985        	10          	0.07414     	8.435e-05   	0.0002178   	0.0001116   
1990        	10          	0.08208     	4.237e-05   	7.812e-05   	4.8e-05     
1995        	10          	0.06864     	6.434e-05   	6.33e-05    	5.052e-05   
2000        	10          	0.06623     	0.0001099   	0.0002188   	0.000105    
2005        	10          	0.06208     	0.0001208   	0.0001677   	0.0001121   
2010        	10          	0.07273     	0.0001206   	0.0001553   	3.273e-05   
2015        	10          	0.05173     	0.0002022   	0.0003392   	0.000327    
2020        	10          	0.0581      	6.865e-05   	0.0002045   	0.000116    
2025        	10          	0.05058     	0.0001101   	0.0003174   	4.584e-05   
2030        	10          	0.04079     	7.864e-05   	0.0005726   	0.0001495   
2035        	10          	0.04641     	0.000121    	5.778e-05   	9.534e-05   
2040        	10          	0.06686     	9.609e-05   	4.94e-05    	0.0001516   
2045        	10          	0.07907     	8.841e-05   	0.0001116   	0.000105    
2050        	10          	0.06493     	0.000163    	0.0002051   	5.504e-05   
2055        	10          	0.07078     	0.0001589   	0.0002917   	7.994e-05   
2060        	10          	0.06786     	0.0001128   	0.0001065   	9.771e-05   
2065        	10          	0.07416     	9.888e-05   	0.0002266   	0.0001152   
2070        	10          	0.07746     	0.000142    	0.0003126   	0.0002109   
2075        	10          	0.06478     	0.000152    	0.0002552   	0.0001854   
2080        	10          	0.06743     	0.0001061   	0.0003686   	0.0001711   
2085        	10          	0.06573     	6.411e-05   	0.0001657   	8.771e-05   
2090        	10          	0.08791     	8.023e-05   	0.00042     	0.0001968   
2095        	10          	0.1091      	2.733e-05   	0.0001055   	8.403e-05   
2100        	10          	0.09372     	3.702e-05   	0.0002644   	0.0002064   
2105        	10          	0.09406     	7.008e-05   	0.0001994   	9.787e-05   
2110        	10          	0.08222     	0.0001576   	0.0003218   	0.0001411   
2115        	10          	0.08766     	8.369e-05   	0.0002998   	6.502e-05   
2120        	10          	0.07736     	0.0002102   	0.0003044   	0.0001328   
2125        	10          	0.07618     	8.642e-05   	0.0001132   	0.0002411   
2130        	10          	0.07846     	7.759e-05   	0.0002491   	0.000172    
2135        	10          	0.07589     	4.707e-05   	0.000126    	0.000202    
2140        	10          	0.06558     	5.279e-05   	0.0002412   	9.829e-05   
2145        	10          	0.08004     	7.536e-05   	0.0004234   	0.0001114   
2150        	10          	0.06868     	4.323e-05   	0.0001568   	0.0001148   
2155        	10          	0.0625      	0.0001387   	0.0002882   	3.393e-05   
2160        	10          	0.04791     	0.0001537   	0.0002551   	2.966e-05   
2165        	10          	0.05866     	2.085e-05   	0.000225    	5.724e-05   
2170        	10          	0.067       	0.0001599   	0.0003601   	0.0001063   
2175        	10          	0.05629     	7.404e-05   	0.0004097   	0.0001245   
2180        	10          	0.04746     	0.0001416   	0.0003683   	0.0001497   
2185        	10          	0.04839     	0.0001758   	0.0002142   	0.000153    
2190        	10          	0.04516     	8.113e-05   	0.0001614   	0.000174    
2195        	10          	0.03617     	7.652e-05   	0.0001611   	6.752e-05   
2200        	10          	0.03973     	0.0001914   	0.000241    	8.55e-05    
2205        	10          	0.04012     	3.756e-05   	0.0001663   	6.693e-05   
2210        	10          	0.04079     	3.432e-05   	0.0001164   	6.559e-05   
2215        	10          	0.03936     	7.687e-05   	0.0003998   	0.0001792   
2220        	10          	0.03995     	5.886e-05   	0.0005678   	3.048e-05   
2225        	10          	0.05538     	6.019e-05   	0.0004025   	7.978e-05   
2230        	10          	0.05546     	0.0001613   	0.0004354   	0.0001106   
2235        	10          	0.04982     	0.0004355   	0.0006199   	0.0001054   
2240        	10          	0.03489     	0.0001842   	0.0002266   	9.231e-05   
2245        	10          	0.03435     	0.0002214   	0.0001521   	0.0001027   
2250        	10          	0.03861     	8.187e-05   	0.000105    	8.509e-05   
2255        	10          	0.04011     	6.728e-05   	0.0001366   	0.0001499   
2260        	10          	0.05866     	0.000136    	0.0001503   	6.893e-05   
2265        	10          	0.05719     	0.0001551   	0.0002003   	0.0002576   
2270        	10          	0.05862     	0.0001995   	0.0002919   	9.635e-05   
2275        	10          	0.05502     	0.0001396   	0.0003545   	0.0001098   
2280        	10          	0.05317     	0.000137    	0.0004412   	0.0001313   
2285        	10          	0.07651     	6.692e-05   	0.0002117   	9.997e-05   
2290        	10          	0.04797     	8.384e-05   	0.000289    	8.493e-05   
2295        	10          	0.06946     	0.00013     	0.0003064   	4.427e-05   
2300        	10          	0.06597     	5.522e-05   	0.0001548   	0.0001101   
2305        	10          	0.04341     	0.0001072   	0.0002779   	0.0002214   
2310        	10          	0.0475      	0.0003671   	0.000404    	3.345e-05   
2315        	10          	0.04452     	0.0001656   	0.0003241   	3.76e-05    
2320        	10          	0.05351     	0.0002629   	0.0004086   	3.792e-05   
2325        	10          	0.06161     	0.0001482   	0.0002234   	5.785e-05   
2330        	10          	0.04327     	0.0002263   	0.0004574   	8.078e-05   
2335        	10          	0.03057     	7.396e-05   	0.0001674   	8.716e-05   
2340        	10          	0.04043     	0.0001577   	0.0001602   	9.325e-05   
2345        	10          	0.02983     	0.0001617   	0.000105    	9.834e-05   
2350        	10          	0.03323     	0.0001742   	0.0001221   	9.416e-05   
2355        	10          	0.03958     	8.939e-05   	0.0001347   	0.0001662   
2360        	10          	0.05132     	7.055e-05   	9.165e-05   	8.469e-05   
2365        	10          	0.03144     	9.911e-05   	0.000314    	5.56e-05    
2370        	10          	0.03007     	7.964e-05   	0.0002859   	3.323e-05   
2375        	10          	0.02923     	0.0001916   	0.0003207   	3.681e-05   
2380        	10          	0.03336     	0.0001388   	0.0004772   	0.0001765   
2385        	10          	0.03008     	0.0001155   	0.0003328   	8.859e-05   
2390        	10          	0.03238     	0.0001386   	0.0002103   	0.0001364   
2395        	10          	0.04061     	0.0001107   	9.267e-05   	0.0001446   
2400        	10          	0.04919     	0.0001138   	0.0003574   	8.421e-05   
2405        	10          	0.04045     	0.0001144   	0.0001788   	0.000127    
2410        	10          	0.0595      	0.0001576   	0.0002983   	0.0001551   
2415        	10          	0.05757     	6.955e-05   	0.0003972   	0.0002525   
2420        	10          	0.02997     	0.0001323   	0.0002759   	0.0001023   
2425        	10          	0.0486      	0.0001175   	0.0003626   	5.568e-05   
2430        	10          	0.05182     	5.095e-05   	0.0002954   	9.418e-05   
2435        	10          	0.05328     	4.004e-05   	0.0004663   	0.0001107   
2440        	10          	0.05941     	5.279e-05   	0.0004263   	0.000128    
2445        	10          	0.05008     	8.048e-05   	0.000478    	0.0002518   
2450        	10          	0.04649     	5.212e-05   	0.0003195   	0.000132    
2455        	10          	0.04247     	5.577e-05   	0.0003707   	0.0001095   
2460        	10          	0.07417     	0.000122    	0.0001753   	8.718e-05   
2465        	10          	0.05873     	4.588e-05   	0.0001977   	0.0001648   
2470        	10          	0.08864     	6.679e-05   	0.000315    	0.0001005   
2475        	10          	0.0511      	0.0001363   	0.0003159   	8.25e-05    
2480        	10          	0.04921     	0.0001022   	0.000315    	0.0001016   
2485        	10          	0.06832     	0.0001586   	0.0003345   	0.000106    
2490        	10          	0.0544      	0.0001018   	0.0002197   	9.157e-05   
2495        	10          	0.04173     	0.0002596   	0.0002809   	5.091e-05   
2500        	10          	0.04504     	7.51e-05    	0.0001492   	6.674e-05   
2505        	10          	0.03891     	4.815e-05   	0.0001539   	7.601e-05   
2510        	10          	0.0646      	0.000142    	0.000149    	5.479e-05   
2515        	10          	0.04377     	5.242e-05   	0.0001743   	0.0001952   
2520        	10          	0.03379     	0.0001492   	0.0001354   	0.0001671   
2525        	10          	0.03718     	3.798e-05   	0.0002329   	0.0002026   
2530        	10          	0.04232     	4.633e-05   	0.0003146   	0.0003579   
2535        	10          	0.03928     	0.0001571   	0.0002467   	9.505e-05   
2540        	10          	0.03817     	5.514e-05   	0.0002261   	0.0003236   
2545        	10          	0.03212     	9.301e-05   	0.0002784   	7.981e-05   
2550        	10          	0.03951     	9.052e-05   	0.0003228   	4.9e-05     
2555        	10          	0.03356     	0.0001305   	0.0005007   	0.0001246   
2560        	10          	0.0415      	0.0001811   	0.0003131   	0.0001145   
2565        	10          	0.04135     	0.0003976   	0.000258    	3.811e-05   
2570        	10          	0.04212     	0.0001809   	0.0004802   	0.0001787   
2575        	10          	0.03611     	0.0002849   	0.000447    	0.0002397   
2580        	10          	0.03443     	6.481e-05   	0.0002673   	5.982e-05   
2585        	10          	0.03325     	9.379e-05   	0.000215    	0.0001471   
2590        	10          	0.03074     	0.0001422   	0.0002718   	0.0001222   
2595        	10          	0.03495     	0.0003491   	0.0004758   	5.669e-05   
2600        	10          	0.03779     	0.000229    	0.0003672   	0.0001595   
2605        	10          	0.02796     	0.0001954   	0.0004298   	0.0001194   
2610        	10          	0.02193     	4.053e-05   	0.0001668   	5.99e-05    
2615        	10          	0.02799     	0.0003693   	0.0004408   	0.0001996   
2620        	10          	0.02625     	0.0001844   	0.0003872   	0.0001309   
2625        	10          	0.0263      	4.8e-05     	0.0001151   	0.0002066   
2630        	10          	0.03212     	6.218e-05   	0.0002752   	0.0002707   
2635        	10          	0.04134     	4.366e-05   	0.0002134   	7.183e-05   
2640        	10          	0.0526      	0.0001521   	0.0002223   	8.671e-05   
2645        	10          	0.0646      	8.045e-05   	0.0002697   	0.000156    
2650        	10          	0.0524      	0.0001162   	0.0002029   	0.0001172   
2655        	10          	0.05097     	7.731e-05   	0.000143    	8.325e-05   
2660        	10          	0.05418     	0.0001474   	0.0002151   	0.0001535   
2665        	10          	0.06246     	7.695e-05   	0.0003021   	9.596e-05   
2670        	10          	0.04567     	9.397e-05   	0.0001404   	8.286e-05   
2675        	10          	0.05378     	9.848e-05   	0.0001958   	0.0002064   
2680        	10          	0.04134     	0.000129    	0.0002044   	0.00016     
2685        	10          	0.04934     	0.0001809   	0.0002312   	0.0001401   
2690        	10          	0.04064     	0.0001583   	0.0002374   	9.415e-05   
2695        	10          	0.02834     	0.0001523   	0.0002421   	0.0001788   
2700        	10          	0.03279     	7.374e-05   	0.0003502   	4.62e-05    
2705        	10          	0.02411     	0.0001751   	0.0004322   	5.916e-05   
2710        	10          	0.02593     	0.0001041   	0.0005883   	5.493e-05   
2715        	10          	0.0273      	0.0001523   	0.0005302   	8.576e-05   
2720        	10          	0.04106     	2.777e-05   	0.0003594   	0.0001074   
2725        	10          	0.04849     	0.000123    	0.0003593   	4.094e-05   
2730        	10          	0.03208     	9.705e-05   	0.0002324   	0.0001069   
2735        	10          	0.0345      	4.295e-05   	0.0001665   	4.208e-05   
2740        	10          	0.05213     	8.559e-05   	0.0001087   	8.809e-05   
2745        	10          	0.02778     	0.0002805   	0.0002846   	0.0001377   
2750        	10          	0.03846     	8.37e-05    	0.0003727   	8.229e-05   
2755        	10          	0.02949     	0.0001889   	0.0002237   	6.277e-05   
2760        	10          	0.05171     	0.0001368   	0.0003641   	5.866e-05   
2765        	10          	0.05        	0.0002457   	0.0003264   	9.89e-05    
2770        	10          	0.05029     	0.0001317   	0.0001745   	7.987e-05   
2775        	10          	0.05057     	0.0002008   	0.0004075   	7.047e-05   
2780        	10          	0.03519     	0.0001111   	0.0002039   	1.983e-05   
2785        	10          	0.03717     	6.732e-05   	0.0003114   	0.0001168   
2790        	10          	0.03201     	0.0001857   	0.0002767   	0.0001637   
2795        	10          	0.02629     	8.39e-05    	0.0003724   	7.536e-05   
2800        	10          	0.03284     	0.000167    	0.0006841   	0.0001001   
2805        	10          	0.04883     	7.43e-05    	0.0003272   	7.432e-05   
2810        	10          	0.04154     	7.761e-05   	0.0002219   	0.0001277   
2815        	10          	0.03495     	0.0001105   	0.0002119   	8.025e-05   
2820        	10          	0.03718     	6.362e-05   	9.001e-05   	0.0002023   
2825        	10          	0.04396     	4.296e-05   	0.0001788   	0.0001281   
2830        	10          	0.02868     	0.0001254   	0.0002452   	3.898e-05   
2835        	10          	0.03817     	0.0001708   	0.0003116   	7.28e-05    
2840        	10          	0.02951     	0.000145    	0.0003682   	0.0002192   
2845        	10          	0.03277     	0.0002269   	0.0003797   	0.0001039   
2850        	10          	0.03822     	0.000153    	0.0003443   	9.833e-05   
2855        	10          	0.03461     	0.0001617   	0.0005649   	7.577e-05   
2860        	10          	0.03496     	0.0003106   	0.0005923   	0.0001107   
2865        	10          	0.04614     	6.78e-05    	0.000225    	5.604e-05   
2870        	10          	0.03569     	6.671e-05   	0.0002463   	0.0002016   
2875        	10          	0.02512     	0.0001256   	0.0003361   	9.479e-05   
2880        	10          	0.04227     	4.472e-05   	0.0006134   	0.0001906   
2885        	10          	0.02636     	0.0002008   	0.000299    	3.528e-05   
2890        	10          	0.05341     	0.0001443   	0.0002539   	9.213e-05   
2895        	10          	0.03671     	7.948e-05   	0.0001615   	8.428e-05   
2900        	10          	0.03067     	0.0001619   	0.0002626   	9.897e-05   
2905        	10          	0.02967     	6.943e-05   	0.0002231   	0.000112    
2910        	10          	0.03516     	0.0001452   	0.0002036   	0.0001339   
2915        	10          	0.03257     	0.0001059   	0.0003276   	0.0001075   
2920        	10          	0.03103     	0.0001248   	0.0004071   	0.0002118   
2925        	10          	0.03227     	0.0001818   	0.0003645   	0.0001784   
2930        	10          	0.03607     	6.264e-05   	0.0002573   	0.0002569   
2935        	10          	0.04804     	0.0001604   	0.0003821   	6.324e-05   
2940        	10          	0.0373      	9.951e-05   	0.0004177   	9.917e-05   
2945        	10          	0.02634     	0.0001156   	0.0003356   	0.0001375   
2950        	10          	0.02816     	3.66e-05    	0.0004014   	0.0001444   
2955        	10          	0.03591     	2.237e-05   	0.0002706   	0.0001258   
2960        	10          	0.03871     	0.0001343   	0.0002357   	5.522e-05   
2965        	10          	0.0388      	0.0001352   	0.0002305   	4.154e-05   
2970        	10          	0.02834     	0.0003415   	0.0002482   	7.09e-05    
2975        	10          	0.03704     	5.988e-05   	0.0002464   	0.0001755   
2980        	10          	0.03235     	0.0002216   	0.0001675   	0.0001824   
2985        	10          	0.02939     	0.0001232   	0.0001497   	0.0001154   
2990        	10          	0.02391     	6.754e-05   	0.0001299   	0.0001153   
2995        	10          	0.02647     	7.303e-05   	0.0003394   	9.438e-05   
3000        	10          	0.0345      	0.0002344   	0.0005008   	0.0001233   
3005        	10          	0.02412     	4.519e-05   	0.0003865   	0.0001065   
3010        	10          	0.02578     	5.819e-05   	0.0002233   	0.0001759   
3015        	10          	0.03082     	0.000218    	0.0004521   	0.0002388   
3020        	10          	0.03382     	0.0001559   	0.0001627   	8.432e-05   
3025        	10          	0.03261     	0.0002119   	0.0001369   	5.757e-05   
3030        	10          	0.05168     	6.973e-05   	0.0001487   	4.257e-05   
3035        	10          	0.04582     	0.0001776   	0.0005258   	7.97e-05    
3040        	10          	0.04103     	0.0001557   	7.579e-05   	5.723e-05   
3045        	10          	0.04384     	0.0001501   	0.0002816   	0.0001042   
3050        	10          	0.0418      	9.634e-05   	0.0003424   	0.0001363   
3055        	10          	0.05711     	0.0002221   	0.0005089   	5.965e-05   
3060        	10          	0.06017     	9.752e-05   	0.0002795   	0.0001314   
3065        	10          	0.05399     	0.0001619   	0.0001895   	0.0001727   
3070        	10          	0.03834     	5.328e-05   	0.0002375   	0.000123    
3075        	10          	0.04418     	0.0002207   	0.0001921   	0.0001186   
3080        	10          	0.04549     	0.0001464   	0.0001437   	0.0001203   
3085        	10          	0.04556     	0.0001756   	0.0004149   	9.668e-05   
3090        	10          	0.03867     	0.0001065   	0.0001414   	7.094e-05   
3095        	10          	0.03956     	0.00013     	0.0006665   	0.0001844   
3100        	10          	0.04988     	0.0001044   	0.0004466   	0.0001354   
3105        	10          	0.0478      	0.000178    	0.0002259   	6.418e-05   
3110        	10          	0.0309      	0.0001243   	0.0004713   	0.0001682   
3115        	10          	0.03632     	4.718e-05   	0.0001313   	0.0001574   
3120        	10          	0.04108     	0.000132    	0.0004901   	0.0001421   
3125        	10          	0.04851     	0.0001242   	0.0004199   	0.0001971   
3130        	10          	0.04428     	6.06e-05    	0.0001872   	9.303e-05   
3135        	10          	0.03572     	0.0002331   	0.000445    	0.0001934   
3140        	10          	0.0435      	8.108e-05   	0.0002807   	0.0001985   
3145        	10          	0.02695     	0.0001056   	0.0002447   	0.0001392   
3150        	10          	0.03036     	0.0001322   	0.0002982   	0.0001003   
3155        	10          	0.02734     	4.159e-05   	0.0002399   	0.0001754   
3160        	10          	0.02533     	0.0001207   	0.0001405   	5.916e-05   
3165        	10          	0.03356     	0.0001054   	0.0002296   	0.0001342   
3170        	10          	0.02912     	9.509e-05   	0.0002018   	0.0002103   
3175        	10          	0.04773     	3.362e-05   	0.000108    	2.836e-05   
3180        	10          	0.028       	8.922e-05   	0.0001233   	7.266e-05   
3185        	10          	0.02246     	6.069e-05   	0.000173    	0.0001157   
3190        	10          	0.03234     	9.45e-05    	0.0003104   	0.0001216   
3195        	10          	0.02471     	0.0001507   	0.0001958   	9.847e-05   
3200        	10          	0.02801     	0.0003166   	0.0003098   	9.928e-05   
3205        	10          	0.02894     	0.0001023   	0.0002717   	0.0001091   
3210        	10          	0.02016     	0.0001987   	0.0007501   	0.0001145   
3215        	10          	0.0316      	7.41e-05    	0.0005352   	0.0002015   
3220        	10          	0.02078     	0.0001207   	0.0003066   	0.0002329   
3225        	10          	0.03641     	4.548e-05   	0.0004387   	0.0001849   
3230        	10          	0.02346     	7.389e-05   	0.0006215   	0.0002064   
3235        	10          	0.02724     	9.356e-05   	0.0002828   	0.000189    
3240        	10          	0.03797     	9.119e-05   	0.0002455   	0.0001397   
3245        	10          	0.03882     	0.0001429   	0.0001702   	4.515e-05   
3250        	10          	0.06496     	0.0001751   	0.0004138   	8.996e-05   
3255        	10          	0.04893     	0.0001376   	0.0001405   	0.0001639   
3260        	10          	0.03        	7.263e-05   	5.677e-05   	0.0001254   
3265        	10          	0.04817     	0.0001453   	0.0001263   	0.0001647   
3270        	10          	0.05484     	0.0002326   	0.0001229   	0.0001274   
3275        	10          	0.03972     	8.161e-05   	0.0002697   	5.979e-05   
3280        	10          	0.05522     	0.000108    	0.0003001   	0.0001201   
3285        	10          	0.04618     	0.0001577   	0.0001195   	4.475e-05   
3290        	10          	0.04195     	0.0001037   	0.0003036   	5.686e-05   
3295        	10          	0.05228     	0.0001442   	0.0002682   	0.0002195   
3300        	10          	0.06794     	0.0001884   	0.0003174   	6.028e-05   
3305        	10          	0.06685     	0.0001595   	0.0002007   	0.0001077   
3310        	10          	0.0576      	0.0001266   	0.0001884   	0.0001139   
3315        	10          	0.06318     	0.0002107   	0.0001499   	0.000296    
3320        	10          	0.0615      	0.0001151   	0.0001004   	8.739e-05   
3325        	10          	0.04078     	5.422e-05   	0.0001815   	0.0001201   
3330        	10          	0.052       	0.0002146   	0.0003499   	6.726e-05   
3335        	10          	0.04597     	6.187e-05   	0.0003822   	0.0001441   
3340        	10          	0.04139     	7.561e-05   	0.0001536   	0.0001187   
3345        	10          	0.03991     	9.163e-05   	0.0002912   	6.687e-05   
3350        	10          	0.04078     	0.0002946   	0.0003343   	0.0001638   
3355        	10          	0.048       	0.0001306   	0.0003696   	0.0001799   
3360        	10          	0.03025     	9.083e-05   	0.0004065   	0.000183    
3365        	10          	0.05228     	0.0001631   	0.000618    	0.000411    
3370        	10          	0.04362     	0.0001139   	0.0004682   	0.0001023   
3375        	10          	0.03975     	0.0001189   	0.000363    	0.0001634   
3380        	10          	0.03799     	9.837e-05   	0.0002364   	0.0001444   
3385        	10          	0.03095     	0.0001481   	0.0004767   	5.788e-05   
3390        	10          	0.03638     	0.0001008   	0.0002466   	0.0001773   
3395        	10          	0.0441      	0.0001928   	0.0003434   	0.000117    
3400        	10          	0.05291     	6.932e-05   	4.681e-05   	0.0003357   
3405        	10          	0.05591     	6.605e-05   	0.0004029   	8.928e-05   
3410        	10          	0.04619     	0.0003947   	0.0004108   	0.0001467   
3415        	10          	0.04701     	6.073e-05   	0.0001979   	0.000204    
3420        	10          	0.0518      	7.736e-05   	0.0002587   	0.0001792   
3425        	10          	0.06796     	0.0001453   	0.0003077   	0.0001591   
3430        	10          	0.05289     	0.0001085   	0.00033     	0.0001509   
3435        	10          	0.03014     	7.894e-05   	0.0001027   	0.0001747   
3440        	10          	0.04084     	4.2e-05     	0.0005327   	6.381e-05   
3445        	10          	0.03988     	9.792e-05   	0.00037     	7.174e-05   
3450        	10          	0.05301     	3.719e-05   	0.0002873   	7.687e-05   
3455        	10          	0.06224     	0.0001153   	0.0001816   	3.047e-05   
3460        	10          	0.05696     	9.499e-05   	0.000255    	8.654e-05   
3465        	10          	0.05464     	8.744e-05   	0.0004979   	7.334e-05   
3470        	10          	0.04702     	0.0002554   	0.0003292   	0.0002835   
3475        	10          	0.05356     	0.0002879   	0.0004997   	0.0001497   
3480        	10          	0.05682     	0.0003052   	0.0003004   	0.0001125   
3485        	10          	0.04957     	0.0001714   	0.0005567   	7.835e-05   
3490        	10          	0.05917     	0.0002232   	0.0007447   	5.186e-05   
3495        	10          	0.0618      	0.0001757   	0.0007787   	4.648e-05   
3500        	10          	0.05407     	0.000224    	0.0004276   	6.096e-05   
3505        	10          	0.05456     	0.0001318   	0.0004976   	0.0001502   
3510        	10          	0.0599      	0.0001296   	0.0003954   	0.0001179   
3515        	10          	0.0741      	0.00016     	0.0005895   	0.0002101   
3520        	10          	0.05        	0.0001719   	0.0005913   	0.0001622   
3525        	10          	0.04718     	7.831e-05   	0.0003664   	0.0002085   
3530        	10          	0.05549     	0.000101    	0.0005157   	0.0002034   
3535        	10          	0.04434     	0.0002943   	0.0003581   	0.0001019   
3540        	10          	0.03593     	3.554e-05   	0.0004371   	0.0002495   
3545        	10          	0.04662     	0.0001312   	0.0003405   	4.094e-05   
3550        	10          	0.05919     	0.0001385   	0.0006202   	0.0002779   
3555        	10          	0.03608     	0.0001137   	0.0003962   	0.0001169   
3560        	10          	0.0384      	8.121e-05   	0.0003487   	0.0001212   
3565        	10          	0.0354      	9.495e-05   	0.000594    	0.0001093   
3570        	10          	0.03218     	0.0002006   	0.0003315   	0.0002236   
3575        	10          	0.03872     	0.0001497   	0.0002853   	0.0002372   
3580        	10          	0.04706     	0.0001197   	0.000314    	0.0001062   
3585        	10          	0.04036     	0.0001183   	0.0003152   	0.0002009   
3590        	10          	0.03282     	7.46e-05    	0.0003531   	9.842e-05   
3595        	10          	0.03185     	4.977e-05   	0.0002931   	0.00014     
3600        	10          	0.02877     	2.584e-05   	0.0002967   	8.337e-05   
3605        	10          	0.04043     	5.548e-05   	0.0003071   	0.0001165   
3610        	10          	0.03158     	0.0001269   	0.0002125   	6.869e-05   
3615        	10          	0.04306     	5.674e-05   	0.0001444   	0.0001046   
3620        	10          	0.03778     	8.055e-05   	0.0003377   	0.0001545   
3625        	10          	0.02161     	0.000191    	0.000219    	0.0001163   
3630        	10          	0.04256     	0.0001506   	0.0003114   	9.267e-05   
3635        	10          	0.0518      	0.0001467   	0.0001479   	5.181e-05   
3640        	10          	0.04807     	0.0002469   	0.0001867   	0.0001157   
3645        	10          	0.06561     	3.607e-05   	9.92e-05    	6.774e-05   
3650        	10          	0.06293     	8.257e-05   	0.0001432   	5.261e-05   
3655        	10          	0.05418     	0.0002185   	0.0001318   	0.0001148   
3660        	10          	0.05945     	5.995e-05   	8.888e-05   	0.0001054   
3665        	10          	0.05189     	0.0001978   	0.0001116   	0.0001226   
3670        	10          	0.069       	0.0001643   	0.000164    	2.759e-05   
3675        	10          	0.05419     	8.162e-05   	0.0001685   	0.0001033   
3680        	10          	0.04599     	0.0001093   	0.000215    	0.0001429   
3685        	10          	0.06512     	0.0001345   	0.0001588   	9.391e-05   
3690        	10          	0.08129     	8.417e-05   	0.0001426   	9.806e-05   
3695        	10          	0.0709      	7.514e-05   	0.0001655   	9.909e-05   
3700        	10          	0.05139     	0.000116    	0.0001862   	8.97e-05    
3705        	10          	0.05738     	0.0004032   	0.0004525   	9.079e-05   
3710        	10          	0.04656     	0.0001728   	0.001117    	0.0001446   
3715        	10          	0.04234     	9.385e-05   	0.0004322   	0.0001401   
3720        	10          	0.05984     	0.0001262   	0.0002462   	0.0001356   
3725        	10          	0.04158     	3.987e-05   	0.0003533   	6.298e-05   
3730        	10          	0.04256     	0.0001133   	0.0001251   	9.416e-05   
3735        	10          	0.04496     	0.0002766   	0.0002044   	0.0001847   
3740        	10          	0.03936     	0.0001989   	0.0001765   	0.0001794   
3745        	10          	0.04204     	0.0001405   	0.0002653   	0.0001648   
3750        	10          	0.04045     	7.565e-05   	0.0004652   	0.0001454   
3755        	10          	0.05146     	0.0001538   	0.0001912   	0.0001946   
3760        	10          	0.07806     	7.801e-05   	0.0001295   	0.0001195   
3765        	10          	0.06785     	8.053e-05   	0.000261    	0.0001859   
3770        	10          	0.08301     	9.398e-05   	0.0002445   	9.921e-05   
3775        	10          	0.07112     	7.566e-05   	0.0002572   	0.000127    
3780        	10          	0.05317     	5.458e-05   	0.0003414   	0.0001242   
3785        	10          	0.06811     	0.0001263   	0.0002551   	0.0002966   
3790        	10          	0.06253     	9.204e-05   	0.0001413   	7.143e-05   
3795        	10          	0.05049     	0.0002637   	0.0004966   	0.0001314   
3800        	10          	0.05523     	0.0001581   	0.000167    	0.0001485   
3805        	10          	0.03767     	0.0004115   	0.000186    	0.0002289   
3810        	10          	0.04807     	0.0002356   	0.0001699   	0.0001433   
3815        	10          	0.04121     	0.0001282   	0.0004338   	0.0001219   
3820        	10          	0.04728     	0.0001189   	0.0003256   	7.377e-05   
3825        	10          	0.04111     	8.068e-05   	9.189e-05   	0.0001822   
3830        	10          	0.04945     	0.0001411   	0.0003774   	0.0002819   
3835        	10          	0.04641     	0.0001716   	0.0003707   	0.0001137   
3840        	10          	0.03144     	0.0001884   	0.0005858   	3.622e-05   
3845        	10          	0.05285     	0.000121    	0.0001161   	0.0001407   
3850        	10          	0.03921     	0.0002553   	0.0003088   	0.0001718   
3855        	10          	0.05604     	6.659e-05   	0.0001851   	0.0001158   
3860        	10          	0.04625     	4.882e-05   	0.0001615   	7.066e-05   
3865        	10          	0.06352     	0.0002121   	0.0004883   	0.0002256   
3870        	10          	0.03851     	6.764e-05   	0.0001918   	0.0001524   
3875        	10          	0.06257     	5.467e-05   	0.0001995   	0.000194    
3880        	10          	0.06044     	0.0002259   	0.000182    	0.0001469   
3885        	10          	0.06754     	0.0001549   	0.000367    	0.0001785   
3890        	10          	0.05823     	0.0001054   	0.0002049   	0.000159    
3895        	10          	0.04825     	0.0001246   	0.0006329   	0.0002691   
3900        	10          	0.04768     	0.0002309   	0.0005554   	0.0002187   
3905        	10          	0.06793     	0.0001665   	0.0004727   	0.0002385   
3910        	10          	0.05089     	6.321e-05   	0.0002509   	0.0001314   
3915        	10          	0.05267     	3.214e-05   	0.0002738   	0.000235    
3920        	10          	0.04127     	6.996e-05   	0.0001843   	7.08e-05    
3925        	10          	0.04844     	0.0002056   	8.681e-05   	0.000123    
3930        	10          	0.05523     	0.0002627   	0.0004274   	0.0001119   
3935        	10          	0.04001     	9.015e-05   	0.0002196   	0.0001918   
3940        	10          	0.05567     	7.435e-05   	0.000272    	0.0001766   
3945        	10          	0.0595      	0.0002326   	0.0001714   	0.0001476   
3950        	10          	0.05564     	7.067e-05   	0.0002031   	0.0001477   
3955        	10          	0.0515      	0.0001318   	0.0002989   	0.0002126   
3960        	10          	0.04586     	0.0001376   	0.0001269   	0.0001001   
3965        	10          	0.04468     	0.0001042   	0.0001333   	4.783e-05   
3970        	10          	0.03319     	7.492e-05   	0.0001339   	8.013e-05   
3975        	10          	0.02401     	4.064e-05   	0.0001687   	9.29e-05    
3980        	10          	0.02672     	0.0001729   	0.0001709   	0.0001349   
3985        	10          	0.02117     	9.278e-05   	0.0001014   	8.192e-05   
3990        	10          	0.03291     	0.0001221   	0.0002982   	0.0001482   
3995        	10          	0.02467     	0.000111    	9.413e-05   	4.971e-05   
4000        	10          	0.01136     	0.0001177   	0.0002201   	0.0001492   
4005        	10          	0.02221     	0.0001156   	0.0005785   	4.183e-05   
4010        	10          	0.02217     	0.0001455   	0.0003286   	0.0001488   
4015        	10          	0.03507     	3.081e-05   	0.0002141   	0.0001422   
4020        	10          	0.02734     	0.0001246   	0.0006174   	0.0001986   
4025        	10          	0.05012     	0.0001098   	0.0002165   	0.0002012   
4030        	10          	0.0303      	8.978e-05   	0.0003525   	9.546e-05   
4035        	10          	0.02504     	0.0001044   	0.0004822   	0.0001684   
4040        	10          	0.03171     	1.641e-05   	0.000431    	0.0001991   
4045        	10          	0.03022     	0.0002244   	0.0002611   	0.0002735   
4050        	10          	0.03208     	0.0003212   	8.598e-05   	9.706e-05   
4055        	10          	0.01886     	8.29e-05    	0.0001945   	0.0001996   
4060        	10          	0.03516     	9.331e-05   	0.0002651   	0.0002985   
4065        	10          	0.02864     	4.992e-05   	7.77e-05    	0.000153    
4070        	10          	0.03318     	0.0001291   	0.0002594   	0.0002646   
4075        	10          	0.06163     	0.0002604   	0.000368    	0.0001768   
4080        	10          	0.04274     	0.0001509   	0.0002817   	0.0001597   
4085        	10          	0.05169     	0.0001775   	0.000135    	0.0001129   
4090        	10          	0.03673     	0.0001144   	0.0002067   	0.0001303   
4095        	10          	0.03868     	4.379e-05   	0.0002623   	0.0001267   
4100        	10          	0.02408     	0.0001208   	0.0005301   	0.0001274   
4105        	10          	0.03411     	0.0001006   	0.0002958   	0.0001118   
4110        	10          	0.04617     	5.811e-05   	0.0001979   	0.0001023   
4115        	10          	0.01867     	0.0002443   	0.0002324   	0.0001231   
4120        	10          	0.022       	0.0001896   	0.0002778   	0.0001669   
4125        	10          	0.02638     	5.089e-05   	0.0002202   	0.0001496   
4130        	10          	0.02914     	3.677e-05   	0.0001551   	3.963e-05   
4135        	10          	0.02429     	6.355e-05   	0.0002121   	0.000148    
4140        	10          	0.0325      	0.0001249   	0.0001336   	7.027e-05   
4145        	10          	0.01877     	2.679e-05   	0.0001538   	1.858e-05   
4150        	10          	0.02234     	4.732e-05   	0.000249    	8.493e-05   
4155        	10          	0.03018     	0.0001232   	0.0001703   	0.0001237   
4160        	10          	0.02634     	2.747e-05   	0.0001466   	0.0001395   
4165        	10          	0.03727     	7.705e-05   	0.0003763   	0.0002017   
4170        	10          	0.033       	0.0001617   	0.0002832   	3.384e-05   
4175        	10          	0.03194     	0.0002399   	0.0001765   	8.429e-05   
4180        	10          	0.0216      	0.0001069   	0.0001687   	0.0001321   
4185        	10          	0.02751     	0.0001196   	0.0002832   	6.625e-05   
4190        	10          	0.02764     	0.0001333   	0.0002517   	0.0001145   
4195        	10          	0.03425     	0.0002083   	0.0003983   	0.0001328   
4200        	10          	0.0329      	0.0001024   	0.0002102   	8.457e-05   
4205        	10          	0.03668     	5.381e-05   	0.0002197   	0.0002582   
4210        	10          	0.0325      	9.88e-05    	0.0004525   	0.0001238   
4215        	10          	0.02911     	3.737e-05   	0.0002493   	5.415e-05   
4220        	10          	0.03169     	0.0002142   	0.0007927   	0.0001318   
4225        	10          	0.03407     	0.000101    	0.0002601   	0.0001309   
4230        	10          	0.03597     	8.928e-05   	0.0003412   	0.0001894   
4235        	10          	0.03206     	8.991e-05   	0.0004731   	0.0001098   
4240        	10          	0.02893     	0.0001173   	0.0005159   	0.0002424   
4245        	10          	0.04499     	0.0001326   	0.0003528   	0.000129    
4250        	10          	0.04286     	0.0004083   	0.0005245   	0.0001622   
4255        	10          	0.05536     	4.66e-05    	0.0001312   	0.0001285   
4260        	10          	0.03134     	8.271e-05   	0.000217    	0.000213    
4265        	10          	0.04356     	4.981e-05   	0.0002451   	0.0001028   
4270        	10          	0.03991     	5.577e-05   	0.0002044   	0.0002989   
4275        	10          	0.0439      	9.045e-05   	0.0002209   	9.724e-05   
4280        	10          	0.0455      	0.0001356   	0.0003497   	6.141e-05   
4285        	10          	0.03657     	0.0001863   	0.0002549   	0.0001018   
4290        	10          	0.02628     	0.000118    	0.0002784   	8.238e-05   
4295        	10          	0.04388     	0.0002133   	0.0002577   	0.0001486   
4300        	10          	0.05858     	0.0002411   	0.00029     	0.0001456   
4305        	10          	0.05975     	8.895e-05   	0.0004151   	0.0001841   
4310        	10          	0.05986     	0.0002966   	0.0003089   	0.0001668   
4315        	10          	0.0515      	9.141e-05   	0.0001192   	9.509e-05   
4320        	10          	0.03899     	0.0001563   	0.0002524   	0.0001372   
4325        	10          	0.04778     	0.0001337   	0.0002132   	3.531e-05   
4330        	10          	0.0635      	5.949e-05   	0.0004337   	0.0001878   
4335        	10          	0.06062     	0.0001234   	0.0003463   	0.0001442   
4340        	10          	0.03796     	0.000187    	0.0001058   	0.0001076   
4345        	10          	0.0539      	0.000168    	0.0004115   	0.0001225   
4350        	10          	0.04294     	8.231e-05   	0.0004287   	0.0001096   
4355        	10          	0.07179     	0.0002627   	0.0003391   	0.000106    
4360        	10          	0.05382     	0.0001327   	0.0004449   	0.0002115   
4365        	10          	0.05478     	7.674e-05   	0.000412    	4.484e-05   
4370        	10          	0.06018     	0.0001637   	0.0003261   	0.0001179   
4375        	10          	0.05697     	0.000244    	0.0003381   	0.0001443   
4380        	10          	0.04979     	0.0002061   	0.0002648   	0.0001394   
4385        	10          	0.06401     	8.242e-05   	0.0003221   	7.636e-05   
4390        	10          	0.04577     	9.33e-05    	0.0006314   	0.0001196   
4395        	10          	0.0486      	9.585e-05   	0.0005854   	0.0001118   
4400        	10          	0.05245     	0.0001196   	0.0003973   	0.0001153   
4405        	10          	0.05367     	0.0001163   	0.0001755   	8.301e-05   
4410        	10          	0.05367     	0.000196    	0.0004179   	0.0004388   
4415        	10          	0.04351     	0.0003583   	0.0002563   	7.445e-05   
4420        	10          	0.04441     	0.0001527   	0.0001086   	0.0001427   
4425        	10          	0.04868     	0.0001695   	0.0002005   	3.047e-05   
4430        	10          	0.04354     	0.0001739   	0.0001399   	0.0001122   
4435        	10          	0.05612     	0.0001543   	0.0004434   	0.0001318   
4440        	10          	0.05533     	0.0002621   	0.0002362   	7.107e-05   
4445        	10          	0.05621     	7.287e-05   	0.0003368   	5.849e-05   
4450        	10          	0.0594      	8.321e-05   	0.0004947   	6.379e-05   
4455        	10          	0.03991     	0.0001299   	5.763e-05   	0.0002296   
4460        	10          	0.03414     	0.0001167   	0.0003335   	9.876e-05   
4465        	10          	0.04689     	0.0001996   	0.0002566   	0.0001016   
4470        	10          	0.0449      	0.0001822   	0.0003917   	0.0002759   
4475        	10          	0.05586     	7.961e-05   	0.0004376   	0.0001545   
4480        	10          	0.04923     	6.387e-05   	0.0001638   	0.0001873   
4485        	10          	0.04599     	0.0002056   	0.0004848   	0.0001682   
4490        	10          	0.04856     	0.0002647   	0.0002335   	0.0002242   
4495        	10          	0.04962     	0.0001837   	0.0003621   	0.0001568   
4500        	10          	0.05649     	0.0003203   	0.0003643   	6.79e-05    
4505        	10          	0.05319     	0.0002589   	0.0002563   	8.783e-05   
4510        	10          	0.04957     	0.0002259   	0.0002061   	0.0001816   
4515        	10          	0.0366      	0.0001455   	0.0002307   	9.569e-05   
4520        	10          	0.04632     	0.0002033   	0.0002134   	0.0003405   
4525        	10          	0.02917     	0.000182    	0.000362    	0.0003659   
4530        	10          	0.03622     	9.701e-05   	0.0002832   	5.727e-05   
4535        	10          	0.03779     	0.000152    	0.0003212   	8.812e-05   
4540        	10          	0.04058     	0.000105    	0.0003226   	0.0001463   
4545        	10          	0.04617     	0.0001045   	0.0001901   	0.0001387   
4550        	10          	0.03144     	6.862e-05   	0.0002074   	0.0001569   
4555        	10          	0.05074     	3.247e-05   	0.0004482   	0.0001737   
4560        	10          	0.06322     	9.988e-05   	0.0002738   	4.409e-05   
4565        	10          	0.05197     	0.0001186   	0.0006253   	0.0001581   
4570        	10          	0.04677     	9.548e-05   	0.0001902   	7.857e-05   
4575        	10          	0.05417     	9.668e-05   	0.0001704   	8.75e-05    
4580        	10          	0.03257     	8.756e-05   	0.0001802   	0.0001175   
4585        	10          	0.05941     	8.374e-05   	0.0003397   	0.0002435   
4590        	10          	0.05343     	6.325e-05   	0.0001921   	0.0001525   
4595        	10          	0.04132     	5.332e-05   	9.455e-05   	5.947e-05   
4600        	10          	0.05771     	0.0001016   	0.0001813   	0.0001495   
4605        	10          	0.0571      	5.652e-05   	0.000385    	0.0001705   
4610        	10          	0.04938     	0.0002273   	0.0001805   	0.0001157   
4615        	10          	0.05525     	1.439e-05   	0.0003119   	0.0001386   
4620        	10          	0.05817     	8.025e-05   	0.0002738   	0.000167    
4625        	10          	0.05421     	6.153e-05   	0.0003841   	0.0001268   
4630        	10          	0.05261     	0.000162    	0.0002377   	0.0001429   
4635        	10          	0.05903     	0.0002763   	0.0001966   	9.528e-05   
4640        	10          	0.04016     	0.0002337   	0.0005823   	0.0001847   
4645        	10          	0.05093     	0.0001544   	0.0002514   	4.632e-05   
4650        	10          	0.04796     	8.534e-05   	0.0001909   	5.787e-05   
4655        	10          	0.03669     	6.685e-05   	0.0002396   	9.792e-05   
4660        	10          	0.04229     	0.0001141   	0.0002534   	9.617e-05   
4665        	10          	0.04639     	0.0001555   	0.000199    	0.0001707   
4670        	10          	0.04073     	9.947e-05   	0.0004101   	0.0001071   
4675        	10          	0.03857     	4.572e-05   	0.0003067   	5.98e-05    
4680        	10          	0.02267     	0.0001358   	0.0004901   	0.0001086   
4685        	10          	0.0288      	5.253e-05   	0.000247    	3.935e-05   
4690        	10          	0.02666     	0.0001064   	0.000107    	2.234e-05   
4695        	10          	0.03643     	4.834e-05   	0.0001507   	0.0001124   
4700        	10          	0.02916     	0.0001275   	0.000408    	8.577e-05   
4705        	10          	0.02751     	0.000187    	0.0003809   	0.000152    
4710        	10          	0.03616     	6.404e-05   	0.0003202   	9.097e-05   
4715        	10          	0.02827     	0.0001208   	0.0003726   	4.682e-05   
4720        	10          	0.02601     	5.03e-05    	0.0001023   	0.0001043   
4725        	10          	0.02138     	6.517e-05   	8.884e-05   	0.0001234   
4730        	10          	0.024       	0.000162    	0.0002338   	0.0001646   
4735        	10          	0.01978     	0.0001141   	0.0002401   	5.406e-05   
4740        	10          	0.02579     	0.0001006   	0.0001303   	0.0003116   
4745        	10          	0.02211     	0.0001055   	0.000262    	9.44e-05    
4750        	10          	0.026       	0.0002129   	0.0001792   	0.0001584   
4755        	10          	0.0245      	0.0001059   	0.0002343   	0.0001409   
4760        	10          	0.0325      	8.076e-05   	0.0003322   	0.0001437   
4765        	10          	0.02777     	5.173e-05   	0.0001714   	9.832e-05   
4770        	10          	0.03816     	0.0001565   	0.0002705   	0.0001713   
4775        	10          	0.02868     	0.0001444   	0.000186    	0.0001816   
4780        	10          	0.0269      	6.923e-05   	0.000371    	0.0001729   
4785        	10          	0.0463      	0.0002453   	0.0003438   	4.545e-05   
4790        	10          	0.04995     	9.494e-05   	0.0004539   	6.11e-05    
4795        	10          	0.04814     	0.0001389   	0.0002014   	0.0001069   
4800        	10          	0.04178     	9.384e-05   	0.0002179   	0.0001277   
4805        	10          	0.02975     	0.0001755   	0.0001455   	0.0001063   
4810        	10          	0.04671     	5.818e-05   	0.0001242   	0.0001152   
4815        	10          	0.02534     	0.0001341   	9.114e-05   	0.0001688   
4820        	10          	0.03667     	5.966e-05   	0.0001439   	5.795e-05   
4825        	10          	0.03788     	0.0002656   	0.0001835   	7.918e-05   
4830        	10          	0.03357     	0.0001469   	0.0004275   	8.861e-05   
4835        	10          	0.03691     	3.546e-05   	0.0001205   	0.000157    
4840        	10          	0.04066     	0.0002015   	0.0002746   	7.484e-05   
4845        	10          	0.02636     	0.0001237   	0.000205    	0.0001351   
4850        	10          	0.02138     	7.662e-05   	0.0002055   	0.000259    
4855        	10          	0.02528     	6.898e-05   	0.0001294   	0.0001456   
4860        	10          	0.02649     	0.0001465   	0.0003485   	0.0002725   
4865        	10          	0.03063     	0.0001411   	0.0003787   	0.0002571   
4870        	10          	0.02238     	0.0001486   	0.0003884   	8.87e-05    
4875        	10          	0.0219      	8.713e-05   	0.0001239   	4.881e-05   
4880        	10          	0.02229     	9.753e-05   	0.0005632   	8.364e-05   
4885        	10          	0.03088     	8.677e-05   	0.0004252   	6.808e-05   
4890        	10          	0.01869     	0.0003046   	0.0009094   	3.366e-05   
4895        	10          	0.02811     	0.0002741   	0.0006108   	3.789e-05   
4900        	10          	0.01006     	8.764e-05   	0.0004088   	8.382e-05   
4905        	10          	0.01568     	8.436e-05   	0.0002699   	7.626e-05   
4910        	10          	0.008558    	0.0001213   	0.0003065   	0.0001126   
4915        	10          	0.009011    	0.0001108   	0.0002862   	0.0001079   
4920        	10          	0.0209      	5.794e-05   	0.0001356   	6.335e-05   
4925        	10          	0.02078     	8.53e-05    	0.0003176   	0.000433    
4930        	10          	0.02134     	9.591e-05   	0.0003029   	0.0001814   
4935        	10          	0.01603     	0.0002663   	0.0001537   	0.000137    
4940        	10          	0.01388     	4.071e-05   	0.0001617   	0.0002704   
4945        	10          	0.02457     	7.445e-05   	0.000156    	0.0001351   
4950        	10          	0.0224      	0.0001321   	0.0001976   	6.862e-05   
4955        	10          	0.03791     	8.805e-05   	0.00035     	0.0001767   
4960        	10          	0.02527     	8.973e-05   	0.0001597   	0.0001587   
4965        	10          	0.02967     	0.000113    	0.000329    	0.0004309   
4970        	10          	0.03256     	0.0001015   	9.487e-05   	0.0001689   
4975        	10          	0.02186     	9.179e-05   	0.0004069   	0.0001046   
4980        	10          	0.03871     	5.832e-05   	0.0004553   	0.0002699   
4985        	10          	0.02964     	0.000112    	0.0003584   	0.0001036   
4990        	10          	0.02829     	0.0001082   	0.0002393   	8.459e-05   
4995        	10          	0.03684     	0.0001829   	0.0002843   	0.0001875   
5000        	10          	0.02512     	0.0001274   	0.0001698   	0.0001287   
