generation  	alive.rpl   	n.adlt.rs   	n.adlt.fst.wc_p1-2	n.adlt.fst.wc_p1-3	n.adlt.fst.wc_p2-3
5           	10          	18.26       	0.007818    	0.009312    	0.007306    
10          	10          	17.3        	0.01462     	0.01865     	0.0139      
15          	10          	16.54       	0.01735     	0.0258      	0.01717     
20          	10          	15.92       	0.02146     	0.03388     	0.01893     
25          	10          	15.29       	0.02325     	0.0372      	0.02304     
30          	10          	14.79       	0.02727     	0.04374     	0.02578     
35          	10          	14.5        	0.02487     	0.04551     	0.02616     
40          	10          	14.23       	0.02257     	0.04376     	0.02487     
45          	10          	13.77       	0.02436     	0.04727     	0.02808     
50          	10          	13.41       	0.02767     	0.05202     	0.02919     
55          	10          	13.07       	0.02917     	0.05222     	0.02833     
60          	10          	12.87       	0.02302     	0.05215     	0.02792     
65          	10          	12.57       	0.02756     	0.05463     	0.02759     
70          	10          	12.27       	0.02862     	0.05504     	0.03001     
75          	10          	12.11       	0.02731     	0.05283     	0.02799     
80          	10          	11.76       	0.02815     	0.05675     	0.02893     
85          	10          	11.53       	0.02876     	0.05681     	0.0287      
90          	10          	11.29       	0.02953     	0.05912     	0.03175     
95          	10          	11.18       	0.02456     	0.05599     	0.02895     
100         	10          	10.95       	0.02662     	0.05751     	0.02859     
105         	10          	10.81       	0.03151     	0.05934     	0.03028     
110         	10          	10.51       	0.03329     	0.06062     	0.02905     
115         	10          	10.36       	0.03378     	0.05975     	0.02832     
120         	10          	10.07       	0.03613     	0.06728     	0.0308      
125         	10          	9.977       	0.03076     	0.05743     	0.03012     
130         	10          	9.882       	0.03079     	0.05905     	0.02943     
135         	10          	9.702       	0.0279      	0.05754     	0.02571     
140         	10          	9.642       	0.02715     	0.05335     	0.02693     
145         	10          	9.417       	0.03048     	0.0582      	0.02634     
150         	10          	9.28        	0.03136     	0.05776     	0.02881     
155         	10          	9.088       	0.03177     	0.06259     	0.03099     
160         	10          	8.91        	0.03209     	0.06052     	0.03243     
165         	10          	8.787       	0.03174     	0.06761     	0.03496     
170         	10          	8.815       	0.03446     	0.06068     	0.02898     
175         	10          	8.663       	0.02955     	0.05918     	0.03251     
180         	10          	8.532       	0.02955     	0.05836     	0.0284      
185         	10          	8.458       	0.0298      	0.06041     	0.03046     
190         	10          	8.33        	0.03252     	0.05659     	0.02658     
195         	10          	8.233       	0.02597     	0.05091     	0.02644     
200         	10          	8.153       	0.0327      	0.05656     	0.02474     
205         	10          	7.995       	0.03424     	0.05812     	0.02708     
210         	10          	7.943       	0.03438     	0.0529      	0.02457     
215         	10          	7.865       	0.02996     	0.05053     	0.02507     
220         	10          	7.773       	0.02791     	0.05252     	0.02586     
225         	10          	7.673       	0.03162     	0.05521     	0.02486     
230         	10          	7.692       	0.02458     	0.05437     	0.02375     
235         	10          	7.602       	0.02887     	0.0542      	0.02522     
240         	10          	7.44        	0.02682     	0.05484     	0.02965     
245         	10          	7.387       	0.02548     	0.06053     	0.02864     
250         	10          	7.283       	0.0268      	0.05702     	0.02917     
255         	10          	7.19        	0.02989     	0.05923     	0.02939     
260         	10          	7.17        	0.02809     	0.0568      	0.02847     
265         	10          	7.127       	0.03017     	0.06088     	0.02701     
270         	10          	7.085       	0.03109     	0.05913     	0.02688     
275         	10          	7.003       	0.03599     	0.06033     	0.02752     
280         	10          	6.907       	0.03251     	0.06043     	0.02899     
285         	10          	6.878       	0.03311     	0.0581      	0.02502     
290         	10          	6.817       	0.03099     	0.05702     	0.02745     
295         	10          	6.727       	0.03165     	0.06025     	0.02704     
300         	10          	6.753       	0.03272     	0.05833     	0.02814     
305         	10          	6.693       	0.03408     	0.05781     	0.02657     
310         	10          	6.62        	0.03406     	0.06279     	0.03017     
315         	10          	6.563       	0.03143     	0.06126     	0.02996     
320         	10          	6.505       	0.03379     	0.06004     	0.02674     
325         	10          	6.433       	0.0333      	0.05927     	0.02689     
330         	10          	6.432       	0.03107     	0.0584      	0.02539     
335         	10          	6.427       	0.03035     	0.05638     	0.02498     
340         	10          	6.415       	0.02832     	0.05749     	0.03084     
345         	10          	6.352       	0.0262      	0.05463     	0.02806     
350         	10          	6.262       	0.02983     	0.05844     	0.02627     
355         	10          	6.248       	0.03016     	0.05171     	0.02597     
360         	10          	6.185       	0.03323     	0.06109     	0.03196     
365         	10          	6.162       	0.03542     	0.06158     	0.02749     
370         	10          	6.1         	0.0287      	0.0545      	0.02666     
375         	10          	6.072       	0.02818     	0.06255     	0.03285     
380         	10          	6.055       	0.03447     	0.06277     	0.03443     
385         	10          	6.092       	0.02858     	0.05657     	0.02895     
390         	10          	5.963       	0.02417     	0.05472     	0.02842     
395         	10          	5.927       	0.03084     	0.05847     	0.03163     
400         	10          	5.89        	0.03266     	0.06167     	0.03185     
405         	10          	5.857       	0.02542     	0.05389     	0.02603     
410         	10          	5.827       	0.02983     	0.05967     	0.02689     
415         	10          	5.825       	0.02745     	0.06032     	0.02691     
420         	10          	5.778       	0.02596     	0.05962     	0.02477     
425         	10          	5.82        	0.02576     	0.05811     	0.02718     
430         	10          	5.77        	0.02816     	0.05087     	0.02355     
435         	10          	5.708       	0.03145     	0.0555      	0.02752     
440         	10          	5.68        	0.03478     	0.05676     	0.02947     
445         	10          	5.702       	0.02767     	0.05462     	0.03007     
450         	10          	5.733       	0.0268      	0.05929     	0.03302     
455         	10          	5.625       	0.03139     	0.06128     	0.03004     
460         	10          	5.678       	0.02958     	0.06056     	0.02887     
465         	10          	5.58        	0.03304     	0.0554      	0.03006     
470         	10          	5.617       	0.03206     	0.05074     	0.02765     
475         	10          	5.528       	0.03342     	0.05167     	0.02564     
480         	10          	5.52        	0.0271      	0.05369     	0.02712     
485         	10          	5.48        	0.03005     	0.05299     	0.02293     
490         	10          	5.46        	0.02199     	0.05353     	0.02621     
495         	10          	5.402       	0.02675     	0.0539      	0.02581     
500         	10          	5.44        	0.03        	0.05355     	0.03097     
505         	10          	5.383       	0.03074     	0.06026     	0.03217     
510         	10          	5.333       	0.02962     	0.05997     	0.03061     
515         	10          	5.288       	0.02711     	0.05488     	0.03309     
520         	10          	5.273       	0.02949     	0.05719     	0.02979     
525         	10          	5.255       	0.02868     	0.05236     	0.02672     
530         	10          	5.187       	0.03148     	0.05702     	0.02757     
535         	10          	5.2         	0.02929     	0.05834     	0.03042     
540         	10          	5.182       	0.03323     	0.05422     	0.02616     
545         	10          	5.193       	0.02941     	0.06087     	0.02956     
550         	10          	5.138       	0.0308      	0.05541     	0.02524     
555         	10          	5.167       	0.02322     	0.05322     	0.02393     
560         	10          	5.133       	0.02597     	0.06008     	0.02641     
565         	10          	5.043       	0.02871     	0.05715     	0.02812     
570         	10          	5.077       	0.03189     	0.06056     	0.02768     
575         	10          	5.137       	0.02714     	0.05487     	0.02412     
580         	10          	5.072       	0.0295      	0.05601     	0.02927     
585         	10          	5.023       	0.02819     	0.05469     	0.03056     
590         	10          	5.03        	0.03058     	0.06272     	0.03143     
595         	10          	4.98        	0.02474     	0.06118     	0.03447     
600         	10          	4.96        	0.02945     	0.05828     	0.03262     
605         	10          	4.925       	0.02835     	0.06305     	0.0354      
610         	10          	4.947       	0.02725     	0.06821     	0.03809     
615         	10          	4.893       	0.03014     	0.06177     	0.03185     
620         	10          	4.913       	0.03427     	0.0649      	0.03758     
625         	10          	4.928       	0.03416     	0.05388     	0.02619     
630         	10          	4.925       	0.03001     	0.05599     	0.03022     
635         	10          	4.955       	0.02776     	0.05458     	0.03018     
640         	10          	4.87        	0.02729     	0.05974     	0.02687     
645         	10          	4.895       	0.02468     	0.05327     	0.02845     
650         	10          	4.887       	0.02904     	0.05889     	0.0292      
655         	10          	4.925       	0.02743     	0.05405     	0.02947     
660         	10          	4.88        	0.03125     	0.05665     	0.02876     
665         	10          	4.798       	0.03654     	0.06467     	0.03185     
670         	10          	4.783       	0.03426     	0.05964     	0.02698     
675         	10          	4.843       	0.03399     	0.05773     	0.03008     
680         	10          	4.74        	0.02798     	0.06046     	0.02866     
685         	10          	4.762       	0.02667     	0.05542     	0.02943     
690         	10          	4.752       	0.03142     	0.05472     	0.02642     
695         	10          	4.748       	0.03238     	0.06356     	0.03002     
700         	10          	4.795       	0.03161     	0.06005     	0.02798     
705         	10          	4.725       	0.0297      	0.06824     	0.03105     
710         	10          	4.728       	0.02997     	0.05713     	0.02598     
715         	10          	4.74        	0.02797     	0.05764     	0.02243     
720         	10          	4.748       	0.03186     	0.05726     	0.0255      
725         	10          	4.705       	0.03281     	0.05805     	0.02576     
730         	10          	4.677       	0.03361     	0.0532      	0.02875     
735         	10          	4.657       	0.0299      	0.05809     	0.02627     
740         	10          	4.687       	0.03275     	0.05215     	0.02454     
745         	10          	4.665       	0.028       	0.05609     	0.02922     
750         	10          	4.698       	0.03108     	0.05454     	0.03138     
755         	10          	4.618       	0.02902     	0.06135     	0.02964     
760         	10          	4.603       	0.03254     	0.05923     	0.02617     
765         	10          	4.635       	0.02686     	0.05895     	0.02865     
770         	10          	4.625       	0.02411     	0.05699     	0.03334     
775         	10          	4.55        	0.02552     	0.05743     	0.0287      
780         	10          	4.615       	0.02669     	0.05302     	0.03342     
785         	10          	4.58        	0.0288      	0.05429     	0.03015     
790         	10          	4.585       	0.02612     	0.05381     	0.02804     
795         	10          	4.647       	0.02768     	0.05389     	0.02783     
800         	10          	4.585       	0.02478     	0.04881     	0.02507     
805         	10          	4.597       	0.03059     	0.05887     	0.03182     
810         	10          	4.572       	0.03028     	0.05929     	0.02837     
815         	10          	4.623       	0.02935     	0.05348     	0.02413     
820         	10          	4.608       	0.02962     	0.06042     	0.03033     
825         	10          	4.578       	0.02719     	0.05008     	0.02366     
830         	10          	4.577       	0.02274     	0.05671     	0.02922     
835         	10          	4.59        	0.02245     	0.04796     	0.03028     
840         	10          	4.6         	0.0236      	0.05628     	0.03644     
845         	10          	4.558       	0.029       	0.05421     	0.03184     
850         	10          	4.5         	0.0255      	0.06273     	0.0338      
855         	10          	4.495       	0.02648     	0.04988     	0.0314      
860         	10          	4.467       	0.02453     	0.0538      	0.02722     
865         	10          	4.442       	0.02842     	0.04945     	0.02693     
870         	10          	4.493       	0.0293      	0.05171     	0.02583     
875         	10          	4.445       	0.03172     	0.05223     	0.0284      
880         	10          	4.41        	0.03403     	0.05718     	0.03109     
885         	10          	4.47        	0.02507     	0.05337     	0.03193     
890         	10          	4.44        	0.03068     	0.04867     	0.02518     
895         	10          	4.457       	0.03145     	0.04612     	0.01916     
900         	10          	4.432       	0.03236     	0.05452     	0.02855     
905         	10          	4.398       	0.03164     	0.0515      	0.0231      
910         	10          	4.395       	0.02627     	0.0529      	0.02732     
915         	10          	4.447       	0.02123     	0.04552     	0.02338     
920         	10          	4.353       	0.02904     	0.05653     	0.0317      
925         	10          	4.387       	0.0326      	0.05882     	0.02915     
930         	10          	4.38        	0.02738     	0.06005     	0.02741     
935         	10          	4.38        	0.02447     	0.05342     	0.02698     
940         	10          	4.325       	0.02907     	0.05879     	0.02598     
945         	10          	4.367       	0.02687     	0.05926     	0.03107     
950         	10          	4.353       	0.03347     	0.0633      	0.03007     
955         	10          	4.302       	0.02871     	0.0568      	0.02355     
960         	10          	4.315       	0.03345     	0.06128     	0.0273      
965         	10          	4.295       	0.03005     	0.05689     	0.02911     
970         	10          	4.318       	0.03014     	0.06734     	0.0295      
975         	10          	4.285       	0.03234     	0.06694     	0.02982     
980         	10          	4.278       	0.03109     	0.06401     	0.03808     
985         	10          	4.298       	0.02934     	0.0608      	0.02906     
990         	10          	4.247       	0.02752     	0.05136     	0.02708     
995         	10          	4.19        	0.02883     	0.05626     	0.02975     
1000        	10          	4.207       	0.03386     	0.05318     	0.02644     
1005        	10          	4.205       	0.03463     	0.05203     	0.02556     
1010        	10          	4.2         	0.02747     	0.05133     	0.02728     
1015        	10          	4.207       	0.02888     	0.0575      	0.02763     
1020        	10          	4.162       	0.02967     	0.06133     	0.03088     
1025        	10          	4.112       	0.02997     	0.05834     	0.03011     
1030        	10          	4.138       	0.02695     	0.05394     	0.02838     
1035        	10          	4.163       	0.03278     	0.05966     	0.02668     
1040        	10          	4.122       	0.02765     	0.055       	0.02361     
1045        	10          	4.088       	0.02972     	0.05296     	0.02839     
1050        	10          	4.057       	0.03236     	0.05677     	0.02407     
1055        	10          	4.075       	0.02837     	0.05757     	0.02726     
1060        	10          	4.063       	0.02638     	0.05624     	0.02356     
1065        	10          	4.023       	0.03294     	0.05433     	0.02951     
1070        	10          	4.03        	0.03103     	0.05707     	0.0288      
1075        	10          	4.065       	0.02485     	0.05889     	0.02986     
1080        	10          	4.042       	0.02993     	0.05522     	0.02801     
1085        	10          	4.005       	0.03352     	0.05567     	0.02724     
1090        	10          	4.035       	0.02882     	0.06124     	0.02819     
1095        	10          	3.982       	0.02848     	0.06146     	0.02724     
1100        	10          	4.043       	0.02598     	0.05935     	0.03001     
1105        	10          	4.037       	0.03074     	0.05903     	0.02498     
1110        	10          	4.042       	0.02528     	0.05183     	0.02869     
1115        	10          	3.99        	0.02572     	0.05531     	0.03042     
1120        	10          	3.98        	0.0244      	0.0611      	0.03104     
1125        	10          	3.948       	0.02302     	0.05639     	0.0305      
1130        	10          	4.017       	0.02597     	0.05318     	0.02871     
1135        	10          	3.903       	0.02419     	0.05005     	0.02754     
1140        	10          	3.908       	0.02395     	0.05182     	0.02874     
1145        	10          	3.927       	0.02964     	0.0613      	0.0336      
1150        	10          	3.95        	0.0278      	0.05539     	0.02651     
1155        	10          	3.978       	0.02771     	0.04911     	0.02557     
1160        	10          	3.908       	0.03291     	0.05113     	0.02612     
1165        	10          	3.943       	0.03288     	0.05716     	0.02733     
1170        	10          	3.907       	0.03399     	0.0618      	0.02492     
1175        	10          	3.945       	0.02845     	0.05468     	0.02539     
1180        	10          	3.878       	0.02753     	0.0575      	0.02664     
1185        	10          	3.833       	0.03002     	0.06382     	0.03176     
1190        	10          	3.83        	0.02727     	0.06186     	0.0349      
1195        	10          	3.867       	0.02991     	0.05896     	0.03133     
1200        	10          	3.832       	0.02752     	0.05364     	0.0233      
1205        	10          	3.827       	0.0283      	0.05542     	0.02786     
1210        	10          	3.862       	0.02937     	0.05389     	0.02054     
1215        	10          	3.852       	0.02893     	0.06075     	0.02886     
1220        	10          	3.84        	0.02726     	0.05852     	0.02548     
1225        	10          	3.84        	0.03308     	0.05662     	0.02696     
1230        	10          	3.877       	0.02964     	0.05477     	0.02881     
1235        	10          	3.855       	0.02705     	0.05416     	0.02635     
1240        	10          	3.857       	0.02554     	0.05582     	0.03336     
1245        	10          	3.872       	0.02836     	0.06632     	0.03199     
1250        	10          	3.852       	0.02907     	0.05804     	0.02916     
1255        	10          	3.842       	0.02952     	0.0589      	0.03021     
1260        	10          	3.857       	0.02949     	0.05994     	0.03363     
1265        	10          	3.863       	0.02934     	0.05999     	0.02782     
1270        	10          	3.873       	0.02205     	0.0521      	0.03233     
1275        	10          	3.827       	0.02555     	0.05616     	0.02785     
1280        	10          	3.847       	0.02873     	0.05381     	0.02926     
1285        	10          	3.805       	0.03134     	0.05831     	0.03194     
1290        	10          	3.802       	0.02477     	0.05509     	0.03203     
1295        	10          	3.812       	0.02181     	0.05564     	0.03096     
1300        	10          	3.793       	0.02476     	0.05715     	0.03546     
1305        	10          	3.787       	0.02688     	0.05951     	0.02684     
1310        	10          	3.783       	0.02033     	0.04826     	0.02692     
1315        	10          	3.817       	0.02823     	0.04562     	0.02766     
1320        	10          	3.77        	0.03081     	0.049       	0.02687     
1325        	10          	3.738       	0.02996     	0.05513     	0.02633     
1330        	10          	3.725       	0.03127     	0.05148     	0.02925     
1335        	10          	3.718       	0.02701     	0.05021     	0.02151     
1340        	10          	3.742       	0.02579     	0.05393     	0.0271      
1345        	10          	3.718       	0.02885     	0.06108     	0.02684     
1350        	10          	3.772       	0.03051     	0.06088     	0.02617     
1355        	10          	3.723       	0.02529     	0.05124     	0.02557     
1360        	10          	3.727       	0.02746     	0.05031     	0.03011     
1365        	10          	3.723       	0.03017     	0.05327     	0.02775     
1370        	10          	3.732       	0.03067     	0.0556      	0.03037     
1375        	10          	3.7         	0.02954     	0.05512     	0.02791     
1380        	10          	3.69        	0.02892     	0.05606     	0.02139     
1385        	10          	3.688       	0.03155     	0.05678     	0.02885     
1390        	10          	3.693       	0.03127     	0.05343     	0.0317      
1395        	10          	3.648       	0.03561     	0.06347     	0.03696     
1400        	10          	3.697       	0.02976     	0.05642     	0.02957     
1405        	10          	3.687       	0.03217     	0.05551     	0.03233     
1410        	10          	3.703       	0.02555     	0.05307     	0.02589     
1415        	10          	3.685       	0.02669     	0.04974     	0.03128     
1420        	10          	3.728       	0.02843     	0.04226     	0.02624     
1425        	10          	3.712       	0.0262      	0.04873     	0.02416     
1430        	10          	3.693       	0.02345     	0.04307     	0.02257     
1435        	10          	3.688       	0.02723     	0.04824     	0.02649     
1440        	10          	3.705       	0.02374     	0.04809     	0.02689     
1445        	10          	3.698       	0.02793     	0.04419     	0.02638     
1450        	10          	3.642       	0.02846     	0.05723     	0.03258     
1455        	10          	3.722       	0.02744     	0.05242     	0.02688     
1460        	10          	3.712       	0.02985     	0.05259     	0.02936     
1465        	10          	3.695       	0.03461     	0.07159     	0.02915     
1470        	10          	3.713       	0.02728     	0.06523     	0.03076     
1475        	10          	3.727       	0.03105     	0.06515     	0.02967     
1480        	10          	3.743       	0.0338      	0.0611      	0.02913     
1485        	10          	3.783       	0.02917     	0.05526     	0.02875     
1490        	10          	3.713       	0.02856     	0.06205     	0.0267      
1495        	10          	3.703       	0.03072     	0.05626     	0.02499     
1500        	10          	3.698       	0.03065     	0.05917     	0.03106     
1505        	10          	3.727       	0.03299     	0.06015     	0.02708     
1510        	10          	3.717       	0.03489     	0.06094     	0.0344      
1515        	10          	3.715       	0.03125     	0.06013     	0.0271      
1520        	10          	3.695       	0.03014     	0.06869     	0.03947     
1525        	10          	3.685       	0.03158     	0.06205     	0.0338      
1530        	10          	3.707       	0.0289      	0.05838     	0.02886     
1535        	10          	3.677       	0.03143     	0.06423     	0.0303      
1540        	10          	3.665       	0.03227     	0.05658     	0.02688     
1545        	10          	3.725       	0.031       	0.05053     	0.02164     
1550        	10          	3.693       	0.02665     	0.04976     	0.025       
1555        	10          	3.727       	0.02122     	0.05519     	0.02703     
1560        	10          	3.675       	0.0266      	0.05761     	0.02852     
1565        	10          	3.642       	0.02899     	0.0535      	0.02407     
1570        	10          	3.71        	0.03046     	0.05278     	0.03272     
1575        	10          	3.723       	0.03148     	0.05729     	0.03165     
1580        	10          	3.703       	0.03169     	0.05368     	0.03977     
1585        	10          	3.713       	0.02801     	0.0581      	0.02712     
1590        	10          	3.715       	0.02839     	0.05682     	0.02563     
1595        	10          	3.713       	0.03135     	0.05985     	0.01857     
1600        	10          	3.692       	0.02917     	0.05379     	0.02716     
1605        	10          	3.698       	0.03172     	0.05502     	0.03092     
1610        	10          	3.643       	0.03054     	0.0622      	0.02797     
1615        	10          	3.662       	0.02688     	0.05417     	0.02646     
1620        	10          	3.658       	0.03087     	0.06102     	0.02655     
1625        	10          	3.673       	0.0313      	0.05162     	0.02558     
1630        	10          	3.7         	0.02784     	0.05677     	0.02717     
1635        	10          	3.672       	0.02629     	0.0565      	0.03013     
1640        	10          	3.707       	0.02865     	0.05458     	0.0262      
1645        	10          	3.732       	0.0318      	0.05854     	0.02873     
1650        	10          	3.647       	0.0238      	0.05089     	0.02916     
1655        	10          	3.707       	0.02961     	0.06146     	0.03042     
1660        	10          	3.66        	0.02394     	0.05472     	0.02832     
1665        	10          	3.63        	0.0297      	0.06068     	0.03391     
1670        	10          	3.648       	0.02554     	0.05714     	0.02871     
1675        	10          	3.59        	0.0288      	0.05814     	0.03063     
1680        	10          	3.627       	0.03012     	0.06879     	0.03745     
1685        	10          	3.677       	0.02928     	0.05191     	0.02639     
1690        	10          	3.69        	0.02552     	0.05764     	0.02716     
1695        	10          	3.657       	0.03071     	0.05536     	0.02286     
1700        	10          	3.687       	0.02471     	0.0493      	0.0254      
1705        	10          	3.667       	0.03318     	0.05629     	0.03271     
1710        	10          	3.632       	0.03238     	0.05853     	0.0308      
1715        	10          	3.667       	0.03234     	0.05414     	0.03266     
1720        	10          	3.662       	0.03199     	0.05388     	0.02985     
1725        	10          	3.65        	0.0281      	0.04969     	0.02732     
1730        	10          	3.675       	0.03326     	0.05189     	0.02237     
1735        	10          	3.632       	0.02918     	0.04645     	0.02494     
1740        	10          	3.702       	0.03095     	0.05059     	0.02563     
1745        	10          	3.677       	0.02883     	0.04702     	0.02678     
1750        	10          	3.672       	0.03108     	0.04777     	0.02346     
1755        	10          	3.695       	0.02487     	0.04874     	0.02653     
1760        	10          	3.63        	0.03274     	0.0587      	0.02795     
1765        	10          	3.605       	0.027       	0.05744     	0.0261      
1770        	10          	3.597       	0.02513     	0.05236     	0.02849     
1775        	10          	3.608       	0.02932     	0.05382     	0.02307     
1780        	10          	3.602       	0.02745     	0.05441     	0.03262     
1785        	10          	3.622       	0.02578     	0.05833     	0.03036     
1790        	10          	3.598       	0.02855     	0.05723     	0.02988     
1795        	10          	3.628       	0.02692     	0.05425     	0.02365     
1800        	10          	3.607       	0.02411     	0.05628     	0.02788     
1805        	10          	3.565       	0.03376     	0.05079     	0.02556     
1810        	10          	3.617       	0.03046     	0.05966     	0.02822     
1815        	10          	3.59        	0.03349     	0.05855     	0.03021     
1820        	10          	3.557       	0.0294      	0.06859     	0.0331      
1825        	10          	3.612       	0.0222      	0.05885     	0.03166     
1830        	10          	3.56        	0.02654     	0.05817     	0.02561     
1835        	10          	3.603       	0.0341      	0.06469     	0.02927     
1840        	10          	3.557       	0.03069     	0.06137     	0.02246     
1845        	10          	3.523       	0.02929     	0.05469     	0.023       
1850        	10          	3.512       	0.03023     	0.05469     	0.02725     
1855        	10          	3.552       	0.02739     	0.05727     	0.02499     
1860        	10          	3.563       	0.0314      	0.05879     	0.02869     
1865        	10          	3.527       	0.03258     	0.06361     	0.02853     
1870        	10          	3.567       	0.02623     	0.05567     	0.02873     
1875        	10          	3.54        	0.03032     	0.05912     	0.02217     
1880        	10          	3.515       	0.03094     	0.05624     	0.03333     
1885        	10          	3.513       	0.03771     	0.06038     	0.02963     
1890        	10          	3.532       	0.02645     	0.05123     	0.02318     
1895        	10          	3.503       	0.0306      	0.05794     	0.03145     
1900        	10          	3.515       	0.02982     	0.05451     	0.0324      
1905        	10          	3.525       	0.02616     	0.053       	0.02378     
1910        	10          	3.522       	0.03338     	0.06001     	0.02599     
1915        	10          	3.488       	0.02758     	0.05208     	0.02389     
1920        	10          	3.507       	0.03176     	0.05274     	0.02897     
1925        	10          	3.5         	0.0276      	0.06185     	0.02811     
1930        	10          	3.478       	0.02718     	0.05312     	0.02411     
1935        	10          	3.485       	0.02828     	0.06492     	0.02866     
1940        	10          	3.502       	0.02936     	0.06073     	0.03333     
1945        	10          	3.478       	0.03115     	0.06731     	0.0304      
1950        	10          	3.505       	0.03036     	0.06348     	0.03372     
1955        	10          	3.487       	0.03566     	0.06079     	0.03228     
1960        	10          	3.523       	0.02645     	0.05613     	0.02737     
1965        	10          	3.472       	0.03034     	0.06291     	0.02822     
1970        	10          	3.46        	0.0255      	0.05447     	0.02656     
1975        	10          	3.492       	0.02808     	0.05447     	0.02692     
1980        	10          	3.465       	0.03083     	0.0523      	0.02657     
1985        	10          	3.468       	0.02656     	0.05463     	0.02657     
1990        	10          	3.502       	0.02472     	0.05261     	0.02865     
1995        	10          	3.502       	0.01821     	0.04921     	0.02408     
2000        	10          	3.507       	0.0247      	0.05137     	0.02974     
2005        	10          	3.485       	0.02879     	0.06107     	0.0304      
2010        	10          	3.472       	0.0328      	0.06006     	0.03305     
2015        	10          	3.457       	0.03038     	0.06466     	0.0349      
2020        	10          	3.513       	0.02186     	0.06031     	0.03528     
2025        	10          	3.532       	0.02922     	0.05986     	0.02488     
2030        	10          	3.49        	0.03027     	0.06428     	0.0336      
2035        	10          	3.482       	0.0295      	0.0596      	0.02735     
2040        	10          	3.502       	0.02802     	0.05014     	0.02695     
2045        	10          	3.475       	0.02824     	0.05858     	0.02795     
2050        	10          	3.453       	0.02736     	0.05692     	0.03412     
2055        	10          	3.445       	0.02939     	0.06099     	0.02496     
2060        	10          	3.468       	0.02855     	0.05679     	0.02789     
2065        	10          	3.497       	0.029       	0.05487     	0.02703     
2070        	10          	3.44        	0.03114     	0.05912     	0.02793     
2075        	10          	3.445       	0.03538     	0.05573     	0.02759     
2080        	10          	3.453       	0.02691     	0.06339     	0.03198     
2085        	10          	3.455       	0.02731     	0.05969     	0.02885     
2090        	10          	3.452       	0.03254     	0.06353     	0.03323     
2095        	10          	3.44        	0.0335      	0.06683     	0.03232     
2100        	10          	3.417       	0.03324     	0.06788     	0.02909     
2105        	10          	3.467       	0.02934     	0.07015     	0.02844     
2110        	10          	3.462       	0.03677     	0.06802     	0.03205     
2115        	10          	3.447       	0.03131     	0.06432     	0.03302     
2120        	10          	3.482       	0.03137     	0.05817     	0.02473     
2125        	10          	3.423       	0.03167     	0.05209     	0.0282      
2130        	10          	3.46        	0.03617     	0.06139     	0.0301      
2135        	10          	3.445       	0.03258     	0.06598     	0.02738     
2140        	10          	3.452       	0.02999     	0.06405     	0.02267     
2145        	10          	3.43        	0.0359      	0.06391     	0.02221     
2150        	10          	3.475       	0.02956     	0.06064     	0.02498     
2155        	10          	3.417       	0.02965     	0.05514     	0.02805     
2160        	10          	3.435       	0.03307     	0.05807     	0.0305      
2165        	10          	3.437       	0.0277      	0.05335     	0.03298     
2170        	10          	3.438       	0.02783     	0.05725     	0.02986     
2175        	10          	3.392       	0.02689     	0.05412     	0.0339      
2180        	10          	3.425       	0.02917     	0.05129     	0.02824     
2185        	10          	3.445       	0.02821     	0.04992     	0.03032     
2190        	10          	3.403       	0.03156     	0.04903     	0.03139     
2195        	10          	3.405       	0.02529     	0.05481     	0.02539     
2200        	10          	3.44        	0.03052     	0.05447     	0.02762     
2205        	10          	3.393       	0.03117     	0.05541     	0.03086     
2210        	10          	3.375       	0.0289      	0.0558      	0.02924     
2215        	10          	3.382       	0.02527     	0.06154     	0.03015     
2220        	10          	3.388       	0.03339     	0.07044     	0.03271     
2225        	10          	3.337       	0.03325     	0.064       	0.03246     
2230        	10          	3.407       	0.03561     	0.06658     	0.02872     
2235        	10          	3.397       	0.03587     	0.06721     	0.02743     
2240        	10          	3.372       	0.03255     	0.06135     	0.02919     
2245        	10          	3.408       	0.02951     	0.06391     	0.02989     
2250        	10          	3.388       	0.02574     	0.06353     	0.02573     
2255        	10          	3.378       	0.02382     	0.05573     	0.02367     
2260        	10          	3.363       	0.0278      	0.05802     	0.02375     
2265        	10          	3.365       	0.02605     	0.05919     	0.03308     
2270        	10          	3.343       	0.02668     	0.05685     	0.02942     
2275        	10          	3.315       	0.02568     	0.06163     	0.029       
2280        	10          	3.338       	0.02702     	0.05588     	0.02744     
2285        	10          	3.327       	0.02735     	0.0612      	0.02653     
2290        	10          	3.365       	0.02638     	0.05613     	0.02606     
2295        	10          	3.34        	0.02928     	0.06572     	0.03398     
2300        	10          	3.315       	0.02649     	0.06002     	0.03595     
2305        	10          	3.332       	0.02222     	0.06046     	0.03102     
2310        	10          	3.328       	0.03277     	0.05467     	0.02765     
2315        	10          	3.335       	0.02686     	0.05962     	0.02654     
2320        	10          	3.323       	0.03199     	0.05869     	0.02604     
2325        	10          	3.333       	0.02796     	0.04668     	0.02268     
2330        	10          	3.353       	0.02943     	0.05944     	0.02602     
2335        	10          	3.342       	0.02217     	0.05392     	0.02829     
2340        	10          	3.32        	0.02484     	0.04787     	0.02489     
2345        	10          	3.367       	0.02509     	0.0516      	0.02565     
2350        	10          	3.34        	0.0337      	0.05744     	0.02647     
2355        	10          	3.368       	0.02776     	0.05081     	0.02617     
2360        	10          	3.337       	0.0278      	0.05703     	0.03121     
2365        	10          	3.317       	0.01912     	0.05312     	0.03044     
2370        	10          	3.342       	0.02214     	0.04943     	0.02747     
2375        	10          	3.34        	0.02295     	0.04962     	0.0261      
2380        	10          	3.315       	0.02747     	0.05822     	0.03078     
2385        	10          	3.348       	0.02704     	0.05577     	0.02914     
2390        	10          	3.337       	0.02782     	0.06177     	0.03828     
2395        	10          	3.317       	0.03269     	0.05569     	0.03131     
2400        	10          	3.298       	0.02714     	0.06932     	0.03656     
2405        	10          	3.328       	0.02439     	0.05047     	0.02447     
2410        	10          	3.322       	0.03231     	0.05681     	0.02726     
2415        	10          	3.323       	0.0318      	0.05792     	0.03356     
2420        	10          	3.332       	0.03311     	0.05564     	0.02646     
2425        	10          	3.313       	0.02552     	0.04994     	0.02584     
2430        	10          	3.297       	0.0294      	0.05474     	0.03017     
2435        	10          	3.333       	0.0272      	0.06068     	0.03279     
2440        	10          	3.285       	0.02743     	0.06337     	0.03405     
2445        	10          	3.268       	0.03074     	0.06121     	0.03595     
2450        	10          	3.303       	0.0225      	0.05771     	0.03577     
2455        	10          	3.332       	0.01818     	0.05046     	0.03113     
2460        	10          	3.317       	0.02554     	0.05364     	0.02842     
2465        	10          	3.288       	0.02606     	0.05489     	0.02889     
2470        	10          	3.282       	0.02846     	0.06359     	0.02939     
2475        	10          	3.303       	0.02983     	0.05691     	0.02635     
2480        	10          	3.337       	0.03164     	0.05526     	0.02482     
2485        	10          	3.33        	0.02723     	0.05811     	0.02813     
2490        	10          	3.293       	0.02994     	0.05544     	0.02543     
2495        	10          	3.293       	0.03525     	0.06133     	0.02543     
2500        	10          	3.337       	0.0328      	0.05592     	0.0332      
2505        	10          	3.315       	0.02746     	0.06032     	0.03099     
2510        	10          	3.337       	0.03041     	0.05678     	0.02669     
2515        	10          	3.347       	0.02776     	0.05753     	0.02853     
2520        	10          	3.342       	0.02932     	0.05731     	0.03233     
2525        	10          	3.358       	0.0283      	0.05801     	0.02895     
2530        	10          	3.347       	0.02426     	0.06066     	0.03307     
2535        	10          	3.345       	0.02761     	0.05889     	0.02753     
2540        	10          	3.362       	0.02662     	0.06195     	0.03129     
2545        	10          	3.373       	0.02514     	0.04839     	0.02711     
2550        	10          	3.342       	0.02874     	0.04979     	0.03021     
2555        	10          	3.355       	0.02338     	0.0499      	0.02859     
2560        	10          	3.35        	0.0239      	0.05218     	0.0281      
2565        	10          	3.342       	0.0292      	0.05263     	0.03161     
2570        	10          	3.375       	0.03291     	0.05527     	0.03298     
2575        	10          	3.367       	0.02961     	0.05817     	0.03057     
2580        	10          	3.297       	0.03026     	0.06173     	0.03753     
2585        	10          	3.335       	0.0303      	0.06105     	0.02845     
2590        	10          	3.342       	0.02827     	0.05594     	0.03164     
2595        	10          	3.338       	0.03499     	0.06283     	0.02757     
2600        	10          	3.325       	0.03683     	0.06357     	0.03292     
2605        	10          	3.307       	0.03166     	0.05805     	0.03076     
2610        	10          	3.313       	0.02536     	0.05127     	0.02701     
2615        	10          	3.297       	0.03182     	0.05908     	0.03069     
2620        	10          	3.335       	0.02967     	0.05873     	0.03056     
2625        	10          	3.298       	0.02718     	0.06011     	0.02998     
2630        	10          	3.34        	0.02626     	0.06189     	0.03171     
2635        	10          	3.323       	0.02469     	0.05483     	0.02786     
2640        	10          	3.27        	0.03457     	0.05799     	0.02949     
2645        	10          	3.313       	0.02441     	0.05746     	0.03234     
2650        	10          	3.357       	0.02578     	0.06049     	0.03141     
2655        	10          	3.298       	0.02585     	0.05225     	0.02712     
2660        	10          	3.277       	0.02886     	0.05349     	0.02604     
2665        	10          	3.323       	0.02467     	0.05473     	0.03078     
2670        	10          	3.3         	0.0316      	0.0522      	0.02668     
2675        	10          	3.3         	0.02761     	0.06445     	0.0269      
2680        	10          	3.273       	0.02572     	0.05037     	0.02593     
2685        	10          	3.26        	0.03061     	0.05427     	0.02446     
2690        	10          	3.285       	0.02834     	0.05446     	0.02616     
2695        	10          	3.26        	0.03745     	0.06198     	0.0297      
2700        	10          	3.257       	0.02787     	0.05656     	0.02508     
2705        	10          	3.245       	0.02903     	0.05768     	0.02999     
2710        	10          	3.303       	0.02473     	0.05885     	0.03048     
2715        	10          	3.298       	0.03226     	0.05981     	0.02527     
2720        	10          	3.278       	0.02604     	0.05844     	0.02634     
2725        	10          	3.287       	0.02614     	0.05794     	0.02839     
2730        	10          	3.285       	0.02769     	0.05986     	0.02503     
2735        	10          	3.288       	0.02448     	0.05105     	0.02707     
2740        	10          	3.258       	0.02722     	0.05407     	0.03207     
2745        	10          	3.25        	0.03132     	0.04874     	0.02775     
2750        	10          	3.257       	0.02867     	0.05299     	0.0215      
2755        	10          	3.247       	0.02776     	0.0489      	0.02439     
2760        	10          	3.247       	0.02348     	0.05827     	0.02458     
2765        	10          	3.205       	0.0312      	0.06039     	0.02925     
2770        	10          	3.223       	0.01846     	0.05262     	0.02711     
2775        	10          	3.208       	0.02959     	0.06315     	0.02468     
2780        	10          	3.185       	0.03041     	0.05827     	0.02566     
2785        	10          	3.233       	0.02466     	0.05986     	0.02431     
2790        	10          	3.19        	0.02808     	0.05576     	0.02632     
2795        	10          	3.223       	0.02694     	0.05914     	0.02798     
2800        	10          	3.257       	0.03658     	0.05597     	0.0248      
2805        	10          	3.233       	0.03033     	0.05601     	0.02245     
2810        	10          	3.22        	0.03031     	0.04626     	0.02663     
2815        	10          	3.195       	0.03269     	0.05284     	0.02475     
2820        	10          	3.14        	0.03107     	0.0466      	0.02704     
2825        	10          	3.173       	0.02261     	0.04808     	0.0244      
2830        	10          	3.123       	0.02983     	0.0544      	0.03074     
2835        	10          	3.112       	0.02875     	0.04417     	0.02542     
2840        	10          	3.157       	0.02843     	0.04783     	0.02919     
2845        	10          	3.13        	0.03141     	0.05052     	0.02209     
2850        	10          	3.15        	0.0246      	0.04918     	0.02318     
2855        	10          	3.188       	0.02677     	0.05099     	0.01987     
2860        	10          	3.127       	0.02903     	0.05301     	0.02279     
2865        	10          	3.118       	0.02568     	0.05093     	0.025       
2870        	10          	3.152       	0.02369     	0.05235     	0.02712     
2875        	10          	3.143       	0.03165     	0.05787     	0.02333     
2880        	10          	3.137       	0.03414     	0.05512     	0.03135     
2885        	10          	3.135       	0.03982     	0.06288     	0.03151     
2890        	10          	3.152       	0.03309     	0.05854     	0.0314      
2895        	10          	3.147       	0.03098     	0.05786     	0.03412     
2900        	10          	3.167       	0.0343      	0.06231     	0.02813     
2905        	10          	3.195       	0.03454     	0.05883     	0.03151     
2910        	10          	3.153       	0.03133     	0.06297     	0.03909     
2915        	10          	3.175       	0.02502     	0.06407     	0.03599     
2920        	10          	3.148       	0.02722     	0.06179     	0.0297      
2925        	10          	3.203       	0.03101     	0.05309     	0.03064     
2930        	10          	3.158       	0.02931     	0.0562      	0.0284      
2935        	10          	3.17        	0.02587     	0.05353     	0.02783     
2940        	10          	3.185       	0.02479     	0.05497     	0.02977     
2945        	10          	3.19        	0.03029     	0.05786     	0.02785     
2950        	10          	3.147       	0.02997     	0.05611     	0.03904     
2955        	10          	3.185       	0.02967     	0.05883     	0.03008     
2960        	10          	3.187       	0.03089     	0.06144     	0.02627     
2965        	10          	3.218       	0.03286     	0.05971     	0.02956     
2970        	10          	3.227       	0.03538     	0.06038     	0.0314      
2975        	10          	3.197       	0.02432     	0.05704     	0.03099     
2980        	10          	3.225       	0.03253     	0.06837     	0.03635     
2985        	10          	3.205       	0.02995     	0.06278     	0.03022     
2990        	10          	3.235       	0.0277      	0.05381     	0.02657     
2995        	10          	3.215       	0.03295     	0.05908     	0.02505     
3000        	10          	3.195       	0.02942     	0.05731     	0.02014     
3005        	10          	3.177       	0.02909     	0.0625      	0.02922     
3010        	10          	3.2         	0.02932     	0.06963     	0.03225     
3015        	10          	3.147       	0.03188     	0.06875     	0.02916     
3020        	10          	3.17        	0.02832     	0.05384     	0.02402     
3025        	10          	3.162       	0.02943     	0.05827     	0.03036     
3030        	10          	3.192       	0.02922     	0.05726     	0.02821     
3035        	10          	3.187       	0.03181     	0.06594     	0.028       
3040        	10          	3.165       	0.0318      	0.06014     	0.02266     
3045        	10          	3.162       	0.03057     	0.0597      	0.0282      
3050        	10          	3.152       	0.02861     	0.06001     	0.03028     
3055        	10          	3.117       	0.03126     	0.06565     	0.02941     
3060        	10          	3.112       	0.02893     	0.06847     	0.03689     
3065        	10          	3.103       	0.0272      	0.05529     	0.03393     
3070        	10          	3.112       	0.03397     	0.06098     	0.03418     
3075        	10          	3.123       	0.03297     	0.05927     	0.03178     
3080        	10          	3.12        	0.03251     	0.06361     	0.03007     
3085        	10          	3.155       	0.03261     	0.06529     	0.03241     
3090        	10          	3.15        	0.02974     	0.0614      	0.02598     
3095        	10          	3.178       	0.03069     	0.06047     	0.02537     
3100        	10          	3.187       	0.02912     	0.06154     	0.03142     
3105        	10          	3.152       	0.02898     	0.05929     	0.03416     
3110        	10          	3.14        	0.02288     	0.04813     	0.02506     
3115        	10          	3.163       	0.02493     	0.06114     	0.02882     
3120        	10          	3.152       	0.02482     	0.052       	0.02558     
3125        	10          	3.142       	0.02672     	0.05628     	0.02936     
3130        	10          	3.138       	0.02227     	0.04924     	0.02969     
3135        	10          	3.1         	0.02993     	0.05593     	0.03118     
3140        	10          	3.1         	0.02462     	0.05878     	0.0332      
3145        	10          	3.112       	0.03131     	0.05484     	0.02906     
3150        	10          	3.118       	0.02337     	0.05193     	0.0273      
3155        	10          	3.122       	0.02706     	0.05599     	0.02918     
3160        	10          	3.1         	0.02436     	0.05194     	0.02819     
3165        	10          	3.1         	0.02883     	0.06139     	0.03149     
3170        	10          	3.11        	0.02462     	0.05509     	0.03215     
3175        	10          	3.138       	0.02051     	0.05264     	0.03115     
3180        	10          	3.117       	0.02627     	0.05835     	0.02916     
3185        	10          	3.11        	0.02208     	0.05288     	0.02627     
3190        	10          	3.107       	0.02289     	0.06053     	0.02952     
3195        	10          	3.113       	0.02767     	0.05737     	0.031       
3200        	10          	3.143       	0.02991     	0.05576     	0.02654     
3205        	10          	3.133       	0.02674     	0.0606      	0.03185     
3210        	10          	3.153       	0.02743     	0.06317     	0.02906     
3215        	10          	3.17        	0.02779     	0.06807     	0.0384      
3220        	10          	3.162       	0.02673     	0.06497     	0.03789     
3225        	10          	3.182       	0.03384     	0.06918     	0.03253     
3230        	10          	3.158       	0.0203      	0.06062     	0.02858     
3235        	10          	3.158       	0.02583     	0.05552     	0.02896     
3240        	10          	3.198       	0.02558     	0.05307     	0.02345     
3245        	10          	3.17        	0.03578     	0.05845     	0.03028     
3250        	10          	3.193       	0.03786     	0.0589      	0.02728     
3255        	10          	3.18        	0.0299      	0.05547     	0.03075     
3260        	10          	3.212       	0.02394     	0.05365     	0.02593     
3265        	10          	3.2         	0.03005     	0.0591      	0.02988     
3270        	10          	3.177       	0.02955     	0.06228     	0.02923     
3275        	10          	3.178       	0.02991     	0.05738     	0.02258     
3280        	10          	3.188       	0.03423     	0.05941     	0.02952     
3285        	10          	3.192       	0.03005     	0.05303     	0.02694     
3290        	10          	3.162       	0.02394     	0.06097     	0.03191     
3295        	10          	3.167       	0.03021     	0.05566     	0.02666     
3300        	10          	3.183       	0.03481     	0.05379     	0.01992     
3305        	10          	3.142       	0.03339     	0.0549      	0.02662     
3310        	10          	3.163       	0.02751     	0.04799     	0.0216      
3315        	10          	3.142       	0.02447     	0.05008     	0.02735     
3320        	10          	3.122       	0.02589     	0.05111     	0.02812     
3325        	10          	3.112       	0.02655     	0.06258     	0.02444     
3330        	10          	3.112       	0.03253     	0.05929     	0.02487     
3335        	10          	3.135       	0.03115     	0.05912     	0.03525     
3340        	10          	3.088       	0.02864     	0.05873     	0.03163     
3345        	10          	3.102       	0.03298     	0.0647      	0.02482     
3350        	10          	3.117       	0.03147     	0.06363     	0.03012     
3355        	10          	3.172       	0.02776     	0.0642      	0.03469     
3360        	10          	3.148       	0.02682     	0.06226     	0.02907     
3365        	10          	3.172       	0.03065     	0.06764     	0.03433     
3370        	10          	3.157       	0.02444     	0.06086     	0.02724     
3375        	10          	3.148       	0.02196     	0.05009     	0.02816     
3380        	10          	3.163       	0.0254      	0.06175     	0.03598     
3385        	10          	3.128       	0.02361     	0.05235     	0.02839     
3390        	10          	3.137       	0.0272      	0.0588      	0.03236     
3395        	10          	3.12        	0.02179     	0.04758     	0.02996     
3400        	10          	3.098       	0.0349      	0.0628      	0.03624     
3405        	10          	3.098       	0.02953     	0.05994     	0.03327     
3410        	10          	3.118       	0.03762     	0.06825     	0.03288     
3415        	10          	3.123       	0.0266      	0.05823     	0.02203     
3420        	10          	3.132       	0.02614     	0.06542     	0.02916     
3425        	10          	3.075       	0.02748     	0.06508     	0.03582     
3430        	10          	3.128       	0.02672     	0.06535     	0.03413     
3435        	10          	3.152       	0.02934     	0.06513     	0.03241     
3440        	10          	3.14        	0.03409     	0.06441     	0.0321      
3445        	10          	3.13        	0.02552     	0.05037     	0.0264      
3450        	10          	3.11        	0.02383     	0.05195     	0.02759     
3455        	10          	3.142       	0.02647     	0.04978     	0.02334     
3460        	10          	3.11        	0.03124     	0.05439     	0.03423     
3465        	10          	3.102       	0.02787     	0.05444     	0.0249      
3470        	10          	3.115       	0.03948     	0.05722     	0.02253     
3475        	10          	3.1         	0.03774     	0.05992     	0.02945     
3480        	10          	3.147       	0.02877     	0.06449     	0.02764     
3485        	10          	3.11        	0.02971     	0.05804     	0.02597     
3490        	10          	3.138       	0.02847     	0.06546     	0.03068     
3495        	10          	3.102       	0.02928     	0.06374     	0.03308     
3500        	10          	3.143       	0.03398     	0.06077     	0.02846     
3505        	10          	3.088       	0.02978     	0.05541     	0.02605     
3510        	10          	3.142       	0.02845     	0.06011     	0.02676     
3515        	10          	3.163       	0.02474     	0.05739     	0.02932     
3520        	10          	3.122       	0.03372     	0.05689     	0.02466     
3525        	10          	3.125       	0.02494     	0.06103     	0.03018     
3530        	10          	3.13        	0.02781     	0.05983     	0.02666     
3535        	10          	3.077       	0.02308     	0.05186     	0.02699     
3540        	10          	3.137       	0.02953     	0.05894     	0.02482     
3545        	10          	3.143       	0.03291     	0.05897     	0.02968     
3550        	10          	3.148       	0.0258      	0.05869     	0.03331     
3555        	10          	3.185       	0.02623     	0.04866     	0.02272     
3560        	10          	3.143       	0.02592     	0.0529      	0.0254      
3565        	10          	3.14        	0.02676     	0.05251     	0.03039     
3570        	10          	3.143       	0.02452     	0.05536     	0.03511     
3575        	10          	3.133       	0.02816     	0.049       	0.03133     
3580        	10          	3.162       	0.02653     	0.04954     	0.02685     
3585        	10          	3.148       	0.02749     	0.0608      	0.03051     
3590        	10          	3.153       	0.02201     	0.05678     	0.02756     
3595        	10          	3.158       	0.02531     	0.05619     	0.02787     
3600        	10          	3.18        	0.02754     	0.05831     	0.02828     
3605        	10          	3.137       	0.02826     	0.06471     	0.02368     
3610        	10          	3.148       	0.03513     	0.05558     	0.02971     
3615        	10          	3.133       	0.02976     	0.06018     	0.02969     
3620        	10          	3.183       	0.02981     	0.05711     	0.02319     
3625        	10          	3.145       	0.03257     	0.05674     	0.02718     
3630        	10          	3.172       	0.02679     	0.04931     	0.0243      
3635        	10          	3.198       	0.02638     	0.04833     	0.02536     
3640        	10          	3.157       	0.02592     	0.05515     	0.0295      
3645        	10          	3.172       	0.02725     	0.05861     	0.02724     
3650        	10          	3.153       	0.02662     	0.057       	0.0254      
3655        	10          	3.192       	0.03062     	0.06057     	0.02763     
3660        	10          	3.178       	0.02356     	0.05127     	0.02868     
3665        	10          	3.178       	0.02954     	0.05631     	0.02947     
3670        	10          	3.183       	0.02695     	0.05343     	0.02586     
3675        	10          	3.152       	0.02504     	0.0473      	0.02225     
3680        	10          	3.153       	0.02717     	0.05445     	0.02603     
3685        	10          	3.177       	0.02617     	0.05352     	0.02175     
3690        	10          	3.193       	0.02356     	0.04978     	0.02275     
3695        	10          	3.19        	0.02134     	0.04875     	0.01993     
3700        	10          	3.178       	0.02528     	0.0542      	0.02384     
3705        	10          	3.17        	0.03073     	0.05307     	0.03186     
3710        	10          	3.155       	0.03666     	0.06024     	0.03187     
3715        	10          	3.195       	0.02939     	0.0544      	0.02963     
3720        	10          	3.16        	0.03279     	0.05597     	0.03215     
3725        	10          	3.135       	0.03343     	0.05577     	0.026       
3730        	10          	3.178       	0.03003     	0.05947     	0.02514     
3735        	10          	3.142       	0.03416     	0.05518     	0.02992     
3740        	10          	3.165       	0.02774     	0.05496     	0.02709     
3745        	10          	3.17        	0.02694     	0.06001     	0.02874     
3750        	10          	3.162       	0.02337     	0.05446     	0.02975     
3755        	10          	3.107       	0.03504     	0.06342     	0.03335     
3760        	10          	3.172       	0.02775     	0.05047     	0.02966     
3765        	10          	3.158       	0.02889     	0.06092     	0.03172     
3770        	10          	3.157       	0.0227      	0.0465      	0.02536     
3775        	10          	3.177       	0.02526     	0.05428     	0.0301      
3780        	10          	3.2         	0.02142     	0.04201     	0.02209     
3785        	10          	3.167       	0.02427     	0.04906     	0.02627     
3790        	10          	3.215       	0.01941     	0.04112     	0.02416     
3795        	10          	3.18        	0.0311      	0.06021     	0.03181     
3800        	10          	3.21        	0.02926     	0.05082     	0.03089     
3805        	10          	3.178       	0.0298      	0.05504     	0.03568     
3810        	10          	3.193       	0.02687     	0.04963     	0.03078     
3815        	10          	3.203       	0.02806     	0.05856     	0.03111     
3820        	10          	3.217       	0.02687     	0.0533      	0.02497     
3825        	10          	3.195       	0.02903     	0.05086     	0.03005     
3830        	10          	3.188       	0.03        	0.05939     	0.02885     
3835        	10          	3.198       	0.02754     	0.06103     	0.02905     
3840        	10          	3.2         	0.02954     	0.05802     	0.03157     
3845        	10          	3.175       	0.03554     	0.06342     	0.02489     
3850        	10          	3.187       	0.03427     	0.05243     	0.02629     
3855        	10          	3.187       	0.03171     	0.05904     	0.02682     
3860        	10          	3.185       	0.02477     	0.04658     	0.02025     
3865        	10          	3.168       	0.02722     	0.05994     	0.03131     
3870        	10          	3.175       	0.02872     	0.05703     	0.0284      
3875        	10          	3.192       	0.02742     	0.05063     	0.02947     
3880        	10          	3.15        	0.03175     	0.05335     	0.03208     
3885        	10          	3.137       	0.02747     	0.06247     	0.03225     
3890        	10          	3.178       	0.02667     	0.04899     	0.02527     
3895        	10          	3.132       	0.03159     	0.05857     	0.02862     
3900        	10          	3.142       	0.02934     	0.0609      	0.03076     
3905        	10          	3.113       	0.02857     	0.05344     	0.03439     
3910        	10          	3.15        	0.02694     	0.05935     	0.0331      
3915        	10          	3.128       	0.02999     	0.06034     	0.03767     
3920        	10          	3.137       	0.0246      	0.04346     	0.02611     
3925        	10          	3.15        	0.02948     	0.05572     	0.02911     
3930        	10          	3.172       	0.02867     	0.05763     	0.02877     
3935        	10          	3.14        	0.02984     	0.05092     	0.0293      
3940        	10          	3.172       	0.02931     	0.05101     	0.02263     
3945        	10          	3.155       	0.02739     	0.05136     	0.02747     
3950        	10          	3.152       	0.02552     	0.04854     	0.02954     
3955        	10          	3.155       	0.02485     	0.06345     	0.03169     
3960        	10          	3.165       	0.02111     	0.04858     	0.03493     
3965        	10          	3.157       	0.02508     	0.04639     	0.02804     
3970        	10          	3.148       	0.02046     	0.04331     	0.02701     
3975        	10          	3.143       	0.02382     	0.0541      	0.03109     
3980        	10          	3.095       	0.0233      	0.05003     	0.02695     
3985        	10          	3.1         	0.02476     	0.04858     	0.02176     
3990        	10          	3.132       	0.02697     	0.05673     	0.03024     
3995        	10          	3.122       	0.02713     	0.05236     	0.02825     
4000        	10          	3.098       	0.03501     	0.05972     	0.02775     
4005        	10          	3.113       	0.03047     	0.05703     	0.0222      
4010        	10          	3.112       	0.03388     	0.05178     	0.03081     
4015        	10          	3.093       	0.02418     	0.05045     	0.03029     
4020        	10          	3.105       	0.02383     	0.05125     	0.02952     
4025        	10          	3.123       	0.02686     	0.05514     	0.03349     
4030        	10          	3.052       	0.02555     	0.0537      	0.03096     
4035        	10          	3.047       	0.03447     	0.05842     	0.0296      
4040        	10          	3.097       	0.02568     	0.05329     	0.02951     
4045        	10          	3.062       	0.02673     	0.05617     	0.0363      
4050        	10          	3.082       	0.03821     	0.05313     	0.02734     
4055        	10          	3.082       	0.02716     	0.04875     	0.02739     
4060        	10          	3.063       	0.02668     	0.05965     	0.03049     
4065        	10          	3.085       	0.02685     	0.05074     	0.0264      
4070        	10          	3.057       	0.03031     	0.05706     	0.03019     
4075        	10          	3.075       	0.03451     	0.05378     	0.03419     
4080        	10          	3.075       	0.0287      	0.05501     	0.0281      
4085        	10          	3.102       	0.03182     	0.05785     	0.03169     
4090        	10          	3.095       	0.02945     	0.05687     	0.03122     
4095        	10          	3.042       	0.02957     	0.05262     	0.02789     
4100        	10          	3.052       	0.0238      	0.05538     	0.03267     
4105        	10          	3.038       	0.02531     	0.05773     	0.02857     
4110        	10          	3.072       	0.02805     	0.05561     	0.02708     
4115        	10          	3.038       	0.02928     	0.04877     	0.02472     
4120        	10          	3.045       	0.02799     	0.05119     	0.03018     
4125        	10          	3.087       	0.0269      	0.05228     	0.02866     
4130        	10          	3.048       	0.0195      	0.05169     	0.03035     
4135        	10          	3.073       	0.02051     	0.04414     	0.02517     
4140        	10          	3.083       	0.0204      	0.04769     	0.02862     
4145        	10          	3.08        	0.02185     	0.04631     	0.02517     
4150        	10          	3.073       	0.02467     	0.04944     	0.03053     
4155        	10          	3.075       	0.02817     	0.05283     	0.03136     
4160        	10          	3.045       	0.0197      	0.0483      	0.02972     
4165        	10          	3.08        	0.02583     	0.0525      	0.02561     
4170        	10          	3.072       	0.02677     	0.05805     	0.02689     
4175        	10          	3.067       	0.03396     	0.06623     	0.02979     
4180        	10          	3.087       	0.02889     	0.05436     	0.0285      
4185        	10          	3.092       	0.03536     	0.05683     	0.02426     
4190        	10          	3.082       	0.03152     	0.0522      	0.02683     
4195        	10          	3.115       	0.03596     	0.05944     	0.02197     
4200        	10          	3.125       	0.0261      	0.05738     	0.03007     
4205        	10          	3.09        	0.02854     	0.05279     	0.02615     
4210        	10          	3.072       	0.02699     	0.05018     	0.02637     
4215        	10          	3.067       	0.02613     	0.04996     	0.02159     
4220        	10          	3.068       	0.03197     	0.06451     	0.02787     
4225        	10          	3.073       	0.03482     	0.06581     	0.02485     
4230        	10          	3.085       	0.03009     	0.06296     	0.02841     
4235        	10          	3.072       	0.0325      	0.06686     	0.02845     
4240        	10          	3.087       	0.02444     	0.06705     	0.03709     
4245        	10          	3.12        	0.029       	0.06313     	0.02822     
4250        	10          	3.082       	0.02673     	0.05716     	0.02796     
4255        	10          	3.082       	0.02448     	0.05747     	0.02473     
4260        	10          	3.04        	0.02683     	0.06058     	0.03031     
4265        	10          	3.088       	0.03009     	0.0679      	0.02841     
4270        	10          	3.068       	0.0294      	0.06672     	0.03126     
4275        	10          	3.043       	0.02762     	0.06894     	0.02807     
4280        	10          	3.022       	0.03087     	0.06851     	0.03344     
4285        	10          	2.993       	0.02964     	0.05909     	0.02454     
4290        	10          	3.022       	0.02912     	0.06392     	0.02787     
4295        	10          	3.02        	0.03251     	0.0629      	0.03054     
4300        	10          	2.998       	0.03425     	0.05497     	0.02999     
4305        	10          	3.002       	0.03046     	0.04746     	0.02752     
4310        	10          	2.998       	0.03281     	0.05361     	0.02771     
4315        	10          	3           	0.02744     	0.05921     	0.03318     
4320        	10          	2.987       	0.02754     	0.06047     	0.02423     
4325        	10          	3           	0.03214     	0.06486     	0.02876     
4330        	10          	3.017       	0.02908     	0.06413     	0.02931     
4335        	10          	3.007       	0.02958     	0.05921     	0.03152     
4340        	10          	3.027       	0.02853     	0.0545      	0.02997     
4345        	10          	3.007       	0.02739     	0.056       	0.03234     
4350        	10          	3           	0.0234      	0.05338     	0.02726     
4355        	10          	3.01        	0.03933     	0.06851     	0.02829     
4360        	10          	3.013       	0.0313      	0.06296     	0.02858     
4365        	10          	3.017       	0.02994     	0.06297     	0.0306      
4370        	10          	3.04        	0.02853     	0.06098     	0.03035     
4375        	10          	2.998       	0.02882     	0.05511     	0.02984     
4380        	10          	3.007       	0.03026     	0.06527     	0.02932     
4385        	10          	3.023       	0.03006     	0.06001     	0.02401     
4390        	10          	3.02        	0.0357      	0.06197     	0.02795     
4395        	10          	3.013       	0.03357     	0.0619      	0.02773     
4400        	10          	3.012       	0.03096     	0.05767     	0.02463     
4405        	10          	3.017       	0.02991     	0.06818     	0.02624     
4410        	10          	3.038       	0.03421     	0.06269     	0.03585     
4415        	10          	3.042       	0.03045     	0.06505     	0.02881     
4420        	10          	3.015       	0.02665     	0.05336     	0.02689     
4425        	10          	2.975       	0.02604     	0.05549     	0.02731     
4430        	10          	2.963       	0.0246      	0.05637     	0.02649     
4435        	10          	3.023       	0.03178     	0.06536     	0.02501     
4440        	10          	3           	0.03043     	0.05294     	0.02256     
4445        	10          	3.003       	0.02995     	0.0593      	0.03164     
4450        	10          	3.01        	0.02611     	0.05985     	0.02845     
4455        	10          	2.982       	0.0264      	0.05155     	0.03085     
4460        	10          	3.035       	0.03076     	0.0623      	0.02461     
4465        	10          	3.012       	0.03476     	0.05617     	0.02661     
4470        	10          	3.025       	0.03207     	0.06087     	0.03262     
4475        	10          	3.048       	0.02223     	0.05275     	0.02477     
4480        	10          	3.043       	0.0298      	0.06362     	0.02829     
4485        	10          	3.03        	0.03389     	0.0682      	0.03532     
4490        	10          	3.038       	0.02888     	0.06913     	0.02799     
4495        	10          	3.027       	0.0318      	0.06292     	0.02914     
4500        	10          	3.013       	0.0395      	0.07192     	0.02763     
4505        	10          	3.002       	0.03764     	0.05895     	0.02492     
4510        	10          	3.023       	0.03373     	0.0568      	0.03279     
4515        	10          	3.03        	0.0287      	0.05216     	0.03079     
4520        	10          	3.003       	0.03211     	0.05433     	0.03166     
4525        	10          	3.005       	0.03209     	0.05903     	0.03549     
4530        	10          	3.012       	0.02364     	0.05825     	0.0303      
4535        	10          	3.042       	0.02753     	0.05806     	0.0312      
4540        	10          	2.998       	0.03103     	0.05615     	0.02746     
4545        	10          	3.033       	0.01965     	0.04805     	0.0297      
4550        	10          	3.05        	0.01691     	0.04563     	0.03055     
4555        	10          	3.025       	0.02281     	0.04891     	0.02816     
4560        	10          	3.05        	0.02398     	0.04498     	0.0301      
4565        	10          	3.048       	0.02532     	0.05372     	0.0326      
4570        	10          	3.037       	0.02477     	0.05287     	0.02717     
4575        	10          	3.055       	0.02382     	0.05619     	0.02766     
4580        	10          	3.007       	0.02555     	0.06533     	0.0299      
4585        	10          	3.035       	0.03232     	0.06697     	0.03852     
4590        	10          	3.003       	0.02606     	0.05295     	0.03152     
4595        	10          	2.997       	0.02119     	0.05868     	0.02963     
4600        	10          	3.03        	0.02768     	0.05437     	0.03383     
4605        	10          	3.02        	0.02826     	0.0572      	0.02998     
4610        	10          	3.03        	0.03018     	0.06239     	0.02533     
4615        	10          	3.098       	0.0264      	0.0552      	0.02955     
4620        	10          	3.095       	0.02881     	0.05307     	0.02597     
4625        	10          	3.097       	0.03135     	0.05599     	0.02504     
4630        	10          	3.067       	0.0307      	0.04898     	0.02199     
4635        	10          	3.015       	0.02744     	0.05361     	0.0281      
4640        	10          	3.03        	0.02404     	0.05512     	0.02904     
4645        	10          	3.07        	0.02326     	0.04526     	0.02599     
4650        	10          	3.04        	0.01728     	0.04371     	0.02975     
4655        	10          	3.065       	0.02509     	0.04872     	0.0309      
4660        	10          	3.042       	0.03052     	0.06533     	0.02415     
4665        	10          	3.055       	0.03093     	0.0633      	0.03248     
4670        	10          	3.043       	0.03157     	0.05086     	0.02389     
4675        	10          	3.023       	0.02259     	0.04742     	0.02308     
4680        	10          	3.028       	0.02895     	0.05516     	0.02434     
4685        	10          	3.048       	0.02713     	0.04585     	0.02172     
4690        	10          	3.02        	0.02746     	0.05133     	0.02356     
4695        	10          	3.02        	0.02362     	0.04886     	0.02072     
4700        	10          	3.02        	0.02398     	0.05389     	0.02327     
4705        	10          	3.023       	0.02881     	0.05248     	0.02549     
4710        	10          	3.03        	0.03123     	0.0552      	0.02336     
4715        	10          	3.003       	0.02386     	0.05914     	0.02989     
4720        	10          	2.99        	0.02874     	0.06214     	0.03273     
4725        	10          	3.013       	0.03275     	0.05983     	0.03114     
4730        	10          	2.995       	0.03326     	0.07373     	0.03285     
4735        	10          	2.978       	0.028       	0.05273     	0.02865     
4740        	10          	2.975       	0.02664     	0.06182     	0.03634     
4745        	10          	3.005       	0.02702     	0.06373     	0.03738     
4750        	10          	3           	0.02943     	0.06892     	0.04332     
4755        	10          	3.028       	0.02719     	0.061       	0.03477     
4760        	10          	3.05        	0.02647     	0.05351     	0.02426     
4765        	10          	3.037       	0.02511     	0.05477     	0.03199     
4770        	10          	3.047       	0.02788     	0.05325     	0.03062     
4775        	10          	3.027       	0.03126     	0.05154     	0.02499     
4780        	10          	3.027       	0.02842     	0.05125     	0.02783     
4785        	10          	2.985       	0.03353     	0.05087     	0.02911     
4790        	10          	2.988       	0.02734     	0.05322     	0.02577     
4795        	10          	2.985       	0.02999     	0.05011     	0.02414     
4800        	10          	2.972       	0.02994     	0.04982     	0.02386     
4805        	10          	2.998       	0.02401     	0.04738     	0.02699     
4810        	10          	3.02        	0.02438     	0.0522      	0.02654     
4815        	10          	3.005       	0.03081     	0.05018     	0.02424     
4820        	10          	2.988       	0.02107     	0.04818     	0.02002     
4825        	10          	3.013       	0.03012     	0.05556     	0.02914     
4830        	10          	3.025       	0.03377     	0.05925     	0.02679     
4835        	10          	3.018       	0.02791     	0.05615     	0.02646     
4840        	10          	2.98        	0.02689     	0.0519      	0.02913     
4845        	10          	2.982       	0.02785     	0.06176     	0.0321      
4850        	10          	2.953       	0.02584     	0.05        	0.02673     
4855        	10          	2.967       	0.02606     	0.05416     	0.02916     
4860        	10          	2.97        	0.02856     	0.06137     	0.03629     
4865        	10          	2.942       	0.02738     	0.06446     	0.04349     
4870        	10          	2.987       	0.03167     	0.06473     	0.03382     
4875        	10          	2.943       	0.02949     	0.05724     	0.03229     
4880        	10          	2.975       	0.03152     	0.06064     	0.02653     
4885        	10          	2.953       	0.03142     	0.05668     	0.02848     
4890        	10          	2.932       	0.02813     	0.05688     	0.0275      
4895        	10          	2.955       	0.02574     	0.05555     	0.0219      
4900        	10          	2.945       	0.02675     	0.05607     	0.02602     
4905        	10          	2.927       	0.033       	0.06425     	0.03261     
4910        	10          	2.955       	0.02332     	0.05531     	0.03468     
4915        	10          	2.923       	0.02616     	0.06192     	0.03815     
4920        	10          	2.943       	0.0271      	0.05604     	0.02733     
4925        	10          	2.978       	0.02495     	0.05593     	0.03278     
4930        	10          	2.977       	0.02349     	0.05518     	0.02989     
4935        	10          	2.952       	0.02677     	0.05137     	0.02766     
4940        	10          	2.93        	0.03077     	0.05234     	0.02756     
4945        	10          	2.923       	0.02346     	0.0539      	0.02502     
4950        	10          	2.925       	0.03347     	0.05355     	0.02671     
4955        	10          	2.948       	0.02729     	0.05322     	0.03053     
4960        	10          	2.963       	0.02913     	0.05551     	0.03363     
4965        	10          	2.945       	0.02792     	0.06268     	0.04668     
4970        	10          	2.962       	0.0276      	0.0655      	0.0339      
4975        	10          	2.982       	0.02757     	0.05439     	0.03409     
4980        	10          	2.98        	0.0222      	0.05461     	0.03219     
4985        	10          	3.018       	0.02485     	0.05845     	0.03169     
4990        	10          	2.958       	0.0288      	0.05508     	0.02803     
4995        	10          	2.993       	0.0319      	0.06025     	0.03207     
5000        	10          	2.993       	0.02634     	0.05347     	0.02748     
