generation  	alive.rpl   	n.adlt.rs   	n.adlt.fst.wc_p1-2	n.adlt.fst.wc_p1-3	n.adlt.fst.wc_p2-3
5           	10          	18.74       	0.003166    	0.003378    	0.001983    
10          	10          	18.54       	0.002055    	0.006501    	0.002149    
15          	10          	18.39       	0.003166    	0.006269    	0.003566    
20          	10          	18.23       	0.003301    	0.008094    	0.003482    
25          	10          	17.92       	0.003985    	0.008443    	0.003046    
30          	10          	17.78       	0.00508     	0.009288    	0.004001    
35          	10          	17.58       	0.003668    	0.008338    	0.004139    
40          	10          	17.48       	0.002976    	0.008897    	0.004653    
45          	10          	17.24       	0.004809    	0.008912    	0.00493     
50          	10          	17.02       	0.003656    	0.009004    	0.004564    
55          	10          	16.87       	0.004552    	0.009511    	0.004909    
60          	10          	16.69       	0.004702    	0.009053    	0.004852    
65          	10          	16.54       	0.003615    	0.01049     	0.005011    
70          	10          	16.48       	0.003218    	0.009505    	0.005212    
75          	10          	16.26       	0.004355    	0.00974     	0.004904    
80          	10          	16.11       	0.003512    	0.008874    	0.004621    
85          	10          	16.08       	0.003063    	0.008407    	0.004004    
90          	10          	15.83       	0.003816    	0.008481    	0.003233    
95          	10          	15.77       	0.004513    	0.008818    	0.003638    
100         	10          	15.55       	0.004195    	0.008682    	0.003927    
105         	10          	15.42       	0.004145    	0.009708    	0.004214    
110         	10          	15.29       	0.003928    	0.009164    	0.004097    
115         	10          	15.26       	0.004415    	0.009108    	0.003098    
120         	10          	15.02       	0.004147    	0.00844     	0.00297     
125         	10          	14.96       	0.00441     	0.008231    	0.002899    
130         	10          	14.76       	0.005636    	0.009073    	0.0044      
135         	10          	14.68       	0.003762    	0.008593    	0.003482    
140         	10          	14.52       	0.003663    	0.008238    	0.004733    
145         	10          	14.49       	0.005464    	0.009246    	0.004917    
150         	10          	14.29       	0.00406     	0.008455    	0.004866    
155         	10          	14.22       	0.005363    	0.00976     	0.003173    
160         	10          	13.99       	0.004446    	0.009553    	0.003808    
165         	10          	13.94       	0.003686    	0.008954    	0.003863    
170         	10          	13.71       	0.00554     	0.009231    	0.004143    
175         	10          	13.77       	0.004393    	0.008917    	0.003384    
180         	10          	13.52       	0.003676    	0.00972     	0.003866    
185         	10          	13.48       	0.003987    	0.009205    	0.00416     
190         	10          	13.33       	0.002459    	0.008972    	0.004881    
195         	10          	13.39       	0.00368     	0.00879     	0.005125    
200         	10          	13.18       	0.003259    	0.009079    	0.004155    
205         	10          	13.07       	0.005604    	0.009187    	0.004072    
210         	10          	12.96       	0.003473    	0.008195    	0.001934    
215         	10          	12.86       	0.004673    	0.009498    	0.005139    
220         	10          	12.7        	0.002799    	0.009883    	0.004166    
225         	10          	12.75       	0.005124    	0.009297    	0.004724    
230         	10          	12.66       	0.003345    	0.008228    	0.003105    
235         	10          	12.55       	0.004836    	0.009712    	0.004281    
240         	10          	12.43       	0.005426    	0.01015     	0.004837    
245         	10          	12.36       	0.005339    	0.0102      	0.003168    
250         	10          	12.24       	0.004763    	0.01015     	0.003377    
255         	10          	12.27       	0.005011    	0.01092     	0.004138    
260         	10          	12.15       	0.005996    	0.01034     	0.005377    
265         	10          	12.11       	0.005664    	0.009531    	0.003021    
270         	10          	11.98       	0.004699    	0.007687    	0.003622    
275         	10          	11.96       	0.00401     	0.008347    	0.003498    
280         	10          	11.95       	0.00366     	0.009212    	0.004965    
285         	10          	11.82       	0.003914    	0.01003     	0.006357    
290         	10          	11.75       	0.00558     	0.00854     	0.003707    
295         	10          	11.67       	0.003816    	0.009599    	0.004333    
300         	10          	11.63       	0.005108    	0.008933    	0.003691    
305         	10          	11.59       	0.002881    	0.007966    	0.003921    
310         	10          	11.56       	0.004908    	0.008649    	0.003901    
315         	10          	11.43       	0.003815    	0.008973    	0.005065    
320         	10          	11.37       	0.002835    	0.009633    	0.004956    
325         	10          	11.28       	0.004814    	0.01025     	0.005523    
330         	10          	11.2        	0.00405     	0.008308    	0.001731    
335         	10          	11.19       	0.003524    	0.007981    	0.004674    
340         	10          	11.13       	0.004424    	0.008768    	0.004654    
345         	10          	11.03       	0.004353    	0.009686    	0.005384    
350         	10          	11.02       	0.004269    	0.009247    	0.004046    
355         	10          	10.98       	0.003237    	0.01007     	0.003703    
360         	10          	10.88       	0.005632    	0.009747    	0.004652    
365         	10          	10.81       	0.004809    	0.008532    	0.004022    
370         	10          	10.86       	0.00427     	0.009363    	0.004433    
375         	10          	10.78       	0.004821    	0.007855    	0.003602    
380         	10          	10.66       	0.002464    	0.008136    	0.003927    
385         	10          	10.73       	0.003917    	0.008551    	0.003866    
390         	10          	10.69       	0.004326    	0.01023     	0.004503    
395         	10          	10.57       	0.005035    	0.009458    	0.002922    
400         	10          	10.54       	0.004014    	0.01002     	0.005446    
405         	10          	10.4        	0.005006    	0.01099     	0.004508    
410         	10          	10.34       	0.005188    	0.01023     	0.005222    
415         	10          	10.38       	0.004959    	0.0107      	0.003828    
420         	10          	10.31       	0.003324    	0.009905    	0.004382    
425         	10          	10.26       	0.004633    	0.0106      	0.004919    
430         	10          	10.18       	0.004347    	0.008715    	0.002889    
435         	10          	10.18       	0.004906    	0.008469    	0.002953    
440         	10          	10.17       	0.004247    	0.008605    	0.006035    
445         	10          	10.12       	0.003452    	0.008796    	0.004956    
450         	10          	10.04       	0.004107    	0.008129    	0.004523    
455         	10          	10.02       	0.005691    	0.01078     	0.005647    
460         	10          	9.97        	0.003315    	0.008536    	0.004461    
465         	10          	9.893       	0.005152    	0.009901    	0.005028    
470         	10          	9.922       	0.00513     	0.009697    	0.005945    
475         	10          	9.9         	0.004655    	0.008735    	0.003024    
480         	10          	9.82        	0.004598    	0.00852     	0.004811    
485         	10          	9.832       	0.005389    	0.009599    	0.005751    
490         	10          	9.798       	0.004633    	0.01111     	0.004251    
495         	10          	9.678       	0.004325    	0.01039     	0.003817    
500         	10          	9.708       	0.005388    	0.009972    	0.004211    
505         	10          	9.683       	0.002471    	0.007495    	0.002417    
510         	10          	9.605       	0.003885    	0.007561    	0.003533    
515         	10          	9.62        	0.005246    	0.009847    	0.004221    
520         	10          	9.525       	0.005745    	0.01051     	0.004231    
525         	10          	9.542       	0.003412    	0.0106      	0.004963    
530         	10          	9.515       	0.004997    	0.008443    	0.004199    
535         	10          	9.428       	0.004314    	0.009617    	0.005591    
540         	10          	9.488       	0.003074    	0.009102    	0.003859    
545         	10          	9.4         	0.005475    	0.01115     	0.005181    
550         	10          	9.325       	0.004937    	0.01034     	0.005336    
555         	10          	9.4         	0.00512     	0.008935    	0.005421    
560         	10          	9.317       	0.002896    	0.00882     	0.003396    
565         	10          	9.29        	0.003717    	0.01067     	0.005614    
570         	10          	9.272       	0.003641    	0.008368    	0.004821    
575         	10          	9.27        	0.004396    	0.0088      	0.00326     
580         	10          	9.198       	0.002812    	0.008768    	0.005224    
585         	10          	9.19        	0.003386    	0.007316    	0.003919    
590         	10          	9.148       	0.002591    	0.007852    	0.003834    
595         	10          	9.093       	0.003994    	0.008131    	0.004034    
600         	10          	9.122       	0.003709    	0.01034     	0.006437    
605         	10          	9.033       	0.003401    	0.009252    	0.003052    
610         	10          	9.028       	0.00312     	0.00706     	0.005269    
615         	10          	8.897       	0.003662    	0.007115    	0.004366    
620         	10          	8.942       	0.003483    	0.009086    	0.003882    
625         	10          	8.963       	0.004023    	0.008789    	0.003727    
630         	10          	8.917       	0.006303    	0.01106     	0.004152    
635         	10          	8.94        	0.003939    	0.008346    	0.003682    
640         	10          	8.893       	0.00468     	0.007578    	0.002302    
645         	10          	8.835       	0.005124    	0.0103      	0.002714    
650         	10          	8.778       	0.005234    	0.008951    	0.003783    
655         	10          	8.75        	0.004809    	0.008609    	0.003049    
660         	10          	8.757       	0.005277    	0.01267     	0.005855    
665         	10          	8.695       	0.004549    	0.009383    	0.004718    
670         	10          	8.758       	0.002509    	0.009935    	0.003072    
675         	10          	8.678       	0.004161    	0.01099     	0.004142    
680         	10          	8.647       	0.004225    	0.01129     	0.004562    
685         	10          	8.687       	0.002947    	0.01107     	0.005119    
690         	10          	8.618       	0.003418    	0.009709    	0.004797    
695         	10          	8.635       	0.003767    	0.01065     	0.004426    
700         	10          	8.597       	0.003752    	0.00918     	0.004041    
705         	10          	8.657       	0.004575    	0.008661    	0.003544    
710         	10          	8.503       	0.004907    	0.009978    	0.004379    
715         	10          	8.532       	0.004255    	0.0107      	0.004733    
720         	10          	8.577       	0.004292    	0.009392    	0.002732    
725         	10          	8.472       	0.004305    	0.01098     	0.004493    
730         	10          	8.472       	0.00325     	0.006955    	0.005739    
735         	10          	8.493       	0.004167    	0.008095    	0.005358    
740         	10          	8.39        	0.004112    	0.008445    	0.004258    
745         	10          	8.32        	0.003729    	0.01049     	0.004107    
750         	10          	8.41        	0.004349    	0.01219     	0.004508    
755         	10          	8.423       	0.003557    	0.00998     	0.004305    
760         	10          	8.395       	0.002107    	0.008201    	0.004624    
765         	10          	8.42        	0.003013    	0.008743    	0.00324     
770         	10          	8.413       	0.004451    	0.008248    	0.004683    
775         	10          	8.363       	0.003018    	0.006668    	0.003019    
780         	10          	8.312       	0.004295    	0.008604    	0.003026    
785         	10          	8.355       	0.003824    	0.009646    	0.005335    
790         	10          	8.26        	0.004315    	0.009535    	0.004946    
795         	10          	8.207       	0.005085    	0.008218    	0.004712    
800         	10          	8.203       	0.00496     	0.01026     	0.005199    
805         	10          	8.167       	0.005902    	0.01135     	0.004971    
810         	10          	8.24        	0.003214    	0.009063    	0.004234    
815         	10          	8.162       	0.003504    	0.0102      	0.004329    
820         	10          	8.14        	0.004398    	0.008804    	0.005142    
825         	10          	8.1         	0.003178    	0.008701    	0.003337    
830         	10          	8.12        	0.004394    	0.009339    	0.003518    
835         	10          	8.042       	0.003782    	0.009614    	0.005429    
840         	10          	8.108       	0.003307    	0.008351    	0.004275    
845         	10          	8.077       	0.00588     	0.009056    	0.005009    
850         	10          	8.17        	0.004558    	0.009279    	0.004765    
855         	10          	8.087       	0.003107    	0.009109    	0.004897    
860         	10          	8.078       	0.003615    	0.007472    	0.004049    
865         	10          	8.028       	0.004261    	0.01252     	0.004805    
870         	10          	8.032       	0.005159    	0.008554    	0.003116    
875         	10          	8.018       	0.004524    	0.01128     	0.006791    
880         	10          	7.933       	0.002984    	0.006223    	0.00212     
885         	10          	8.012       	0.006003    	0.008685    	0.003064    
890         	10          	7.945       	0.002937    	0.007697    	0.004281    
895         	10          	7.98        	0.002747    	0.007683    	0.003802    
900         	10          	7.983       	0.005008    	0.009504    	0.00405     
905         	10          	7.912       	0.002824    	0.008198    	0.002911    
910         	10          	7.788       	0.003082    	0.01124     	0.007339    
915         	10          	7.803       	0.005083    	0.009075    	0.005772    
920         	10          	7.857       	0.004937    	0.009446    	0.00702     
925         	10          	7.753       	0.004253    	0.008527    	0.002882    
930         	10          	7.812       	0.004553    	0.01047     	0.004441    
935         	10          	7.833       	0.0057      	0.00951     	0.004802    
940         	10          	7.802       	0.005634    	0.009755    	0.003742    
945         	10          	7.708       	0.003664    	0.008574    	0.00283     
950         	10          	7.712       	0.003685    	0.009562    	0.003638    
955         	10          	7.722       	0.003462    	0.01103     	0.005888    
960         	10          	7.695       	0.002288    	0.006219    	0.00401     
965         	10          	7.735       	0.002058    	0.00671     	0.00371     
970         	10          	7.677       	0.004944    	0.009074    	0.004719    
975         	10          	7.658       	0.003738    	0.01134     	0.004506    
980         	10          	7.645       	0.005509    	0.01044     	0.004256    
985         	10          	7.598       	0.00593     	0.01048     	0.002588    
990         	10          	7.607       	0.003352    	0.01141     	0.004331    
995         	10          	7.532       	0.005177    	0.01246     	0.006071    
1000        	10          	7.62        	0.003093    	0.009705    	0.004426    
1005        	10          	7.533       	0.005231    	0.01338     	0.005085    
1010        	10          	7.545       	0.004281    	0.01037     	0.006163    
1015        	10          	7.523       	0.005541    	0.01122     	0.004541    
1020        	10          	7.587       	0.003502    	0.00987     	0.003806    
1025        	10          	7.567       	0.00392     	0.008845    	0.004749    
1030        	10          	7.505       	0.003585    	0.008827    	0.002656    
1035        	10          	7.49        	0.004862    	0.01038     	0.003686    
1040        	10          	7.527       	0.00375     	0.007113    	0.004668    
1045        	10          	7.45        	0.003471    	0.009514    	0.002862    
1050        	10          	7.45        	0.003289    	0.007325    	0.003018    
1055        	10          	7.448       	0.004035    	0.008065    	0.004644    
1060        	10          	7.443       	0.004653    	0.009608    	0.003263    
1065        	10          	7.4         	0.003911    	0.009861    	0.005483    
1070        	10          	7.385       	0.005092    	0.008591    	0.003848    
1075        	10          	7.425       	0.004936    	0.01064     	0.004762    
1080        	10          	7.41        	0.002135    	0.009517    	0.003844    
1085        	10          	7.4         	0.005482    	0.00885     	0.003167    
1090        	10          	7.358       	0.004401    	0.008976    	0.005404    
1095        	10          	7.35        	0.003731    	0.01083     	0.006313    
1100        	10          	7.373       	0.005023    	0.009795    	0.005734    
1105        	10          	7.343       	0.004461    	0.0094      	0.005437    
1110        	10          	7.257       	0.005806    	0.009779    	0.00335     
1115        	10          	7.228       	0.004555    	0.008662    	0.004779    
1120        	10          	7.265       	0.004218    	0.008533    	0.004281    
1125        	10          	7.227       	0.006588    	0.009292    	0.003055    
1130        	10          	7.252       	0.004356    	0.008807    	0.003523    
1135        	10          	7.17        	0.003473    	0.01198     	0.007922    
1140        	10          	7.258       	0.005099    	0.01072     	0.004676    
1145        	10          	7.237       	0.004407    	0.007455    	0.003753    
1150        	10          	7.187       	0.004293    	0.009293    	0.005087    
1155        	10          	7.162       	0.00305     	0.008135    	0.003254    
1160        	10          	7.128       	0.005698    	0.0107      	0.003599    
1165        	10          	7.152       	0.003534    	0.006909    	0.00465     
1170        	10          	7.112       	0.003991    	0.01063     	0.00495     
1175        	10          	7.123       	0.006923    	0.01087     	0.00506     
1180        	10          	7.13        	0.004672    	0.007337    	0.002669    
1185        	10          	7.093       	0.006016    	0.01083     	0.003982    
1190        	10          	7.075       	0.0055      	0.01009     	0.004304    
1195        	10          	7.122       	0.004111    	0.01035     	0.004236    
1200        	10          	7.077       	0.003742    	0.00999     	0.002805    
1205        	10          	7.058       	0.005525    	0.0107      	0.003714    
1210        	10          	7.05        	0.004077    	0.009222    	0.003765    
1215        	10          	7.045       	0.003905    	0.00963     	0.003089    
1220        	10          	7.062       	0.003201    	0.006268    	0.003604    
1225        	10          	7.015       	0.004757    	0.009475    	0.004536    
1230        	10          	7.018       	0.004794    	0.01097     	0.00511     
1235        	10          	7.037       	0.005595    	0.008718    	0.004984    
1240        	10          	6.977       	0.005877    	0.007958    	0.002174    
1245        	10          	7.04        	0.003679    	0.006305    	0.004984    
1250        	10          	7.04        	0.00521     	0.008667    	0.004592    
1255        	10          	7.032       	0.004082    	0.009324    	0.007114    
1260        	10          	7.072       	0.004222    	0.00714     	0.003699    
1265        	10          	6.943       	0.004753    	0.008096    	0.005005    
1270        	10          	6.905       	0.005911    	0.009556    	0.002778    
1275        	10          	7.003       	0.002524    	0.007585    	0.005078    
1280        	10          	6.995       	0.004371    	0.01031     	0.003754    
1285        	10          	6.96        	0.004843    	0.009164    	0.003365    
1290        	10          	6.997       	0.003629    	0.01083     	0.004347    
1295        	10          	6.987       	0.00221     	0.01099     	0.005902    
1300        	10          	6.995       	0.004213    	0.008736    	0.002854    
1305        	10          	6.937       	0.003       	0.008868    	0.002935    
1310        	10          	6.903       	0.003588    	0.007967    	0.00498     
1315        	10          	6.908       	0.004419    	0.007692    	0.002576    
1320        	10          	6.903       	0.007204    	0.008155    	0.003787    
1325        	10          	6.927       	0.005811    	0.01028     	0.004162    
1330        	10          	6.933       	0.004998    	0.01048     	0.005043    
1335        	10          	6.913       	0.004043    	0.01038     	0.003956    
1340        	10          	6.907       	0.004739    	0.01208     	0.004783    
1345        	10          	6.933       	0.005161    	0.01075     	0.004761    
1350        	10          	6.922       	0.004721    	0.008581    	0.005465    
1355        	10          	6.905       	0.005998    	0.007468    	0.002773    
1360        	10          	6.838       	0.002274    	0.007167    	0.003379    
1365        	10          	6.832       	0.002596    	0.009072    	0.005367    
1370        	10          	6.853       	0.002203    	0.008057    	0.007893    
1375        	10          	6.838       	0.005047    	0.01046     	0.005841    
1380        	10          	6.85        	0.004293    	0.01048     	0.004655    
1385        	10          	6.928       	0.003181    	0.01033     	0.005055    
1390        	10          	6.898       	0.005024    	0.01139     	0.005452    
1395        	10          	6.878       	0.005373    	0.01133     	0.004479    
1400        	10          	6.81        	0.006581    	0.009203    	0.004347    
1405        	10          	6.875       	0.004761    	0.007991    	0.003052    
1410        	10          	6.807       	0.006177    	0.01167     	0.005684    
1415        	10          	6.832       	0.003582    	0.009587    	0.004372    
1420        	10          	6.792       	0.004286    	0.009368    	0.002247    
1425        	10          	6.79        	0.004692    	0.01086     	0.004649    
1430        	10          	6.777       	0.004332    	0.01043     	0.005235    
1435        	10          	6.773       	0.004923    	0.008829    	0.004339    
1440        	10          	6.702       	0.006331    	0.01346     	0.006175    
1445        	10          	6.777       	0.004961    	0.008705    	0.0042      
1450        	10          	6.713       	0.005269    	0.009386    	0.006654    
1455        	10          	6.682       	0.003897    	0.008901    	0.004962    
1460        	10          	6.71        	0.003967    	0.01019     	0.004864    
1465        	10          	6.692       	0.004501    	0.01032     	0.004546    
1470        	10          	6.768       	0.002736    	0.008082    	0.00378     
1475        	10          	6.668       	0.004466    	0.008446    	0.004537    
1480        	10          	6.653       	0.004334    	0.01011     	0.005562    
1485        	10          	6.683       	0.00464     	0.008462    	0.001648    
1490        	10          	6.66        	0.003283    	0.0097      	0.00446     
1495        	10          	6.588       	0.004103    	0.009767    	0.004438    
1500        	10          	6.71        	0.003364    	0.007055    	0.00248     
1505        	10          	6.627       	0.003558    	0.01054     	0.002729    
1510        	10          	6.668       	0.003658    	0.01062     	0.004575    
1515        	10          	6.613       	0.004204    	0.008192    	0.003592    
1520        	10          	6.617       	0.004914    	0.01052     	0.003978    
1525        	10          	6.628       	0.003131    	0.006921    	0.003743    
1530        	10          	6.603       	0.004113    	0.009911    	0.002297    
1535        	10          	6.587       	0.003532    	0.009366    	0.0061      
1540        	10          	6.575       	0.003827    	0.008033    	0.004681    
1545        	10          	6.59        	0.00375     	0.007031    	0.004583    
1550        	10          	6.543       	0.00298     	0.00643     	0.00365     
1555        	10          	6.58        	0.004759    	0.008191    	0.002792    
1560        	10          	6.512       	0.005623    	0.007871    	0.002639    
1565        	10          	6.558       	0.003804    	0.008965    	0.002274    
1570        	10          	6.478       	0.002188    	0.008422    	0.004835    
1575        	10          	6.527       	0.004906    	0.009468    	0.002391    
1580        	10          	6.488       	0.003425    	0.008689    	0.005578    
1585        	10          	6.478       	0.006314    	0.009085    	0.004539    
1590        	10          	6.492       	0.003749    	0.008546    	0.00407     
1595        	10          	6.492       	0.004481    	0.01144     	0.004529    
1600        	10          	6.492       	0.005329    	0.00956     	0.00374     
1605        	10          	6.52        	0.003956    	0.0084      	0.004611    
1610        	10          	6.463       	0.003763    	0.008377    	0.004504    
1615        	10          	6.55        	0.00451     	0.008945    	0.005417    
1620        	10          	6.467       	0.003557    	0.00961     	0.004216    
1625        	10          	6.473       	0.004306    	0.007798    	0.004231    
1630        	10          	6.457       	0.004237    	0.007809    	0.003654    
1635        	10          	6.487       	0.004868    	0.008098    	0.004118    
1640        	10          	6.45        	0.003912    	0.009492    	0.004875    
1645        	10          	6.437       	0.003744    	0.01041     	0.003869    
1650        	10          	6.455       	0.003647    	0.005335    	0.002439    
1655        	10          	6.483       	0.003822    	0.009959    	0.005499    
1660        	10          	6.468       	0.003903    	0.004976    	0.004599    
1665        	10          	6.497       	0.004508    	0.009097    	0.004834    
1670        	10          	6.398       	0.003299    	0.01028     	0.00443     
1675        	10          	6.402       	0.005598    	0.01041     	0.005627    
1680        	10          	6.473       	0.003784    	0.009929    	0.004358    
1685        	10          	6.387       	0.003187    	0.00876     	0.002647    
1690        	10          	6.407       	0.005503    	0.01044     	0.006379    
1695        	10          	6.357       	0.005397    	0.008817    	0.003287    
1700        	10          	6.445       	0.002309    	0.008778    	0.004605    
1705        	10          	6.378       	0.005334    	0.01008     	0.004842    
1710        	10          	6.36        	0.002353    	0.009018    	0.003406    
1715        	10          	6.408       	0.004255    	0.008288    	0.003075    
1720        	10          	6.36        	0.004756    	0.008641    	0.005271    
1725        	10          	6.318       	0.003698    	0.009333    	0.005539    
1730        	10          	6.348       	0.004842    	0.008127    	0.003473    
1735        	10          	6.403       	0.003452    	0.008925    	0.005016    
1740        	10          	6.385       	0.0035      	0.007879    	0.004062    
1745        	10          	6.357       	0.00407     	0.00804     	0.005391    
1750        	10          	6.308       	0.004281    	0.00835     	0.003485    
1755        	10          	6.362       	0.004733    	0.008935    	0.004178    
1760        	10          	6.325       	0.003569    	0.01078     	0.005204    
1765        	10          	6.312       	0.002634    	0.009693    	0.004311    
1770        	10          	6.295       	0.003923    	0.01054     	0.005956    
1775        	10          	6.235       	0.004995    	0.01074     	0.004785    
1780        	10          	6.24        	0.002925    	0.008799    	0.003712    
1785        	10          	6.26        	0.005416    	0.009651    	0.002636    
1790        	10          	6.257       	0.005636    	0.00794     	0.005886    
1795        	10          	6.243       	0.006075    	0.01125     	0.003676    
1800        	10          	6.185       	0.00515     	0.007878    	0.007015    
1805        	10          	6.262       	0.006697    	0.01178     	0.005495    
1810        	10          	6.182       	0.0006591   	0.008123    	0.004282    
1815        	10          	6.197       	0.003096    	0.009124    	0.003292    
1820        	10          	6.138       	0.004039    	0.0111      	0.005854    
1825        	10          	6.215       	0.003977    	0.008676    	0.003549    
1830        	10          	6.125       	0.004982    	0.008604    	0.005198    
1835        	10          	6.095       	0.005706    	0.01038     	0.002784    
1840        	10          	6.115       	0.004913    	0.01003     	0.005517    
1845        	10          	6.09        	0.003418    	0.008629    	0.005053    
1850        	10          	6.137       	0.003515    	0.009079    	0.006368    
1855        	10          	6.092       	0.003147    	0.007068    	0.004943    
1860        	10          	6.1         	0.003417    	0.009328    	0.005878    
1865        	10          	6.137       	0.002996    	0.009318    	0.002889    
1870        	10          	6.053       	0.005041    	0.009572    	0.006855    
1875        	10          	6.048       	0.004636    	0.008412    	0.004797    
1880        	10          	6.073       	0.004779    	0.008237    	0.00488     
1885        	10          	6.035       	0.00522     	0.008495    	0.004949    
1890        	10          	6.06        	0.002866    	0.008738    	0.003019    
1895        	10          	6.095       	0.003112    	0.008532    	0.005176    
1900        	10          	6.115       	0.0062      	0.009404    	0.005306    
1905        	10          	6.098       	0.003689    	0.01084     	0.005233    
1910        	10          	6.098       	0.002807    	0.007173    	0.004467    
1915        	10          	6.1         	0.00176     	0.008858    	0.003314    
1920        	10          	6.04        	0.001686    	0.007553    	0.00385     
1925        	10          	6.042       	0.004894    	0.009514    	0.005381    
1930        	10          	6.083       	0.003767    	0.008746    	0.001781    
1935        	10          	6.08        	0.005248    	0.01089     	0.003157    
1940        	10          	6.077       	0.004678    	0.0083      	0.004222    
1945        	10          	6.06        	0.006345    	0.008764    	0.005842    
1950        	10          	6.083       	0.00339     	0.008318    	0.004078    
1955        	10          	6.027       	0.004354    	0.009347    	0.005127    
1960        	10          	5.99        	0.004778    	0.008604    	0.006341    
1965        	10          	6.008       	0.00687     	0.01264     	0.003722    
1970        	10          	5.972       	0.005642    	0.008868    	0.004456    
1975        	10          	5.998       	0.003431    	0.007645    	0.003478    
1980        	10          	5.995       	0.007001    	0.009816    	0.004504    
1985        	10          	5.983       	0.005782    	0.009565    	0.004739    
1990        	10          	5.983       	0.003067    	0.01001     	0.004382    
1995        	10          	6.01        	0.004085    	0.01047     	0.006538    
2000        	10          	6           	0.003485    	0.009177    	0.004261    
2005        	10          	5.987       	0.005154    	0.008341    	0.004547    
2010        	10          	6.008       	0.004298    	0.01033     	0.004089    
2015        	10          	5.955       	0.005261    	0.008653    	0.002542    
2020        	10          	5.995       	0.00436     	0.009121    	0.004222    
2025        	10          	5.947       	0.004697    	0.009564    	0.00463     
2030        	10          	5.912       	0.00326     	0.009574    	0.005623    
2035        	10          	5.97        	0.00355     	0.008496    	0.003611    
2040        	10          	5.975       	0.005449    	0.0133      	0.005138    
2045        	10          	5.93        	0.004109    	0.007634    	0.004557    
2050        	10          	5.958       	0.004852    	0.009223    	0.005364    
2055        	10          	5.957       	0.00452     	0.009472    	0.00552     
2060        	10          	5.965       	0.003648    	0.006179    	0.003145    
2065        	10          	5.91        	0.005612    	0.01174     	0.004411    
2070        	10          	5.943       	0.002628    	0.00879     	0.003175    
2075        	10          	5.922       	0.006088    	0.009296    	0.004817    
2080        	10          	5.962       	0.00294     	0.007959    	0.003721    
2085        	10          	5.997       	0.004248    	0.008073    	0.004254    
2090        	10          	5.958       	0.003703    	0.008008    	0.004023    
2095        	10          	5.942       	0.004663    	0.007007    	0.004259    
2100        	10          	5.942       	0.005576    	0.01021     	0.00574     
2105        	10          	5.935       	0.005135    	0.009197    	0.003812    
2110        	10          	5.948       	0.004064    	0.008946    	0.003035    
2115        	10          	5.94        	0.005595    	0.008418    	0.002083    
2120        	10          	5.92        	0.006234    	0.01184     	0.007505    
2125        	10          	5.913       	0.005725    	0.008577    	0.002926    
2130        	10          	5.862       	0.003107    	0.01017     	0.003613    
2135        	10          	5.872       	0.005197    	0.01026     	0.004629    
2140        	10          	5.918       	0.005392    	0.01172     	0.004976    
2145        	10          	5.852       	0.005614    	0.009181    	0.005462    
2150        	10          	5.803       	0.005351    	0.007877    	0.00474     
2155        	10          	5.878       	0.001771    	0.008849    	0.003404    
2160        	10          	5.795       	0.004109    	0.006478    	0.00349     
2165        	10          	5.838       	0.004203    	0.0101      	0.004865    
2170        	10          	5.86        	0.00225     	0.0053      	0.002439    
2175        	10          	5.827       	0.003414    	0.007765    	0.003525    
2180        	10          	5.795       	0.005174    	0.00919     	0.003281    
2185        	10          	5.825       	0.004136    	0.007846    	0.003824    
2190        	10          	5.803       	0.003003    	0.00872     	0.004117    
2195        	10          	5.77        	0.004247    	0.01045     	0.006299    
2200        	10          	5.795       	0.003144    	0.005079    	0.00421     
2205        	10          	5.727       	0.004175    	0.007718    	0.004491    
2210        	10          	5.775       	0.003747    	0.01021     	0.002766    
2215        	10          	5.757       	0.007041    	0.01148     	0.005686    
2220        	10          	5.767       	0.003012    	0.007619    	0.003737    
2225        	10          	5.778       	0.003397    	0.009288    	0.004367    
2230        	10          	5.735       	0.00507     	0.01038     	0.003759    
2235        	10          	5.762       	0.004965    	0.00916     	0.004122    
2240        	10          	5.747       	0.004073    	0.008286    	0.00346     
2245        	10          	5.758       	0.005486    	0.009809    	0.004196    
2250        	10          	5.727       	0.004362    	0.0127      	0.004816    
2255        	10          	5.733       	0.004468    	0.01016     	0.004557    
2260        	10          	5.713       	0.004837    	0.01141     	0.006455    
2265        	10          	5.665       	0.004004    	0.009868    	0.004989    
2270        	10          	5.705       	0.004422    	0.009122    	0.002663    
2275        	10          	5.707       	0.003844    	0.007884    	0.005859    
2280        	10          	5.678       	0.003839    	0.00889     	0.004182    
2285        	10          	5.685       	0.004451    	0.01309     	0.003399    
2290        	10          	5.695       	0.002978    	0.008152    	0.002057    
2295        	10          	5.715       	0.003635    	0.009106    	0.001856    
2300        	10          	5.72        	0.00604     	0.008673    	0.004317    
2305        	10          	5.698       	0.001585    	0.007608    	0.003453    
2310        	10          	5.713       	0.00401     	0.007868    	0.004354    
2315        	10          	5.698       	0.004138    	0.01021     	0.00173     
2320        	10          	5.645       	0.005656    	0.01035     	0.003771    
2325        	10          	5.7         	0.003638    	0.009583    	0.006571    
2330        	10          	5.75        	0.00489     	0.00712     	0.006497    
2335        	10          	5.66        	0.004387    	0.008588    	0.007183    
2340        	10          	5.693       	0.003603    	0.01072     	0.004836    
2345        	10          	5.66        	0.004966    	0.01084     	0.004293    
2350        	10          	5.708       	0.002744    	0.009391    	0.004252    
2355        	10          	5.685       	0.004968    	0.008795    	0.004107    
2360        	10          	5.703       	0.003501    	0.00719     	0.002939    
2365        	10          	5.685       	0.0007667   	0.01119     	0.002741    
2370        	10          	5.645       	0.004518    	0.01251     	0.004864    
2375        	10          	5.708       	0.005536    	0.0113      	0.004387    
2380        	10          	5.673       	0.006261    	0.01225     	0.006289    
2385        	10          	5.688       	0.004665    	0.008791    	0.003691    
2390        	10          	5.647       	0.004329    	0.01074     	0.007079    
2395        	10          	5.673       	0.004016    	0.009901    	0.00549     
2400        	10          	5.628       	0.006114    	0.01028     	0.00592     
2405        	10          	5.645       	0.005292    	0.009489    	0.003985    
2410        	10          	5.628       	0.004716    	0.009108    	0.006703    
2415        	10          	5.695       	0.003764    	0.009327    	0.004559    
2420        	10          	5.653       	0.006274    	0.01055     	0.002028    
2425        	10          	5.608       	0.003668    	0.01015     	0.002774    
2430        	10          	5.678       	0.003884    	0.006937    	0.001805    
2435        	10          	5.695       	0.004939    	0.008746    	0.001914    
2440        	10          	5.65        	0.00287     	0.01067     	0.005406    
2445        	10          	5.627       	0.0009794   	0.008024    	0.005346    
2450        	10          	5.605       	0.00331     	0.009892    	0.003982    
2455        	10          	5.635       	0.00662     	0.00608     	0.006307    
2460        	10          	5.572       	0.002418    	0.006817    	0.003719    
2465        	10          	5.633       	0.003555    	0.009608    	0.003099    
2470        	10          	5.603       	0.002008    	0.007129    	0.003486    
2475        	10          	5.548       	0.001756    	0.007987    	0.002449    
2480        	10          	5.567       	0.005079    	0.008867    	0.005744    
2485        	10          	5.522       	0.004998    	0.009115    	0.00496     
2490        	10          	5.588       	0.003163    	0.006604    	0.002291    
2495        	10          	5.575       	0.003972    	0.009197    	0.005618    
2500        	10          	5.543       	0.002801    	0.007571    	0.002521    
2505        	10          	5.568       	0.005883    	0.006874    	0.003238    
2510        	10          	5.587       	0.006913    	0.01123     	0.003281    
2515        	10          	5.578       	0.002935    	0.008323    	0.001839    
2520        	10          	5.515       	0.00382     	0.009827    	0.00359     
2525        	10          	5.543       	0.003142    	0.008834    	0.003104    
2530        	10          	5.532       	0.005836    	0.01129     	0.003443    
2535        	10          	5.532       	0.003212    	0.009185    	0.004933    
2540        	10          	5.572       	0.004435    	0.006803    	0.001402    
2545        	10          	5.537       	0.005744    	0.008404    	0.004635    
2550        	10          	5.51        	0.00319     	0.008317    	0.005022    
2555        	10          	5.528       	0.00464     	0.008656    	0.005604    
2560        	10          	5.488       	0.005313    	0.008721    	0.004238    
2565        	10          	5.478       	0.004213    	0.008103    	0.003548    
2570        	10          	5.5         	0.003491    	0.009048    	0.004522    
2575        	10          	5.52        	0.001863    	0.006383    	0.001918    
2580        	10          	5.487       	0.00206     	0.007846    	0.004818    
2585        	10          	5.472       	0.005585    	0.008131    	0.003868    
2590        	10          	5.473       	0.003229    	0.009049    	0.006241    
2595        	10          	5.467       	0.003746    	0.009244    	0.005525    
2600        	10          	5.432       	0.004276    	0.008231    	0.002481    
2605        	10          	5.475       	0.006668    	0.00909     	0.004089    
2610        	10          	5.425       	0.005016    	0.007998    	0.004227    
2615        	10          	5.45        	0.004521    	0.009964    	0.004274    
2620        	10          	5.427       	0.00406     	0.00749     	0.003479    
2625        	10          	5.443       	0.00377     	0.009464    	0.005549    
2630        	10          	5.457       	0.004917    	0.01008     	0.003814    
2635        	10          	5.44        	0.001224    	0.006872    	0.003532    
2640        	10          	5.495       	0.005309    	0.008836    	0.00532     
2645        	10          	5.39        	0.006378    	0.009987    	0.004023    
2650        	10          	5.455       	0.005118    	0.008903    	0.003142    
2655        	10          	5.443       	0.002051    	0.007604    	0.004005    
2660        	10          	5.465       	0.002541    	0.008813    	0.002286    
2665        	10          	5.442       	0.003481    	0.01075     	0.00493     
2670        	10          	5.432       	0.005996    	0.0107      	0.005044    
2675        	10          	5.465       	0.004685    	0.0113      	0.004427    
2680        	10          	5.445       	0.003862    	0.009921    	0.004673    
2685        	10          	5.417       	0.003886    	0.0115      	0.0046      
2690        	10          	5.448       	0.003161    	0.01068     	0.006034    
2695        	10          	5.407       	0.002967    	0.007869    	0.003577    
2700        	10          	5.397       	0.00495     	0.007957    	0.006436    
2705        	10          	5.38        	0.004926    	0.008876    	0.00425     
2710        	10          	5.343       	0.005377    	0.01251     	0.004467    
2715        	10          	5.402       	0.00566     	0.009052    	0.002731    
2720        	10          	5.38        	0.006271    	0.01054     	0.003163    
2725        	10          	5.36        	0.004259    	0.01021     	0.005025    
2730        	10          	5.342       	0.004276    	0.008338    	0.00743     
2735        	10          	5.373       	0.002724    	0.008648    	0.003171    
2740        	10          	5.337       	0.005521    	0.01157     	0.0039      
2745        	10          	5.337       	0.005849    	0.00892     	0.004592    
2750        	10          	5.368       	0.002852    	0.0109      	0.003968    
2755        	10          	5.377       	0.004729    	0.009835    	0.004434    
2760        	10          	5.347       	0.002944    	0.009284    	0.005924    
2765        	10          	5.363       	0.0042      	0.008351    	0.004065    
2770        	10          	5.338       	0.003762    	0.01111     	0.004411    
2775        	10          	5.372       	0.003744    	0.01063     	0.003497    
2780        	10          	5.337       	0.004352    	0.009232    	0.001973    
2785        	10          	5.338       	0.003623    	0.007317    	0.003506    
2790        	10          	5.34        	0.005015    	0.009723    	0.002477    
2795        	10          	5.303       	0.004838    	0.008029    	0.00441     
2800        	10          	5.338       	0.005556    	0.008106    	0.006058    
2805        	10          	5.333       	0.004182    	0.008949    	0.002247    
2810        	10          	5.31        	0.00623     	0.009176    	0.001946    
2815        	10          	5.323       	0.003913    	0.008193    	0.00419     
2820        	10          	5.36        	0.003906    	0.0113      	0.002696    
2825        	10          	5.345       	0.002363    	0.008261    	0.002362    
2830        	10          	5.335       	0.004072    	0.009188    	0.006202    
2835        	10          	5.305       	0.002319    	0.007986    	0.006942    
2840        	10          	5.328       	0.004383    	0.01179     	0.004255    
2845        	10          	5.288       	0.003628    	0.009695    	0.004943    
2850        	10          	5.332       	0.007018    	0.01366     	0.006229    
2855        	10          	5.308       	0.003046    	0.006053    	0.002802    
2860        	10          	5.357       	0.006435    	0.009747    	0.00348     
2865        	10          	5.335       	0.004031    	0.007271    	0.003422    
2870        	10          	5.285       	0.00524     	0.01052     	0.003882    
2875        	10          	5.36        	0.003591    	0.01155     	0.005172    
2880        	10          	5.288       	0.004291    	0.006355    	0.003455    
2885        	10          	5.33        	0.005586    	0.006139    	0.002249    
2890        	10          	5.287       	0.004553    	0.008874    	0.005136    
2895        	10          	5.297       	0.003622    	0.006971    	0.004243    
2900        	10          	5.237       	0.002005    	0.006762    	0.003128    
2905        	10          	5.29        	0.001635    	0.01014     	0.004884    
2910        	10          	5.273       	0.005831    	0.009752    	0.006063    
2915        	10          	5.255       	0.003679    	0.007286    	0.001849    
2920        	10          	5.307       	0.004615    	0.00797     	0.00408     
2925        	10          	5.293       	0.005813    	0.01055     	0.005765    
2930        	10          	5.3         	0.00472     	0.007092    	0.005407    
2935        	10          	5.288       	0.005561    	0.01028     	0.003696    
2940        	10          	5.308       	0.004       	0.00885     	0.004603    
2945        	10          	5.253       	0.002762    	0.009146    	0.004637    
2950        	10          	5.3         	0.002792    	0.009537    	0.004109    
2955        	10          	5.313       	0.003175    	0.008237    	0.002223    
2960        	10          	5.368       	0.005812    	0.007384    	0.00197     
2965        	10          	5.295       	0.003682    	0.009375    	0.0044      
2970        	10          	5.328       	0.0045      	0.008078    	0.001969    
2975        	10          	5.362       	0.00474     	0.008484    	0.005522    
2980        	10          	5.36        	0.003525    	0.007272    	0.004941    
2985        	10          	5.328       	0.002127    	0.009058    	0.004383    
2990        	10          	5.333       	0.002893    	0.009411    	0.003331    
2995        	10          	5.352       	0.003563    	0.00857     	0.003947    
3000        	10          	5.352       	0.001315    	0.007826    	0.003154    
3005        	10          	5.287       	0.00261     	0.01013     	0.004369    
3010        	10          	5.288       	0.002829    	0.009009    	0.003421    
3015        	10          	5.36        	0.003522    	0.006317    	0.004181    
3020        	10          	5.348       	0.003375    	0.01165     	0.007382    
3025        	10          	5.313       	0.004497    	0.008912    	0.003725    
3030        	10          	5.338       	0.004809    	0.009533    	0.002099    
3035        	10          	5.298       	0.006037    	0.01115     	0.002064    
3040        	10          	5.282       	0.004813    	0.009378    	0.004232    
3045        	10          	5.367       	0.00258     	0.00532     	0.003292    
3050        	10          	5.312       	0.004959    	0.01005     	0.004826    
3055        	10          	5.268       	0.005365    	0.01092     	0.004276    
3060        	10          	5.285       	0.005544    	0.008018    	0.006898    
3065        	10          	5.278       	0.003703    	0.009326    	0.006833    
3070        	10          	5.322       	0.0031      	0.009674    	0.006467    
3075        	10          	5.263       	0.006146    	0.01199     	0.006157    
3080        	10          	5.228       	0.004006    	0.01017     	0.005585    
3085        	10          	5.285       	0.004438    	0.009375    	0.00451     
3090        	10          	5.267       	0.004973    	0.007722    	0.006529    
3095        	10          	5.285       	0.004361    	0.009078    	0.003471    
3100        	10          	5.273       	0.004099    	0.009443    	0.004876    
3105        	10          	5.267       	0.002216    	0.008692    	0.002868    
3110        	10          	5.218       	0.004884    	0.0126      	0.003907    
3115        	10          	5.188       	0.002827    	0.007426    	0.004665    
3120        	10          	5.2         	0.003032    	0.009684    	0.004073    
3125        	10          	5.208       	0.003324    	0.01042     	0.006925    
3130        	10          	5.213       	0.004601    	0.009913    	0.004885    
3135        	10          	5.207       	0.003606    	0.01191     	0.003567    
3140        	10          	5.22        	0.001405    	0.006061    	0.003007    
3145        	10          	5.163       	0.005312    	0.01017     	0.00691     
3150        	10          	5.133       	0.00497     	0.00963     	0.00498     
3155        	10          	5.158       	0.002562    	0.01018     	0.005412    
3160        	10          	5.232       	0.00397     	0.01054     	0.005551    
3165        	10          	5.223       	0.005324    	0.00845     	0.004594    
3170        	10          	5.217       	0.003047    	0.009092    	0.004959    
3175        	10          	5.198       	0.004802    	0.01056     	0.003232    
3180        	10          	5.175       	0.004353    	0.01069     	0.005404    
3185        	10          	5.103       	0.007053    	0.0129      	0.006233    
3190        	10          	5.157       	0.005067    	0.009908    	0.00453     
3195        	10          	5.18        	0.003243    	0.009809    	0.005794    
3200        	10          	5.118       	0.006468    	0.009835    	0.005156    
3205        	10          	5.157       	0.003691    	0.007743    	0.002914    
3210        	10          	5.12        	0.005576    	0.008123    	0.006348    
3215        	10          	5.172       	0.006806    	0.006868    	0.002222    
3220        	10          	5.125       	0.006582    	0.01039     	0.006139    
3225        	10          	5.162       	0.004838    	0.01138     	0.003989    
3230        	10          	5.147       	0.003735    	0.01017     	0.005391    
3235        	10          	5.173       	0.002169    	0.007353    	0.002783    
3240        	10          	5.113       	0.003077    	0.008143    	0.00603     
3245        	10          	5.13        	0.002648    	0.006722    	0.00217     
3250        	10          	5.083       	0.003318    	0.009972    	0.003262    
3255        	10          	5.158       	0.004206    	0.009629    	0.004889    
3260        	10          	5.108       	0.002559    	0.008476    	0.002533    
3265        	10          	5.1         	0.0024      	0.01078     	0.002341    
3270        	10          	5.087       	0.005097    	0.00902     	0.003031    
3275        	10          	5.103       	0.003716    	0.01024     	0.006575    
3280        	10          	5.092       	0.002594    	0.008218    	0.004205    
3285        	10          	5.072       	0.00356     	0.01076     	0.004221    
3290        	10          	5.04        	0.002282    	0.009233    	0.007058    
3295        	10          	5.1         	0.001915    	0.007069    	0.002822    
3300        	10          	5.103       	0.004666    	0.0114      	0.00518     
3305        	10          	5.038       	0.003729    	0.00861     	0.00357     
3310        	10          	5.085       	0.003888    	0.01082     	0.007883    
3315        	10          	5.097       	0.001316    	0.01008     	0.006911    
3320        	10          	5.07        	0.006178    	0.0113      	0.003151    
3325        	10          	5.095       	0.005433    	0.01059     	0.003274    
3330        	10          	5.1         	0.005298    	0.007352    	0.004566    
3335        	10          	5.042       	0.00589     	0.01156     	0.005272    
3340        	10          	5.042       	0.004733    	0.01257     	0.00579     
3345        	10          	5.06        	0.007184    	0.01289     	0.004401    
3350        	10          	5.097       	0.007444    	0.01115     	0.003345    
3355        	10          	5.05        	0.001122    	0.007535    	0.003169    
3360        	10          	5.108       	0.005622    	0.01028     	0.004045    
3365        	10          	4.958       	0.004607    	0.008877    	0.003183    
3370        	10          	5.003       	0.006165    	0.01117     	0.004535    
3375        	10          	5.04        	0.006448    	0.0134      	0.005163    
3380        	10          	5.068       	0.00339     	0.01002     	0.004865    
3385        	10          	5.027       	0.003658    	0.00877     	0.004459    
3390        	10          	5.047       	0.003235    	0.009372    	0.002416    
3395        	10          	5.047       	0.005588    	0.008134    	0.003567    
3400        	10          	5.022       	0.004575    	0.01013     	0.004081    
3405        	10          	4.985       	0.005866    	0.009968    	0.006377    
3410        	10          	5.022       	0.003602    	0.01006     	0.003997    
3415        	10          	5.007       	0.003782    	0.008324    	0.001813    
3420        	10          	5.013       	0.002083    	0.006822    	0.003376    
3425        	10          	5.012       	0.003543    	0.008643    	0.002691    
3430        	10          	5.053       	0.006229    	0.01045     	0.003903    
3435        	10          	5.033       	0.004605    	0.007257    	0.001732    
3440        	10          	5.002       	0.003036    	0.009739    	0.005407    
3445        	10          	5.017       	0.005059    	0.01177     	0.00586     
3450        	10          	5.092       	0.00413     	0.009669    	0.003608    
3455        	10          	5.02        	0.003893    	0.009715    	0.004171    
3460        	10          	5.06        	0.007013    	0.01098     	0.004219    
3465        	10          	5.032       	0.004433    	0.007725    	0.004978    
3470        	10          	5.075       	0.002297    	0.00674     	0.003508    
3475        	10          	5.067       	0.003927    	0.01086     	0.002615    
3480        	10          	5.013       	0.004881    	0.009393    	0.00556     
3485        	10          	5.027       	0.005435    	0.008284    	0.002957    
3490        	10          	5.04        	0.002143    	0.00812     	0.004684    
3495        	10          	4.985       	0.005747    	0.008222    	0.004619    
3500        	10          	5.032       	0.002188    	0.007369    	0.004548    
3505        	10          	5.033       	0.003448    	0.008201    	0.008157    
3510        	10          	4.963       	0.006355    	0.008389    	0.0033      
3515        	10          	5.102       	0.005974    	0.01004     	0.002816    
3520        	10          	5.088       	0.003293    	0.008299    	0.003078    
3525        	10          	5.037       	0.004182    	0.008226    	0.003172    
3530        	10          	5.073       	0.004922    	0.009322    	0.004591    
3535        	10          	5.067       	0.007471    	0.01063     	0.00287     
3540        	10          	5.078       	0.005452    	0.01004     	0.004527    
3545        	10          	5.09        	0.003383    	0.009991    	0.004558    
3550        	10          	5.06        	0.002887    	0.006351    	0.003265    
3555        	10          	5.045       	0.005197    	0.009358    	0.00328     
3560        	10          	5.065       	0.003535    	0.006977    	0.004592    
3565        	10          	5.015       	0.00463     	0.008104    	0.005797    
3570        	10          	5.018       	0.005245    	0.008462    	0.007192    
3575        	10          	5.002       	0.004753    	0.009376    	0.005946    
3580        	10          	5.048       	0.005116    	0.01202     	0.006195    
3585        	10          	5.023       	0.006929    	0.01227     	0.007686    
3590        	10          	5.02        	0.002652    	0.008805    	0.004939    
3595        	10          	5.038       	0.00463     	0.01045     	0.00414     
3600        	10          	5.013       	0.003724    	0.008328    	0.00348     
3605        	10          	5.033       	0.004265    	0.009533    	0.005194    
3610        	10          	5.063       	0.003855    	0.009531    	0.003226    
3615        	10          	5.035       	0.004419    	0.01134     	0.006337    
3620        	10          	5.048       	0.001843    	0.008       	0.003656    
3625        	10          	5.053       	0.00391     	0.009289    	0.003734    
3630        	10          	5.008       	0.005057    	0.009098    	0.004678    
3635        	10          	5.068       	0.002352    	0.007819    	0.007106    
3640        	10          	5.022       	0.004477    	0.01072     	0.004895    
3645        	10          	5.005       	0.003674    	0.008337    	0.003193    
3650        	10          	5.06        	0.003033    	0.007538    	0.005478    
3655        	10          	5.085       	0.003445    	0.008075    	0.002149    
3660        	10          	5.023       	0.004943    	0.008991    	0.003629    
3665        	10          	5.038       	0.003574    	0.006384    	0.003903    
3670        	10          	4.985       	0.003065    	0.009843    	0.00447     
3675        	10          	5.038       	0.002947    	0.008342    	0.004356    
3680        	10          	5.013       	0.005284    	0.007458    	0.004354    
3685        	10          	5.035       	0.004213    	0.009522    	0.003765    
3690        	10          	4.977       	0.005273    	0.008754    	0.003473    
3695        	10          	5.013       	0.005553    	0.007312    	0.00379     
3700        	10          	5           	0.002875    	0.01078     	0.0062      
3705        	10          	4.993       	0.004422    	0.006483    	0.003336    
3710        	10          	4.985       	0.002224    	0.00939     	0.004305    
3715        	10          	5.068       	0.004033    	0.008004    	0.004926    
3720        	10          	4.923       	0.006409    	0.01043     	0.002098    
3725        	10          	5.017       	0.003702    	0.009143    	0.004176    
3730        	10          	5.005       	0.003882    	0.01225     	0.004041    
3735        	10          	4.992       	0.006989    	0.009915    	0.00479     
3740        	10          	4.963       	0.004866    	0.01058     	0.006262    
3745        	10          	4.925       	0.003808    	0.01149     	0.001587    
3750        	10          	4.977       	0.001558    	0.0119      	0.006317    
3755        	10          	4.97        	0.002815    	0.007183    	0.002524    
3760        	10          	4.978       	0.003833    	0.01034     	0.005402    
3765        	10          	4.953       	0.004202    	0.01017     	0.004132    
3770        	10          	4.958       	0.003331    	0.009639    	0.004645    
3775        	10          	4.925       	0.005266    	0.00866     	0.003512    
3780        	10          	4.918       	0.003744    	0.008988    	0.003687    
3785        	10          	4.938       	0.003415    	0.006733    	0.005157    
3790        	10          	4.913       	0.003972    	0.01083     	0.005127    
3795        	10          	4.93        	0.003003    	0.008451    	0.00318     
3800        	10          	4.878       	0.004149    	0.008692    	0.0058      
3805        	10          	4.847       	0.006716    	0.01025     	0.003527    
3810        	10          	4.897       	0.004577    	0.006691    	0.005558    
3815        	10          	4.905       	0.003319    	0.006761    	0.004051    
3820        	10          	4.89        	0.005391    	0.009655    	0.002515    
3825        	10          	4.902       	0.002889    	0.01022     	0.004184    
3830        	10          	4.878       	0.003168    	0.01071     	0.00453     
3835        	10          	4.937       	0.004053    	0.01161     	0.005225    
3840        	10          	4.903       	0.003111    	0.01002     	0.003024    
3845        	10          	4.815       	0.004801    	0.01269     	0.002474    
3850        	10          	4.913       	0.006168    	0.01104     	0.005451    
3855        	10          	4.84        	0.003834    	0.01091     	0.00327     
3860        	10          	4.907       	0.004714    	0.01054     	0.002462    
3865        	10          	4.913       	0.004741    	0.01235     	0.006734    
3870        	10          	4.893       	0.005051    	0.01018     	0.006053    
3875        	10          	4.877       	0.004358    	0.01094     	0.005887    
3880        	10          	4.887       	0.003928    	0.01008     	0.005005    
3885        	10          	4.882       	0.004169    	0.01031     	0.004303    
3890        	10          	4.88        	0.004466    	0.01017     	0.003658    
3895        	10          	4.835       	0.007494    	0.01106     	0.006312    
3900        	10          	4.893       	0.004362    	0.01265     	0.00544     
3905        	10          	4.937       	0.004491    	0.009579    	0.002666    
3910        	10          	4.917       	0.003813    	0.01078     	0.003604    
3915        	10          	4.908       	0.0041      	0.007146    	0.006332    
3920        	10          	4.933       	0.003152    	0.007708    	0.006387    
3925        	10          	4.927       	0.003627    	0.008087    	0.003121    
3930        	10          	4.93        	0.004807    	0.01088     	0.00488     
3935        	10          	4.943       	0.002082    	0.008643    	0.00493     
3940        	10          	4.918       	0.004654    	0.008385    	0.005173    
3945        	10          	4.91        	0.004622    	0.01179     	0.003828    
3950        	10          	4.925       	0.002687    	0.007528    	0.002911    
3955        	10          	4.902       	0.004716    	0.007727    	0.005065    
3960        	10          	4.89        	0.003959    	0.011       	0.002763    
3965        	10          	4.93        	0.003738    	0.01046     	0.004686    
3970        	10          	4.893       	0.003758    	0.008684    	0.004086    
3975        	10          	4.918       	0.00347     	0.00721     	0.005689    
3980        	10          	4.947       	0.003252    	0.008358    	0.003958    
3985        	10          	4.912       	0.003321    	0.009812    	0.005599    
3990        	10          	4.915       	0.002258    	0.01037     	0.004188    
3995        	10          	4.912       	0.006708    	0.01124     	0.004528    
4000        	10          	4.928       	0.007828    	0.01306     	0.003823    
4005        	10          	4.9         	0.008495    	0.01313     	0.003363    
4010        	10          	4.89        	0.01144     	0.01178     	0.002177    
4015        	10          	4.868       	0.0174      	0.01806     	0.004844    
4020        	10          	4.825       	0.02255     	0.02038     	0.005513    
4025        	10          	4.807       	0.02651     	0.02857     	0.006172    
4030        	10          	4.76        	0.02874     	0.02835     	0.003673    
4035        	10          	4.767       	0.03158     	0.03115     	0.004143    
4040        	10          	4.752       	0.03699     	0.0352      	0.004452    
4045        	10          	4.708       	0.03588     	0.03304     	0.002168    
4050        	10          	4.695       	0.04701     	0.04569     	0.006169    
4055        	10          	4.643       	0.04363     	0.04574     	0.01485     
4060        	10          	4.597       	0.0488      	0.05191     	0.01365     
4065        	10          	4.56        	0.05423     	0.05896     	0.02103     
4070        	10          	4.54        	0.05306     	0.05954     	0.02549     
4075        	10          	4.518       	0.06105     	0.06307     	0.02966     
4080        	10          	4.532       	0.06096     	0.07155     	0.03506     
4085        	10          	4.458       	0.06937     	0.07963     	0.03878     
4090        	10          	4.428       	0.06613     	0.07764     	0.04492     
4095        	10          	4.447       	0.06944     	0.08873     	0.05673     
4100        	10          	4.423       	0.07736     	0.08829     	0.05746     
4105        	10          	4.407       	0.07932     	0.0905      	0.06453     
4110        	10          	4.385       	0.0832      	0.09374     	0.06538     
4115        	10          	4.352       	0.08654     	0.09787     	0.06958     
4120        	10          	4.283       	0.08846     	0.09859     	0.07268     
4125        	10          	4.307       	0.0963      	0.1069      	0.08113     
4130        	10          	4.277       	0.0951      	0.1071      	0.08229     
4135        	10          	4.295       	0.1076      	0.1141      	0.08819     
4140        	10          	4.27        	0.1101      	0.1144      	0.09902     
4145        	10          	4.253       	0.1071      	0.1122      	0.09663     
4150        	10          	4.232       	0.1121      	0.1221      	0.09945     
4155        	10          	4.198       	0.1135      	0.12        	0.09853     
4160        	10          	4.227       	0.1251      	0.1238      	0.1027      
4165        	10          	4.165       	0.125       	0.126       	0.1064      
4170        	10          	4.15        	0.1274      	0.1235      	0.1012      
4175        	10          	4.112       	0.1364      	0.1283      	0.1032      
4180        	10          	4.135       	0.1357      	0.1349      	0.1078      
4185        	10          	4.082       	0.1447      	0.1412      	0.1142      
4190        	10          	4.132       	0.1473      	0.1436      	0.1091      
4195        	10          	4.102       	0.156       	0.146       	0.12        
4200        	10          	4.053       	0.1618      	0.1546      	0.1218      
4205        	10          	4.022       	0.1669      	0.1559      	0.1249      
4210        	10          	4.043       	0.1655      	0.1486      	0.1249      
4215        	10          	3.987       	0.1651      	0.1575      	0.1267      
4220        	10          	3.958       	0.1759      	0.1609      	0.133       
4225        	10          	3.972       	0.1749      	0.17        	0.1336      
4230        	10          	3.948       	0.18        	0.1738      	0.1473      
4235        	10          	3.907       	0.1889      	0.1738      	0.1504      
4240        	10          	3.918       	0.1895      	0.1756      	0.1499      
4245        	10          	3.925       	0.1974      	0.1852      	0.1575      
4250        	10          	3.913       	0.199       	0.1815      	0.1544      
4255        	10          	3.883       	0.2064      	0.1879      	0.1614      
4260        	10          	3.855       	0.2056      	0.1919      	0.1625      
4265        	10          	3.853       	0.2163      	0.201       	0.1742      
4270        	10          	3.87        	0.2158      	0.1934      	0.1699      
4275        	10          	3.843       	0.2137      	0.2031      	0.1732      
4280        	10          	3.842       	0.2214      	0.1998      	0.1817      
4285        	10          	3.823       	0.2194      	0.2002      	0.1764      
4290        	10          	3.82        	0.2218      	0.2         	0.1784      
4295        	10          	3.817       	0.2247      	0.2086      	0.1804      
4300        	10          	3.842       	0.2329      	0.2088      	0.1838      
4305        	10          	3.788       	0.2325      	0.2007      	0.1832      
4310        	10          	3.812       	0.2451      	0.2156      	0.1849      
4315        	10          	3.787       	0.2465      	0.2169      	0.1866      
4320        	10          	3.792       	0.2528      	0.2213      	0.2008      
4325        	10          	3.797       	0.2435      	0.2164      	0.1904      
4330        	10          	3.802       	0.2463      	0.2142      	0.2008      
4335        	10          	3.795       	0.2565      	0.2265      	0.1972      
4340        	10          	3.768       	0.2571      	0.2215      	0.204       
4345        	10          	3.748       	0.2583      	0.2336      	0.2052      
4350        	10          	3.748       	0.2719      	0.2368      	0.2077      
4355        	10          	3.757       	0.2596      	0.2378      	0.2069      
4360        	10          	3.735       	0.2665      	0.242       	0.2176      
4365        	10          	3.74        	0.2694      	0.246       	0.2253      
4370        	10          	3.717       	0.2756      	0.2403      	0.225       
4375        	10          	3.678       	0.2698      	0.2535      	0.2254      
4380        	10          	3.665       	0.2659      	0.251       	0.2249      
4385        	10          	3.712       	0.2765      	0.2559      	0.2346      
4390        	10          	3.695       	0.2822      	0.2592      	0.232       
4395        	10          	3.677       	0.2833      	0.2551      	0.2335      
4400        	10          	3.703       	0.2856      	0.2583      	0.2304      
4405        	10          	3.687       	0.2821      	0.2556      	0.2369      
4410        	10          	3.642       	0.3001      	0.259       	0.2374      
4415        	10          	3.663       	0.2981      	0.2688      	0.2423      
4420        	10          	3.618       	0.2996      	0.2701      	0.2416      
4425        	10          	3.643       	0.2978      	0.2677      	0.2432      
4430        	10          	3.613       	0.2993      	0.2734      	0.2449      
4435        	10          	3.612       	0.2968      	0.2687      	0.2525      
4440        	10          	3.632       	0.3126      	0.2747      	0.2538      
4445        	10          	3.633       	0.3066      	0.2721      	0.2445      
4450        	10          	3.578       	0.316       	0.2785      	0.2549      
4455        	10          	3.633       	0.3114      	0.2697      	0.2552      
4460        	10          	3.592       	0.3114      	0.2735      	0.2537      
4465        	10          	3.55        	0.3144      	0.271       	0.2531      
4470        	10          	3.532       	0.3185      	0.2837      	0.2498      
4475        	10          	3.542       	0.3192      	0.2839      	0.2629      
4480        	10          	3.568       	0.3251      	0.2879      	0.254       
4485        	10          	3.543       	0.3196      	0.2858      	0.2622      
4490        	10          	3.57        	0.3193      	0.2953      	0.2582      
4495        	10          	3.533       	0.3171      	0.2859      	0.2507      
4500        	10          	3.533       	0.326       	0.2923      	0.2682      
4505        	10          	3.51        	0.3288      	0.2989      	0.2691      
4510        	10          	3.525       	0.3328      	0.297       	0.271       
4515        	10          	3.517       	0.3345      	0.2985      	0.2791      
4520        	10          	3.558       	0.3299      	0.2946      	0.2803      
4525        	10          	3.54        	0.3394      	0.3068      	0.2797      
4530        	10          	3.513       	0.3363      	0.3004      	0.2782      
4535        	10          	3.498       	0.3289      	0.3026      	0.2804      
4540        	10          	3.472       	0.3271      	0.2994      	0.2806      
4545        	10          	3.488       	0.3385      	0.3058      	0.2887      
4550        	10          	3.473       	0.3363      	0.3008      	0.2839      
4555        	10          	3.478       	0.3347      	0.3036      	0.2882      
4560        	10          	3.522       	0.3236      	0.3013      	0.2853      
4565        	10          	3.473       	0.3323      	0.3069      	0.2871      
4570        	10          	3.467       	0.3343      	0.3116      	0.2868      
4575        	10          	3.508       	0.332       	0.3102      	0.2886      
4580        	10          	3.505       	0.3356      	0.3121      	0.2918      
4585        	10          	3.43        	0.3327      	0.3175      	0.2898      
4590        	10          	3.557       	0.3442      	0.3152      	0.2957      
4595        	10          	3.482       	0.3416      	0.3182      	0.2999      
4600        	10          	3.5         	0.3478      	0.32        	0.2998      
4605        	10          	3.515       	0.352       	0.3222      	0.2963      
4610        	10          	3.517       	0.3539      	0.3226      	0.3057      
4615        	10          	3.485       	0.3551      	0.3265      	0.3072      
4620        	10          	3.463       	0.3495      	0.3216      	0.3063      
4625        	10          	3.465       	0.3471      	0.3272      	0.3068      
4630        	10          	3.455       	0.3629      	0.3292      	0.3017      
4635        	10          	3.45        	0.3585      	0.3308      	0.3062      
4640        	10          	3.473       	0.3491      	0.3275      	0.3084      
4645        	10          	3.438       	0.3615      	0.33        	0.3084      
4650        	10          	3.445       	0.3637      	0.332       	0.3135      
4655        	10          	3.47        	0.3594      	0.331       	0.3145      
4660        	10          	3.452       	0.3627      	0.3251      	0.307       
4665        	10          	3.44        	0.365       	0.3295      	0.3113      
4670        	10          	3.448       	0.3569      	0.3378      	0.316       
4675        	10          	3.415       	0.3676      	0.3375      	0.325       
4680        	10          	3.41        	0.3639      	0.3349      	0.3125      
4685        	10          	3.433       	0.3692      	0.338       	0.317       
4690        	10          	3.447       	0.3598      	0.3329      	0.3131      
4695        	10          	3.423       	0.3635      	0.3407      	0.3196      
4700        	10          	3.42        	0.3604      	0.3415      	0.3227      
4705        	10          	3.403       	0.3787      	0.3475      	0.3343      
4710        	10          	3.397       	0.3725      	0.3392      	0.3257      
4715        	10          	3.397       	0.3761      	0.3528      	0.3273      
4720        	10          	3.383       	0.3694      	0.344       	0.3259      
4725        	10          	3.42        	0.3708      	0.3469      	0.3245      
4730        	10          	3.372       	0.3739      	0.3525      	0.3289      
4735        	10          	3.392       	0.3719      	0.345       	0.3302      
4740        	10          	3.437       	0.3812      	0.353       	0.3377      
4745        	10          	3.403       	0.3801      	0.357       	0.3472      
4750        	10          	3.402       	0.3871      	0.3656      	0.3456      
4755        	10          	3.35        	0.3883      	0.363       	0.3456      
4760        	10          	3.39        	0.3815      	0.3618      	0.3424      
4765        	10          	3.372       	0.3841      	0.3604      	0.3307      
4770        	10          	3.343       	0.3891      	0.3632      	0.3512      
4775        	10          	3.367       	0.3868      	0.3624      	0.3434      
4780        	10          	3.38        	0.3913      	0.3637      	0.3495      
4785        	10          	3.363       	0.3876      	0.3677      	0.3388      
4790        	10          	3.347       	0.3934      	0.3696      	0.3514      
4795        	10          	3.375       	0.3839      	0.371       	0.3486      
4800        	10          	3.417       	0.3871      	0.3688      	0.3543      
4805        	10          	3.375       	0.3897      	0.3699      	0.3577      
4810        	10          	3.368       	0.394       	0.3666      	0.3577      
4815        	10          	3.338       	0.3988      	0.362       	0.3507      
4820        	10          	3.375       	0.3959      	0.3647      	0.3576      
4825        	10          	3.322       	0.3992      	0.3722      	0.3641      
4830        	10          	3.335       	0.4026      	0.3702      	0.3562      
4835        	10          	3.338       	0.397       	0.3693      	0.3622      
4840        	10          	3.34        	0.4046      	0.3796      	0.3693      
4845        	10          	3.355       	0.4086      	0.3821      	0.3639      
4850        	10          	3.313       	0.4057      	0.381       	0.3738      
4855        	10          	3.33        	0.4058      	0.3804      	0.3659      
4860        	10          	3.293       	0.4126      	0.3844      	0.3742      
4865        	10          	3.33        	0.4127      	0.384       	0.3764      
4870        	10          	3.272       	0.4122      	0.3879      	0.3846      
4875        	10          	3.313       	0.411       	0.3852      	0.3827      
4880        	10          	3.33        	0.4148      	0.3849      	0.3859      
4885        	10          	3.335       	0.4169      	0.3875      	0.3856      
4890        	10          	3.3         	0.4193      	0.3856      	0.3803      
4895        	10          	3.33        	0.4182      	0.3856      	0.3868      
4900        	10          	3.327       	0.4194      	0.3841      	0.3947      
4905        	10          	3.248       	0.4229      	0.3906      	0.3908      
4910        	10          	3.273       	0.4238      	0.3843      	0.3893      
4915        	10          	3.29        	0.4256      	0.3807      	0.3895      
4920        	10          	3.237       	0.4248      	0.3887      	0.3903      
4925        	10          	3.215       	0.427       	0.3855      	0.3915      
4930        	10          	3.273       	0.4284      	0.3893      	0.3923      
4935        	10          	3.245       	0.4263      	0.3884      	0.3843      
4940        	10          	3.198       	0.431       	0.3965      	0.3935      
4945        	10          	3.237       	0.4382      	0.3885      	0.3917      
4950        	10          	3.272       	0.4241      	0.3859      	0.3877      
4955        	10          	3.237       	0.4348      	0.3937      	0.3915      
4960        	10          	3.262       	0.426       	0.3809      	0.3898      
4965        	10          	3.217       	0.4303      	0.3912      	0.3936      
4970        	10          	3.268       	0.4334      	0.3859      	0.3903      
4975        	10          	3.225       	0.4367      	0.3857      	0.3965      
4980        	10          	3.235       	0.4333      	0.3926      	0.3981      
4985        	10          	3.24        	0.4378      	0.3958      	0.3917      
4990        	10          	3.227       	0.434       	0.3884      	0.394       
4995        	10          	3.228       	0.4512      	0.4021      	0.399       
5000        	10          	3.248       	0.4407      	0.3962      	0.3955      
