generation  	alive.rpl   	n.adlt.rs   	n.adlt.fst.wc_p1-2	n.adlt.fst.wc_p1-3	n.adlt.fst.wc_p2-3
5           	10          	0.01711     	3.111e-06   	4.1e-06     	2.085e-06   
10          	10          	0.03757     	1.649e-06   	1.875e-06   	1.897e-06   
15          	10          	0.02643     	2.524e-06   	4.019e-06   	3.348e-06   
20          	10          	0.006844    	1.604e-06   	1.287e-06   	1.694e-06   
25          	10          	0.01734     	1.918e-06   	4.852e-06   	1.581e-06   
30          	10          	0.006892    	1.552e-06   	5.185e-06   	2.19e-06    
35          	10          	0.02089     	1.01e-06    	7.476e-06   	2.45e-06    
40          	10          	0.03825     	5.526e-06   	8.213e-06   	5.208e-06   
45          	10          	0.009456    	3.772e-06   	2.199e-06   	3.195e-06   
50          	10          	0.05257     	3.137e-06   	5.403e-06   	1.392e-06   
55          	10          	0.02193     	1.997e-06   	2.37e-06    	2.757e-06   
60          	10          	0.02256     	3.982e-07   	1.933e-06   	3.268e-06   
65          	10          	0.05879     	9.211e-06   	6.044e-06   	2.253e-06   
70          	10          	0.02843     	2.709e-06   	8.24e-06    	3.128e-06   
75          	10          	0.0294      	3.565e-06   	6.61e-06    	2.916e-06   
80          	10          	0.03358     	1.464e-06   	9.093e-06   	3.746e-06   
85          	10          	0.02722     	7.541e-07   	1.348e-06   	2.166e-06   
90          	10          	0.06999     	2.023e-06   	9.176e-06   	3.754e-06   
95          	10          	0.03958     	3.081e-06   	6.133e-06   	5.032e-06   
100         	10          	0.04058     	2.853e-06   	1.807e-06   	1.815e-06   
105         	10          	0.0321      	1.771e-06   	5.22e-06    	3.257e-06   
110         	10          	0.04389     	2.618e-06   	6.286e-06   	4.171e-06   
115         	10          	0.02812     	3.497e-06   	8.408e-06   	4.494e-06   
120         	10          	0.07069     	3.171e-06   	5.085e-06   	2.511e-06   
125         	10          	0.04057     	3.837e-06   	7.152e-06   	3.727e-06   
130         	10          	0.09929     	1.053e-05   	6.41e-06    	2.958e-06   
135         	10          	0.07894     	5.307e-06   	3.983e-06   	3.543e-06   
140         	10          	0.02634     	3.923e-06   	7.418e-06   	7.479e-06   
145         	10          	0.08118     	4.482e-06   	6.501e-06   	2.689e-06   
150         	10          	0.03718     	1.42e-06    	7.925e-06   	4.959e-06   
155         	10          	0.05134     	1.869e-06   	8.623e-06   	4.419e-06   
160         	10          	0.06977     	3.383e-06   	5.168e-06   	9.361e-07   
165         	10          	0.07689     	6.517e-06   	5.749e-06   	1.759e-06   
170         	10          	0.1051      	4.363e-06   	5.241e-06   	3.786e-06   
175         	10          	0.06971     	8.825e-06   	3.739e-06   	9.501e-06   
180         	10          	0.04439     	3.4e-06     	4.447e-06   	2.226e-06   
185         	10          	0.08325     	3.32e-06    	5.387e-06   	4.09e-06    
190         	10          	0.09593     	8.549e-06   	2.848e-06   	4.719e-06   
195         	10          	0.04418     	1.726e-06   	6.794e-06   	6.107e-06   
200         	10          	0.06008     	3.721e-06   	7.473e-06   	6.832e-06   
205         	10          	0.04418     	4.668e-06   	3.56e-06    	3.986e-06   
210         	10          	0.08961     	2.081e-06   	1.035e-05   	1.5e-06     
215         	10          	0.07767     	2.128e-06   	6.633e-06   	7.968e-06   
220         	10          	0.08677     	6.561e-06   	5.626e-06   	3.423e-06   
225         	10          	0.06749     	7.094e-06   	3.502e-06   	8.567e-06   
230         	10          	0.08312     	1.967e-06   	8.195e-06   	3.961e-06   
235         	10          	0.1178      	3.549e-06   	1.191e-05   	3.869e-06   
240         	10          	0.1114      	5.589e-06   	8.528e-06   	3.161e-06   
245         	10          	0.05401     	3.743e-06   	9.325e-06   	3.318e-06   
250         	10          	0.1032      	1.908e-06   	5.618e-06   	4.485e-06   
255         	10          	0.1047      	7.883e-06   	1.239e-05   	1.261e-05   
260         	10          	0.1385      	8.49e-06    	1.318e-05   	6.243e-06   
265         	10          	0.06823     	3.217e-06   	8.636e-06   	1.178e-06   
270         	10          	0.08682     	9.244e-06   	6.899e-06   	7.215e-06   
275         	10          	0.07238     	3.542e-06   	4.913e-06   	2.936e-06   
280         	10          	0.08771     	3.027e-06   	5.262e-06   	7.232e-06   
285         	10          	0.1061      	4.054e-06   	1.059e-05   	4.152e-06   
290         	10          	0.108       	4.814e-06   	1.091e-05   	3.801e-06   
295         	10          	0.06354     	6.389e-06   	4.002e-06   	1.74e-05    
300         	10          	0.1716      	2.904e-06   	1.004e-05   	5.046e-06   
305         	10          	0.07857     	7.517e-06   	9.201e-06   	2.64e-06    
310         	10          	0.07299     	2.041e-06   	7.625e-06   	1.635e-06   
315         	10          	0.0955      	4.235e-06   	3.14e-06    	8.902e-06   
320         	10          	0.1774      	9.207e-06   	7.431e-06   	1.348e-05   
325         	10          	0.06156     	5.053e-06   	2.589e-06   	6.893e-06   
330         	10          	0.0915      	3.171e-06   	5.99e-06    	7.495e-06   
335         	10          	0.085       	5.227e-06   	7.119e-06   	5.85e-06    
340         	10          	0.1465      	6.605e-06   	4.641e-06   	9.51e-06    
345         	10          	0.1664      	7.833e-06   	6.102e-06   	9.763e-06   
350         	10          	0.1501      	3.504e-06   	8.56e-06    	7.834e-06   
355         	10          	0.1054      	3.633e-06   	8.374e-06   	3.34e-06    
360         	10          	0.09528     	8.435e-06   	1.117e-05   	8.467e-06   
365         	10          	0.1421      	1.648e-05   	1.543e-05   	1.002e-05   
370         	10          	0.08357     	8.202e-06   	1.688e-05   	8.473e-06   
375         	10          	0.1148      	9.726e-06   	1.092e-05   	4.309e-06   
380         	10          	0.1265      	2.181e-06   	2.323e-06   	8.011e-06   
385         	10          	0.05754     	5.22e-06    	5.407e-06   	7.24e-06    
390         	10          	0.113       	7.348e-06   	8.661e-06   	4.929e-06   
395         	10          	0.1253      	3.536e-06   	7.177e-06   	3.218e-06   
400         	10          	0.08457     	9.532e-06   	1.376e-05   	4.65e-06    
405         	10          	0.1049      	3.896e-06   	1.393e-05   	9.096e-06   
410         	10          	0.1406      	1.232e-05   	4.379e-06   	3.185e-06   
415         	10          	0.1402      	1.129e-05   	7.764e-06   	1.485e-05   
420         	10          	0.1233      	4.498e-06   	9.397e-06   	2.751e-06   
425         	10          	0.1276      	4.878e-06   	8.134e-06   	9.113e-06   
430         	10          	0.1248      	1.116e-05   	1.239e-05   	4.846e-06   
435         	10          	0.07904     	5.543e-06   	7.567e-06   	3.344e-06   
440         	10          	0.1601      	8.124e-06   	7.745e-06   	7.939e-06   
445         	10          	0.09724     	4.203e-06   	7.222e-06   	6.308e-06   
450         	10          	0.1198      	8.029e-06   	7.314e-06   	1.37e-05    
455         	10          	0.1144      	1.297e-05   	8.302e-06   	1.407e-05   
460         	10          	0.1052      	3.58e-06    	1.801e-05   	9.269e-06   
465         	10          	0.1263      	9.587e-06   	1.456e-05   	5.339e-06   
470         	10          	0.1614      	6.441e-06   	1.024e-05   	6.757e-06   
475         	10          	0.1852      	1.723e-05   	1.74e-05    	5.822e-06   
480         	10          	0.1334      	4.203e-06   	2.817e-06   	3.282e-06   
485         	10          	0.1499      	1.331e-05   	1.629e-05   	1.076e-05   
490         	10          	0.1527      	3.738e-06   	1.102e-05   	3.776e-06   
495         	10          	0.1511      	2.011e-05   	9.315e-06   	5.44e-06    
500         	10          	0.1032      	6.406e-06   	6.029e-06   	6.913e-06   
505         	10          	0.08844     	2.181e-06   	1.17e-05    	3.847e-06   
510         	10          	0.09356     	5.115e-06   	8.839e-06   	9.087e-06   
515         	10          	0.1184      	8.55e-06    	2.015e-06   	4.912e-06   
520         	10          	0.1127      	7.753e-06   	1.024e-05   	1.036e-05   
525         	10          	0.09929     	4.738e-06   	8.563e-06   	1.439e-05   
530         	10          	0.05286     	6.713e-06   	1.194e-05   	1.313e-05   
535         	10          	0.08434     	9.849e-06   	2.448e-05   	1.393e-05   
540         	10          	0.07884     	2.152e-06   	1.042e-05   	8.19e-06    
545         	10          	0.1336      	4.635e-06   	1.306e-05   	9.153e-06   
550         	10          	0.09251     	1.969e-05   	1.114e-05   	1.036e-05   
555         	10          	0.07078     	1.228e-05   	8.23e-06    	1.045e-05   
560         	10          	0.1242      	2.554e-06   	1.822e-05   	4.824e-06   
565         	10          	0.1071      	6.85e-06    	1.558e-05   	1.23e-05    
570         	10          	0.1251      	5.385e-06   	1.977e-05   	1.055e-05   
575         	10          	0.0881      	3.997e-06   	1.25e-05    	7.414e-06   
580         	10          	0.09825     	1.18e-05    	6.352e-06   	9.1e-06     
585         	10          	0.104       	8.986e-06   	8.096e-06   	1.146e-05   
590         	10          	0.1017      	4.325e-06   	6.026e-06   	5.156e-06   
595         	10          	0.09457     	8.827e-06   	1.15e-05    	7.146e-06   
600         	10          	0.08895     	4.783e-06   	8.946e-06   	1.139e-05   
605         	10          	0.1304      	9.592e-06   	1.124e-05   	5.415e-06   
610         	10          	0.13        	1.277e-05   	1.125e-05   	5.789e-06   
615         	10          	0.1207      	6.428e-06   	1.066e-05   	9.88e-06    
620         	10          	0.07907     	4.359e-06   	1.09e-05    	5.37e-06    
625         	10          	0.07766     	2.901e-06   	8.431e-06   	1.403e-05   
630         	10          	0.1285      	1.197e-05   	1.514e-05   	3.944e-06   
635         	10          	0.07996     	3.904e-06   	2.656e-05   	9.395e-06   
640         	10          	0.1219      	7.578e-06   	5.799e-06   	1.758e-06   
645         	10          	0.08725     	7.271e-06   	8.29e-06    	1.346e-06   
650         	10          	0.1153      	4.493e-06   	1.097e-05   	7.74e-06    
655         	10          	0.0985      	1.371e-05   	2.632e-05   	8.537e-06   
660         	10          	0.07262     	9.443e-06   	1.292e-05   	9.592e-06   
665         	10          	0.075       	1.009e-05   	7.404e-06   	1.074e-05   
670         	10          	0.1131      	2.854e-06   	1.06e-05    	4.894e-06   
675         	10          	0.03622     	9.59e-06    	1.599e-05   	9.265e-06   
680         	10          	0.1054      	9.492e-06   	1.259e-05   	2.899e-06   
685         	10          	0.04571     	1.09e-05    	8.543e-06   	5.737e-06   
690         	10          	0.04358     	8.39e-06    	1.137e-05   	8.346e-06   
695         	10          	0.07114     	3.982e-06   	1.63e-05    	1.895e-05   
700         	10          	0.04421     	5.873e-06   	1.309e-05   	7.287e-06   
705         	10          	0.06012     	1.041e-05   	8.487e-06   	1.38e-05    
710         	10          	0.03666     	4.8e-06     	1.178e-05   	1.281e-05   
715         	10          	0.08219     	7.159e-06   	1.14e-05    	1.116e-05   
720         	10          	0.06301     	5.226e-06   	1.454e-05   	3.875e-06   
725         	10          	0.08273     	1.108e-05   	7.605e-06   	1.029e-05   
730         	10          	0.067       	5.69e-06    	7.89e-06    	1.179e-05   
735         	10          	0.07012     	1.554e-05   	1.024e-05   	1.281e-05   
740         	10          	0.06957     	8.141e-06   	9.132e-06   	7.65e-06    
745         	10          	0.02849     	8.171e-06   	6.337e-06   	4.765e-06   
750         	10          	0.1144      	7.128e-06   	1.299e-05   	8.4e-06     
755         	10          	0.04501     	4.178e-06   	1.07e-05    	4.169e-06   
760         	10          	0.0575      	8.319e-06   	8.574e-06   	3.149e-06   
765         	10          	0.1192      	3.271e-06   	8.393e-06   	3.508e-06   
770         	10          	0.06882     	9.449e-06   	7.988e-06   	1.393e-05   
775         	10          	0.07793     	3.788e-06   	8.851e-06   	1.039e-05   
780         	10          	0.05545     	3.495e-06   	1.034e-05   	3.874e-06   
785         	10          	0.08506     	1.077e-05   	6.857e-06   	4.106e-06   
790         	10          	0.09579     	8.198e-06   	2.156e-05   	1.129e-05   
795         	10          	0.1222      	9.286e-06   	3.143e-05   	1.438e-05   
800         	10          	0.1338      	8.257e-06   	1.392e-05   	4.559e-06   
805         	10          	0.1207      	8.461e-06   	1.702e-05   	7.526e-06   
810         	10          	0.1155      	1.023e-05   	1.243e-05   	1.228e-05   
815         	10          	0.1169      	1.657e-05   	1.39e-05    	6.277e-06   
820         	10          	0.1117      	1.175e-05   	9.777e-06   	1.956e-05   
825         	10          	0.142       	4.508e-06   	1.623e-05   	6.193e-06   
830         	10          	0.1245      	1.325e-05   	6.26e-06    	4.796e-06   
835         	10          	0.0949      	1.531e-05   	2.412e-05   	3.038e-05   
840         	10          	0.09518     	1.086e-05   	1.176e-05   	6.954e-06   
845         	10          	0.1452      	7.376e-06   	2.062e-05   	7.303e-06   
850         	10          	0.1385      	8.811e-06   	1.463e-05   	2.678e-06   
855         	10          	0.1112      	4.676e-06   	9.538e-06   	1.299e-05   
860         	10          	0.1119      	5.899e-06   	1.841e-05   	1.386e-05   
865         	10          	0.1102      	1.301e-05   	1.327e-05   	5.966e-06   
870         	10          	0.06908     	1.211e-05   	5.333e-06   	4.795e-06   
875         	10          	0.05369     	1.158e-05   	2.66e-05    	1.517e-05   
880         	10          	0.09061     	7.1e-06     	4.526e-06   	9.737e-06   
885         	10          	0.05967     	8.025e-06   	1.776e-05   	3.173e-06   
890         	10          	0.06267     	9.002e-06   	9.457e-06   	7.102e-06   
895         	10          	0.06366     	5.591e-06   	1.396e-05   	6.803e-06   
900         	10          	0.05656     	1.568e-05   	1.533e-05   	9.794e-06   
905         	10          	0.06684     	9.442e-06   	2.144e-05   	6.989e-06   
910         	10          	0.02895     	9.455e-06   	1.436e-05   	1.428e-05   
915         	10          	0.07477     	5.752e-06   	6.195e-06   	1.134e-05   
920         	10          	0.0499      	1.302e-05   	2.707e-05   	2.268e-05   
925         	10          	0.06943     	9.903e-06   	8.302e-06   	8.354e-06   
930         	10          	0.07245     	6.43e-06    	8.299e-06   	8.681e-06   
935         	10          	0.08506     	6.504e-06   	1.066e-05   	5.25e-06    
940         	10          	0.1022      	3.083e-06   	1.741e-05   	6.346e-06   
945         	10          	0.06079     	5.806e-06   	1.003e-05   	4.541e-06   
950         	10          	0.07356     	1.405e-05   	2.471e-05   	1.083e-05   
955         	10          	0.09695     	6.491e-06   	5.74e-06    	2.668e-06   
960         	10          	0.06372     	7.583e-06   	5.859e-06   	5.498e-06   
965         	10          	0.1347      	7.472e-06   	3.819e-06   	1.425e-05   
970         	10          	0.09596     	1.088e-05   	8.853e-06   	1.225e-05   
975         	10          	0.1034      	6.687e-06   	1.281e-05   	7.341e-06   
980         	10          	0.08256     	1.416e-05   	6.498e-06   	8.308e-06   
985         	10          	0.07419     	9.308e-06   	1.838e-05   	5.691e-06   
990         	10          	0.06223     	6.756e-06   	1.004e-05   	7.38e-06    
995         	10          	0.08552     	2.66e-06    	1.644e-05   	5.041e-06   
1000        	10          	0.06443     	6.153e-06   	1.864e-05   	1.333e-05   
1005        	10          	0.04433     	7.008e-06   	2.5e-05     	8.617e-06   
1010        	10          	0.06439     	4.655e-06   	1.478e-05   	8.331e-06   
1015        	10          	0.09723     	4.142e-06   	2.037e-05   	1.825e-05   
1020        	10          	0.07716     	9.918e-06   	1.676e-05   	1.728e-05   
1025        	10          	0.06111     	1.019e-05   	1.254e-05   	5.706e-06   
1030        	10          	0.08028     	7.02e-06    	1.229e-05   	1.456e-05   
1035        	10          	0.06301     	1.17e-05    	1.504e-05   	1.214e-06   
1040        	10          	0.09223     	1.253e-05   	1.533e-05   	2.159e-05   
1045        	10          	0.04422     	4.369e-06   	7.914e-06   	9.844e-06   
1050        	10          	0.073       	7.137e-06   	5.414e-06   	5.242e-06   
1055        	10          	0.03441     	6.644e-06   	4.625e-06   	9.932e-06   
1060        	10          	0.05034     	1.088e-05   	1.338e-05   	1.655e-06   
1065        	10          	0.04561     	1.305e-05   	5.591e-06   	5.49e-06    
1070        	10          	0.06769     	7.905e-06   	2.763e-05   	6.789e-06   
1075        	10          	0.07318     	1.875e-05   	9.896e-06   	1.195e-05   
1080        	10          	0.0429      	9.572e-06   	1.075e-05   	8.144e-06   
1085        	10          	0.05089     	1.255e-05   	1.895e-05   	3.887e-06   
1090        	10          	0.06046     	8.906e-06   	3.009e-05   	4.444e-06   
1095        	10          	0.05089     	1.846e-05   	2.473e-05   	2.913e-05   
1100        	10          	0.05507     	1.32e-05    	1.923e-05   	1.209e-05   
1105        	10          	0.07996     	1.045e-05   	2.292e-05   	2.038e-05   
1110        	10          	0.05429     	9.189e-06   	2.294e-05   	8.738e-06   
1115        	10          	0.07884     	1.207e-05   	7.073e-06   	9.943e-06   
1120        	10          	0.04191     	4.467e-06   	9.415e-06   	8.746e-06   
1125        	10          	0.08273     	1.25e-05    	2.189e-05   	8.01e-06    
1130        	10          	0.06169     	1.43e-05    	1.316e-05   	6.748e-06   
1135        	10          	0.09832     	7.525e-06   	8.616e-06   	2.678e-05   
1140        	10          	0.0699      	2.193e-06   	1.337e-05   	1.449e-05   
1145        	10          	0.08304     	2.106e-05   	2.151e-05   	1.028e-05   
1150        	10          	0.06704     	1.015e-05   	9.822e-06   	7.31e-06    
1155        	10          	0.04189     	5.325e-06   	8.733e-06   	6.022e-06   
1160        	10          	0.03706     	1.643e-05   	2.936e-05   	1.439e-05   
1165        	10          	0.05414     	1.493e-05   	6.29e-06    	1.653e-05   
1170        	10          	0.04072     	9.969e-06   	1.72e-05    	4.602e-06   
1175        	10          	0.04601     	7.521e-06   	1.12e-05    	7.871e-06   
1180        	10          	0.04821     	1.133e-05   	1.118e-05   	6.582e-06   
1185        	10          	0.02773     	6.409e-06   	2.523e-05   	1.062e-05   
1190        	10          	0.04246     	1.122e-05   	1.112e-05   	1.256e-05   
1195        	10          	0.05217     	1.155e-05   	1.094e-05   	5.82e-06    
1200        	10          	0.04029     	2.002e-05   	1.185e-05   	4.597e-06   
1205        	10          	0.05751     	9.516e-06   	9.457e-06   	1.615e-05   
1210        	10          	0.05667     	7.714e-06   	2.093e-05   	1.475e-05   
1215        	10          	0.04878     	7.069e-06   	1.789e-05   	1.222e-05   
1220        	10          	0.04645     	1.469e-05   	1.197e-05   	8.164e-06   
1225        	10          	0.06819     	2.129e-05   	8.995e-06   	1.632e-05   
1230        	10          	0.0428      	3.238e-05   	1.282e-05   	4.449e-06   
1235        	10          	0.05477     	6.145e-06   	6.628e-06   	1.217e-05   
1240        	10          	0.0589      	2.102e-05   	9.835e-06   	5.879e-06   
1245        	10          	0.06934     	5.436e-06   	1.306e-05   	4.286e-06   
1250        	10          	0.03773     	6.755e-06   	1.627e-05   	7.866e-06   
1255        	10          	0.07147     	9.333e-06   	1.408e-05   	1.497e-05   
1260        	10          	0.0445      	1.091e-05   	7.47e-06    	5.157e-06   
1265        	10          	0.05551     	1.377e-05   	1.24e-05    	1.191e-05   
1270        	10          	0.04795     	1.996e-05   	1.621e-05   	5.129e-06   
1275        	10          	0.0651      	1.063e-05   	1.694e-05   	1.099e-05   
1280        	10          	0.06039     	1.049e-05   	2.59e-06    	1.573e-05   
1285        	10          	0.04118     	1.22e-05    	1.321e-05   	1.214e-05   
1290        	10          	0.06443     	1.036e-05   	1.184e-05   	7.426e-06   
1295        	10          	0.06654     	3.846e-06   	1.324e-05   	5.936e-06   
1300        	10          	0.03089     	9.292e-06   	5.772e-06   	7.186e-06   
1305        	10          	0.06888     	4.249e-06   	1.116e-05   	2.113e-05   
1310        	10          	0.05221     	8.137e-06   	9.813e-06   	1.674e-05   
1315        	10          	0.04929     	1.003e-05   	6.425e-06   	5.256e-06   
1320        	10          	0.04593     	6.348e-06   	1.539e-05   	1.25e-05    
1325        	10          	0.08201     	1.71e-05    	3.734e-05   	1.344e-05   
1330        	10          	0.04711     	1.003e-05   	2.745e-05   	1.026e-05   
1335        	10          	0.0541      	8.12e-06    	1.757e-05   	5.503e-06   
1340        	10          	0.06023     	6.106e-06   	1.542e-05   	5.919e-06   
1345        	10          	0.1196      	9.963e-06   	8.582e-06   	7.544e-06   
1350        	10          	0.1021      	1.126e-05   	8.195e-06   	5.656e-06   
1355        	10          	0.07906     	6.422e-06   	9.478e-06   	9.145e-06   
1360        	10          	0.06989     	8.788e-06   	2.326e-05   	1.703e-05   
1365        	10          	0.04741     	6.083e-06   	3.713e-05   	4.696e-06   
1370        	10          	0.07866     	8.612e-06   	7.297e-06   	8.58e-06    
1375        	10          	0.06689     	6.522e-06   	2.154e-05   	1.004e-05   
1380        	10          	0.07883     	1.894e-05   	1.243e-05   	1.262e-05   
1385        	10          	0.1028      	1.211e-05   	3.078e-05   	1.645e-05   
1390        	10          	0.08447     	9.334e-06   	3.324e-05   	1.055e-05   
1395        	10          	0.053       	8.102e-06   	3.765e-05   	1.839e-05   
1400        	10          	0.0574      	6.505e-06   	2.112e-05   	1.382e-05   
1405        	10          	0.0819      	1.661e-05   	1.128e-05   	4.404e-06   
1410        	10          	0.04929     	1.028e-05   	2.121e-05   	1.109e-05   
1415        	10          	0.03564     	1.197e-05   	1.856e-05   	1.095e-05   
1420        	10          	0.07562     	8.789e-06   	2.31e-05    	1.794e-05   
1425        	10          	0.05123     	1.615e-05   	2.029e-05   	4.692e-06   
1430        	10          	0.0504      	7.851e-06   	1.869e-05   	1.311e-05   
1435        	10          	0.09801     	7.564e-06   	1.383e-05   	5.6e-06     
1440        	10          	0.07108     	1.432e-05   	2.201e-05   	1.342e-05   
1445        	10          	0.06468     	9.15e-06    	1.535e-05   	1.801e-05   
1450        	10          	0.04332     	7.542e-06   	2.365e-05   	1.714e-05   
1455        	10          	0.06947     	1.728e-05   	1.399e-05   	1.892e-05   
1460        	10          	0.05957     	5.964e-06   	3.043e-05   	1.924e-05   
1465        	10          	0.06718     	1.443e-05   	9.806e-06   	8.107e-06   
1470        	10          	0.08108     	4.406e-06   	1.894e-05   	7.592e-06   
1475        	10          	0.0923      	1.404e-05   	7.609e-06   	1.296e-05   
1480        	10          	0.08693     	1.727e-05   	1.812e-05   	9.239e-06   
1485        	10          	0.06878     	2.626e-05   	9.587e-06   	6.048e-06   
1490        	10          	0.09479     	9.68e-06    	7.612e-06   	1.822e-05   
1495        	10          	0.06145     	1.796e-05   	3.206e-05   	7.806e-06   
1500        	10          	0.09562     	1.932e-05   	1.956e-05   	4.433e-06   
1505        	10          	0.06329     	1.037e-05   	2.071e-05   	1.226e-05   
1510        	10          	0.07286     	1.773e-05   	2.02e-05    	1.495e-05   
1515        	10          	0.06293     	2.679e-06   	1.627e-05   	3.844e-06   
1520        	10          	0.06128     	3.033e-06   	1.512e-05   	1.95e-05    
1525        	10          	0.05534     	1.075e-05   	5.005e-06   	1.43e-05    
1530        	10          	0.06021     	1.056e-05   	2.349e-05   	4.834e-06   
1535        	10          	0.06038     	8.065e-06   	2.64e-05    	1.311e-05   
1540        	10          	0.06685     	9.035e-06   	1.573e-05   	7.794e-06   
1545        	10          	0.03712     	8.077e-06   	8.366e-06   	1.378e-05   
1550        	10          	0.03696     	1.339e-05   	8.698e-06   	9.682e-06   
1555        	10          	0.04177     	1.103e-05   	1.485e-05   	8.874e-06   
1560        	10          	0.02217     	1.769e-05   	1.644e-05   	8.842e-06   
1565        	10          	0.03857     	1.273e-06   	1.947e-05   	9.205e-06   
1570        	10          	0.02784     	1.123e-05   	1.922e-05   	1.085e-05   
1575        	10          	0.04696     	9.922e-06   	1.463e-05   	8.162e-06   
1580        	10          	0.02528     	1.175e-05   	2.424e-05   	2.294e-05   
1585        	10          	0.03534     	1.163e-05   	1.914e-05   	3.177e-05   
1590        	10          	0.04346     	6.244e-06   	6.734e-06   	9.898e-06   
1595        	10          	0.02935     	1.371e-05   	1.774e-05   	8.085e-06   
1600        	10          	0.0254      	2.127e-05   	1.688e-05   	9.729e-06   
1605        	10          	0.04332     	1.211e-05   	1.917e-05   	2.331e-05   
1610        	10          	0.04927     	1.058e-05   	2.322e-05   	2.064e-05   
1615        	10          	0.05217     	1.336e-05   	8.431e-06   	7.249e-06   
1620        	10          	0.05922     	5.535e-06   	2.256e-05   	1.14e-05    
1625        	10          	0.05262     	7.291e-06   	1.997e-05   	1.001e-05   
1630        	10          	0.03284     	1.2e-05     	6.111e-06   	7.978e-06   
1635        	10          	0.04166     	2.225e-05   	1.942e-05   	1.933e-05   
1640        	10          	0.03839     	1.46e-05    	2.029e-05   	1.174e-05   
1645        	10          	0.05538     	1.473e-05   	1.775e-05   	1.056e-05   
1650        	10          	0.08478     	1.503e-05   	8.761e-06   	7.619e-06   
1655        	10          	0.07889     	8.122e-06   	1.953e-05   	1.502e-05   
1660        	10          	0.03402     	9.31e-06    	8.581e-06   	1.005e-05   
1665        	10          	0.08282     	1.934e-05   	1.774e-05   	6.525e-06   
1670        	10          	0.05286     	6.122e-06   	2.51e-05    	1.004e-05   
1675        	10          	0.04858     	1.56e-05    	1.471e-05   	3.713e-06   
1680        	10          	0.0609      	2.358e-05   	2.525e-05   	1.304e-05   
1685        	10          	0.05549     	9.037e-06   	2.429e-05   	9.325e-06   
1690        	10          	0.06607     	8.796e-06   	2.372e-05   	1.491e-05   
1695        	10          	0.03996     	1.292e-05   	1.226e-05   	9.113e-06   
1700        	10          	0.03217     	2.873e-06   	1.692e-05   	7.34e-06    
1705        	10          	0.0435      	1.208e-05   	1.399e-05   	7.969e-06   
1710        	10          	0.04529     	9.292e-06   	1.814e-05   	7.636e-06   
1715        	10          	0.07796     	8.551e-06   	2.51e-05    	7.935e-06   
1720        	10          	0.04018     	1.179e-05   	1.172e-05   	1.763e-05   
1725        	10          	0.04514     	1.523e-05   	3.163e-05   	2.637e-05   
1730        	10          	0.03375     	8.591e-06   	6.651e-06   	1.067e-05   
1735        	10          	0.04616     	6.399e-06   	2.953e-05   	1.62e-05    
1740        	10          	0.04003     	1.305e-05   	1.601e-05   	4.883e-06   
1745        	10          	0.06046     	8.393e-06   	8.892e-06   	2.872e-05   
1750        	10          	0.08329     	1.834e-05   	1.371e-05   	5.703e-06   
1755        	10          	0.05234     	6.544e-06   	1.791e-05   	9.566e-06   
1760        	10          	0.06479     	2.472e-05   	1.119e-05   	1.057e-05   
1765        	10          	0.07906     	2.86e-06    	3.353e-05   	2.517e-05   
1770        	10          	0.1092      	1.893e-05   	4.185e-06   	1.567e-05   
1775        	10          	0.08914     	6.882e-06   	1.097e-05   	1.672e-05   
1780        	10          	0.0369      	1.368e-05   	3.018e-05   	9.121e-06   
1785        	10          	0.07123     	2.391e-05   	2.459e-05   	1.189e-05   
1790        	10          	0.05457     	8.339e-06   	2.138e-05   	2.845e-06   
1795        	10          	0.0724      	2.998e-05   	2.933e-05   	8.803e-06   
1800        	10          	0.07553     	1.18e-05    	1.995e-05   	7.967e-06   
1805        	10          	0.04889     	2.013e-05   	1.444e-05   	1.891e-05   
1810        	10          	0.0473      	9.36e-06    	2.292e-05   	1.23e-05    
1815        	10          	0.04921     	1.405e-05   	2.456e-05   	7.425e-06   
1820        	10          	0.07334     	1.596e-05   	4.488e-05   	1.133e-05   
1825        	10          	0.06669     	6.239e-06   	1.586e-05   	1.481e-05   
1830        	10          	0.08035     	1.115e-05   	1.824e-05   	1.217e-05   
1835        	10          	0.062       	9.038e-06   	2.548e-05   	2.819e-05   
1840        	10          	0.05758     	1.352e-05   	3.722e-05   	3.382e-05   
1845        	10          	0.1095      	5.964e-06   	7.562e-06   	1.063e-05   
1850        	10          	0.06854     	5.397e-06   	2.297e-05   	2.253e-05   
1855        	10          	0.1437      	1.201e-05   	7.676e-06   	2.324e-05   
1860        	10          	0.06089     	9.552e-06   	7.559e-06   	1.384e-05   
1865        	10          	0.1104      	1.11e-05    	1.49e-05    	4.297e-06   
1870        	10          	0.1082      	1.743e-05   	1.412e-05   	2.336e-05   
1875        	10          	0.07075     	8.243e-06   	2.099e-05   	1.36e-05    
1880        	10          	0.07268     	9.438e-06   	1.351e-05   	1.135e-05   
1885        	10          	0.07758     	7.18e-06    	1.828e-05   	1.294e-05   
1890        	10          	0.07862     	2.609e-06   	8.535e-06   	6.643e-06   
1895        	10          	0.05722     	7.018e-06   	2.49e-05    	1.682e-05   
1900        	10          	0.09091     	2.594e-05   	1.21e-05    	6.481e-06   
1905        	10          	0.07064     	7.429e-06   	1.731e-05   	1.978e-05   
1910        	10          	0.04303     	3.729e-06   	2.274e-05   	1.111e-05   
1915        	10          	0.03933     	1.153e-05   	8.783e-06   	4.885e-06   
1920        	10          	0.04868     	1.527e-05   	2.555e-05   	2.386e-05   
1925        	10          	0.03913     	7.698e-06   	1.095e-05   	1.139e-05   
1930        	10          	0.05594     	1.429e-05   	2.704e-05   	8.004e-06   
1935        	10          	0.06132     	6.383e-06   	1.673e-05   	2.897e-05   
1940        	10          	0.06968     	1.132e-05   	9.318e-06   	2.396e-05   
1945        	10          	0.08451     	8.286e-06   	1.813e-05   	1.839e-05   
1950        	10          	0.051       	2.309e-05   	3.11e-05    	1.465e-05   
1955        	10          	0.08268     	6.302e-06   	6.913e-06   	7.343e-06   
1960        	10          	0.04601     	1.241e-05   	1.421e-05   	1.208e-05   
1965        	10          	0.07885     	3.639e-06   	1.073e-05   	9.552e-06   
1970        	10          	0.07778     	7.848e-06   	2.132e-05   	1.647e-05   
1975        	10          	0.07597     	1.121e-05   	2.79e-05    	5.67e-06    
1980        	10          	0.09884     	7.991e-06   	1.274e-05   	3.609e-06   
1985        	10          	0.09344     	1.078e-05   	1.782e-05   	1.35e-05    
1990        	10          	0.09106     	1e-05       	6.875e-06   	1.943e-05   
1995        	10          	0.09557     	6.452e-06   	2.876e-05   	2.232e-05   
2000        	10          	0.07517     	8.602e-06   	1.435e-05   	9.011e-06   
2005        	10          	0.08077     	1.845e-05   	6.846e-06   	1.911e-05   
2010        	10          	0.06001     	1.472e-05   	3.149e-05   	8.671e-06   
2015        	10          	0.06739     	1.086e-05   	1.885e-05   	1.34e-05    
2020        	10          	0.075       	9.453e-06   	1.389e-05   	1.086e-05   
2025        	10          	0.04654     	1.567e-05   	1.303e-05   	1.489e-05   
2030        	10          	0.05234     	1.331e-05   	7.304e-06   	2.681e-05   
2035        	10          	0.05699     	8.425e-06   	1.376e-05   	6.549e-06   
2040        	10          	0.05729     	2.117e-05   	4.062e-05   	1.041e-05   
2045        	10          	0.06543     	1.01e-05    	2.504e-05   	1.185e-05   
2050        	10          	0.05374     	6.524e-06   	2.107e-05   	1.866e-05   
2055        	10          	0.07573     	9.687e-06   	1.416e-05   	2.313e-05   
2060        	10          	0.05819     	6.402e-06   	4.898e-06   	5.906e-06   
2065        	10          	0.06184     	1.197e-05   	4.615e-05   	1.268e-05   
2070        	10          	0.05407     	3.235e-06   	7.116e-06   	7.574e-06   
2075        	10          	0.04239     	1.932e-05   	1.804e-05   	1.725e-05   
2080        	10          	0.05367     	2.475e-05   	2.529e-05   	8.514e-06   
2085        	10          	0.06999     	2.046e-05   	2.858e-05   	7.293e-06   
2090        	10          	0.08274     	1.828e-05   	6.176e-06   	9.71e-06    
2095        	10          	0.06013     	1.804e-05   	1.59e-05    	4.858e-06   
2100        	10          	0.03618     	2.038e-05   	1.656e-05   	1.338e-05   
2105        	10          	0.04891     	4.345e-06   	2.057e-05   	1.587e-05   
2110        	10          	0.0433      	1.674e-05   	1.001e-05   	1.326e-05   
2115        	10          	0.03801     	1.847e-05   	1.363e-05   	7.512e-06   
2120        	10          	0.03382     	3.931e-05   	1.804e-05   	2.382e-05   
2125        	10          	0.01927     	2.036e-05   	1.111e-05   	1.231e-05   
2130        	10          	0.06422     	1.314e-05   	2.096e-05   	1.94e-05    
2135        	10          	0.03989     	2.259e-05   	1.807e-05   	1.072e-05   
2140        	10          	0.03202     	2.345e-05   	2.977e-05   	1.478e-05   
2145        	10          	0.01725     	6.982e-06   	1.937e-05   	2.145e-05   
2150        	10          	0.06799     	2.481e-05   	1.214e-05   	6.652e-06   
2155        	10          	0.05034     	5.458e-06   	1.897e-05   	3.247e-06   
2160        	10          	0.04656     	1.188e-05   	1.124e-05   	1.43e-05    
2165        	10          	0.03278     	6.236e-06   	2.722e-05   	5.111e-06   
2170        	10          	0.05734     	7.38e-06    	5.21e-06    	9.88e-06    
2175        	10          	0.08696     	1.804e-05   	1.636e-05   	1.435e-05   
2180        	10          	0.07239     	1.262e-05   	1.985e-05   	1.517e-05   
2185        	10          	0.04796     	3.062e-05   	1.755e-05   	1.327e-05   
2190        	10          	0.06616     	2.844e-05   	1.724e-05   	6.773e-06   
2195        	10          	0.04032     	1.256e-05   	4.268e-06   	1.193e-05   
2200        	10          	0.04961     	6.417e-06   	5.008e-06   	1.223e-05   
2205        	10          	0.03523     	8.15e-06    	2.244e-05   	6.544e-06   
2210        	10          	0.05724     	7.491e-06   	3.656e-05   	7.937e-06   
2215        	10          	0.03073     	1.753e-05   	5.348e-05   	1.326e-05   
2220        	10          	0.03394     	1.255e-05   	5.029e-05   	3.226e-05   
2225        	10          	0.04861     	9.112e-06   	5.743e-05   	8.403e-06   
2230        	10          	0.05814     	7.917e-06   	1.645e-05   	1.266e-05   
2235        	10          	0.042       	3.094e-05   	2.207e-05   	1.247e-05   
2240        	10          	0.0381      	1.118e-05   	1.504e-05   	2.25e-05    
2245        	10          	0.0684      	2.209e-05   	1.846e-05   	3.361e-06   
2250        	10          	0.06429     	8.24e-06    	2.406e-05   	1.357e-05   
2255        	10          	0.058       	1.428e-05   	2.471e-05   	1.024e-05   
2260        	10          	0.06021     	1.049e-05   	2.87e-05    	1.757e-05   
2265        	10          	0.05297     	7.804e-06   	3.096e-05   	1.996e-05   
2270        	10          	0.08067     	1.29e-05    	1.245e-05   	6.483e-06   
2275        	10          	0.04751     	1.399e-05   	2.019e-05   	1.537e-05   
2280        	10          	0.05334     	2.967e-06   	1.378e-05   	2.337e-05   
2285        	10          	0.0768      	8.979e-06   	4.173e-05   	6.426e-06   
2290        	10          	0.09317     	2.013e-05   	8.641e-06   	1.372e-05   
2295        	10          	0.0578      	1.852e-05   	2.693e-05   	2.72e-05    
2300        	10          	0.04382     	1.205e-05   	2.043e-05   	1.124e-05   
2305        	10          	0.05647     	1.446e-05   	8.023e-06   	1.383e-05   
2310        	10          	0.07277     	7.494e-06   	3.171e-05   	1.121e-05   
2315        	10          	0.07758     	1.232e-05   	1.01e-05    	8.571e-06   
2320        	10          	0.09117     	2.07e-05    	1.032e-05   	7.875e-06   
2325        	10          	0.05867     	1.132e-05   	2.256e-05   	1.642e-05   
2330        	10          	0.09633     	1.752e-05   	9.953e-06   	1.623e-05   
2335        	10          	0.06362     	2.091e-05   	1.309e-05   	2.841e-05   
2340        	10          	0.07568     	1.789e-05   	2.339e-05   	1.197e-05   
2345        	10          	0.07429     	7.242e-06   	1.1e-05     	1.586e-05   
2350        	10          	0.08929     	1.36e-05    	1.797e-05   	1.554e-05   
2355        	10          	0.05225     	6.909e-06   	3.643e-05   	7.635e-06   
2360        	10          	0.0531      	1.301e-05   	1.297e-05   	2.473e-05   
2365        	10          	0.04936     	1.534e-05   	3.332e-05   	5.735e-06   
2370        	10          	0.07322     	2.137e-05   	1.524e-05   	7.311e-06   
2375        	10          	0.0559      	1.194e-05   	1.992e-05   	6.078e-06   
2380        	10          	0.04668     	1.042e-05   	3.55e-05    	1.253e-05   
2385        	10          	0.04989     	1.514e-05   	8.085e-06   	7.764e-06   
2390        	10          	0.07871     	9.789e-06   	1.585e-05   	1.105e-05   
2395        	10          	0.09279     	2.936e-06   	9.751e-06   	8.218e-06   
2400        	10          	0.05911     	1.726e-05   	1.109e-05   	9.522e-06   
2405        	10          	0.05945     	2.495e-06   	1.737e-05   	9.948e-06   
2410        	10          	0.065       	1.431e-05   	1.206e-05   	8.196e-06   
2415        	10          	0.087       	1.386e-05   	4.158e-05   	1.8e-05     
2420        	10          	0.07149     	6.514e-06   	1.019e-05   	6.959e-06   
2425        	10          	0.0874      	2.496e-06   	3.135e-05   	1.058e-05   
2430        	10          	0.08256     	1.592e-05   	7.27e-06    	1.607e-05   
2435        	10          	0.05639     	6.055e-06   	4.742e-06   	2.243e-05   
2440        	10          	0.08489     	8.299e-06   	2.66e-05    	2.046e-05   
2445        	10          	0.05973     	2.018e-05   	1.94e-05    	1.367e-05   
2450        	10          	0.07461     	8.879e-06   	2.392e-05   	1.323e-05   
2455        	10          	0.05347     	4.133e-05   	2.965e-05   	1.366e-05   
2460        	10          	0.07461     	9.849e-06   	9.693e-06   	9.748e-06   
2465        	10          	0.09289     	1.064e-05   	1.232e-05   	8.431e-06   
2470        	10          	0.07432     	8.536e-06   	2.562e-05   	8.639e-06   
2475        	10          	0.07425     	1.32e-05    	1.311e-05   	6.771e-06   
2480        	10          	0.07911     	1.431e-05   	8.135e-06   	1.431e-05   
2485        	10          	0.08461     	1.293e-05   	1.76e-06    	1.658e-05   
2490        	10          	0.06789     	8.818e-06   	7.005e-06   	6.32e-06    
2495        	10          	0.0444      	1.719e-05   	3.871e-05   	1.148e-05   
2500        	10          	0.07196     	7.657e-06   	7.562e-06   	7.937e-06   
2505        	10          	0.07441     	1.954e-05   	2.509e-05   	6.509e-06   
2510        	10          	0.05971     	9.868e-06   	4.996e-05   	1.253e-05   
2515        	10          	0.07489     	9.871e-06   	1.278e-05   	2.925e-06   
2520        	10          	0.0778      	9.124e-06   	1.59e-05    	1.383e-05   
2525        	10          	0.08679     	1.011e-05   	3.816e-06   	1.068e-05   
2530        	10          	0.07947     	2.556e-05   	2.192e-05   	1.232e-05   
2535        	10          	0.1091      	1.32e-05    	1.398e-05   	1.406e-05   
2540        	10          	0.08156     	7.974e-06   	2.562e-05   	1.117e-05   
2545        	10          	0.08232     	1.278e-05   	1.883e-05   	5.884e-06   
2550        	10          	0.1082      	6.531e-06   	3.065e-05   	1.742e-05   
2555        	10          	0.1201      	1.43e-05    	1.936e-05   	4.649e-06   
2560        	10          	0.09806     	2.074e-05   	1.403e-05   	8.991e-06   
2565        	10          	0.08784     	1.284e-05   	1.088e-05   	1.236e-05   
2570        	10          	0.09506     	1.016e-05   	4.769e-06   	6.982e-06   
2575        	10          	0.08354     	7.927e-06   	1.51e-05    	1.862e-05   
2580        	10          	0.08766     	1.138e-05   	2.512e-05   	1.718e-05   
2585        	10          	0.07278     	4.349e-05   	3.493e-05   	3.002e-05   
2590        	10          	0.1056      	1.404e-05   	8.737e-06   	1.828e-05   
2595        	10          	0.09472     	7.277e-06   	1.131e-05   	1.948e-05   
2600        	10          	0.07986     	5.947e-06   	2.209e-05   	1.676e-05   
2605        	10          	0.06962     	1.941e-05   	1.315e-05   	6.031e-06   
2610        	10          	0.04812     	1.825e-05   	2.506e-05   	8.43e-06    
2615        	10          	0.07911     	1.173e-05   	1.619e-05   	6.798e-06   
2620        	10          	0.07384     	1.296e-05   	2.464e-05   	1.396e-05   
2625        	10          	0.05884     	3.748e-06   	1.323e-05   	9.158e-06   
2630        	10          	0.05346     	7.683e-06   	3.45e-05    	1.944e-05   
2635        	10          	0.08968     	4.088e-06   	2.303e-05   	2.826e-05   
2640        	10          	0.05639     	9.492e-06   	1.314e-05   	1.375e-05   
2645        	10          	0.05234     	2.853e-05   	1.324e-05   	9.024e-06   
2650        	10          	0.09184     	1.176e-05   	1.087e-05   	1.839e-05   
2655        	10          	0.06934     	6.317e-06   	2.169e-05   	2.2e-05     
2660        	10          	0.07047     	1.533e-05   	2.862e-05   	1.535e-05   
2665        	10          	0.08235     	6.625e-06   	1.587e-05   	1.479e-05   
2670        	10          	0.06486     	9.518e-06   	1.537e-05   	1.555e-05   
2675        	10          	0.06408     	1.553e-05   	7.134e-06   	1.662e-05   
2680        	10          	0.1026      	2.466e-05   	2.148e-05   	2.784e-05   
2685        	10          	0.05639     	1.183e-05   	2.687e-05   	1.11e-05    
2690        	10          	0.05841     	8.161e-06   	3.362e-05   	2.04e-05    
2695        	10          	0.06451     	4.35e-06    	2.367e-05   	5.956e-06   
2700        	10          	0.05149     	1.689e-05   	1.325e-05   	1.396e-05   
2705        	10          	0.06743     	1.155e-05   	1.443e-05   	1.382e-05   
2710        	10          	0.0534      	1.556e-05   	1.052e-05   	1.666e-05   
2715        	10          	0.05197     	1.004e-05   	1.789e-05   	2.117e-05   
2720        	10          	0.08043     	8.554e-06   	2.243e-05   	8.543e-06   
2725        	10          	0.05873     	7.475e-06   	1.737e-05   	8.714e-06   
2730        	10          	0.05724     	9.73e-06    	7.226e-06   	2.542e-05   
2735        	10          	0.06546     	1.757e-05   	2.629e-05   	1.264e-05   
2740        	10          	0.08049     	1.18e-05    	1.836e-05   	1.813e-05   
2745        	10          	0.0821      	1.153e-05   	3.197e-05   	6.211e-06   
2750        	10          	0.08614     	1.905e-05   	4.171e-05   	2.013e-05   
2755        	10          	0.09473     	1.925e-05   	1.718e-05   	1.661e-05   
2760        	10          	0.07516     	1.036e-05   	1.899e-05   	1.667e-05   
2765        	10          	0.07504     	1.214e-05   	1.618e-05   	8.984e-06   
2770        	10          	0.06256     	7.73e-06    	2.049e-05   	1.078e-05   
2775        	10          	0.07861     	2.857e-05   	2.416e-05   	1.007e-05   
2780        	10          	0.06077     	1.411e-05   	4.725e-05   	2.55e-06    
2785        	10          	0.08289     	5.27e-06    	3.153e-05   	6.227e-06   
2790        	10          	0.07479     	1.939e-05   	3.425e-05   	1.515e-05   
2795        	10          	0.07338     	2.073e-05   	6.915e-06   	1.373e-05   
2800        	10          	0.09356     	7.82e-06    	1.292e-05   	1.555e-05   
2805        	10          	0.07183     	8.954e-06   	1.235e-05   	7.464e-06   
2810        	10          	0.1193      	9.715e-06   	1.253e-05   	9.291e-06   
2815        	10          	0.07679     	1.358e-05   	2.237e-05   	1.8e-05     
2820        	10          	0.0704      	1.82e-05    	2.456e-05   	7.856e-06   
2825        	10          	0.092       	9.051e-06   	2.361e-05   	3.794e-05   
2830        	10          	0.07636     	1.149e-05   	1.494e-05   	8.909e-06   
2835        	10          	0.1139      	7.8e-06     	3.965e-05   	1.929e-05   
2840        	10          	0.07467     	1.729e-05   	3.365e-05   	2.04e-05    
2845        	10          	0.09489     	4.036e-06   	3.062e-05   	1.708e-05   
2850        	10          	0.1226      	2.884e-05   	2.471e-05   	3.702e-05   
2855        	10          	0.1096      	2.062e-05   	2.103e-05   	1.175e-05   
2860        	10          	0.1421      	3.032e-05   	1.596e-05   	1.662e-05   
2865        	10          	0.0858      	1.74e-05    	2.204e-05   	1.086e-05   
2870        	10          	0.1042      	1.405e-05   	1.895e-05   	4.978e-06   
2875        	10          	0.1528      	1.427e-05   	2.67e-05    	1.578e-05   
2880        	10          	0.1013      	1.712e-05   	1.529e-05   	1.265e-05   
2885        	10          	0.1394      	1.295e-05   	2.256e-05   	1.231e-05   
2890        	10          	0.134       	8.793e-06   	1.806e-05   	1.859e-05   
2895        	10          	0.1064      	9.325e-06   	1.624e-05   	1.307e-05   
2900        	10          	0.1208      	5.54e-06    	2.82e-05    	1.679e-05   
2905        	10          	0.1209      	7.967e-06   	2.43e-05    	5.307e-06   
2910        	10          	0.1688      	2.066e-05   	5.775e-06   	1.11e-05    
2915        	10          	0.1352      	5.964e-06   	3.544e-05   	9.268e-06   
2920        	10          	0.08873     	4.847e-05   	2.632e-05   	1.074e-05   
2925        	10          	0.09073     	1.837e-05   	1.933e-05   	2.144e-05   
2930        	10          	0.1071      	9.849e-06   	5.9e-06     	9.416e-06   
2935        	10          	0.112       	7.298e-06   	2.299e-05   	1.404e-05   
2940        	10          	0.121       	1.854e-05   	3.472e-05   	1.998e-05   
2945        	10          	0.1327      	5.572e-06   	3.17e-05    	1.248e-05   
2950        	10          	0.1394      	1.63e-05    	1.158e-05   	1.732e-05   
2955        	10          	0.1207      	1.134e-05   	1.525e-05   	1.264e-05   
2960        	10          	0.1394      	2.93e-05    	1.718e-05   	2.119e-05   
2965        	10          	0.1431      	7.196e-06   	1.22e-05    	1.041e-05   
2970        	10          	0.1048      	9.053e-06   	1.484e-05   	3.425e-06   
2975        	10          	0.1031      	1.058e-05   	2.977e-05   	1.331e-05   
2980        	10          	0.125       	2.082e-05   	2.056e-05   	1.824e-05   
2985        	10          	0.1349      	6.2e-06     	1.443e-05   	2.988e-05   
2990        	10          	0.1316      	4.272e-06   	1.728e-05   	1.764e-05   
2995        	10          	0.123       	9.454e-06   	1.043e-05   	1.509e-05   
3000        	10          	0.09964     	1.402e-05   	1.304e-05   	2.174e-05   
3005        	10          	0.1214      	1.756e-05   	3.087e-05   	1.166e-05   
3010        	10          	0.1061      	9.093e-06   	4.441e-05   	1.908e-05   
3015        	10          	0.1298      	1.15e-05    	1.894e-05   	6.327e-06   
3020        	10          	0.1125      	5.478e-06   	2.491e-05   	1.818e-05   
3025        	10          	0.09427     	8.558e-06   	3.358e-05   	3.731e-06   
3030        	10          	0.1136      	7.516e-06   	1.219e-05   	8.87e-06    
3035        	10          	0.107       	4.076e-05   	2.516e-05   	9.135e-06   
3040        	10          	0.1046      	1.08e-05    	1.228e-05   	1.535e-05   
3045        	10          	0.09317     	2.021e-05   	3.103e-05   	6.724e-06   
3050        	10          	0.08467     	1.788e-05   	2.208e-05   	1.572e-05   
3055        	10          	0.1034      	8.397e-06   	3.198e-05   	5.686e-06   
3060        	10          	0.1255      	2.084e-05   	3.562e-05   	5.53e-06    
3065        	10          	0.1306      	1.161e-05   	2.476e-05   	3.471e-05   
3070        	10          	0.1214      	7.081e-06   	4.557e-05   	2.482e-05   
3075        	10          	0.1502      	1.26e-05    	4.012e-05   	1.611e-05   
3080        	10          	0.1437      	6.72e-06    	3.112e-05   	2.378e-05   
3085        	10          	0.1209      	1.159e-05   	2.765e-05   	2.612e-05   
3090        	10          	0.1137      	3.536e-05   	2.402e-05   	2.744e-05   
3095        	10          	0.1325      	2.508e-05   	2.247e-05   	9.55e-06    
3100        	10          	0.1125      	6.24e-06    	2.341e-05   	9.424e-06   
3105        	10          	0.1362      	1.729e-05   	1.51e-05    	1.878e-05   
3110        	10          	0.1042      	1.114e-05   	2.053e-05   	1.115e-05   
3115        	10          	0.1263      	8.948e-06   	3.077e-05   	1.267e-05   
3120        	10          	0.1662      	2.063e-05   	1.941e-05   	8.389e-06   
3125        	10          	0.1088      	6.774e-06   	1.783e-05   	1.989e-05   
3130        	10          	0.104       	1.72e-05    	4.745e-05   	7.394e-06   
3135        	10          	0.1486      	1.164e-05   	1.706e-05   	1.176e-05   
3140        	10          	0.1115      	1.359e-05   	1.194e-05   	7.364e-06   
3145        	10          	0.1199      	1.44e-05    	3.128e-05   	3.234e-05   
3150        	10          	0.1678      	2.355e-05   	5.233e-05   	1.985e-05   
3155        	10          	0.1055      	1.588e-05   	1.962e-05   	1.294e-05   
3160        	10          	0.1204      	1.246e-05   	1.772e-05   	2.004e-05   
3165        	10          	0.1317      	1.62e-05    	4.623e-05   	8.843e-06   
3170        	10          	0.1349      	1.642e-05   	1.224e-05   	1.433e-05   
3175        	10          	0.1709      	1.568e-05   	1.493e-05   	2.481e-05   
3180        	10          	0.1347      	5.936e-06   	4.604e-05   	2.48e-05    
3185        	10          	0.1204      	1.265e-05   	4.586e-05   	1.564e-05   
3190        	10          	0.1069      	1.045e-05   	2.641e-05   	2.31e-05    
3195        	10          	0.09554     	1.411e-05   	2.79e-05    	2.202e-05   
3200        	10          	0.1175      	2.436e-05   	2.137e-05   	1.493e-05   
3205        	10          	0.1043      	1.948e-05   	2.86e-05    	1.596e-05   
3210        	10          	0.09938     	1.232e-05   	1.308e-05   	2.466e-05   
3215        	10          	0.0915      	3.584e-05   	1.183e-05   	7.623e-06   
3220        	10          	0.1093      	1.895e-05   	2.668e-05   	2.116e-05   
3225        	10          	0.1241      	1.691e-05   	3.356e-05   	1.361e-05   
3230        	10          	0.09838     	1.887e-05   	2.799e-05   	1.938e-05   
3235        	10          	0.1275      	1.953e-05   	6.6e-06     	6.621e-06   
3240        	10          	0.09688     	3.723e-05   	2.592e-05   	5.793e-06   
3245        	10          	0.04821     	2.105e-05   	2.827e-05   	9.98e-06    
3250        	10          	0.06894     	1.464e-05   	3.366e-05   	6.715e-06   
3255        	10          	0.06262     	6.49e-06    	1.534e-05   	2.751e-05   
3260        	10          	0.07479     	1.477e-05   	2.148e-05   	1.366e-05   
3265        	10          	0.06122     	2.963e-05   	2.063e-05   	1.606e-05   
3270        	10          	0.0501      	2.094e-05   	2.281e-05   	1.902e-05   
3275        	10          	0.08866     	9.094e-06   	2.249e-05   	1.975e-05   
3280        	10          	0.07012     	4.569e-06   	2.309e-05   	3.907e-06   
3285        	10          	0.05839     	1.127e-05   	1.923e-05   	7.778e-06   
3290        	10          	0.06768     	7.579e-06   	2.217e-05   	1.321e-05   
3295        	10          	0.06839     	9.678e-06   	2.286e-05   	1.623e-05   
3300        	10          	0.07043     	3.091e-05   	5.975e-05   	1.672e-05   
3305        	10          	0.06956     	1.275e-05   	1.874e-05   	6.451e-06   
3310        	10          	0.08714     	1.502e-05   	2.304e-05   	2.426e-05   
3315        	10          	0.0711      	1.877e-05   	1.992e-05   	1.94e-05    
3320        	10          	0.05816     	2.603e-05   	3.368e-05   	5.718e-06   
3325        	10          	0.08211     	7.577e-06   	1.857e-05   	9.967e-06   
3330        	10          	0.0675      	1.582e-05   	1.042e-05   	1.303e-05   
3335        	10          	0.09135     	2.782e-05   	2.505e-05   	2.163e-05   
3340        	10          	0.06785     	1.198e-05   	2.55e-05    	1.225e-05   
3345        	10          	0.0994      	1.477e-05   	2.446e-05   	2.946e-05   
3350        	10          	0.09871     	5.017e-05   	3.239e-05   	1.14e-05    
3355        	10          	0.07278     	5.234e-06   	1.728e-05   	1.641e-05   
3360        	10          	0.08396     	1.65e-05    	1.434e-05   	7.887e-06   
3365        	10          	0.07774     	2.289e-05   	2.259e-05   	1.321e-05   
3370        	10          	0.0811      	1.652e-05   	1.026e-05   	7.999e-06   
3375        	10          	0.06668     	1.534e-05   	4.743e-05   	8.698e-06   
3380        	10          	0.07702     	1.559e-05   	4.417e-05   	1.657e-05   
3385        	10          	0.05012     	6.715e-06   	3.661e-05   	1.071e-05   
3390        	10          	0.04977     	2.01e-05    	2.109e-05   	6.603e-06   
3395        	10          	0.07493     	1.808e-05   	1.388e-05   	5.608e-06   
3400        	10          	0.08645     	1.578e-05   	5.545e-06   	1.527e-05   
3405        	10          	0.06314     	6.862e-06   	3.659e-05   	1.625e-05   
3410        	10          	0.05795     	1.077e-05   	1.432e-05   	2.222e-05   
3415        	10          	0.06323     	9.341e-06   	1.85e-05    	7.935e-06   
3420        	10          	0.05788     	6.111e-06   	1.055e-05   	1.102e-05   
3425        	10          	0.07784     	2.527e-05   	3.923e-05   	5.027e-06   
3430        	10          	0.05471     	2.647e-05   	1.277e-05   	1.803e-05   
3435        	10          	0.05944     	1.555e-05   	2.383e-05   	1.147e-05   
3440        	10          	0.05269     	1.333e-05   	5.317e-06   	1.377e-05   
3445        	10          	0.07039     	1.077e-05   	3.019e-05   	1.031e-05   
3450        	10          	0.06868     	2.498e-05   	1.573e-05   	1.727e-05   
3455        	10          	0.05732     	1.022e-05   	3.105e-05   	9.69e-06    
3460        	10          	0.07957     	1.213e-05   	2.682e-05   	2.211e-05   
3465        	10          	0.0783      	2.162e-05   	3.903e-05   	2.571e-05   
3470        	10          	0.07651     	1.669e-05   	1.561e-05   	5.424e-06   
3475        	10          	0.084       	9.954e-06   	2.241e-05   	1.536e-05   
3480        	10          	0.1006      	9.364e-06   	6.476e-06   	1.547e-05   
3485        	10          	0.08273     	1.45e-05    	2.179e-05   	2.227e-05   
3490        	10          	0.0719      	9.071e-06   	1.966e-05   	1.001e-05   
3495        	10          	0.06114     	2.594e-05   	3.276e-05   	1.282e-05   
3500        	10          	0.0668      	6.92e-06    	1.502e-05   	1.552e-06   
3505        	10          	0.05967     	9.894e-06   	1.292e-05   	1.785e-05   
3510        	10          	0.06982     	5.296e-05   	2.262e-05   	1.287e-05   
3515        	10          	0.09308     	1.841e-05   	4.062e-05   	1.259e-05   
3520        	10          	0.07522     	2.931e-05   	4.61e-05    	6.157e-06   
3525        	10          	0.09132     	1.55e-05    	2.871e-05   	1.6e-05     
3530        	10          	0.07762     	1.443e-05   	3.498e-05   	9.13e-06    
3535        	10          	0.07933     	2.343e-05   	1.811e-05   	1.267e-05   
3540        	10          	0.0845      	1.875e-05   	5.18e-05    	1.263e-05   
3545        	10          	0.07923     	2.07e-05    	2.696e-05   	4.251e-06   
3550        	10          	0.07423     	9.866e-06   	1.003e-05   	1.469e-05   
3555        	10          	0.07317     	2.315e-05   	2.026e-05   	1.933e-05   
3560        	10          	0.0723      	1.21e-05    	2.66e-05    	1.984e-05   
3565        	10          	0.08491     	1.165e-05   	3.308e-05   	2.607e-05   
3570        	10          	0.07114     	3.19e-05    	1.562e-05   	1.955e-05   
3575        	10          	0.07569     	4.02e-06    	7.345e-06   	7.849e-06   
3580        	10          	0.07091     	1.598e-05   	2.21e-05    	1.107e-05   
3585        	10          	0.0554      	1.976e-05   	3.152e-05   	2.74e-05    
3590        	10          	0.0901      	1.007e-05   	1.674e-05   	1.235e-05   
3595        	10          	0.07217     	2.057e-05   	1.697e-05   	3.472e-06   
3600        	10          	0.09732     	1.173e-05   	1.079e-05   	6.055e-06   
3605        	10          	0.08178     	1.234e-05   	2.18e-05    	1.933e-05   
3610        	10          	0.05716     	9.407e-06   	3.12e-05    	2.121e-05   
3615        	10          	0.0783      	1.681e-05   	5.4e-05     	3.023e-05   
3620        	10          	0.07147     	7.212e-06   	2.139e-05   	1.716e-05   
3625        	10          	0.05871     	1.762e-05   	3.666e-05   	1.688e-05   
3630        	10          	0.09096     	1.466e-05   	4.458e-05   	9.39e-06    
3635        	10          	0.0763      	8.434e-06   	3.188e-05   	2.118e-05   
3640        	10          	0.06584     	2.461e-05   	3.753e-05   	3.474e-05   
3645        	10          	0.07345     	3.257e-05   	1.443e-05   	1.022e-05   
3650        	10          	0.05862     	7.448e-06   	1.016e-05   	2.505e-05   
3655        	10          	0.05752     	1.302e-05   	6.017e-06   	3.508e-06   
3660        	10          	0.06051     	1.969e-05   	1.05e-05    	1.539e-05   
3665        	10          	0.05195     	1.805e-05   	1.447e-05   	1.722e-05   
3670        	10          	0.04597     	1.91e-05    	1.82e-05    	9.081e-06   
3675        	10          	0.05589     	8.381e-06   	2.996e-05   	1.921e-05   
3680        	10          	0.0491      	2.08e-05    	2.3e-05     	1.389e-05   
3685        	10          	0.05758     	3.6e-05     	1.939e-05   	2.07e-05    
3690        	10          	0.06568     	1.158e-05   	2.353e-05   	1.238e-05   
3695        	10          	0.0781      	1.452e-05   	1.33e-05    	1.794e-05   
3700        	10          	0.0715      	9.288e-06   	8.341e-06   	1.249e-05   
3705        	10          	0.06251     	1.747e-05   	1.452e-05   	1.791e-05   
3710        	10          	0.0818      	1.442e-05   	3.487e-05   	2.111e-05   
3715        	10          	0.0763      	1.469e-05   	1.152e-05   	1.107e-05   
3720        	10          	0.05801     	8.689e-06   	2.212e-05   	1.22e-05    
3725        	10          	0.05961     	1.077e-05   	1.59e-05    	2.084e-05   
3730        	10          	0.08828     	1.193e-05   	8.837e-06   	1.629e-05   
3735        	10          	0.08379     	3.224e-05   	1.122e-05   	1.264e-05   
3740        	10          	0.08904     	3.983e-05   	2.524e-05   	1.377e-05   
3745        	10          	0.08063     	2.121e-05   	1.897e-05   	5.982e-06   
3750        	10          	0.08896     	1.89e-05    	1.019e-05   	3.049e-05   
3755        	10          	0.07049     	1.962e-05   	1.891e-05   	1.059e-05   
3760        	10          	0.07956     	5.574e-06   	2.21e-05    	8.455e-06   
3765        	10          	0.06171     	3.14e-05    	1.996e-05   	1.433e-05   
3770        	10          	0.09674     	7.896e-06   	4.075e-05   	9.129e-06   
3775        	10          	0.06935     	4.424e-05   	3.259e-05   	1.464e-05   
3780        	10          	0.07525     	2.079e-05   	1.622e-05   	2.666e-06   
3785        	10          	0.07828     	1.569e-05   	1.647e-05   	1.455e-05   
3790        	10          	0.07904     	1.476e-05   	3.99e-05    	1.124e-05   
3795        	10          	0.05421     	1.833e-05   	3.04e-05    	1.318e-05   
3800        	10          	0.05311     	1.324e-05   	1.231e-05   	1.424e-05   
3805        	10          	0.0801      	7.727e-06   	3.123e-05   	2.254e-05   
3810        	10          	0.09343     	1.163e-05   	5.538e-06   	1.486e-05   
3815        	10          	0.06923     	4.791e-06   	3.52e-05    	2.273e-05   
3820        	10          	0.05973     	1.331e-05   	1.398e-05   	1.447e-05   
3825        	10          	0.08225     	3.025e-06   	1.148e-05   	2.052e-05   
3830        	10          	0.08        	3.403e-05   	4.292e-05   	2.196e-05   
3835        	10          	0.08777     	8.259e-06   	2.333e-05   	2.63e-05    
3840        	10          	0.09071     	1.624e-05   	2.092e-05   	2.04e-05    
3845        	10          	0.08414     	1.44e-05    	5.357e-05   	2.921e-06   
3850        	10          	0.1032      	1.082e-05   	2.123e-05   	1.933e-05   
3855        	10          	0.06062     	1.727e-05   	1.431e-05   	7.659e-06   
3860        	10          	0.08251     	1.842e-05   	2.709e-05   	1.643e-05   
3865        	10          	0.07921     	2.011e-05   	2.518e-05   	1.383e-05   
3870        	10          	0.08512     	1.143e-05   	2.213e-05   	1.657e-05   
3875        	10          	0.09612     	1.959e-05   	1.025e-05   	1.757e-05   
3880        	10          	0.08293     	4.227e-05   	1.608e-05   	1.459e-05   
3885        	10          	0.05691     	1.57e-05    	1.385e-05   	3.056e-05   
3890        	10          	0.08116     	6.723e-06   	1.711e-05   	1.531e-05   
3895        	10          	0.07841     	2.624e-05   	3.455e-05   	5.677e-05   
3900        	10          	0.1119      	9.853e-06   	1.803e-05   	1.444e-05   
3905        	10          	0.07488     	1.045e-05   	1.93e-05    	6.642e-06   
3910        	10          	0.0745      	1.734e-05   	1.418e-05   	5.342e-06   
3915        	10          	0.07862     	7.284e-06   	1.243e-05   	9.881e-06   
3920        	10          	0.06178     	8.511e-06   	4.044e-05   	1.491e-05   
3925        	10          	0.08007     	1.952e-05   	1.889e-05   	1.904e-05   
3930        	10          	0.0901      	9.609e-06   	3.705e-05   	2.136e-05   
3935        	10          	0.08929     	1.459e-05   	2.595e-05   	5.392e-06   
3940        	10          	0.1167      	1.227e-05   	1.404e-05   	2.128e-05   
3945        	10          	0.0954      	1.463e-05   	2.286e-05   	1.918e-05   
3950        	10          	0.08824     	8.481e-06   	9.543e-06   	1.81e-05    
3955        	10          	0.1143      	5.873e-06   	2.221e-05   	1.762e-05   
3960        	10          	0.08618     	1.592e-05   	2.712e-05   	1.743e-05   
3965        	10          	0.0706      	1.213e-05   	2.707e-05   	6.347e-06   
3970        	10          	0.0739      	8.101e-06   	1.524e-05   	3.038e-05   
3975        	10          	0.09264     	4.705e-06   	2.16e-05    	1.232e-05   
3980        	10          	0.1217      	2.367e-05   	1.11e-05    	8.464e-06   
3985        	10          	0.06967     	1.668e-05   	2.82e-05    	3.193e-05   
3990        	10          	0.07414     	1.039e-05   	1.814e-05   	1.989e-05   
3995        	10          	0.09078     	2.758e-05   	3.811e-05   	3.9e-06     
4000        	10          	0.07422     	2.608e-05   	2.921e-05   	9.644e-06   
4005        	10          	0.097       	1.529e-05   	4.086e-05   	1.536e-05   
4010        	10          	0.1111      	3.275e-05   	1.869e-05   	1.356e-05   
4015        	10          	0.07452     	4.598e-05   	4.561e-05   	7.977e-06   
4020        	10          	0.1029      	6.227e-05   	4.687e-05   	3.182e-05   
4025        	10          	0.09018     	0.0001284   	8.353e-05   	3.559e-05   
4030        	10          	0.1068      	7.383e-05   	7.491e-05   	1.708e-05   
4035        	10          	0.08428     	4.744e-05   	7.799e-05   	2.484e-05   
4040        	10          	0.09014     	0.0001039   	0.0001065   	9.725e-06   
4045        	10          	0.1103      	6.593e-05   	4.993e-05   	9.895e-06   
4050        	10          	0.08528     	0.0002394   	0.0002834   	1.991e-05   
4055        	10          	0.09557     	0.0002385   	0.0001264   	5.909e-05   
4060        	10          	0.06838     	0.0001585   	0.0002149   	3.125e-05   
4065        	10          	0.1082      	7.663e-05   	0.0001235   	4.981e-05   
4070        	10          	0.1009      	0.0002358   	0.0001829   	3.493e-05   
4075        	10          	0.1042      	0.0002098   	0.0001946   	4.275e-05   
4080        	10          	0.0743      	0.0002252   	0.0002867   	0.0001651   
4085        	10          	0.07279     	0.0001219   	0.0001094   	0.0001356   
4090        	10          	0.0665      	0.0001828   	0.0001226   	0.0001287   
4095        	10          	0.06793     	0.0002058   	0.0001382   	0.0001903   
4100        	10          	0.07784     	0.000342    	0.0002184   	0.0002574   
4105        	10          	0.06318     	0.0002387   	0.0001959   	0.0003078   
4110        	10          	0.09269     	0.0002609   	0.0002532   	0.0001403   
4115        	10          	0.06752     	0.0001737   	0.000316    	0.0004548   
4120        	10          	0.08317     	0.0002827   	0.0004007   	0.000218    
4125        	10          	0.0754      	0.0004182   	0.0004457   	0.0002817   
4130        	10          	0.0764      	0.0003824   	0.0004172   	0.0004016   
4135        	10          	0.06439     	0.0003599   	0.0003362   	0.0004384   
4140        	10          	0.06832     	0.0005303   	0.0004186   	0.0007683   
4145        	10          	0.06504     	0.0006455   	0.0007475   	0.0002974   
4150        	10          	0.05269     	0.0002183   	0.0005239   	0.000581    
4155        	10          	0.07841     	0.0001595   	0.000382    	0.0005649   
4160        	10          	0.04779     	0.0002233   	0.0005736   	0.0005394   
4165        	10          	0.05275     	0.0001135   	0.000582    	0.0004652   
4170        	10          	0.05506     	0.0002038   	0.0002642   	0.000416    
4175        	10          	0.05861     	0.0002618   	0.0002629   	0.0005305   
4180        	10          	0.0528      	0.0003637   	0.0005356   	0.00027     
4185        	10          	0.04102     	0.000249    	0.0006594   	0.0003606   
4190        	10          	0.05097     	0.0002009   	0.000832    	0.000388    
4195        	10          	0.04764     	0.0002227   	0.0006364   	0.0006608   
4200        	10          	0.04499     	0.0005893   	0.001298    	0.0008105   
4205        	10          	0.01756     	0.0005276   	0.0008386   	0.0006629   
4210        	10          	0.01951     	0.0003336   	0.0005077   	0.0009883   
4215        	10          	0.0261      	0.000279    	0.0009029   	0.000481    
4220        	10          	0.04096     	0.0007579   	0.001436    	0.0005682   
4225        	10          	0.02839     	0.0004369   	0.001681    	0.0006604   
4230        	10          	0.01464     	0.0005606   	0.001474    	0.0009182   
4235        	10          	0.02757     	0.0008235   	0.001391    	0.0009705   
4240        	10          	0.03064     	0.0005334   	0.001309    	0.0007739   
4245        	10          	0.03807     	0.0004255   	0.002119    	0.001046    
4250        	10          	0.02993     	0.000401    	0.001948    	0.0004461   
4255        	10          	0.02983     	0.0004451   	0.00157     	0.0004223   
4260        	10          	0.02295     	0.0002119   	0.00165     	0.0007977   
4265        	10          	0.02627     	0.0002723   	0.001906    	0.0008645   
4270        	10          	0.0176      	0.00037     	0.001524    	0.0008596   
4275        	10          	0.03473     	0.0003498   	0.002414    	0.000834    
4280        	10          	0.0444      	0.0009308   	0.002187    	0.0009798   
4285        	10          	0.04018     	0.0006348   	0.001069    	0.0008638   
4290        	10          	0.03399     	0.0002892   	0.001329    	0.0006808   
4295        	10          	0.02844     	0.0006821   	0.001548    	0.0008325   
4300        	10          	0.03718     	0.0008191   	0.002489    	0.0008039   
4305        	10          	0.04234     	0.0007687   	0.001344    	0.001206    
4310        	10          	0.03595     	0.0006242   	0.001484    	0.0009453   
4315        	10          	0.02766     	0.0008      	0.001775    	0.0006245   
4320        	10          	0.02496     	0.0003723   	0.002911    	0.0007753   
4325        	10          	0.03016     	0.0009823   	0.002977    	0.000914    
4330        	10          	0.02825     	0.000616    	0.001921    	0.0007965   
4335        	10          	0.03145     	0.0006521   	0.002245    	0.0007111   
4340        	10          	0.03164     	0.0006288   	0.001736    	0.0008968   
4345        	10          	0.02253     	0.0009881   	0.002195    	0.001296    
4350        	10          	0.0183      	0.0008102   	0.002306    	0.000725    
4355        	10          	0.0244      	0.001109    	0.001985    	0.002218    
4360        	10          	0.02186     	0.0009272   	0.001948    	0.001341    
4365        	10          	0.03729     	0.0008172   	0.002137    	0.001175    
4370        	10          	0.03144     	0.0009117   	0.002026    	0.0008766   
4375        	10          	0.03095     	0.001452    	0.00285     	0.00157     
4380        	10          	0.02375     	0.0006164   	0.00223     	0.001199    
4385        	10          	0.02961     	0.0007703   	0.002126    	0.001153    
4390        	10          	0.01695     	0.0004974   	0.002023    	0.001026    
4395        	10          	0.04212     	0.0009069   	0.001713    	0.0011      
4400        	10          	0.03293     	0.001246    	0.002266    	0.001059    
4405        	10          	0.02104     	0.0007542   	0.00278     	0.001549    
4410        	10          	0.04124     	0.001561    	0.00233     	0.001203    
4415        	10          	0.02816     	0.001349    	0.001638    	0.002143    
4420        	10          	0.02625     	0.0007952   	0.00144     	0.001893    
4425        	10          	0.03257     	0.001193    	0.001963    	0.001989    
4430        	10          	0.03838     	0.001091    	0.001955    	0.002026    
4435        	10          	0.02667     	0.0007029   	0.002022    	0.001822    
4440        	10          	0.02919     	0.001202    	0.001558    	0.001959    
4445        	10          	0.0185      	0.0005451   	0.001479    	0.002079    
4450        	10          	0.03723     	0.00103     	0.001691    	0.003039    
4455        	10          	0.02783     	0.001106    	0.001916    	0.002855    
4460        	10          	0.02229     	0.0009999   	0.001737    	0.002951    
4465        	10          	0.01839     	0.000782    	0.002342    	0.001993    
4470        	10          	0.02958     	0.001242    	0.002502    	0.00257     
4475        	10          	0.01796     	0.000809    	0.003014    	0.002681    
4480        	10          	0.03303     	0.00132     	0.002609    	0.00314     
4485        	10          	0.01657     	0.001468    	0.003989    	0.00246     
4490        	10          	0.03138     	0.001401    	0.002296    	0.00202     
4495        	10          	0.025       	0.001489    	0.00293     	0.002629    
4500        	10          	0.03456     	0.001325    	0.003215    	0.002319    
4505        	10          	0.02618     	0.001342    	0.003674    	0.003347    
4510        	10          	0.0129      	0.001412    	0.002885    	0.002714    
4515        	10          	0.02989     	0.0006509   	0.003316    	0.002594    
4520        	10          	0.02585     	0.001364    	0.003444    	0.003374    
4525        	10          	0.01973     	0.00143     	0.002442    	0.002674    
4530        	10          	0.02499     	0.001061    	0.00297     	0.002925    
4535        	10          	0.02291     	0.001564    	0.002928    	0.002869    
4540        	10          	0.02539     	0.001403    	0.00244     	0.003486    
4545        	10          	0.0285      	0.001472    	0.003685    	0.002719    
4550        	10          	0.02251     	0.001255    	0.003139    	0.002531    
4555        	10          	0.02372     	0.001283    	0.003194    	0.002195    
4560        	10          	0.02339     	0.001685    	0.003354    	0.001961    
4565        	10          	0.01834     	0.001425    	0.003565    	0.002097    
4570        	10          	0.0215      	0.002082    	0.002982    	0.002301    
4575        	10          	0.0214      	0.002837    	0.003269    	0.001819    
4580        	10          	0.021       	0.002664    	0.00421     	0.002401    
4585        	10          	0.02704     	0.002012    	0.003302    	0.001594    
4590        	10          	0.01168     	0.002219    	0.003796    	0.00187     
4595        	10          	0.01569     	0.002719    	0.004126    	0.001989    
4600        	10          	0.02311     	0.001963    	0.003445    	0.002169    
4605        	10          	0.02958     	0.001738    	0.002937    	0.002382    
4610        	10          	0.01533     	0.002088    	0.003003    	0.001855    
4615        	10          	0.01047     	0.001667    	0.003425    	0.002591    
4620        	10          	0.01321     	0.00173     	0.004553    	0.002882    
4625        	10          	0.0178      	0.001899    	0.004643    	0.002716    
4630        	10          	0.0165      	0.00278     	0.00489     	0.002915    
4635        	10          	0.01344     	0.002361    	0.004511    	0.002228    
4640        	10          	0.0134      	0.002356    	0.004001    	0.00304     
4645        	10          	0.009058    	0.002285    	0.004011    	0.003211    
4650        	10          	0.01539     	0.002294    	0.004849    	0.003714    
4655        	10          	0.009656    	0.002743    	0.003823    	0.002217    
4660        	10          	0.008914    	0.002486    	0.004134    	0.001739    
4665        	10          	0.01551     	0.003173    	0.003337    	0.002152    
4670        	10          	0.02525     	0.00267     	0.00331     	0.002092    
4675        	10          	0.02125     	0.002222    	0.003593    	0.003268    
4680        	10          	0.01673     	0.001971    	0.004264    	0.002721    
4685        	10          	0.02089     	0.001672    	0.003451    	0.003377    
4690        	10          	0.02677     	0.00156     	0.004424    	0.003926    
4695        	10          	0.01912     	0.001601    	0.003885    	0.003349    
4700        	10          	0.03388     	0.002651    	0.003992    	0.003395    
4705        	10          	0.02527     	0.00218     	0.005473    	0.004252    
4710        	10          	0.01243     	0.001818    	0.004803    	0.003386    
4715        	10          	0.01466     	0.001843    	0.004031    	0.003493    
4720        	10          	0.01744     	0.002597    	0.004306    	0.002381    
4725        	10          	0.01649     	0.002954    	0.004209    	0.003428    
4730        	10          	0.02817     	0.002818    	0.0048      	0.002483    
4735        	10          	0.01157     	0.00226     	0.004446    	0.003241    
4740        	10          	0.0221      	0.00193     	0.002847    	0.003281    
4745        	10          	0.01804     	0.002738    	0.003435    	0.002233    
4750        	10          	0.01841     	0.003197    	0.002992    	0.002322    
4755        	10          	0.02272     	0.002873    	0.003577    	0.002406    
4760        	10          	0.01573     	0.002328    	0.003308    	0.002324    
4765        	10          	0.01828     	0.002569    	0.002826    	0.002347    
4770        	10          	0.0134      	0.002529    	0.002632    	0.002213    
4775        	10          	0.01694     	0.003125    	0.002907    	0.002011    
4780        	10          	0.01321     	0.002752    	0.00311     	0.001679    
4785        	10          	0.01816     	0.003508    	0.00295     	0.001675    
4790        	10          	0.01838     	0.001893    	0.00221     	0.001129    
4795        	10          	0.01613     	0.002493    	0.002885    	0.001556    
4800        	10          	0.01983     	0.002891    	0.003239    	0.002225    
4805        	10          	0.02957     	0.002116    	0.003454    	0.0017      
4810        	10          	0.03041     	0.002695    	0.002505    	0.001935    
4815        	10          	0.01761     	0.002278    	0.002534    	0.001751    
4820        	10          	0.02163     	0.002226    	0.002337    	0.002802    
4825        	10          	0.01223     	0.002019    	0.001394    	0.00181     
4830        	10          	0.01514     	0.002091    	0.00114     	0.001986    
4835        	10          	0.02439     	0.001812    	0.001937    	0.001546    
4840        	10          	0.02762     	0.002405    	0.00106     	0.002083    
4845        	10          	0.031       	0.002369    	0.00104     	0.001979    
4850        	10          	0.03677     	0.002858    	0.00109     	0.00181     
4855        	10          	0.0156      	0.00218     	0.001537    	0.002009    
4860        	10          	0.01896     	0.002313    	0.001834    	0.001853    
4865        	10          	0.02366     	0.002022    	0.001582    	0.002402    
4870        	10          	0.01817     	0.002025    	0.001903    	0.001925    
4875        	10          	0.02066     	0.00177     	0.001672    	0.00226     
4880        	10          	0.03021     	0.002016    	0.001278    	0.002339    
4885        	10          	0.03364     	0.001483    	0.000996    	0.001573    
4890        	10          	0.02928     	0.001874    	0.001096    	0.001658    
4895        	10          	0.02104     	0.002005    	0.001056    	0.001611    
4900        	10          	0.01173     	0.001625    	0.001796    	0.001807    
4905        	10          	0.01486     	0.00186     	0.001977    	0.00142     
4910        	10          	0.02001     	0.001806    	0.001723    	0.001144    
4915        	10          	0.01884     	0.001514    	0.002292    	0.001581    
4920        	10          	0.02149     	0.00166     	0.002398    	0.00161     
4925        	10          	0.01614     	0.001915    	0.004043    	0.001759    
4930        	10          	0.02284     	0.002107    	0.002672    	0.001504    
4935        	10          	0.01572     	0.00181     	0.002345    	0.001902    
4940        	10          	0.01769     	0.002182    	0.002415    	0.002697    
4945        	10          	0.02204     	0.002106    	0.002103    	0.002288    
4950        	10          	0.02139     	0.001716    	0.00234     	0.002118    
4955        	10          	0.01588     	0.001536    	0.002236    	0.002527    
4960        	10          	0.01911     	0.00209     	0.00217     	0.001759    
4965        	10          	0.02278     	0.002586    	0.001582    	0.001767    
4970        	10          	0.02114     	0.002792    	0.0009899   	0.001647    
4975        	10          	0.03307     	0.002036    	0.002155    	0.00203     
4980        	10          	0.01686     	0.002794    	0.001596    	0.001741    
4985        	10          	0.02901     	0.002171    	0.001834    	0.002015    
4990        	10          	0.02762     	0.002574    	0.001356    	0.0019      
4995        	10          	0.01567     	0.003013    	0.00174     	0.001856    
5000        	10          	0.02025     	0.002805    	0.001985    	0.001247    
