generation  	alive.rpl   	n.adlt.rs   	n.adlt.fst.wc_p1-2	n.adlt.fst.wc_p1-3	n.adlt.fst.wc_p2-3
5           	10          	0.01522     	8.768e-07   	1.221e-06   	2.534e-06   
10          	10          	0.01341     	2.653e-06   	1.18e-06    	1.851e-06   
15          	10          	0.01418     	2.174e-06   	3.68e-06    	1.643e-06   
20          	10          	0.03432     	1.604e-06   	1.073e-06   	2.21e-06    
25          	10          	0.01777     	5.59e-06    	2.901e-06   	1.622e-06   
30          	10          	0.04249     	3.701e-06   	3.674e-06   	2.368e-06   
35          	10          	0.05646     	5.076e-06   	4.657e-06   	3.724e-06   
40          	10          	0.01778     	1.566e-06   	5.537e-06   	6.871e-07   
45          	10          	0.02197     	1.249e-06   	4.331e-06   	4.14e-06    
50          	10          	0.02411     	5.506e-06   	2.466e-06   	4.401e-06   
55          	10          	0.05118     	9.546e-07   	5.342e-06   	1.094e-06   
60          	10          	0.03173     	3.673e-07   	5.003e-06   	2.837e-06   
65          	10          	0.03929     	6.652e-06   	3.032e-06   	2.636e-06   
70          	10          	0.03538     	4.464e-06   	4.673e-06   	1.29e-06    
75          	10          	0.05821     	2.754e-06   	1.01e-05    	4.803e-06   
80          	10          	0.04906     	2.729e-06   	4.14e-06    	5.945e-06   
85          	10          	0.04075     	6.302e-06   	3.74e-06    	3.329e-06   
90          	10          	0.1196      	3.742e-06   	6.868e-06   	3.786e-06   
95          	10          	0.05864     	3.592e-06   	1.273e-05   	4.473e-06   
100         	10          	0.03677     	3.758e-06   	5.427e-06   	2.872e-06   
105         	10          	0.09596     	1.787e-06   	9.731e-06   	2.747e-06   
110         	10          	0.02201     	2.741e-06   	5.273e-06   	1.884e-06   
115         	10          	0.02246     	2.364e-06   	6.595e-06   	6.456e-06   
120         	10          	0.02201     	4.795e-06   	7.826e-06   	5.759e-06   
125         	10          	0.05846     	5.867e-06   	5.738e-06   	3.072e-06   
130         	10          	0.04327     	5.852e-06   	1.164e-05   	3.401e-06   
135         	10          	0.03836     	3.11e-06    	9.614e-06   	2.677e-06   
140         	10          	0.053       	3.894e-06   	3.197e-06   	1.931e-06   
145         	10          	0.01372     	2.924e-06   	3.809e-06   	5.285e-06   
150         	10          	0.07283     	4.796e-06   	4.403e-06   	1.594e-06   
155         	10          	0.0606      	3.418e-06   	1.199e-05   	4.213e-06   
160         	10          	0.05734     	3.139e-06   	5.21e-06    	5.901e-06   
165         	10          	0.07618     	3.572e-06   	6.238e-06   	7.55e-06    
170         	10          	0.06493     	2.023e-06   	9.495e-06   	3.583e-06   
175         	10          	0.06322     	7.897e-06   	8.453e-06   	3.314e-06   
180         	10          	0.07349     	2.231e-06   	8.099e-06   	3.608e-06   
185         	10          	0.08623     	3.185e-06   	6.592e-06   	3.375e-06   
190         	10          	0.1009      	3.154e-06   	8.733e-06   	3.301e-06   
195         	10          	0.07899     	4.292e-06   	6.838e-06   	9.682e-06   
200         	10          	0.09717     	6.993e-06   	1.156e-05   	4.096e-06   
205         	10          	0.09229     	1.437e-06   	7.738e-06   	2.028e-06   
210         	10          	0.08289     	8.121e-06   	7.784e-06   	5.755e-06   
215         	10          	0.06066     	6.102e-06   	6.668e-06   	5.461e-06   
220         	10          	0.1072      	8.068e-06   	9.475e-06   	6.194e-06   
225         	10          	0.07836     	1.248e-05   	1.703e-05   	4.144e-06   
230         	10          	0.05143     	6.866e-06   	9.195e-06   	9.32e-06    
235         	10          	0.06911     	2.432e-06   	7.473e-06   	7.578e-06   
240         	10          	0.08084     	6.27e-06    	7.021e-06   	9.678e-06   
245         	10          	0.06523     	3.137e-06   	3.862e-06   	4.117e-06   
250         	10          	0.1156      	8.117e-06   	1.02e-05    	1.702e-06   
255         	10          	0.07401     	1.039e-06   	6.874e-06   	3.299e-06   
260         	10          	0.07279     	5.231e-06   	1.03e-05    	5.471e-06   
265         	10          	0.04788     	1.237e-06   	5.35e-06    	1.669e-06   
270         	10          	0.09817     	4.367e-06   	1.43e-05    	7.879e-06   
275         	10          	0.01825     	3.836e-06   	2.124e-05   	2.203e-06   
280         	10          	0.06834     	4.572e-06   	1.377e-05   	1.44e-05    
285         	10          	0.03529     	3.828e-06   	2.251e-06   	9.345e-06   
290         	10          	0.04351     	2.803e-06   	9.59e-06    	2.48e-06    
295         	10          	0.06145     	7.708e-06   	2.889e-06   	3.844e-06   
300         	10          	0.01767     	2.492e-06   	9.956e-06   	4.295e-06   
305         	10          	0.02722     	9.459e-06   	8.622e-06   	5.027e-06   
310         	10          	0.01106     	7.392e-06   	3.816e-06   	2.501e-06   
315         	10          	0.02436     	4.716e-06   	6.609e-06   	2.416e-06   
320         	10          	0.06056     	5.74e-06    	7.925e-06   	4.973e-06   
325         	10          	0.0214      	4.155e-06   	5.979e-06   	3.894e-06   
330         	10          	0.04936     	4.991e-06   	1.004e-05   	4.268e-06   
335         	10          	0.03769     	6.645e-06   	7.386e-06   	2.541e-06   
340         	10          	0.03556     	5.959e-06   	9.024e-06   	3.008e-06   
345         	10          	0.01825     	8.66e-06    	9.593e-06   	8.421e-06   
350         	10          	0.07175     	7.123e-06   	7.178e-06   	5.431e-06   
355         	10          	0.02067     	5.539e-06   	5.288e-06   	9.303e-06   
360         	10          	0.04235     	2.57e-06    	6.915e-06   	2.971e-06   
365         	10          	0.0469      	8.023e-06   	1.055e-05   	3.203e-06   
370         	10          	0.05114     	6.96e-06    	9.502e-06   	9.458e-06   
375         	10          	0.08708     	9.838e-06   	1.283e-05   	6.737e-06   
380         	10          	0.05604     	5.628e-06   	5.262e-06   	2.099e-06   
385         	10          	0.04654     	2.865e-06   	1.483e-05   	2.298e-06   
390         	10          	0.1014      	1.216e-05   	2.832e-06   	7.046e-06   
395         	10          	0.08958     	6.837e-06   	7.129e-06   	6.42e-06    
400         	10          	0.0535      	1.087e-05   	8.599e-06   	3.729e-06   
405         	10          	0.08149     	6.138e-06   	5.333e-06   	5.103e-06   
410         	10          	0.07246     	2.681e-06   	9.536e-06   	2.506e-06   
415         	10          	0.09277     	3.589e-06   	5.511e-06   	1.048e-05   
420         	10          	0.1105      	6.881e-06   	1.842e-05   	6.2e-06     
425         	10          	0.07766     	8.558e-06   	8.27e-06    	8.196e-06   
430         	10          	0.09025     	7.292e-06   	3.144e-06   	1.49e-05    
435         	10          	0.08611     	2.037e-05   	9.455e-06   	4.549e-06   
440         	10          	0.0741      	6.06e-06    	1.133e-05   	1.42e-05    
445         	10          	0.08721     	1.195e-05   	8.828e-06   	2.464e-06   
450         	10          	0.04428     	1.304e-05   	9.874e-06   	7.407e-06   
455         	10          	0.09316     	6.182e-06   	1.315e-05   	7.471e-06   
460         	10          	0.06396     	5.381e-06   	1.824e-05   	8.688e-06   
465         	10          	0.04801     	1.234e-05   	7.559e-06   	5.494e-06   
470         	10          	0.039       	2.487e-06   	5.663e-06   	1.422e-05   
475         	10          	0.05906     	1.022e-05   	1.152e-05   	3.648e-06   
480         	10          	0.0818      	1.094e-05   	1.933e-05   	9.128e-06   
485         	10          	0.03279     	3.964e-06   	1.551e-05   	6.247e-06   
490         	10          	0.04189     	6.739e-06   	2.098e-06   	3.321e-06   
495         	10          	0.06947     	8.823e-06   	6.376e-06   	6.961e-06   
500         	10          	0.06529     	4.554e-06   	1.378e-05   	5.044e-06   
505         	10          	0.1492      	5.388e-06   	8.043e-06   	1.142e-05   
510         	10          	0.07672     	1.043e-05   	8.069e-06   	5.795e-06   
515         	10          	0.1267      	8.603e-06   	7.008e-06   	1.273e-05   
520         	10          	0.1203      	1.182e-05   	1.302e-05   	9.983e-06   
525         	10          	0.08967     	7.846e-06   	1.529e-05   	4.66e-06    
530         	10          	0.101       	3.501e-06   	9.376e-06   	5.402e-06   
535         	10          	0.09389     	1.298e-05   	7.895e-06   	7.604e-06   
540         	10          	0.1125      	1.31e-05    	1.386e-05   	9.087e-06   
545         	10          	0.112       	4.289e-06   	1.094e-05   	6.307e-06   
550         	10          	0.05128     	4.717e-06   	1.226e-05   	6.527e-06   
555         	10          	0.08622     	6.258e-06   	7.652e-06   	9.458e-06   
560         	10          	0.1068      	1.078e-05   	1.814e-05   	1.629e-05   
565         	10          	0.09054     	5.452e-06   	9.662e-06   	1.048e-05   
570         	10          	0.08938     	4.288e-06   	3.689e-06   	6.12e-06    
575         	10          	0.08173     	6.305e-06   	5.973e-06   	1.498e-05   
580         	10          	0.08666     	5.955e-06   	5.312e-06   	8.965e-06   
585         	10          	0.09219     	4.662e-06   	1.545e-05   	7.626e-06   
590         	10          	0.08621     	1.539e-05   	1.709e-05   	1.353e-05   
595         	10          	0.08594     	7.872e-06   	2.122e-05   	8.86e-06    
600         	10          	0.1276      	1.023e-05   	9.67e-06    	2.384e-05   
605         	10          	0.1246      	2.504e-05   	1.211e-05   	1.081e-05   
610         	10          	0.1057      	6.473e-06   	1.856e-05   	3.193e-06   
615         	10          	0.06379     	1.079e-05   	4.826e-06   	3.753e-06   
620         	10          	0.04914     	1.05e-05    	1.171e-05   	4.248e-06   
625         	10          	0.07304     	3.576e-06   	2.64e-05    	7.777e-06   
630         	10          	0.04312     	5.703e-06   	8.726e-06   	1.255e-05   
635         	10          	0.1012      	7.468e-06   	1.162e-05   	9.103e-06   
640         	10          	0.111       	1.056e-05   	1.464e-05   	2.717e-06   
645         	10          	0.1383      	9.312e-06   	2.076e-05   	9.038e-06   
650         	10          	0.07057     	4.235e-06   	7.71e-06    	2.9e-06     
655         	10          	0.05188     	4.812e-06   	7.475e-06   	6.884e-06   
660         	10          	0.09734     	5.567e-06   	1.127e-05   	9.358e-06   
665         	10          	0.07097     	1.117e-05   	1.57e-05    	1.6e-05     
670         	10          	0.09267     	7.784e-06   	1.218e-05   	1.816e-05   
675         	10          	0.08822     	5.282e-06   	1.343e-05   	1.45e-05    
680         	10          	0.07199     	5.435e-06   	1.152e-05   	6.844e-06   
685         	10          	0.07752     	9.845e-06   	9.75e-06    	6.649e-06   
690         	10          	0.1003      	3.61e-06    	7.166e-06   	7.957e-06   
695         	10          	0.08532     	1.04e-05    	1.246e-05   	9.448e-06   
700         	10          	0.07804     	1.233e-05   	7.386e-06   	4.627e-06   
705         	10          	0.04229     	1.365e-05   	2.856e-06   	1.025e-05   
710         	10          	0.07479     	6.548e-06   	3.257e-06   	2.845e-06   
715         	10          	0.1041      	1.978e-05   	1.082e-05   	8.116e-06   
720         	10          	0.07849     	1.178e-05   	7.631e-06   	1.263e-05   
725         	10          	0.08989     	6.782e-06   	2.576e-06   	6.34e-06    
730         	10          	0.05566     	6.762e-06   	1.717e-05   	5.097e-06   
735         	10          	0.07995     	4.395e-06   	7.648e-06   	6.944e-06   
740         	10          	0.07528     	1.085e-05   	7.86e-06    	1.619e-05   
745         	10          	0.05158     	4.906e-06   	8.153e-06   	3.409e-06   
750         	10          	0.03332     	8.674e-06   	1.056e-05   	2.059e-06   
755         	10          	0.04724     	5.55e-06    	2.072e-05   	3.851e-06   
760         	10          	0.09818     	8.401e-06   	2.179e-05   	1.411e-05   
765         	10          	0.04757     	5.804e-06   	1.029e-05   	3.538e-05   
770         	10          	0.05919     	3.577e-06   	8.858e-06   	7.328e-06   
775         	10          	0.05127     	9.042e-06   	5.319e-06   	9.68e-06    
780         	10          	0.0316      	6.888e-06   	1.741e-05   	5.759e-06   
785         	10          	0.05771     	1.122e-05   	1.514e-05   	5.966e-06   
790         	10          	0.04        	5.072e-06   	2.272e-05   	1.376e-05   
795         	10          	0.01693     	4.756e-06   	1.897e-05   	1.494e-05   
800         	10          	0.06497     	3.905e-06   	2.244e-05   	3.399e-06   
805         	10          	0.05445     	1.68e-05    	2.14e-05    	3.063e-06   
810         	10          	0.05372     	2.212e-06   	2.15e-05    	1.045e-05   
815         	10          	0.03717     	1.589e-06   	1.291e-05   	4.09e-06    
820         	10          	0.08066     	7.047e-06   	7.614e-06   	3.621e-06   
825         	10          	0.065       	9.118e-06   	1.689e-05   	2.245e-05   
830         	10          	0.07419     	7.521e-06   	5.007e-06   	8.191e-06   
835         	10          	0.02578     	1.247e-05   	1.336e-05   	5.996e-06   
840         	10          	0.04978     	4.991e-06   	1.619e-05   	9.922e-06   
845         	10          	0.03928     	8.988e-06   	2.59e-05    	7.069e-06   
850         	10          	0.0713      	8.788e-06   	7.212e-06   	7.662e-06   
855         	10          	0.09211     	1.083e-05   	1.497e-05   	6.527e-06   
860         	10          	0.07566     	3.419e-06   	7.04e-06    	6.89e-06    
865         	10          	0.07267     	7.002e-06   	2.551e-05   	2.486e-05   
870         	10          	0.09504     	1.115e-05   	1.42e-05    	8.006e-06   
875         	10          	0.04746     	1.045e-05   	1.186e-05   	8.138e-06   
880         	10          	0.0469      	6.676e-06   	2.301e-05   	8.92e-06    
885         	10          	0.06383     	1.705e-05   	1.834e-05   	1.231e-05   
890         	10          	0.05734     	5.423e-06   	9.362e-06   	1.342e-05   
895         	10          	0.07849     	5.758e-06   	2.076e-05   	4.934e-06   
900         	10          	0.0474      	2.076e-05   	3.797e-05   	1.728e-05   
905         	10          	0.06228     	7.926e-06   	3.026e-05   	2.834e-06   
910         	10          	0.07239     	1.486e-05   	6.451e-06   	6.464e-06   
915         	10          	0.06927     	1.338e-05   	2.165e-05   	1.019e-05   
920         	10          	0.0471      	1.337e-05   	1.955e-05   	1.433e-05   
925         	10          	0.058       	2.403e-05   	6.312e-06   	1.719e-05   
930         	10          	0.03482     	3.909e-06   	1.327e-05   	1.056e-05   
935         	10          	0.07462     	3.485e-06   	3.135e-05   	1.348e-05   
940         	10          	0.05953     	5.291e-06   	7.008e-06   	1.836e-05   
945         	10          	0.06157     	8.561e-06   	6.972e-06   	5.184e-06   
950         	10          	0.06868     	3.629e-05   	2.781e-05   	7.015e-06   
955         	10          	0.04673     	9.295e-06   	1.737e-05   	2.046e-05   
960         	10          	0.04967     	1.81e-05    	1.981e-05   	1.311e-05   
965         	10          	0.05667     	1.833e-05   	1.585e-05   	8.517e-06   
970         	10          	0.08146     	9.049e-06   	1.495e-05   	1.027e-06   
975         	10          	0.05488     	1.213e-05   	1.213e-05   	1.068e-05   
980         	10          	0.06196     	9.177e-06   	1.765e-05   	7.832e-06   
985         	10          	0.0409      	8.819e-06   	8.071e-06   	9.493e-06   
990         	10          	0.08978     	6.328e-06   	1.991e-05   	1.149e-05   
995         	10          	0.06651     	1.364e-05   	2.184e-05   	4.979e-06   
1000        	10          	0.08247     	2.364e-05   	2.122e-05   	4.145e-06   
1005        	10          	0.0501      	1.004e-05   	2.159e-05   	1.232e-05   
1010        	10          	0.08323     	1.047e-05   	9.448e-06   	1.169e-05   
1015        	10          	0.07943     	1.449e-05   	1.539e-05   	5.622e-06   
1020        	10          	0.04589     	1.009e-05   	2.438e-05   	1.513e-05   
1025        	10          	0.09868     	4.586e-06   	7.292e-06   	4.26e-06    
1030        	10          	0.05778     	3.945e-06   	1.433e-05   	1.904e-05   
1035        	10          	0.06673     	1.083e-05   	1.505e-05   	8.458e-06   
1040        	10          	0.06934     	3.462e-06   	1.239e-05   	7.526e-06   
1045        	10          	0.07223     	6.04e-06    	1.674e-05   	6.142e-06   
1050        	10          	0.06964     	5.613e-06   	2.696e-05   	5.92e-06    
1055        	10          	0.04774     	1.546e-05   	1.291e-05   	4.754e-06   
1060        	10          	0.08117     	5.488e-06   	1.813e-05   	7.278e-06   
1065        	10          	0.09656     	5.487e-06   	1.242e-05   	1.602e-05   
1070        	10          	0.1008      	2.356e-05   	1.616e-05   	1.454e-05   
1075        	10          	0.1048      	6.329e-06   	7.476e-06   	1.067e-05   
1080        	10          	0.0626      	1.517e-05   	1.391e-05   	3.667e-05   
1085        	10          	0.09211     	1.083e-05   	8.486e-06   	8.229e-06   
1090        	10          	0.09841     	2.651e-05   	1.611e-05   	1.74e-05    
1095        	10          	0.06085     	1.195e-05   	4.384e-06   	6.541e-06   
1100        	10          	0.1332      	6.049e-06   	1.87e-05    	8.538e-06   
1105        	10          	0.08493     	8.782e-06   	7.423e-06   	1.269e-05   
1110        	10          	0.1013      	8.362e-06   	1.25e-05    	4.177e-06   
1115        	10          	0.09546     	1.265e-05   	1.805e-05   	9.376e-06   
1120        	10          	0.1083      	6.864e-06   	1.43e-05    	9.156e-06   
1125        	10          	0.1076      	3.38e-06    	8.627e-06   	7.58e-06    
1130        	10          	0.09436     	6.955e-06   	1.331e-05   	1.343e-05   
1135        	10          	0.1003      	2.049e-06   	1.019e-05   	9.346e-06   
1140        	10          	0.07667     	2.039e-05   	2.299e-05   	7.602e-06   
1145        	10          	0.07822     	1.111e-05   	1.642e-05   	8.237e-06   
1150        	10          	0.1039      	4.116e-06   	1.248e-05   	1.286e-05   
1155        	10          	0.1055      	5.278e-06   	1.309e-05   	4.427e-06   
1160        	10          	0.0595      	1.1e-05     	2.035e-05   	7.52e-06    
1165        	10          	0.09385     	1.372e-05   	1.724e-05   	9.688e-06   
1170        	10          	0.121       	4.553e-06   	8.122e-06   	1.276e-05   
1175        	10          	0.1819      	9.474e-06   	2.244e-05   	3.505e-06   
1180        	10          	0.1323      	1.068e-05   	2.639e-05   	1.01e-05    
1185        	10          	0.1142      	1.382e-05   	1.279e-05   	1.125e-05   
1190        	10          	0.1394      	8.202e-06   	1.272e-05   	2.236e-05   
1195        	10          	0.1109      	1.605e-05   	1.539e-05   	6.648e-06   
1200        	10          	0.0628      	2.368e-05   	1.581e-05   	9.971e-06   
1205        	10          	0.112       	3.046e-06   	1.142e-05   	1.544e-05   
1210        	10          	0.1662      	5.233e-06   	1.109e-05   	2.779e-05   
1215        	10          	0.1318      	1.005e-05   	2.694e-05   	1.78e-05    
1220        	10          	0.1286      	4.933e-06   	7.462e-06   	9.494e-06   
1225        	10          	0.1115      	1.224e-05   	1.625e-05   	1.352e-05   
1230        	10          	0.0705      	3.52e-06    	1.71e-05    	5.174e-06   
1235        	10          	0.1116      	9.863e-06   	5.699e-06   	1.013e-05   
1240        	10          	0.09601     	1.402e-05   	9.352e-06   	5.798e-06   
1245        	10          	0.1461      	8.791e-06   	2.111e-05   	1.228e-05   
1250        	10          	0.1311      	2.062e-05   	9.08e-06    	6.539e-06   
1255        	10          	0.1001      	6.239e-06   	8.961e-06   	1.071e-05   
1260        	10          	0.09107     	1.131e-05   	2.012e-05   	6.609e-06   
1265        	10          	0.1256      	1.34e-05    	1.825e-05   	1.158e-05   
1270        	10          	0.1132      	2.478e-05   	3.929e-06   	1.335e-05   
1275        	10          	0.1154      	1.115e-05   	8.643e-06   	1.234e-05   
1280        	10          	0.1024      	9.67e-06    	1.625e-05   	8.767e-06   
1285        	10          	0.1228      	1.341e-05   	7.882e-06   	5.027e-06   
1290        	10          	0.1278      	1.017e-05   	6.677e-06   	9.853e-06   
1295        	10          	0.1819      	1.44e-05    	5.688e-06   	6.249e-06   
1300        	10          	0.1537      	2.066e-05   	2.193e-05   	2.416e-05   
1305        	10          	0.1066      	3.276e-05   	3.603e-05   	1.146e-05   
1310        	10          	0.1413      	7.542e-06   	1.408e-05   	8.825e-06   
1315        	10          	0.1076      	1.155e-05   	1.718e-05   	7.921e-06   
1320        	10          	0.1408      	1.281e-05   	1.466e-05   	2.26e-05    
1325        	10          	0.1238      	1.912e-05   	2.001e-05   	8.72e-06    
1330        	10          	0.0948      	1.038e-05   	7.6e-06     	7.395e-06   
1335        	10          	0.1505      	6.245e-06   	1.053e-05   	8.707e-06   
1340        	10          	0.08745     	8.389e-06   	1.722e-05   	8.61e-06    
1345        	10          	0.1037      	1.221e-05   	1.417e-05   	1.813e-05   
1350        	10          	0.117       	4.856e-06   	1.284e-05   	8.02e-06    
1355        	10          	0.1123      	4.42e-06    	1.331e-05   	1.139e-05   
1360        	10          	0.1022      	4.212e-06   	2.756e-05   	1.863e-05   
1365        	10          	0.1412      	9.679e-06   	2.826e-05   	1.217e-05   
1370        	10          	0.1314      	1.537e-05   	2.638e-05   	6.754e-06   
1375        	10          	0.08456     	8.555e-06   	2.885e-05   	1.109e-05   
1380        	10          	0.1311      	8.293e-06   	1.653e-05   	1.474e-05   
1385        	10          	0.1124      	1.111e-05   	1.355e-05   	9.754e-06   
1390        	10          	0.096       	5.603e-06   	1.336e-05   	1.806e-05   
1395        	10          	0.07821     	9.899e-06   	1.364e-05   	1.251e-05   
1400        	10          	0.0879      	9.921e-06   	9.144e-06   	1.471e-05   
1405        	10          	0.06644     	1.03e-05    	1.689e-05   	3.118e-05   
1410        	10          	0.1217      	3.28e-05    	2.757e-05   	6.606e-06   
1415        	10          	0.1249      	8.761e-06   	5.071e-05   	6.085e-06   
1420        	10          	0.09819     	1.079e-05   	1.99e-05    	6.329e-06   
1425        	10          	0.08462     	4.541e-06   	1.736e-05   	8.813e-06   
1430        	10          	0.1604      	2.091e-05   	3.291e-05   	1.434e-05   
1435        	10          	0.1263      	9.235e-06   	1.223e-05   	1.041e-05   
1440        	10          	0.1084      	2.428e-05   	2.508e-05   	2.099e-05   
1445        	10          	0.1232      	2.778e-06   	9.616e-06   	1.147e-05   
1450        	10          	0.1409      	3.802e-06   	1.861e-05   	1.062e-05   
1455        	10          	0.1529      	2.559e-05   	1.643e-05   	1.283e-05   
1460        	10          	0.09843     	6.772e-06   	9.835e-06   	1.286e-05   
1465        	10          	0.09934     	2.476e-05   	1.476e-05   	6.444e-06   
1470        	10          	0.07204     	8.91e-06    	1.405e-05   	1.739e-05   
1475        	10          	0.09639     	6.154e-06   	2.056e-05   	1.169e-05   
1480        	10          	0.1615      	5.357e-06   	1.117e-05   	1.578e-05   
1485        	10          	0.1406      	2.101e-05   	1.495e-05   	1.105e-05   
1490        	10          	0.1605      	1.163e-05   	1.081e-05   	7.192e-06   
1495        	10          	0.1864      	1.344e-05   	1.35e-05    	1.081e-05   
1500        	10          	0.2078      	9.617e-06   	2.106e-05   	1.703e-05   
1505        	10          	0.1535      	3.506e-06   	1.501e-05   	1.348e-05   
1510        	10          	0.1573      	1.23e-05    	1.579e-05   	1.444e-05   
1515        	10          	0.1965      	8.185e-06   	1.055e-05   	3.098e-06   
1520        	10          	0.1318      	7.317e-06   	1.556e-05   	1.59e-05    
1525        	10          	0.137       	2.2e-05     	2.798e-05   	1.977e-05   
1530        	10          	0.1145      	1.836e-05   	1.316e-05   	1.248e-05   
1535        	10          	0.1187      	5.761e-06   	6.195e-06   	6.772e-06   
1540        	10          	0.1423      	1.136e-05   	1.055e-05   	1.107e-05   
1545        	10          	0.1021      	1.339e-05   	1.08e-05    	1.734e-05   
1550        	10          	0.1147      	2.796e-06   	8.752e-06   	2.564e-05   
1555        	10          	0.1101      	6.022e-06   	2.196e-05   	6.58e-06    
1560        	10          	0.1169      	1.983e-05   	1.43e-05    	2.2e-05     
1565        	10          	0.1406      	3.676e-06   	1.94e-05    	8.41e-06    
1570        	10          	0.08518     	2.751e-06   	1.733e-05   	5.586e-06   
1575        	10          	0.06561     	1.15e-05    	4.275e-06   	8.133e-06   
1580        	10          	0.0916      	1.452e-05   	1.801e-05   	1.308e-05   
1585        	10          	0.09419     	1.119e-05   	5.842e-06   	6.89e-06    
1590        	10          	0.06991     	1.337e-05   	8.553e-06   	7.747e-06   
1595        	10          	0.09667     	1.015e-05   	7.364e-06   	9.08e-06    
1600        	10          	0.1041      	2.085e-05   	9.245e-06   	9.967e-06   
1605        	10          	0.09166     	5.602e-06   	1.731e-05   	7.601e-06   
1610        	10          	0.1198      	1.406e-05   	4.419e-06   	1.571e-05   
1615        	10          	0.1017      	4.417e-06   	1.943e-05   	1.334e-05   
1620        	10          	0.1202      	7.151e-06   	7.696e-06   	9.044e-06   
1625        	10          	0.1306      	1.905e-05   	4.805e-06   	9.033e-06   
1630        	10          	0.1141      	1.128e-05   	8.204e-06   	1.611e-05   
1635        	10          	0.1273      	2.891e-05   	3.1e-05     	6.3e-06     
1640        	10          	0.1359      	9.343e-06   	1.781e-05   	4.515e-06   
1645        	10          	0.1103      	1.152e-05   	2.322e-05   	8.581e-06   
1650        	10          	0.1565      	8.193e-06   	1.69e-05    	8.057e-06   
1655        	10          	0.1275      	1.195e-05   	2.177e-05   	2.808e-05   
1660        	10          	0.1382      	6.241e-06   	2.702e-05   	1.636e-05   
1665        	10          	0.09799     	8.515e-06   	2.505e-05   	1.04e-05    
1670        	10          	0.1067      	8.188e-06   	1.396e-05   	9.136e-06   
1675        	10          	0.1052      	1.04e-05    	3.051e-05   	5.582e-06   
1680        	10          	0.09816     	1.746e-05   	1.203e-05   	2.394e-05   
1685        	10          	0.1176      	1.029e-05   	1.882e-05   	1.141e-05   
1690        	10          	0.1207      	7.279e-06   	2.122e-05   	7.767e-06   
1695        	10          	0.09196     	1.3e-05     	1.264e-05   	1.588e-05   
1700        	10          	0.1488      	4.764e-06   	8.481e-06   	4.48e-06    
1705        	10          	0.09196     	2.029e-05   	1.312e-05   	1.099e-05   
1710        	10          	0.09527     	1.873e-05   	1.745e-05   	1.163e-05   
1715        	10          	0.09734     	1.094e-05   	1.948e-05   	7.51e-06    
1720        	10          	0.09828     	1.401e-05   	1.025e-05   	1.023e-05   
1725        	10          	0.09334     	1.091e-05   	1.043e-05   	9.439e-06   
1730        	10          	0.06851     	9.902e-06   	1.714e-05   	1.141e-05   
1735        	10          	0.07869     	8.768e-06   	8.721e-06   	5.912e-06   
1740        	10          	0.07261     	1.615e-05   	1.355e-05   	2.087e-05   
1745        	10          	0.07899     	1.067e-05   	3.341e-05   	1.123e-05   
1750        	10          	0.07514     	1.26e-05    	8.107e-06   	3.458e-06   
1755        	10          	0.09907     	1.653e-05   	2.188e-05   	1.589e-05   
1760        	10          	0.05934     	8.636e-06   	1.228e-05   	1.058e-05   
1765        	10          	0.05929     	9.101e-06   	7.606e-06   	1.294e-05   
1770        	10          	0.08022     	8.659e-06   	1.644e-05   	1.158e-05   
1775        	10          	0.07563     	5.242e-06   	2.056e-05   	8.124e-06   
1780        	10          	0.09267     	1.226e-05   	1.231e-05   	1.459e-05   
1785        	10          	0.09939     	7.653e-06   	8.928e-06   	1.423e-05   
1790        	10          	0.08569     	1.489e-05   	1.172e-05   	1.549e-05   
1795        	10          	0.07361     	8.707e-06   	1.83e-05    	2.098e-05   
1800        	10          	0.06429     	8.372e-06   	1.023e-05   	7.741e-06   
1805        	10          	0.08388     	4.268e-06   	2.391e-05   	2.093e-05   
1810        	10          	0.06904     	1.07e-05    	9.001e-06   	8.252e-06   
1815        	10          	0.08557     	7.151e-06   	1.068e-05   	1.947e-05   
1820        	10          	0.06196     	1.537e-05   	1.43e-05    	6.961e-06   
1825        	10          	0.07943     	1.42e-05    	1.312e-05   	9.786e-06   
1830        	10          	0.08686     	1.093e-05   	8.956e-06   	1.56e-05    
1835        	10          	0.09368     	1.434e-05   	1.573e-05   	8.412e-06   
1840        	10          	0.07401     	8.909e-06   	1.339e-05   	2.462e-05   
1845        	10          	0.06722     	1.012e-05   	1.889e-05   	9.749e-06   
1850        	10          	0.08336     	1.218e-05   	2.105e-05   	9.025e-06   
1855        	10          	0.1117      	1.867e-05   	4.478e-06   	4.528e-06   
1860        	10          	0.07372     	1.249e-05   	1.611e-05   	1.644e-05   
1865        	10          	0.07714     	1.409e-05   	2.719e-05   	8.826e-06   
1870        	10          	0.0699      	1.747e-05   	4.197e-05   	3.201e-05   
1875        	10          	0.05784     	1.053e-05   	8.691e-06   	5.888e-06   
1880        	10          	0.08204     	1.145e-05   	1.002e-05   	1.004e-05   
1885        	10          	0.09341     	8.935e-06   	1.564e-05   	1.96e-05    
1890        	10          	0.1034      	4.47e-06    	4.762e-06   	6.284e-06   
1895        	10          	0.07454     	6.994e-06   	8.258e-06   	1.065e-05   
1900        	10          	0.06822     	8.25e-06    	2.154e-05   	8.752e-06   
1905        	10          	0.04601     	4.79e-06    	1.107e-05   	7.395e-06   
1910        	10          	0.1004      	8.363e-06   	2.46e-05    	5.45e-06    
1915        	10          	0.07841     	1.045e-05   	8.145e-06   	1.22e-05    
1920        	10          	0.05547     	1.887e-05   	1.052e-05   	1.816e-05   
1925        	10          	0.06399     	1.823e-05   	2.009e-06   	8.079e-06   
1930        	10          	0.04557     	1.066e-05   	1.587e-05   	6.769e-06   
1935        	10          	0.0734      	1.665e-05   	3.981e-06   	1.071e-05   
1940        	10          	0.06428     	8.95e-06    	2.868e-05   	3.542e-05   
1945        	10          	0.06317     	7.342e-06   	1.633e-05   	1.353e-05   
1950        	10          	0.0544      	2.092e-05   	1.232e-05   	4.878e-06   
1955        	10          	0.04888     	2.608e-05   	2.512e-05   	4.464e-05   
1960        	10          	0.03478     	1.132e-05   	6.936e-05   	2.406e-05   
1965        	10          	0.04156     	8.316e-06   	1.028e-05   	5.859e-06   
1970        	10          	0.07557     	1.33e-05    	1.598e-05   	2.985e-05   
1975        	10          	0.05868     	2.096e-05   	2.96e-05    	1.383e-05   
1980        	10          	0.06395     	1.287e-05   	2.23e-05    	1.401e-05   
1985        	10          	0.06888     	6.751e-06   	1.176e-05   	8.969e-06   
1990        	10          	0.05484     	5.326e-06   	1.361e-05   	1.005e-05   
1995        	10          	0.04924     	1.627e-05   	8.52e-06    	1.326e-05   
2000        	10          	0.07197     	1.887e-05   	3.514e-05   	1.086e-05   
2005        	10          	0.05906     	8.221e-06   	2.285e-05   	6.849e-06   
2010        	10          	0.06038     	5.951e-06   	2.142e-05   	8.815e-06   
2015        	10          	0.06029     	1.564e-05   	2.497e-05   	9.896e-06   
2020        	10          	0.04321     	5.84e-06    	9.893e-06   	7.645e-06   
2025        	10          	0.03603     	1.014e-05   	1.165e-05   	5.786e-06   
2030        	10          	0.09908     	7.156e-06   	1.385e-05   	1.26e-05    
2035        	10          	0.08654     	1.173e-05   	1.863e-05   	1.96e-05    
2040        	10          	0.07041     	1.608e-05   	1.878e-05   	2.498e-05   
2045        	10          	0.04956     	1.036e-05   	3.042e-05   	1.372e-05   
2050        	10          	0.06453     	3.992e-06   	2.605e-05   	1.322e-05   
2055        	10          	0.07289     	9.514e-06   	3.819e-06   	4.66e-06    
2060        	10          	0.09978     	1.111e-05   	1.096e-05   	7.301e-06   
2065        	10          	0.1081      	1.154e-05   	1.629e-05   	9.186e-06   
2070        	10          	0.09871     	2.234e-05   	1.735e-05   	4.789e-06   
2075        	10          	0.1182      	1.737e-05   	1.505e-05   	3.252e-06   
2080        	10          	0.08575     	1.328e-05   	3.089e-05   	1.03e-05    
2085        	10          	0.09067     	9.892e-06   	1.046e-05   	1.968e-05   
2090        	10          	0.04161     	1.173e-05   	6.912e-06   	1.636e-05   
2095        	10          	0.09408     	1.266e-06   	2.124e-05   	9.421e-06   
2100        	10          	0.06541     	1.164e-05   	2.358e-05   	2.593e-05   
2105        	10          	0.0985      	8.286e-06   	7.755e-06   	3.725e-06   
2110        	10          	0.1108      	1.653e-05   	2.33e-05    	3.346e-05   
2115        	10          	0.09062     	1.933e-05   	2.313e-05   	9.414e-06   
2120        	10          	0.09056     	1.015e-05   	2.04e-05    	1.498e-05   
2125        	10          	0.06573     	1.455e-05   	4.151e-05   	6.099e-06   
2130        	10          	0.07816     	4.699e-06   	3.11e-05    	1.034e-05   
2135        	10          	0.09689     	4.387e-06   	1.299e-05   	1.261e-05   
2140        	10          	0.08045     	1.903e-05   	1.312e-05   	1.289e-05   
2145        	10          	0.07629     	1.376e-05   	1.51e-05    	9.732e-06   
2150        	10          	0.09374     	8.582e-06   	1.703e-05   	1.857e-05   
2155        	10          	0.146       	2.708e-06   	1.512e-05   	9.182e-06   
2160        	10          	0.08219     	1.305e-05   	4.398e-05   	3.284e-05   
2165        	10          	0.1136      	7.97e-06    	4.807e-06   	1.971e-05   
2170        	10          	0.07534     	3.217e-05   	1.31e-05    	1.47e-05    
2175        	10          	0.09243     	2.147e-05   	3.78e-05    	6.792e-06   
2180        	10          	0.1078      	1.273e-05   	2.159e-05   	5.058e-06   
2185        	10          	0.1028      	1.489e-05   	1.83e-05    	1.156e-05   
2190        	10          	0.1004      	1.963e-05   	5.064e-05   	1.294e-05   
2195        	10          	0.08216     	2.28e-05    	2.121e-05   	1.728e-05   
2200        	10          	0.1169      	1.165e-05   	2.441e-05   	1.269e-05   
2205        	10          	0.1028      	2.044e-05   	9.559e-06   	3.683e-06   
2210        	10          	0.0931      	1.779e-05   	1.12e-05    	7.569e-06   
2215        	10          	0.1036      	1.197e-05   	1.339e-05   	7.259e-06   
2220        	10          	0.1213      	1.589e-05   	1.673e-05   	7.41e-06    
2225        	10          	0.1037      	6.367e-06   	1.744e-05   	1.275e-05   
2230        	10          	0.122       	4.537e-06   	1.486e-05   	1.35e-05    
2235        	10          	0.1399      	5.825e-06   	1.043e-05   	1.303e-05   
2240        	10          	0.1174      	4.747e-06   	5.267e-06   	1.006e-05   
2245        	10          	0.1076      	1.107e-05   	1.029e-05   	7.605e-06   
2250        	10          	0.142       	3.7e-06     	2.312e-05   	2.113e-05   
2255        	10          	0.1306      	1.399e-05   	3.251e-05   	1.03e-05    
2260        	10          	0.1328      	1.242e-05   	3.34e-05    	1.497e-05   
2265        	10          	0.1087      	2.111e-05   	2.539e-05   	8.006e-06   
2270        	10          	0.1037      	1.1e-05     	1.054e-05   	1.604e-05   
2275        	10          	0.1432      	1.134e-05   	2.649e-05   	2.715e-05   
2280        	10          	0.1         	3.371e-05   	2.841e-05   	1.229e-05   
2285        	10          	0.1144      	1.502e-05   	2.148e-05   	1.144e-05   
2290        	10          	0.09636     	1.527e-05   	1.394e-05   	2.298e-05   
2295        	10          	0.1152      	1.456e-05   	3.303e-05   	1.841e-05   
2300        	10          	0.1187      	1.928e-05   	2.643e-05   	2.519e-05   
2305        	10          	0.09579     	8.332e-06   	1.108e-05   	1.755e-05   
2310        	10          	0.07846     	7.343e-06   	1.927e-05   	1.332e-05   
2315        	10          	0.07728     	2.752e-05   	2.142e-05   	1.032e-05   
2320        	10          	0.05529     	5.248e-06   	9.59e-06    	1.698e-05   
2325        	10          	0.04807     	1.256e-05   	2.174e-05   	1.09e-05    
2330        	10          	0.0925      	1.969e-05   	3.435e-05   	1.993e-05   
2335        	10          	0.07745     	2.006e-05   	4.959e-05   	2.02e-05    
2340        	10          	0.07875     	2.715e-05   	5.368e-05   	2.821e-05   
2345        	10          	0.05067     	1.12e-05    	2.214e-05   	1.568e-05   
2350        	10          	0.07388     	1.346e-05   	1.685e-05   	1.157e-05   
2355        	10          	0.03944     	1.098e-05   	2.383e-05   	2.119e-05   
2360        	10          	0.03756     	1.375e-05   	1.913e-05   	1.265e-05   
2365        	10          	0.0426      	2.825e-05   	2.451e-05   	1.286e-05   
2370        	10          	0.06008     	1.269e-05   	2.509e-05   	5.563e-06   
2375        	10          	0.07627     	1.745e-05   	4.038e-05   	1.879e-05   
2380        	10          	0.05539     	5.937e-06   	1.949e-05   	2.257e-05   
2385        	10          	0.09033     	1.204e-05   	2.581e-05   	6.077e-06   
2390        	10          	0.04297     	1.434e-05   	7.97e-06    	5.358e-06   
2395        	10          	0.06708     	1.367e-05   	1.69e-05    	8.432e-06   
2400        	10          	0.05307     	6.065e-06   	1.287e-05   	8.348e-06   
2405        	10          	0.05051     	2.306e-05   	4.938e-05   	2.782e-05   
2410        	10          	0.05508     	9.243e-06   	1.354e-05   	2.287e-05   
2415        	10          	0.05568     	1.026e-05   	1.407e-05   	7.641e-06   
2420        	10          	0.04468     	7.189e-06   	1.905e-05   	1.295e-05   
2425        	10          	0.08429     	8.377e-06   	7.339e-06   	8.342e-06   
2430        	10          	0.08271     	3.239e-06   	5.572e-05   	3.273e-05   
2435        	10          	0.1097      	1.352e-05   	2.882e-05   	1.909e-05   
2440        	10          	0.05678     	3.269e-06   	2.787e-05   	1.936e-05   
2445        	10          	0.07024     	1.364e-05   	3.585e-05   	1.298e-05   
2450        	10          	0.06714     	2.896e-06   	8.037e-06   	9.9e-06     
2455        	10          	0.0828      	1.342e-05   	2.729e-05   	1.116e-05   
2460        	10          	0.09482     	3.283e-05   	2.906e-05   	8.42e-06    
2465        	10          	0.06834     	2.093e-05   	4.042e-05   	5.803e-06   
2470        	10          	0.07463     	1.541e-05   	1.532e-05   	1.12e-05    
2475        	10          	0.09912     	2.821e-05   	2.452e-05   	1.53e-05    
2480        	10          	0.07564     	1.428e-05   	2.743e-05   	1.353e-05   
2485        	10          	0.09195     	1.817e-05   	4.129e-06   	1.288e-05   
2490        	10          	0.06567     	1.104e-05   	1.763e-05   	1.288e-05   
2495        	10          	0.06446     	2.05e-05    	1.628e-05   	5.722e-06   
2500        	10          	0.06151     	1.216e-05   	2.353e-05   	1.77e-05    
2505        	10          	0.07041     	1.679e-05   	3.744e-05   	1.752e-05   
2510        	10          	0.06758     	7.888e-06   	1.237e-05   	1.119e-05   
2515        	10          	0.0689      	1.255e-05   	1.988e-05   	1.775e-05   
2520        	10          	0.06167     	1.639e-05   	1.541e-05   	1.103e-05   
2525        	10          	0.0536      	2.571e-05   	1.769e-05   	1.193e-05   
2530        	10          	0.05712     	1.485e-05   	3.416e-05   	1.215e-05   
2535        	10          	0.06114     	1.742e-05   	5.383e-05   	2.715e-05   
2540        	10          	0.02518     	6.538e-06   	2.767e-05   	1.201e-05   
2545        	10          	0.04722     	1.213e-05   	2.534e-05   	6.387e-06   
2550        	10          	0.04161     	2.323e-05   	2.048e-05   	3.61e-05    
2555        	10          	0.03506     	9.385e-06   	1.817e-05   	2.535e-05   
2560        	10          	0.0333      	9.859e-06   	2.297e-05   	1.13e-05    
2565        	10          	0.05261     	1.769e-05   	2.115e-05   	3.075e-05   
2570        	10          	0.07669     	9.169e-06   	1.451e-05   	9.924e-06   
2575        	10          	0.06056     	1.257e-05   	1.999e-05   	6.605e-06   
2580        	10          	0.0656      	1.024e-05   	1.226e-05   	1.256e-05   
2585        	10          	0.07623     	1.499e-05   	3.693e-05   	1.36e-05    
2590        	10          	0.06112     	2.364e-05   	1.872e-05   	9.293e-06   
2595        	10          	0.07046     	2.77e-06    	1.958e-05   	1.229e-05   
2600        	10          	0.05607     	2.143e-05   	2.907e-05   	2.734e-05   
2605        	10          	0.04732     	1.265e-05   	1.581e-05   	1.034e-05   
2610        	10          	0.05495     	6.97e-06    	1.834e-05   	2.965e-05   
2615        	10          	0.04797     	2.698e-05   	4.475e-06   	8.472e-06   
2620        	10          	0.06029     	2.903e-06   	2.183e-05   	1.046e-05   
2625        	10          	0.05279     	1.49e-05    	2.865e-05   	1.757e-05   
2630        	10          	0.05564     	3.215e-06   	5.271e-05   	1e-05       
2635        	10          	0.02977     	1.172e-05   	1.187e-05   	1.012e-05   
2640        	10          	0.03895     	1.083e-05   	2.012e-05   	3.356e-05   
2645        	10          	0.05141     	6.918e-06   	2.359e-05   	3.009e-06   
2650        	10          	0.03589     	6.146e-06   	3.077e-05   	1.459e-05   
2655        	10          	0.02382     	1.372e-05   	1.693e-05   	8.85e-06    
2660        	10          	0.04584     	1.436e-05   	1.911e-05   	6.648e-06   
2665        	10          	0.03421     	1.388e-05   	1.181e-05   	7.623e-06   
2670        	10          	0.02518     	1.725e-05   	2.559e-05   	8.318e-06   
2675        	10          	0.03639     	4.409e-06   	5.194e-06   	1.081e-05   
2680        	10          	0.02425     	3.61e-05    	2.691e-05   	9.642e-06   
2685        	10          	0.04034     	7.382e-06   	2.788e-05   	1.435e-05   
2690        	10          	0.01807     	1.904e-05   	1.565e-05   	2.529e-05   
2695        	10          	0.04073     	5.934e-06   	1.717e-05   	4.153e-06   
2700        	10          	0.05106     	1.37e-05    	1.043e-05   	1.575e-05   
2705        	10          	0.03472     	9.503e-06   	2.29e-05    	2.141e-05   
2710        	10          	0.03968     	1.218e-05   	1.484e-05   	1.172e-05   
2715        	10          	0.05432     	9.953e-06   	2.386e-05   	1.761e-05   
2720        	10          	0.05057     	1.526e-05   	1.951e-05   	2.225e-05   
2725        	10          	0.03649     	1.004e-05   	2.867e-05   	7.475e-06   
2730        	10          	0.04899     	4.913e-06   	1.893e-05   	7.394e-06   
2735        	10          	0.0536      	1.418e-05   	2.114e-05   	1.738e-05   
2740        	10          	0.0695      	1.541e-05   	2.071e-05   	9.072e-06   
2745        	10          	0.04182     	2.719e-05   	4.374e-05   	5.823e-06   
2750        	10          	0.05929     	7.886e-06   	4.824e-05   	9.552e-06   
2755        	10          	0.06668     	1.365e-05   	1.55e-05    	1.259e-05   
2760        	10          	0.09994     	1.053e-05   	1.247e-05   	1.707e-05   
2765        	10          	0.09777     	1.998e-05   	5.508e-06   	1.037e-05   
2770        	10          	0.06411     	1.045e-05   	1.629e-05   	8.409e-06   
2775        	10          	0.06422     	1.38e-05    	1.189e-05   	2.305e-05   
2780        	10          	0.05194     	9.87e-06    	9.18e-06    	9.903e-06   
2785        	10          	0.07171     	1.988e-05   	4.346e-05   	2.651e-05   
2790        	10          	0.07258     	1.394e-05   	4.795e-05   	2.567e-05   
2795        	10          	0.09134     	1.558e-05   	3.316e-05   	2.486e-05   
2800        	10          	0.0768      	6.704e-06   	2.566e-05   	6.818e-06   
2805        	10          	0.06195     	1.26e-05    	1.931e-05   	1.186e-05   
2810        	10          	0.07082     	1.884e-05   	1.683e-05   	7.307e-06   
2815        	10          	0.07049     	2.591e-05   	5.209e-05   	4.566e-05   
2820        	10          	0.04843     	1.78e-05    	8.617e-06   	8.195e-06   
2825        	10          	0.06822     	5.482e-06   	2.801e-05   	1.01e-05    
2830        	10          	0.06312     	7.995e-06   	1.67e-05    	1.877e-05   
2835        	10          	0.06214     	2.928e-06   	1.131e-05   	1.452e-05   
2840        	10          	0.05928     	9.251e-06   	3.886e-05   	2.465e-05   
2845        	10          	0.091       	2.145e-05   	3.451e-05   	8.409e-06   
2850        	10          	0.09861     	6.208e-06   	1.567e-05   	5.954e-06   
2855        	10          	0.09599     	1.253e-05   	2.652e-05   	2.921e-05   
2860        	10          	0.09934     	6.663e-06   	9.595e-06   	3.066e-05   
2865        	10          	0.1012      	8.756e-06   	3.43e-05    	1.987e-05   
2870        	10          	0.1084      	1.294e-05   	7.224e-06   	2.413e-05   
2875        	10          	0.1405      	1.037e-05   	1.319e-05   	5.62e-06    
2880        	10          	0.09302     	4.738e-06   	1.826e-05   	8.844e-06   
2885        	10          	0.107       	1.154e-05   	3.283e-05   	5.766e-06   
2890        	10          	0.07374     	8.725e-06   	4.357e-05   	1.319e-05   
2895        	10          	0.06284     	2.591e-05   	3.797e-05   	1.369e-05   
2900        	10          	0.09739     	2.659e-05   	2.256e-05   	8.837e-06   
2905        	10          	0.06311     	9.405e-06   	2.492e-05   	1.957e-05   
2910        	10          	0.08234     	1.095e-05   	1.622e-05   	1.277e-05   
2915        	10          	0.06657     	6.78e-06    	2.75e-05    	1.152e-05   
2920        	10          	0.06021     	1.315e-05   	1.426e-05   	1.073e-05   
2925        	10          	0.05646     	1.085e-05   	1.437e-05   	3.566e-05   
2930        	10          	0.07634     	2.355e-05   	2.007e-05   	2.439e-05   
2935        	10          	0.07        	7.759e-06   	1.962e-05   	9.752e-06   
2940        	10          	0.0635      	1.525e-05   	1.495e-05   	8.444e-06   
2945        	10          	0.05854     	7.053e-06   	8.093e-06   	4.45e-06    
2950        	10          	0.04922     	1.485e-05   	2.314e-05   	8.946e-06   
2955        	10          	0.06827     	6.883e-06   	1.97e-05    	2.204e-05   
2960        	10          	0.08816     	1.394e-05   	2.503e-05   	1.591e-06   
2965        	10          	0.08872     	8.738e-06   	8.179e-06   	2.66e-05    
2970        	10          	0.08264     	9.629e-06   	1.506e-05   	9.124e-06   
2975        	10          	0.04819     	1.035e-05   	2.112e-05   	1.547e-05   
2980        	10          	0.07216     	1.835e-05   	1.58e-05    	1.931e-05   
2985        	10          	0.07569     	1.301e-05   	2.165e-05   	1.08e-05    
2990        	10          	0.06966     	1.88e-05    	1.607e-05   	2.994e-05   
2995        	10          	0.07547     	7.203e-06   	1.931e-05   	8.595e-06   
3000        	10          	0.06507     	1.42e-05    	2.786e-05   	2.568e-05   
3005        	10          	0.09339     	9.241e-06   	1.367e-05   	2.02e-05    
3010        	10          	0.06673     	1.599e-05   	2.443e-05   	1.632e-05   
3015        	10          	0.07023     	6.487e-06   	2.006e-05   	1.3e-05     
3020        	10          	0.06519     	1.331e-05   	2.123e-05   	2.297e-05   
3025        	10          	0.08868     	1.665e-05   	8.794e-06   	1.681e-05   
3030        	10          	0.07133     	2.522e-05   	3.481e-05   	2.313e-05   
3035        	10          	0.102       	7.02e-06    	1.489e-05   	2.274e-05   
3040        	10          	0.08277     	9.414e-06   	3.596e-05   	1.933e-05   
3045        	10          	0.09934     	1.122e-05   	2.602e-05   	2.503e-05   
3050        	10          	0.09625     	1.885e-05   	3e-05       	6.572e-06   
3055        	10          	0.09227     	9.091e-06   	3.226e-05   	2.428e-05   
3060        	10          	0.08688     	1.141e-05   	1.117e-05   	9.329e-06   
3065        	10          	0.08868     	7.116e-06   	1.933e-05   	2.624e-05   
3070        	10          	0.06625     	2.054e-05   	6.615e-05   	1.964e-05   
3075        	10          	0.09371     	7.431e-06   	1.201e-05   	2.209e-05   
3080        	10          	0.06588     	3.801e-05   	1.548e-05   	1.357e-05   
3085        	10          	0.07382     	1.413e-05   	1.815e-05   	8.85e-06    
3090        	10          	0.06639     	1.996e-05   	2.967e-05   	1.504e-05   
3095        	10          	0.07321     	1.438e-05   	1.524e-05   	9.917e-06   
3100        	10          	0.04184     	1.617e-05   	2.556e-05   	1.644e-05   
3105        	10          	0.06817     	2.461e-05   	1.229e-05   	1.033e-05   
3110        	10          	0.06506     	1.358e-05   	7.877e-06   	1.523e-05   
3115        	10          	0.03551     	9.991e-06   	4.156e-05   	2.488e-05   
3120        	10          	0.03791     	1.914e-05   	3.548e-05   	2.377e-05   
3125        	10          	0.06861     	6.104e-06   	9.393e-06   	7.956e-06   
3130        	10          	0.05197     	7.681e-06   	1.903e-05   	1.066e-05   
3135        	10          	0.0821      	3.428e-05   	1.575e-05   	1.126e-05   
3140        	10          	0.04406     	1.618e-05   	3.299e-05   	4.888e-06   
3145        	10          	0.06114     	4.687e-06   	2.211e-05   	3.247e-06   
3150        	10          	0.05393     	2.355e-05   	3.602e-05   	1.36e-05    
3155        	10          	0.04189     	2.834e-05   	2.601e-05   	9.402e-06   
3160        	10          	0.04685     	8.246e-06   	3.717e-05   	1.156e-05   
3165        	10          	0.05216     	1.207e-05   	1.704e-05   	7.699e-06   
3170        	10          	0.05101     	7.41e-06    	1.127e-05   	8.012e-06   
3175        	10          	0.03921     	2.188e-05   	7.65e-06    	1.718e-05   
3180        	10          	0.05827     	1.89e-05    	1.191e-05   	1.27e-05    
3185        	10          	0.03772     	1.016e-05   	1.573e-05   	3.438e-06   
3190        	10          	0.0456      	2.044e-05   	1.246e-05   	1.017e-05   
3195        	10          	0.04578     	9.615e-06   	2.473e-05   	9.722e-06   
3200        	10          	0.01856     	1.221e-05   	2.783e-05   	1.362e-05   
3205        	10          	0.0571      	1.192e-05   	1.748e-05   	6.546e-06   
3210        	10          	0.03027     	3.109e-05   	1.506e-05   	4.777e-05   
3215        	10          	0.03523     	2.104e-05   	1.012e-05   	3.42e-05    
3220        	10          	0.01625     	1.184e-05   	1.783e-05   	1.077e-05   
3225        	10          	0.06232     	3.123e-05   	1.876e-05   	8.73e-06    
3230        	10          	0.03516     	6.055e-06   	9.729e-06   	2.051e-05   
3235        	10          	0.05841     	1.014e-05   	2.178e-05   	1.26e-05    
3240        	10          	0.03516     	1.775e-05   	2.653e-05   	1.1e-05     
3245        	10          	0.05066     	1.012e-05   	3.761e-05   	1.014e-05   
3250        	10          	0.06128     	1.636e-05   	9.019e-06   	1.4e-05     
3255        	10          	0.06188     	1.332e-05   	7.521e-06   	4.45e-05    
3260        	10          	0.05104     	1.287e-05   	6.133e-05   	2.583e-05   
3265        	10          	0.03441     	2.252e-05   	2.567e-05   	9.013e-06   
3270        	10          	0.04414     	1.137e-05   	2.763e-05   	7.204e-06   
3275        	10          	0.04717     	8.499e-06   	2.073e-05   	2.4e-05     
3280        	10          	0.0503      	3.56e-05    	2.976e-05   	2.438e-05   
3285        	10          	0.05384     	2.61e-05    	9.929e-06   	3.378e-06   
3290        	10          	0.05786     	1.238e-05   	2.701e-05   	8.845e-06   
3295        	10          	0.05516     	1.418e-05   	9.959e-06   	2.123e-05   
3300        	10          	0.05978     	1.357e-05   	1.678e-05   	1.275e-05   
3305        	10          	0.04518     	1.895e-05   	1.821e-05   	1.546e-05   
3310        	10          	0.05596     	1.437e-05   	2.036e-05   	7.229e-06   
3315        	10          	0.07906     	1.481e-05   	2.002e-05   	1.283e-05   
3320        	10          	0.05018     	3.309e-05   	5.753e-05   	1.801e-05   
3325        	10          	0.04539     	1.282e-05   	1e-05       	7.762e-06   
3330        	10          	0.06604     	5.898e-06   	7.314e-06   	1.564e-05   
3335        	10          	0.07095     	1.672e-05   	1.417e-05   	1.664e-05   
3340        	10          	0.05051     	8.768e-06   	2.523e-05   	1.38e-05    
3345        	10          	0.05832     	6.384e-06   	2.543e-05   	7.043e-06   
3350        	10          	0.04299     	1.608e-05   	2.249e-05   	2.036e-05   
3355        	10          	0.05716     	7.244e-06   	4.059e-05   	1.814e-05   
3360        	10          	0.0439      	2.375e-05   	9.918e-06   	2.615e-05   
3365        	10          	0.0736      	1.628e-05   	2.571e-05   	9.796e-06   
3370        	10          	0.04451     	1.37e-05    	1.196e-05   	1.044e-05   
3375        	10          	0.06068     	1.543e-05   	1.261e-05   	3.809e-06   
3380        	10          	0.04323     	1.394e-05   	1.363e-05   	8.447e-06   
3385        	10          	0.05411     	1.112e-05   	2.065e-05   	8.636e-06   
3390        	10          	0.04183     	9.327e-06   	5.683e-06   	2.033e-05   
3395        	10          	0.0609      	2.809e-05   	2.113e-05   	1.242e-05   
3400        	10          	0.03929     	4.139e-06   	8.013e-06   	1.276e-05   
3405        	10          	0.06728     	1.168e-05   	3.591e-05   	2.009e-05   
3410        	10          	0.03629     	3.097e-05   	2.262e-05   	2.943e-05   
3415        	10          	0.0486      	2.478e-05   	1.456e-05   	7.898e-06   
3420        	10          	0.05189     	1.97e-05    	1.422e-05   	6.749e-06   
3425        	10          	0.04532     	1.87e-05    	2.804e-05   	6.049e-06   
3430        	10          	0.02996     	1.099e-05   	1.438e-05   	1.634e-05   
3435        	10          	0.05901     	2.24e-05    	2.032e-05   	9.668e-06   
3440        	10          	0.04516     	2.28e-05    	1.109e-05   	2.623e-05   
3445        	10          	0.04061     	5.226e-06   	3.13e-05    	1.376e-05   
3450        	10          	0.03986     	4.325e-06   	1.751e-05   	6.197e-06   
3455        	10          	0.04496     	2.3e-05     	2.275e-05   	9.791e-06   
3460        	10          	0.03158     	1.641e-05   	4.147e-05   	6.777e-06   
3465        	10          	0.04354     	9.681e-06   	4.541e-05   	1.821e-05   
3470        	10          	0.04161     	1.847e-05   	1.348e-05   	1.276e-05   
3475        	10          	0.03584     	1.022e-05   	2.519e-05   	2.237e-05   
3480        	10          	0.03247     	1.71e-05    	2.258e-05   	6.407e-06   
3485        	10          	0.04091     	1.287e-05   	1.57e-05    	7.022e-06   
3490        	10          	0.04945     	2.121e-05   	2.381e-05   	1.015e-05   
3495        	10          	0.04273     	4.914e-06   	1.072e-05   	9.948e-06   
3500        	10          	0.02895     	1.494e-05   	2.429e-05   	2.234e-05   
3505        	10          	0.02645     	8.665e-06   	9.571e-06   	8.585e-06   
3510        	10          	0.06123     	1.782e-05   	2.862e-05   	1.664e-05   
3515        	10          	0.03506     	1.166e-05   	1.258e-05   	2.017e-05   
3520        	10          	0.04261     	8.313e-06   	3.247e-05   	2.13e-05    
3525        	10          	0.03314     	2.049e-05   	2.291e-05   	1.408e-05   
3530        	10          	0.0444      	9.009e-06   	1.031e-05   	1.848e-05   
3535        	10          	0.04732     	8.717e-06   	1.299e-05   	1.34e-05    
3540        	10          	0.04222     	8.127e-06   	1.367e-05   	7.621e-06   
3545        	10          	0.04158     	7.017e-06   	1.755e-05   	2.11e-05    
3550        	10          	0.03401     	1.745e-05   	3.111e-05   	3.41e-06    
3555        	10          	0.03564     	1.858e-05   	8.591e-06   	1.312e-05   
3560        	10          	0.05101     	2.213e-05   	2.066e-05   	4.033e-05   
3565        	10          	0.02684     	1.415e-05   	1.303e-05   	1.824e-05   
3570        	10          	0.03196     	1.443e-05   	3.005e-05   	1.243e-05   
3575        	10          	0.01512     	1.241e-05   	1.759e-05   	1.931e-05   
3580        	10          	0.02251     	6.597e-06   	1.493e-05   	5.467e-06   
3585        	10          	0.04208     	5.503e-06   	9.544e-06   	8.867e-06   
3590        	10          	0.01897     	1.728e-05   	3.658e-05   	2.625e-05   
3595        	10          	0.01701     	1.467e-05   	2.001e-05   	1.395e-05   
3600        	10          	0.01802     	2.518e-05   	2.98e-05    	6.948e-06   
3605        	10          	0.017       	1.341e-05   	1.648e-05   	1.369e-05   
3610        	10          	0.02279     	1.083e-05   	4.067e-05   	2.138e-05   
3615        	10          	0.02682     	1.245e-05   	1.652e-05   	2.244e-05   
3620        	10          	0.0238      	2.352e-05   	3.073e-05   	1.815e-05   
3625        	10          	0.03197     	1.513e-05   	7.621e-06   	5.886e-06   
3630        	10          	0.02561     	6.26e-06    	3.212e-05   	1.646e-05   
3635        	10          	0.02934     	3.461e-06   	2.675e-05   	1.147e-05   
3640        	10          	0.0449      	1.796e-05   	4.59e-05    	8.762e-06   
3645        	10          	0.03447     	1.789e-05   	2.107e-05   	1.255e-05   
3650        	10          	0.02327     	1.143e-05   	4.175e-05   	3.831e-05   
3655        	10          	0.03389     	4.324e-06   	2.715e-05   	7.508e-06   
3660        	10          	0.02856     	1.652e-05   	1.984e-05   	7.522e-06   
3665        	10          	0.03436     	1.654e-05   	9.93e-06    	2.37e-05    
3670        	10          	0.02012     	3.131e-05   	2.187e-05   	1.749e-05   
3675        	10          	0.02591     	1.628e-05   	2.766e-05   	1.178e-05   
3680        	10          	0.03347     	2.236e-05   	1.286e-05   	2.549e-05   
3685        	10          	0.01693     	1.841e-05   	2.504e-05   	2.788e-06   
3690        	10          	0.01261     	1.213e-05   	2.161e-05   	1.486e-05   
3695        	10          	0.04461     	6.011e-06   	3.17e-05    	1.145e-05   
3700        	10          	0.03356     	7.743e-06   	2.5e-05     	1.364e-05   
3705        	10          	0.03511     	3.051e-05   	3.293e-05   	1.529e-05   
3710        	10          	0.04289     	1.012e-05   	3.431e-05   	1.43e-05    
3715        	10          	0.04153     	4.746e-06   	3.047e-05   	2.293e-05   
3720        	10          	0.04056     	1.691e-05   	3.268e-05   	1.867e-05   
3725        	10          	0.05189     	1.126e-05   	2.129e-05   	2.366e-05   
3730        	10          	0.03528     	1.327e-05   	4.168e-05   	1.778e-05   
3735        	10          	0.02757     	1.333e-05   	1.723e-05   	1.274e-05   
3740        	10          	0.05164     	1.274e-05   	2.05e-05    	2.668e-05   
3745        	10          	0.058       	2.055e-05   	3.768e-05   	2.884e-05   
3750        	10          	0.04099     	7.165e-06   	4.78e-05    	3.094e-05   
3755        	10          	0.03893     	2.393e-05   	2.03e-05    	1.559e-05   
3760        	10          	0.04796     	2.106e-05   	1.293e-05   	2.845e-05   
3765        	10          	0.03547     	1.204e-05   	1.081e-05   	9.415e-06   
3770        	10          	0.03864     	3.972e-06   	3.029e-05   	3.177e-05   
3775        	10          	0.04        	1.996e-05   	1.686e-05   	1.425e-05   
3780        	10          	0.04684     	2.234e-05   	1.144e-05   	1.575e-05   
3785        	10          	0.03586     	2.557e-05   	2.769e-05   	2.281e-05   
3790        	10          	0.0436      	2.063e-05   	2.152e-05   	2.033e-05   
3795        	10          	0.06317     	1.613e-05   	3.45e-05    	1.009e-05   
3800        	10          	0.04028     	5.323e-06   	2.346e-05   	9.27e-06    
3805        	10          	0.04162     	2.211e-05   	1.49e-05    	8.422e-06   
3810        	10          	0.05033     	8.379e-06   	2.616e-05   	1.652e-05   
3815        	10          	0.05721     	2.248e-05   	2.027e-06   	1.385e-05   
3820        	10          	0.04923     	1.206e-05   	2.774e-05   	1.492e-05   
3825        	10          	0.05522     	2.48e-05    	1.699e-05   	3.812e-05   
3830        	10          	0.05238     	2.873e-05   	8.582e-06   	6.096e-06   
3835        	10          	0.04433     	2.917e-05   	3.832e-05   	2.387e-05   
3840        	10          	0.06361     	1.704e-05   	1.955e-05   	1.838e-05   
3845        	10          	0.04988     	9.211e-06   	3.721e-05   	5.158e-06   
3850        	10          	0.05272     	2.612e-05   	3.253e-05   	1.573e-05   
3855        	10          	0.063       	1.639e-05   	2.905e-05   	8.738e-06   
3860        	10          	0.0505      	2.473e-05   	4.839e-05   	1.384e-05   
3865        	10          	0.04974     	1.898e-05   	2.579e-05   	1.24e-05    
3870        	10          	0.04684     	1.281e-05   	4.345e-05   	1.477e-05   
3875        	10          	0.07884     	7.01e-06    	1.525e-05   	1.617e-05   
3880        	10          	0.05645     	9.519e-06   	3.061e-05   	7.471e-06   
3885        	10          	0.04949     	1.394e-05   	1.751e-05   	2.201e-05   
3890        	10          	0.06772     	1.954e-05   	2.108e-05   	1.4e-05     
3895        	10          	0.05727     	1.798e-05   	3.278e-05   	2.091e-05   
3900        	10          	0.05739     	3.729e-06   	3.731e-05   	1.755e-05   
3905        	10          	0.07544     	2.46e-05    	3.711e-05   	1.252e-05   
3910        	10          	0.08371     	7.211e-06   	8.49e-06    	1.485e-05   
3915        	10          	0.07104     	3.376e-05   	1.146e-05   	1.163e-05   
3920        	10          	0.08824     	1.092e-05   	2.879e-05   	9.656e-06   
3925        	10          	0.08636     	2.563e-05   	1.674e-05   	6.225e-06   
3930        	10          	0.07522     	4.381e-06   	4.777e-05   	5.987e-06   
3935        	10          	0.07968     	3.068e-05   	1.027e-05   	1.315e-05   
3940        	10          	0.07758     	2.173e-05   	1.62e-05    	1.395e-05   
3945        	10          	0.05369     	3.793e-05   	1.717e-05   	8.265e-06   
3950        	10          	0.08353     	1.22e-05    	8.233e-06   	1.876e-05   
3955        	10          	0.073       	1.948e-05   	7.421e-05   	1.84e-05    
3960        	10          	0.06034     	1.349e-05   	1.032e-05   	2.982e-05   
3965        	10          	0.05856     	4.154e-05   	3.108e-05   	4.403e-06   
3970        	10          	0.05501     	1.559e-05   	2.632e-05   	2.292e-05   
3975        	10          	0.04958     	1.166e-05   	4.282e-05   	1.79e-05    
3980        	10          	0.0509      	1.565e-05   	1.478e-05   	3.245e-06   
3985        	10          	0.05357     	2.521e-05   	4.3e-05     	2.027e-05   
3990        	10          	0.06653     	9.369e-06   	3.787e-05   	1.847e-05   
3995        	10          	0.05574     	2.636e-05   	1.311e-05   	2.14e-05    
4000        	10          	0.06529     	2.574e-05   	2.293e-05   	1.167e-05   
4005        	10          	0.05941     	2.187e-05   	3.402e-06   	8.242e-06   
4010        	10          	0.04632     	3.198e-05   	4.12e-05    	1.805e-05   
4015        	10          	0.04083     	2.283e-05   	3.584e-05   	1.23e-05    
4020        	10          	0.0509      	2.196e-05   	2.468e-05   	7.643e-06   
4025        	10          	0.04907     	6.518e-05   	7.589e-05   	1.744e-05   
4030        	10          	0.04611     	6.041e-05   	6.151e-05   	1.489e-05   
4035        	10          	0.02658     	2.462e-05   	3.279e-05   	5.605e-06   
4040        	10          	0.03589     	0.0001016   	7.985e-05   	2.416e-05   
4045        	10          	0.01723     	7.157e-05   	6.499e-05   	2.605e-05   
4050        	10          	0.03268     	5.124e-05   	0.0001163   	1.72e-05    
4055        	10          	0.03296     	0.0001561   	6.384e-05   	3.763e-05   
4060        	10          	0.01646     	0.000205    	0.000137    	4.696e-05   
4065        	10          	0.01506     	3.726e-05   	8.376e-05   	4.272e-05   
4070        	10          	0.0126      	5.687e-05   	0.0001212   	8.226e-05   
4075        	10          	0.02284     	8.2e-05     	0.0002089   	0.0001513   
4080        	10          	0.01323     	0.00024     	0.0003422   	3.671e-05   
4085        	10          	0.02357     	0.0001549   	0.0001234   	0.0001154   
4090        	10          	0.01754     	0.0001924   	0.0002728   	7.521e-05   
4095        	10          	0.03041     	7.031e-05   	0.0002207   	5.248e-05   
4100        	10          	0.03767     	0.0001136   	0.0001689   	1.139e-05   
4105        	10          	0.03056     	0.0002379   	0.0002994   	3.384e-05   
4110        	10          	0.02039     	0.0001237   	0.0001413   	8.479e-06   
4115        	10          	0.02486     	0.0002413   	0.0002661   	6.774e-06   
4120        	10          	0.0323      	0.0001831   	0.0001464   	1.453e-05   
4125        	10          	0.0194      	0.0004544   	0.0004414   	1.744e-05   
4130        	10          	0.02062     	0.0001462   	0.0001128   	1.097e-05   
4135        	10          	0.03118     	0.0002835   	0.0001845   	8.71e-06    
4140        	10          	0.03046     	0.0001753   	0.000124    	2.201e-05   
4145        	10          	0.05358     	0.0001573   	0.000181    	1.253e-05   
4150        	10          	0.02441     	9.646e-05   	0.000148    	1.934e-05   
4155        	10          	0.02467     	0.0001213   	0.0001454   	2.337e-05   
4160        	10          	0.02469     	0.0002034   	0.0001142   	7.843e-06   
4165        	10          	0.0344      	0.0002344   	0.0002205   	8.426e-06   
4170        	10          	0.02297     	0.0001549   	6.12e-05    	3.177e-05   
4175        	10          	0.03123     	0.0002325   	0.0001688   	1.018e-05   
4180        	10          	0.03319     	0.0001042   	0.0001459   	2.557e-05   
4185        	10          	0.03578     	0.0001078   	0.0001084   	1.648e-05   
4190        	10          	0.03839     	8.017e-05   	0.0001009   	2.201e-05   
4195        	10          	0.0195      	8.744e-05   	0.0001196   	1.976e-05   
4200        	10          	0.04035     	8.89e-05    	0.0001871   	1.976e-05   
4205        	10          	0.02296     	0.0002909   	0.0003443   	2.075e-05   
4210        	10          	0.0286      	0.0001394   	0.0003646   	1.168e-06   
4215        	10          	0.02551     	0.0001666   	0.0002037   	2.57e-05    
4220        	10          	0.03672     	0.0002377   	0.0002697   	7.53e-06    
4225        	10          	0.04023     	0.0001712   	0.0002158   	3.24e-05    
4230        	10          	0.03899     	0.0001165   	7.995e-05   	7.595e-06   
4235        	10          	0.03438     	0.0003526   	0.0003076   	1.637e-05   
4240        	10          	0.02499     	0.0001913   	0.0003854   	2.179e-05   
4245        	10          	0.02496     	0.0003414   	0.0003464   	1.685e-05   
4250        	10          	0.02334     	0.00038     	0.0002488   	3.487e-06   
4255        	10          	0.02918     	0.000255    	0.0001387   	2.097e-05   
4260        	10          	0.02721     	0.0003104   	0.0002563   	9.551e-06   
4265        	10          	0.02561     	0.0002007   	0.0001592   	1.831e-05   
4270        	10          	0.02947     	0.0003081   	0.0003092   	1.712e-05   
4275        	10          	0.03397     	0.0001117   	0.0001195   	7.648e-06   
4280        	10          	0.03758     	0.0004397   	0.000345    	2.113e-05   
4285        	10          	0.01584     	0.0003234   	0.0003591   	7.572e-06   
4290        	10          	0.0224      	0.0002914   	0.0002633   	2.836e-05   
4295        	10          	0.02301     	0.000261    	0.0004419   	2.504e-05   
4300        	10          	0.02741     	0.0003589   	0.0004093   	2.019e-05   
4305        	10          	0.01991     	0.0006491   	0.0004526   	1.427e-05   
4310        	10          	0.02343     	0.0003984   	0.0002766   	1.68e-05    
4315        	10          	0.01028     	0.0007127   	0.0006529   	1.748e-05   
4320        	10          	0.01691     	0.000575    	0.0005789   	8.569e-06   
4325        	10          	0.02034     	0.0007282   	0.0006076   	3.238e-05   
4330        	10          	0.01521     	0.0003537   	0.0005738   	1.622e-05   
4335        	10          	0.02916     	0.0006571   	0.0008317   	1.224e-05   
4340        	10          	0.02682     	0.0007325   	0.001125    	2.202e-05   
4345        	10          	0.02425     	0.0007562   	0.0009962   	3.323e-05   
4350        	10          	0.02847     	0.0007199   	0.0006501   	1.415e-05   
4355        	10          	0.04157     	0.001152    	0.001017    	2.48e-05    
4360        	10          	0.03001     	0.0006053   	0.0007052   	4.811e-06   
4365        	10          	0.03786     	0.001174    	0.0005373   	4.044e-06   
4370        	10          	0.04002     	0.00136     	0.001043    	2.409e-05   
4375        	10          	0.03525     	0.001283    	0.0007105   	1.356e-05   
4380        	10          	0.02885     	0.000892    	0.00103     	1.688e-05   
4385        	10          	0.03994     	0.0006689   	0.001058    	1.093e-05   
4390        	10          	0.02554     	0.0006599   	0.0005898   	1.347e-05   
4395        	10          	0.04175     	0.001467    	0.001293    	3.168e-05   
4400        	10          	0.03338     	0.0008493   	0.0004846   	1.23e-05    
4405        	10          	0.05218     	0.001006    	0.0008193   	8.575e-06   
4410        	10          	0.04954     	0.0009345   	0.00112     	2.073e-05   
4415        	10          	0.05996     	0.000547    	0.0006708   	2.218e-05   
4420        	10          	0.05361     	0.0008995   	0.001027    	1.187e-05   
4425        	10          	0.03064     	0.0008783   	0.0009143   	1.652e-05   
4430        	10          	0.04024     	0.0009886   	0.00111     	5.08e-06    
4435        	10          	0.03339     	0.0007747   	0.0009249   	1.278e-05   
4440        	10          	0.038       	0.0009211   	0.0009153   	9.818e-06   
4445        	10          	0.04018     	0.0008598   	0.0007084   	3.201e-05   
4450        	10          	0.04239     	0.0008678   	0.001001    	9.301e-06   
4455        	10          	0.02641     	0.0009852   	0.0007524   	8.09e-06    
4460        	10          	0.03251     	0.001331    	0.00151     	8.115e-06   
4465        	10          	0.05267     	0.001305    	0.001128    	2.488e-05   
4470        	10          	0.02234     	0.0008624   	0.0005881   	2.436e-05   
4475        	10          	0.01901     	0.001143    	0.001115    	1.323e-05   
4480        	10          	0.03056     	0.000753    	0.0009435   	4.175e-05   
4485        	10          	0.02529     	0.0006107   	0.0008114   	1.307e-05   
4490        	10          	0.0191      	0.0008583   	0.0008502   	1.721e-05   
4495        	10          	0.02571     	0.0007282   	0.0006178   	2.986e-05   
4500        	10          	0.03621     	0.0006613   	0.000643    	2.72e-05    
4505        	10          	0.01841     	0.001052    	0.0007418   	2.141e-05   
4510        	10          	0.01739     	0.0007014   	0.0007482   	8.716e-06   
4515        	10          	0.03771     	0.000747    	0.0005784   	1.571e-05   
4520        	10          	0.02877     	0.001045    	0.0007759   	2.556e-05   
4525        	10          	0.02839     	0.0005002   	0.0003896   	6.704e-06   
4530        	10          	0.03918     	0.000623    	0.0005475   	8.022e-06   
4535        	10          	0.03378     	0.0005473   	0.0007334   	2.688e-05   
4540        	10          	0.05862     	0.0004341   	0.0005856   	1.94e-05    
4545        	10          	0.04394     	0.0008669   	0.0006702   	1.799e-05   
4550        	10          	0.05335     	0.0009153   	0.0009846   	1.856e-05   
4555        	10          	0.05889     	0.0006907   	0.0009137   	1.851e-05   
4560        	10          	0.05856     	0.0008146   	0.0005079   	1.093e-05   
4565        	10          	0.04806     	0.001035    	0.000955    	4.464e-05   
4570        	10          	0.05323     	0.0005888   	0.0009322   	1.715e-05   
4575        	10          	0.06471     	0.0007222   	0.0005297   	5.674e-06   
4580        	10          	0.05157     	0.0009463   	0.001083    	2.507e-05   
4585        	10          	0.06278     	0.0008688   	0.0009171   	3.041e-05   
4590        	10          	0.06493     	0.0009427   	0.0006337   	2.081e-05   
4595        	10          	0.05399     	0.0009635   	0.0007361   	2.213e-05   
4600        	10          	0.03967     	0.000911    	0.001165    	1.544e-05   
4605        	10          	0.05378     	0.001132    	0.0009182   	3.323e-05   
4610        	10          	0.04529     	0.001349    	0.001599    	2.218e-05   
4615        	10          	0.04151     	0.001213    	0.001145    	1.296e-05   
4620        	10          	0.054       	0.001741    	0.001617    	1.522e-05   
4625        	10          	0.03116     	0.0009818   	0.0008369   	7.694e-06   
4630        	10          	0.03206     	0.001516    	0.00108     	1.929e-05   
4635        	10          	0.04295     	0.001052    	0.001144    	1.071e-05   
4640        	10          	0.0511      	0.001131    	0.0009413   	1.642e-05   
4645        	10          	0.03084     	0.001095    	0.000975    	1.26e-05    
4650        	10          	0.03658     	0.00213     	0.001554    	2.589e-05   
4655        	10          	0.03695     	0.001236    	0.001426    	5.513e-05   
4660        	10          	0.04118     	0.001115    	0.001851    	1.761e-05   
4665        	10          	0.03072     	0.00148     	0.001227    	2.349e-05   
4670        	10          	0.02804     	0.00188     	0.002002    	2.479e-05   
4675        	10          	0.04108     	0.001808    	0.002341    	2.764e-05   
4680        	10          	0.02917     	0.001585    	0.001395    	2.116e-05   
4685        	10          	0.03262     	0.001646    	0.001933    	2.214e-05   
4690        	10          	0.041       	0.002048    	0.001505    	1.505e-05   
4695        	10          	0.04254     	0.002139    	0.001738    	1.221e-05   
4700        	10          	0.04784     	0.002161    	0.002002    	1.245e-05   
4705        	10          	0.03719     	0.001741    	0.002182    	4.17e-05    
4710        	10          	0.04516     	0.001716    	0.002038    	1.958e-05   
4715        	10          	0.02623     	0.001787    	0.001721    	2.283e-05   
4720        	10          	0.04068     	0.001786    	0.001457    	1.524e-05   
4725        	10          	0.03899     	0.002094    	0.001811    	2.014e-05   
4730        	10          	0.03956     	0.002159    	0.001563    	9.556e-06   
4735        	10          	0.03228     	0.001615    	0.001742    	1.995e-05   
4740        	10          	0.04751     	0.001067    	0.001333    	1.585e-05   
4745        	10          	0.03214     	0.002026    	0.002401    	1.607e-05   
4750        	10          	0.02849     	0.001196    	0.001602    	1.08e-05    
4755        	10          	0.02299     	0.002092    	0.00124     	1.688e-05   
4760        	10          	0.01536     	0.002112    	0.001369    	4.052e-05   
4765        	10          	0.02712     	0.001821    	0.001391    	3.659e-06   
4770        	10          	0.0336      	0.001986    	0.001853    	2.507e-05   
4775        	10          	0.02825     	0.002168    	0.001933    	1.033e-05   
4780        	10          	0.03357     	0.001999    	0.001572    	1.008e-05   
4785        	10          	0.03149     	0.002143    	0.001826    	1.893e-05   
4790        	10          	0.02017     	0.001903    	0.001943    	1.286e-05   
4795        	10          	0.01932     	0.00221     	0.001786    	1.186e-05   
4800        	10          	0.02289     	0.002337    	0.002945    	2.024e-05   
4805        	10          	0.01488     	0.002448    	0.002338    	1.454e-05   
4810        	10          	0.01918     	0.002177    	0.00214     	1.743e-05   
4815        	10          	0.02532     	0.00235     	0.001804    	1.039e-05   
4820        	10          	0.03195     	0.002445    	0.001915    	3.407e-05   
4825        	10          	0.02729     	0.001566    	0.002022    	1.319e-05   
4830        	10          	0.02496     	0.002049    	0.001874    	1.98e-05    
4835        	10          	0.01671     	0.00163     	0.001845    	2.534e-05   
4840        	10          	0.03597     	0.002334    	0.002789    	5.652e-06   
4845        	10          	0.03464     	0.002383    	0.002404    	3.546e-05   
4850        	10          	0.02717     	0.002566    	0.002245    	1.479e-05   
4855        	10          	0.02286     	0.001939    	0.002329    	6.177e-06   
4860        	10          	0.01902     	0.002175    	0.001994    	1.065e-05   
4865        	10          	0.02217     	0.002602    	0.002296    	1.818e-05   
4870        	10          	0.02082     	0.001495    	0.001705    	1.528e-05   
4875        	10          	0.02636     	0.002045    	0.00185     	1.465e-05   
4880        	10          	0.02479     	0.002109    	0.002076    	2.013e-05   
4885        	10          	0.01606     	0.002274    	0.001982    	1.44e-05    
4890        	10          	0.02783     	0.001355    	0.001658    	1.246e-05   
4895        	10          	0.01873     	0.001483    	0.001508    	2.052e-05   
4900        	10          	0.0195      	0.0008639   	0.001018    	9.076e-06   
4905        	10          	0.02641     	0.001286    	0.001318    	1.099e-05   
4910        	10          	0.01858     	0.001516    	0.001745    	2.871e-05   
4915        	10          	0.02439     	0.001443    	0.001051    	1.285e-05   
4920        	10          	0.02951     	0.001931    	0.001567    	7.128e-06   
4925        	10          	0.009344    	0.002362    	0.002093    	2.257e-05   
4930        	10          	0.0199      	0.001862    	0.001428    	1.05e-05    
4935        	10          	0.007711    	0.001653    	0.001847    	2.665e-05   
4940        	10          	0.01951     	0.001598    	0.001748    	1.002e-05   
4945        	10          	0.02001     	0.001205    	0.001988    	2.471e-05   
4950        	10          	0.0266      	0.001472    	0.001554    	2.959e-05   
4955        	10          	0.01878     	0.001198    	0.001371    	2.743e-05   
4960        	10          	0.01606     	0.002282    	0.001929    	1.248e-05   
4965        	10          	0.0243      	0.00162     	0.002136    	3.432e-05   
4970        	10          	0.01218     	0.00181     	0.00223     	3.492e-05   
4975        	10          	0.01372     	0.002658    	0.002328    	1.058e-05   
4980        	10          	0.01822     	0.002017    	0.002385    	3.432e-05   
4985        	10          	0.02001     	0.002454    	0.001955    	5.979e-06   
4990        	10          	0.03095     	0.001522    	0.001276    	1.753e-05   
4995        	10          	0.01907     	0.001713    	0.001774    	1.648e-05   
5000        	10          	0.01997     	0.002257    	0.002364    	4.957e-05   
