generation  	alive.rpl   	n.adlt.rs   	n.adlt.fst.wc_p1-2	n.adlt.fst.wc_p1-3	n.adlt.fst.wc_p2-3
4           	10          	18.85       	0.002301    	0.003362    	0.002027    
8           	10          	18.65       	0.003433    	0.005152    	0.002512    
12          	10          	18.45       	0.003826    	0.005916    	0.003061    
16          	10          	18.3        	0.003856    	0.00687     	0.003517    
20          	10          	18.15       	0.004246    	0.007558    	0.003576    
24          	10          	17.99       	0.00508     	0.00845     	0.004691    
28          	10          	17.86       	0.003575    	0.008291    	0.004061    
32          	10          	17.66       	0.005037    	0.009212    	0.003955    
36          	10          	17.58       	0.004588    	0.00912     	0.004622    
40          	10          	17.46       	0.004687    	0.009477    	0.004447    
44          	10          	17.36       	0.00408     	0.008895    	0.003398    
48          	10          	17.22       	0.005037    	0.008588    	0.004       
52          	10          	17.15       	0.003545    	0.007891    	0.003168    
56          	10          	17.08       	0.004248    	0.009504    	0.003912    
60          	10          	16.76       	0.004719    	0.00832     	0.005388    
64          	10          	16.74       	0.003882    	0.007761    	0.00327     
68          	10          	16.53       	0.005198    	0.009004    	0.004419    
72          	10          	16.36       	0.005245    	0.009733    	0.004262    
76          	10          	16.31       	0.004749    	0.01007     	0.005052    
80          	10          	16.17       	0.0041      	0.007072    	0.003484    
84          	10          	15.99       	0.004665    	0.009564    	0.004003    
88          	10          	15.97       	0.004274    	0.008462    	0.004864    
92          	10          	15.78       	0.004386    	0.008506    	0.004351    
96          	10          	15.74       	0.003781    	0.007529    	0.003372    
100         	10          	15.44       	0.005272    	0.009694    	0.004681    
104         	10          	15.42       	0.005242    	0.009723    	0.004194    
108         	10          	15.32       	0.003859    	0.00921     	0.003724    
112         	10          	15.23       	0.003593    	0.008218    	0.003925    
116         	10          	15.05       	0.00439     	0.009594    	0.004153    
120         	10          	14.96       	0.003575    	0.008427    	0.004109    
124         	10          	14.94       	0.004804    	0.008394    	0.004952    
128         	10          	14.67       	0.005595    	0.0101      	0.003624    
132         	10          	14.72       	0.004229    	0.009767    	0.004908    
136         	10          	14.55       	0.004001    	0.008561    	0.003658    
140         	10          	14.39       	0.004741    	0.01003     	0.004234    
144         	10          	14.37       	0.005409    	0.01101     	0.00444     
148         	10          	14.26       	0.004244    	0.00974     	0.004628    
152         	10          	14.1        	0.005206    	0.009848    	0.004905    
156         	10          	14.12       	0.004281    	0.008708    	0.003941    
160         	10          	13.92       	0.00428     	0.00928     	0.005979    
164         	10          	13.85       	0.0036      	0.009568    	0.00463     
168         	10          	13.73       	0.00425     	0.01044     	0.004269    
172         	10          	13.75       	0.003371    	0.008919    	0.00448     
176         	10          	13.69       	0.005086    	0.009562    	0.004775    
180         	10          	13.6        	0.004177    	0.009232    	0.004507    
184         	10          	13.45       	0.004227    	0.008793    	0.003397    
188         	10          	13.39       	0.004941    	0.009948    	0.004187    
192         	10          	13.31       	0.003776    	0.009256    	0.00348     
196         	10          	13.35       	0.004805    	0.008654    	0.003768    
200         	10          	13.28       	0.004058    	0.008299    	0.003507    
204         	10          	13.14       	0.005179    	0.008688    	0.0048      
208         	10          	13.09       	0.003394    	0.009641    	0.004803    
212         	10          	13.06       	0.003831    	0.008832    	0.003837    
216         	10          	12.94       	0.003574    	0.009182    	0.003495    
220         	10          	12.78       	0.004693    	0.00996     	0.004849    
224         	10          	12.76       	0.002867    	0.009162    	0.004481    
228         	10          	12.76       	0.00427     	0.009187    	0.004088    
232         	10          	12.73       	0.004146    	0.009279    	0.003411    
236         	10          	12.64       	0.005395    	0.01147     	0.005501    
240         	10          	12.45       	0.004345    	0.0112      	0.003827    
244         	10          	12.48       	0.004611    	0.009389    	0.004201    
248         	10          	12.38       	0.003646    	0.008916    	0.002742    
252         	10          	12.26       	0.003792    	0.008413    	0.003734    
256         	10          	12.22       	0.004284    	0.009715    	0.004287    
260         	10          	12.19       	0.004235    	0.01065     	0.004925    
264         	10          	11.98       	0.004112    	0.01046     	0.003976    
268         	10          	12.05       	0.003539    	0.00871     	0.00478     
272         	10          	11.95       	0.005481    	0.008612    	0.004956    
276         	10          	11.98       	0.004519    	0.009537    	0.004167    
280         	10          	11.82       	0.005456    	0.01051     	0.003869    
284         	10          	11.84       	0.003038    	0.007649    	0.003708    
288         	10          	11.81       	0.005008    	0.009457    	0.004841    
292         	10          	11.67       	0.00292     	0.008347    	0.003655    
296         	10          	11.55       	0.004148    	0.0103      	0.003869    
300         	10          	11.52       	0.004034    	0.009658    	0.003062    
304         	10          	11.58       	0.00372     	0.008632    	0.00444     
308         	10          	11.5        	0.006188    	0.01003     	0.005101    
312         	10          	11.56       	0.004318    	0.00769     	0.003465    
316         	10          	11.46       	0.00387     	0.009517    	0.004595    
320         	10          	11.3        	0.004985    	0.009713    	0.003107    
324         	10          	11.31       	0.003996    	0.009972    	0.00312     
328         	10          	11.35       	0.004237    	0.009492    	0.00295     
332         	10          	11.22       	0.004007    	0.009537    	0.005496    
336         	10          	11.27       	0.002995    	0.007687    	0.005244    
340         	10          	11.16       	0.005062    	0.01015     	0.003469    
344         	10          	11.21       	0.00405     	0.009774    	0.003352    
348         	10          	10.95       	0.005665    	0.01046     	0.005633    
352         	10          	11.06       	0.003696    	0.00834     	0.004606    
356         	10          	11.03       	0.002478    	0.008359    	0.003233    
360         	10          	10.98       	0.003993    	0.0103      	0.003502    
364         	10          	11.02       	0.003207    	0.009915    	0.003643    
368         	10          	10.98       	0.004639    	0.01055     	0.004078    
372         	10          	10.87       	0.003789    	0.009951    	0.004187    
376         	10          	10.81       	0.004505    	0.009294    	0.003391    
380         	10          	10.76       	0.006301    	0.01028     	0.005438    
384         	10          	10.77       	0.003192    	0.01078     	0.00488     
388         	10          	10.67       	0.004481    	0.01122     	0.005002    
392         	10          	10.64       	0.005914    	0.01017     	0.002521    
396         	10          	10.64       	0.004902    	0.008969    	0.002601    
400         	10          	10.62       	0.004243    	0.009428    	0.004088    
404         	10          	10.51       	0.003074    	0.007722    	0.003997    
408         	10          	10.58       	0.004405    	0.007095    	0.003013    
412         	10          	10.4        	0.003661    	0.01006     	0.005209    
416         	10          	10.49       	0.003926    	0.008768    	0.004338    
420         	10          	10.39       	0.003019    	0.008297    	0.003208    
424         	10          	10.41       	0.005159    	0.007892    	0.002481    
428         	10          	10.24       	0.003738    	0.009605    	0.004401    
432         	10          	10.21       	0.005081    	0.009575    	0.004297    
436         	10          	10.29       	0.003906    	0.009568    	0.003792    
440         	10          	10.18       	0.003996    	0.01011     	0.005037    
444         	10          	10.14       	0.004327    	0.008568    	0.005125    
448         	10          	10.15       	0.005465    	0.007852    	0.005032    
452         	10          	10.14       	0.003422    	0.00841     	0.004289    
456         	10          	10.09       	0.005191    	0.008949    	0.004299    
460         	10          	10.04       	0.003767    	0.01006     	0.003573    
464         	10          	10.07       	0.003231    	0.00748     	0.003215    
468         	10          	9.96        	0.004291    	0.007038    	0.00374     
472         	10          	10          	0.003338    	0.007561    	0.003199    
476         	10          	9.927       	0.003509    	0.008375    	0.003555    
480         	10          	9.915       	0.004584    	0.01039     	0.004126    
484         	10          	9.845       	0.004271    	0.008276    	0.005005    
488         	10          	9.858       	0.004451    	0.009157    	0.003648    
492         	10          	9.773       	0.005489    	0.007115    	0.003646    
496         	10          	9.803       	0.004438    	0.01037     	0.005048    
500         	10          	9.73        	0.003894    	0.008982    	0.004811    
504         	10          	9.772       	0.004516    	0.01067     	0.00398     
508         	10          	9.713       	0.003905    	0.009277    	0.004188    
512         	10          	9.677       	0.003438    	0.008395    	0.003972    
516         	10          	9.657       	0.004583    	0.009303    	0.003894    
520         	10          	9.577       	0.004718    	0.009931    	0.00378     
524         	10          	9.552       	0.004396    	0.009179    	0.004377    
528         	10          	9.6         	0.00421     	0.009818    	0.003125    
532         	10          	9.57        	0.005526    	0.008706    	0.005167    
536         	10          	9.573       	0.005019    	0.009814    	0.003491    
540         	10          	9.555       	0.005866    	0.009483    	0.00342     
544         	10          	9.49        	0.003711    	0.009166    	0.004796    
548         	10          	9.495       	0.004605    	0.008109    	0.004542    
552         	10          	9.422       	0.003576    	0.007961    	0.003982    
556         	10          	9.45        	0.003958    	0.008646    	0.004313    
560         	10          	9.368       	0.005667    	0.00777     	0.005122    
564         	10          	9.393       	0.002941    	0.008499    	0.003819    
568         	10          	9.337       	0.002967    	0.008182    	0.004162    
572         	10          	9.307       	0.003664    	0.008758    	0.005717    
576         	10          	9.247       	0.004916    	0.008709    	0.005436    
580         	10          	9.252       	0.004578    	0.00708     	0.002039    
584         	10          	9.248       	0.004933    	0.009261    	0.002597    
588         	10          	9.18        	0.004055    	0.01068     	0.005258    
592         	10          	9.177       	0.004643    	0.008232    	0.00324     
596         	10          	9.15        	0.003255    	0.0101      	0.003363    
600         	10          	9.198       	0.005718    	0.01144     	0.004296    
604         	10          	9.177       	0.003639    	0.008736    	0.004086    
608         	10          	9.217       	0.003612    	0.009702    	0.002842    
612         	10          	9.093       	0.002799    	0.008719    	0.003381    
616         	10          	9.095       	0.004228    	0.01023     	0.005959    
620         	10          	9.045       	0.003924    	0.00914     	0.005718    
624         	10          	9.077       	0.003268    	0.008618    	0.005466    
628         	10          	9.03        	0.003774    	0.007883    	0.003821    
632         	10          	9           	0.00298     	0.008247    	0.003361    
636         	10          	9.013       	0.002888    	0.008693    	0.003758    
640         	10          	8.932       	0.004569    	0.009104    	0.002711    
644         	10          	8.925       	0.002985    	0.008013    	0.00403     
648         	10          	8.87        	0.00611     	0.009876    	0.003194    
652         	10          	8.95        	0.003714    	0.009568    	0.002953    
656         	10          	8.902       	0.003416    	0.009077    	0.004933    
660         	10          	8.92        	0.004122    	0.00875     	0.003659    
664         	10          	8.787       	0.003611    	0.009296    	0.004424    
668         	10          	8.842       	0.004325    	0.0105      	0.004671    
672         	10          	8.817       	0.004084    	0.009938    	0.003488    
676         	10          	8.76        	0.004324    	0.01095     	0.004774    
680         	10          	8.68        	0.00417     	0.009792    	0.005685    
684         	10          	8.78        	0.003235    	0.01067     	0.004929    
688         	10          	8.693       	0.003928    	0.01133     	0.005021    
692         	10          	8.773       	0.003737    	0.009477    	0.00466     
696         	10          	8.747       	0.003752    	0.00799     	0.003646    
700         	10          	8.725       	0.00479     	0.00897     	0.003645    
704         	10          	8.747       	0.004885    	0.01076     	0.004648    
708         	10          	8.635       	0.003453    	0.01073     	0.004718    
712         	10          	8.633       	0.005112    	0.008627    	0.003237    
716         	10          	8.65        	0.005044    	0.01066     	0.005431    
720         	10          	8.612       	0.003279    	0.01012     	0.005774    
724         	10          	8.618       	0.004351    	0.008047    	0.003215    
728         	10          	8.592       	0.004536    	0.01078     	0.004641    
732         	10          	8.565       	0.00598     	0.01122     	0.004683    
736         	10          	8.587       	0.004442    	0.009903    	0.004739    
740         	10          	8.6         	0.00493     	0.01077     	0.005713    
744         	10          	8.56        	0.004295    	0.009279    	0.002634    
748         	10          	8.537       	0.004949    	0.01138     	0.003448    
752         	10          	8.498       	0.002433    	0.009366    	0.002891    
756         	10          	8.507       	0.004397    	0.01097     	0.003113    
760         	10          	8.475       	0.006773    	0.009324    	0.005064    
764         	10          	8.532       	0.0035      	0.006469    	0.002132    
768         	10          	8.515       	0.003568    	0.00936     	0.004142    
772         	10          	8.463       	0.003493    	0.008071    	0.005377    
776         	10          	8.462       	0.002556    	0.009145    	0.001931    
780         	10          	8.535       	0.005169    	0.01028     	0.004809    
784         	10          	8.442       	0.004856    	0.01069     	0.004348    
788         	10          	8.393       	0.004001    	0.008056    	0.002562    
792         	10          	8.435       	0.006118    	0.0101      	0.003861    
796         	10          	8.418       	0.005243    	0.008926    	0.005098    
800         	10          	8.372       	0.002615    	0.007968    	0.001928    
804         	10          	8.392       	0.00386     	0.009269    	0.004429    
808         	10          	8.297       	0.003201    	0.00892     	0.004184    
812         	10          	8.347       	0.004204    	0.009603    	0.006171    
816         	10          	8.352       	0.003902    	0.01038     	0.003704    
820         	10          	8.353       	0.003358    	0.00775     	0.003898    
824         	10          	8.318       	0.004735    	0.01002     	0.004761    
828         	10          	8.308       	0.004677    	0.01072     	0.00507     
832         	10          	8.338       	0.003645    	0.007644    	0.003125    
836         	10          	8.29        	0.004518    	0.008215    	0.004208    
840         	10          	8.26        	0.00566     	0.01105     	0.004209    
844         	10          	8.302       	0.004057    	0.01081     	0.002402    
848         	10          	8.265       	0.006094    	0.01116     	0.003535    
852         	10          	8.258       	0.002816    	0.01038     	0.003877    
856         	10          	8.345       	0.004435    	0.00666     	0.004056    
860         	10          	8.225       	0.003198    	0.01037     	0.004491    
864         	10          	8.158       	0.005853    	0.01218     	0.006097    
868         	10          	8.108       	0.004412    	0.009815    	0.002772    
872         	10          	8.14        	0.004167    	0.01104     	0.004477    
876         	10          	8.137       	0.004558    	0.009877    	0.003001    
880         	10          	8.15        	0.003453    	0.01032     	0.004504    
884         	10          	8.122       	0.004086    	0.01032     	0.003869    
888         	10          	8.063       	0.003815    	0.01101     	0.003291    
892         	10          	8.057       	0.004945    	0.009162    	0.004835    
896         	10          	7.958       	0.00563     	0.01194     	0.004172    
900         	10          	7.988       	0.004367    	0.009982    	0.005435    
904         	10          	7.997       	0.004521    	0.007051    	0.004239    
908         	10          	7.897       	0.003985    	0.01036     	0.004715    
912         	10          	7.867       	0.005651    	0.009236    	0.005941    
916         	10          	7.987       	0.002834    	0.006263    	0.00385     
920         	10          	8.022       	0.004556    	0.008111    	0.00427     
924         	10          	7.992       	0.004694    	0.009208    	0.005072    
928         	10          	7.893       	0.003092    	0.009528    	0.005163    
932         	10          	7.962       	0.003737    	0.009969    	0.004483    
936         	10          	7.873       	0.002247    	0.009173    	0.003772    
940         	10          	7.87        	0.005855    	0.01183     	0.002989    
944         	10          	7.823       	0.003227    	0.007603    	0.003384    
948         	10          	7.85        	0.003965    	0.009409    	0.003302    
952         	10          	7.822       	0.005458    	0.01102     	0.004906    
956         	10          	7.84        	0.004168    	0.007769    	0.004364    
960         	10          	7.807       	0.003964    	0.007817    	0.003425    
964         	10          	7.807       	0.002645    	0.009747    	0.002491    
968         	10          	7.783       	0.005883    	0.009573    	0.004982    
972         	10          	7.833       	0.002301    	0.008041    	0.002381    
976         	10          	7.762       	0.003935    	0.009716    	0.003151    
980         	10          	7.712       	0.00384     	0.008792    	0.003329    
984         	10          	7.735       	0.003767    	0.008634    	0.003117    
988         	10          	7.66        	0.004151    	0.009174    	0.002732    
992         	10          	7.66        	0.003639    	0.008498    	0.004362    
996         	10          	7.63        	0.003782    	0.009048    	0.006367    
1000        	10          	7.642       	0.003703    	0.008479    	0.001729    
1004        	10          	7.585       	0.003969    	0.009328    	0.003515    
1008        	10          	7.578       	0.005447    	0.01076     	0.005551    
1012        	10          	7.622       	0.004603    	0.00904     	0.005078    
1016        	10          	7.552       	0.003996    	0.008352    	0.004844    
1020        	10          	7.622       	0.003778    	0.009508    	0.004106    
1024        	10          	7.542       	0.005107    	0.009811    	0.0028      
1028        	10          	7.533       	0.004454    	0.008456    	0.003474    
1032        	10          	7.522       	0.004557    	0.008553    	0.003463    
1036        	10          	7.577       	0.003633    	0.008563    	0.003987    
1040        	10          	7.448       	0.004572    	0.008839    	0.004422    
1044        	10          	7.47        	0.004719    	0.00996     	0.004322    
1048        	10          	7.452       	0.002711    	0.0115      	0.004168    
1052        	10          	7.405       	0.003155    	0.007845    	0.006149    
1056        	10          	7.478       	0.00386     	0.009037    	0.004739    
1060        	10          	7.433       	0.005308    	0.01036     	0.004389    
1064        	10          	7.413       	0.003325    	0.01154     	0.005362    
1068        	10          	7.405       	0.003477    	0.01006     	0.004246    
1072        	10          	7.385       	0.004242    	0.009373    	0.003546    
1076        	10          	7.343       	0.004414    	0.01006     	0.00531     
1080        	10          	7.36        	0.004934    	0.00957     	0.00348     
1084        	10          	7.315       	0.005084    	0.01072     	0.004417    
1088        	10          	7.318       	0.002994    	0.008078    	0.003637    
1092        	10          	7.347       	0.00451     	0.01142     	0.005565    
1096        	10          	7.367       	0.003748    	0.01043     	0.004922    
1100        	10          	7.323       	0.004809    	0.009464    	0.00455     
1104        	10          	7.323       	0.003887    	0.008422    	0.006187    
1108        	10          	7.24        	0.002775    	0.008927    	0.005405    
1112        	10          	7.29        	0.004411    	0.009129    	0.004172    
1116        	10          	7.365       	0.004844    	0.008133    	0.003529    
1120        	10          	7.317       	0.002505    	0.00716     	0.004393    
1124        	10          	7.312       	0.003755    	0.009709    	0.002959    
1128        	10          	7.295       	0.004492    	0.007753    	0.004144    
1132        	10          	7.302       	0.005022    	0.008243    	0.004665    
1136        	10          	7.293       	0.004574    	0.007158    	0.004855    
1140        	10          	7.337       	0.002609    	0.008912    	0.004193    
1144        	10          	7.328       	0.004542    	0.01061     	0.004187    
1148        	10          	7.305       	0.003713    	0.01136     	0.005251    
1152        	10          	7.25        	0.004407    	0.009144    	0.004492    
1156        	10          	7.275       	0.003766    	0.009481    	0.005296    
1160        	10          	7.282       	0.004006    	0.01258     	0.003642    
1164        	10          	7.238       	0.002912    	0.008596    	0.001633    
1168        	10          	7.31        	0.005711    	0.01151     	0.005903    
1172        	10          	7.325       	0.0022      	0.008703    	0.003228    
1176        	10          	7.277       	0.004979    	0.01148     	0.005783    
1180        	10          	7.305       	0.003738    	0.009155    	0.002899    
1184        	10          	7.232       	0.002645    	0.01034     	0.004446    
1188        	10          	7.215       	0.003394    	0.009736    	0.002504    
1192        	10          	7.258       	0.004146    	0.01005     	0.00416     
1196        	10          	7.232       	0.004776    	0.008626    	0.00572     
1200        	10          	7.198       	0.003954    	0.006766    	0.002195    
1204        	10          	7.158       	0.003503    	0.007266    	0.002848    
1208        	10          	7.12        	0.004261    	0.006915    	0.002907    
1212        	10          	7.17        	0.002931    	0.006969    	0.001846    
1216        	10          	7.16        	0.003306    	0.007071    	0.00403     
1220        	10          	7.208       	0.002969    	0.01005     	0.00462     
1224        	10          	7.148       	0.004063    	0.006265    	0.001521    
1228        	10          	7.18        	0.002944    	0.007709    	0.003118    
1232        	10          	7.173       	0.004137    	0.008928    	0.004152    
1236        	10          	7.145       	0.004626    	0.008601    	0.003698    
1240        	10          	7.088       	0.004402    	0.007901    	0.003302    
1244        	10          	7.088       	0.003055    	0.007319    	0.003941    
1248        	10          	7.092       	0.004236    	0.008748    	0.005706    
1252        	10          	7.053       	0.00156     	0.008517    	0.00479     
1256        	10          	7.043       	0.002657    	0.00745     	0.003901    
1260        	10          	7.07        	0.005037    	0.008366    	0.003731    
1264        	10          	7.157       	0.004639    	0.008325    	0.003692    
1268        	10          	7.108       	0.004772    	0.006059    	0.004243    
1272        	10          	7.067       	0.005088    	0.01018     	0.006106    
1276        	10          	7.038       	0.00482     	0.009974    	0.003874    
1280        	10          	6.985       	0.002756    	0.008962    	0.005873    
1284        	10          	7           	0.003034    	0.009075    	0.004508    
1288        	10          	6.973       	0.003666    	0.008936    	0.004226    
1292        	10          	6.975       	0.00427     	0.008786    	0.005038    
1296        	10          	6.92        	0.004326    	0.01078     	0.003731    
1300        	10          	6.93        	0.004387    	0.008724    	0.004073    
1304        	10          	6.933       	0.003261    	0.007825    	0.004611    
1308        	10          	6.955       	0.003335    	0.006753    	0.002987    
1312        	10          	6.953       	0.003899    	0.01197     	0.004874    
1316        	10          	6.915       	0.005401    	0.008877    	0.004974    
1320        	10          	6.93        	0.005211    	0.01162     	0.001818    
1324        	10          	6.963       	0.004706    	0.0093      	0.005658    
1328        	10          	6.988       	0.004379    	0.01024     	0.006572    
1332        	10          	7.025       	0.005808    	0.009403    	0.004204    
1336        	10          	7.027       	0.005792    	0.01126     	0.004513    
1340        	10          	6.987       	0.004463    	0.009145    	0.003976    
1344        	10          	7.003       	0.004895    	0.008939    	0.004237    
1348        	10          	6.992       	0.003408    	0.009195    	0.004372    
1352        	10          	6.963       	0.003488    	0.008091    	0.002901    
1356        	10          	7.012       	0.003996    	0.009959    	0.001905    
1360        	10          	6.975       	0.003649    	0.01003     	0.002415    
1364        	10          	6.898       	0.006054    	0.01016     	0.005312    
1368        	10          	6.912       	0.003415    	0.007751    	0.005228    
1372        	10          	6.953       	0.003486    	0.007999    	0.004       
1376        	10          	6.918       	0.00505     	0.01097     	0.00237     
1380        	10          	6.878       	0.005292    	0.01196     	0.005773    
1384        	10          	6.968       	0.0044      	0.009163    	0.0029      
1388        	10          	6.968       	0.003638    	0.009058    	0.006481    
1392        	10          	6.945       	0.004855    	0.01124     	0.007246    
1396        	10          	6.923       	0.004368    	0.01182     	0.002659    
1400        	10          	6.898       	0.003562    	0.007373    	0.002816    
1404        	10          	6.828       	0.003464    	0.01159     	0.004577    
1408        	10          	6.812       	0.005461    	0.01038     	0.004515    
1412        	10          	6.883       	0.004263    	0.01059     	0.004824    
1416        	10          	6.835       	0.005402    	0.008633    	0.002969    
1420        	10          	6.867       	0.002965    	0.007542    	0.003337    
1424        	10          	6.845       	0.004384    	0.008586    	0.003019    
1428        	10          	6.812       	0.004404    	0.009355    	0.005627    
1432        	10          	6.788       	0.004108    	0.01172     	0.005279    
1436        	10          	6.817       	0.004077    	0.01145     	0.005099    
1440        	10          	6.798       	0.004217    	0.008962    	0.003408    
1444        	10          	6.74        	0.002999    	0.007899    	0.004268    
1448        	10          	6.823       	0.002266    	0.009683    	0.003679    
1452        	10          	6.705       	0.003239    	0.008985    	0.003359    
1456        	10          	6.748       	0.003382    	0.008859    	0.003351    
1460        	10          	6.717       	0.00326     	0.008576    	0.003781    
1464        	10          	6.758       	0.004868    	0.01179     	0.00558     
1468        	10          	6.702       	0.004269    	0.01071     	0.005087    
1472        	10          	6.727       	0.005253    	0.009928    	0.004111    
1476        	10          	6.735       	0.003138    	0.01046     	0.004407    
1480        	10          	6.702       	0.005011    	0.009193    	0.004417    
1484        	10          	6.693       	0.004863    	0.008983    	0.002223    
1488        	10          	6.68        	0.006851    	0.01084     	0.004166    
1492        	10          	6.692       	0.00522     	0.006575    	0.005429    
1496        	10          	6.685       	0.006164    	0.0102      	0.003433    
1500        	10          	6.673       	0.004576    	0.00728     	0.001735    
1504        	10          	6.678       	0.001269    	0.008105    	0.003649    
1508        	10          	6.685       	0.005238    	0.01058     	0.005672    
1512        	10          	6.69        	0.005282    	0.01009     	0.004653    
1516        	10          	6.695       	0.003922    	0.009676    	0.003177    
1520        	10          	6.662       	0.005322    	0.01092     	0.004082    
1524        	10          	6.653       	0.006106    	0.01248     	0.004995    
1528        	10          	6.648       	0.003299    	0.007905    	0.004295    
1532        	10          	6.735       	0.003791    	0.007865    	0.003973    
1536        	10          	6.652       	0.002427    	0.006362    	0.003365    
1540        	10          	6.703       	0.00501     	0.008769    	0.002778    
1544        	10          	6.595       	0.00445     	0.008541    	0.005729    
1548        	10          	6.7         	0.004959    	0.008187    	0.005315    
1552        	10          	6.665       	0.005167    	0.01157     	0.004536    
1556        	10          	6.64        	0.001972    	0.007845    	0.004947    
1560        	10          	6.678       	0.00271     	0.007483    	0.003692    
1564        	10          	6.56        	0.003544    	0.009293    	0.004565    
1568        	10          	6.613       	0.003334    	0.009435    	0.006107    
1572        	10          	6.587       	0.005528    	0.01134     	0.007525    
1576        	10          	6.605       	0.002749    	0.006512    	0.002778    
1580        	10          	6.573       	0.00418     	0.009214    	0.006557    
1584        	10          	6.582       	0.002766    	0.01044     	0.005247    
1588        	10          	6.547       	0.004818    	0.007867    	0.002547    
1592        	10          	6.572       	0.004436    	0.01212     	0.006339    
1596        	10          	6.51        	0.003377    	0.01212     	0.003981    
1600        	10          	6.51        	0.004472    	0.01028     	0.004401    
1604        	10          	6.49        	0.002852    	0.008854    	0.004182    
1608        	10          	6.537       	0.005689    	0.01019     	0.006534    
1612        	10          	6.523       	0.003971    	0.01007     	0.002966    
1616        	10          	6.52        	0.005912    	0.01018     	0.005534    
1620        	10          	6.46        	0.005228    	0.01012     	0.004713    
1624        	10          	6.505       	0.004332    	0.009907    	0.004038    
1628        	10          	6.485       	0.004101    	0.008038    	0.004237    
1632        	10          	6.502       	0.006601    	0.009661    	0.005062    
1636        	10          	6.455       	0.00287     	0.008439    	0.004431    
1640        	10          	6.438       	0.004151    	0.009849    	0.004972    
1644        	10          	6.47        	0.003694    	0.01138     	0.004747    
1648        	10          	6.512       	0.005701    	0.01227     	0.005076    
1652        	10          	6.453       	0.00239     	0.01042     	0.006561    
1656        	10          	6.47        	0.005094    	0.008251    	0.005247    
1660        	10          	6.487       	0.003356    	0.009374    	0.002433    
1664        	10          	6.488       	0.003468    	0.008403    	0.005042    
1668        	10          	6.502       	0.005449    	0.009097    	0.005487    
1672        	10          	6.483       	0.005044    	0.008866    	0.003908    
1676        	10          	6.458       	0.006243    	0.009909    	0.005856    
1680        	10          	6.42        	0.005098    	0.011       	0.006362    
1684        	10          	6.507       	0.004431    	0.008338    	0.002481    
1688        	10          	6.522       	0.004904    	0.01003     	0.005694    
1692        	10          	6.438       	0.004893    	0.00939     	0.003531    
1696        	10          	6.435       	0.00368     	0.0075      	0.005496    
1700        	10          	6.375       	0.006871    	0.01104     	0.004065    
1704        	10          	6.457       	0.00363     	0.008071    	0.004731    
1708        	10          	6.438       	0.004866    	0.008999    	0.00349     
1712        	10          	6.437       	0.003682    	0.009881    	0.005237    
1716        	10          	6.448       	0.003836    	0.009884    	0.00358     
1720        	10          	6.44        	0.003549    	0.008588    	0.002112    
1724        	10          	6.457       	0.003683    	0.01048     	0.005121    
1728        	10          	6.38        	0.004928    	0.01219     	0.003432    
1732        	10          	6.355       	0.002479    	0.008371    	0.004783    
1736        	10          	6.415       	0.004429    	0.008651    	0.002651    
1740        	10          	6.37        	0.005446    	0.009359    	0.003615    
1744        	10          	6.367       	0.00489     	0.01148     	0.003482    
1748        	10          	6.393       	0.005306    	0.008056    	0.002393    
1752        	10          	6.42        	0.002599    	0.01068     	0.003849    
1756        	10          	6.33        	0.004408    	0.009569    	0.003874    
1760        	10          	6.417       	0.003046    	0.005459    	0.003611    
1764        	10          	6.313       	0.004085    	0.008205    	0.005739    
1768        	10          	6.395       	0.005154    	0.01002     	0.004083    
1772        	10          	6.335       	0.004753    	0.009109    	0.00467     
1776        	10          	6.323       	0.003004    	0.008425    	0.005566    
1780        	10          	6.33        	0.005427    	0.00893     	0.003777    
1784        	10          	6.307       	0.003815    	0.009609    	0.003056    
1788        	10          	6.288       	0.004867    	0.00878     	0.00352     
1792        	10          	6.267       	0.004427    	0.01115     	0.005599    
1796        	10          	6.327       	0.003187    	0.008351    	0.002416    
1800        	10          	6.318       	0.003897    	0.009064    	0.003083    
1804        	10          	6.233       	0.004512    	0.009684    	0.005396    
1808        	10          	6.307       	0.005028    	0.00917     	0.003923    
1812        	10          	6.248       	0.005579    	0.009968    	0.006514    
1816        	10          	6.268       	0.00548     	0.01027     	0.002908    
1820        	10          	6.238       	0.00297     	0.009682    	0.006601    
1824        	10          	6.265       	0.005392    	0.01331     	0.004263    
1828        	10          	6.258       	0.004251    	0.005939    	0.003042    
1832        	10          	6.218       	0.003559    	0.008491    	0.003195    
1836        	10          	6.24        	0.00457     	0.009435    	0.00378     
1840        	10          	6.292       	0.003966    	0.009477    	0.004405    
1844        	10          	6.203       	0.004032    	0.008974    	0.005044    
1848        	10          	6.17        	0.006343    	0.01044     	0.004138    
1852        	10          	6.23        	0.004182    	0.006857    	0.003516    
1856        	10          	6.213       	0.007282    	0.0102      	0.00448     
1860        	10          	6.243       	0.003982    	0.01003     	0.004712    
1864        	10          	6.177       	0.003854    	0.008222    	0.004006    
1868        	10          	6.19        	0.004448    	0.009567    	0.004142    
1872        	10          	6.215       	0.004967    	0.008949    	0.003333    
1876        	10          	6.18        	0.006963    	0.01169     	0.005398    
1880        	10          	6.202       	0.004302    	0.009884    	0.003749    
1884        	10          	6.133       	0.005741    	0.0129      	0.006282    
1888        	10          	6.125       	0.005503    	0.008918    	0.003255    
1892        	10          	6.173       	0.004879    	0.01154     	0.005483    
1896        	10          	6.215       	0.003904    	0.0103      	0.004723    
1900        	10          	6.133       	0.003526    	0.009748    	0.004721    
1904        	10          	6.193       	0.003845    	0.008752    	0.005623    
1908        	10          	6.193       	0.003945    	0.008475    	0.004045    
1912        	10          	6.135       	0.004788    	0.0112      	0.005896    
1916        	10          	6.165       	0.00487     	0.007429    	0.004527    
1920        	10          	6.142       	0.006076    	0.00885     	0.004615    
1924        	10          	6.14        	0.003095    	0.008696    	0.003374    
1928        	10          	6.212       	0.002148    	0.008381    	0.003985    
1932        	10          	6.165       	0.004695    	0.009675    	0.004916    
1936        	10          	6.087       	0.002893    	0.006759    	0.00336     
1940        	10          	6.142       	0.004355    	0.009087    	0.005269    
1944        	10          	6.138       	0.004588    	0.01343     	0.006779    
1948        	10          	6.195       	0.004704    	0.007763    	0.006304    
1952        	10          	6.118       	0.004806    	0.01063     	0.003987    
1956        	10          	6.163       	0.004254    	0.00753     	0.003006    
1960        	10          	6.12        	0.004893    	0.01027     	0.006983    
1964        	10          	6.127       	0.00468     	0.01018     	0.006116    
1968        	10          	6.108       	0.004543    	0.008909    	0.003721    
1972        	10          	6.092       	0.006362    	0.009829    	0.004586    
1976        	10          	6.152       	0.00417     	0.007697    	0.002307    
1980        	10          	6.13        	0.003914    	0.007525    	0.004886    
1984        	10          	6.073       	0.005103    	0.009441    	0.004742    
1988        	10          	6.118       	0.005382    	0.008115    	0.002946    
1992        	10          	6.138       	0.005899    	0.01068     	0.005196    
1996        	10          	6.068       	0.003643    	0.01007     	0.003125    
2000        	10          	6.117       	0.002772    	0.007783    	0.002544    
2004        	10          	6.057       	0.004162    	0.008944    	0.003593    
2008        	10          	6.07        	0.004203    	0.009082    	0.00567     
2012        	10          	6.123       	0.003999    	0.007642    	0.004128    
2016        	10          	6.093       	0.005278    	0.008022    	0.003607    
2020        	10          	6.137       	0.003524    	0.008907    	0.003849    
2024        	10          	6.112       	0.003148    	0.008818    	0.003708    
2028        	10          	6.098       	0.001431    	0.01036     	0.002738    
2032        	10          	6.112       	0.003306    	0.007204    	0.005415    
2036        	10          	6.07        	0.004272    	0.009358    	0.003648    
2040        	10          	6.108       	0.003485    	0.006431    	0.003273    
2044        	10          	6.103       	0.003681    	0.007947    	0.001786    
2048        	10          	6.082       	0.005319    	0.01026     	0.005125    
2052        	10          	6.052       	0.003632    	0.007942    	0.004262    
2056        	10          	6.008       	0.002216    	0.008892    	0.003588    
2060        	10          	5.99        	0.004062    	0.006753    	0.005506    
2064        	10          	6.058       	0.003548    	0.009297    	0.004633    
2068        	10          	6.023       	0.004897    	0.009088    	0.004999    
2072        	10          	5.985       	0.001953    	0.008171    	0.003503    
2076        	10          	6.045       	0.003341    	0.009259    	0.006157    
2080        	10          	6.037       	0.003619    	0.01082     	0.004489    
2084        	10          	6.037       	0.005459    	0.008985    	0.005023    
2088        	10          	6.022       	0.001232    	0.008027    	0.004593    
2092        	10          	5.985       	0.004773    	0.008479    	0.00369     
2096        	10          	6.018       	0.0035      	0.008905    	0.003629    
2100        	10          	5.987       	0.003222    	0.006649    	0.003155    
2104        	10          	5.978       	0.003455    	0.009064    	0.003576    
2108        	10          	5.963       	0.002816    	0.008512    	0.003546    
2112        	10          	5.983       	0.005314    	0.008665    	0.003005    
2116        	10          	5.95        	0.005517    	0.01099     	0.005841    
2120        	10          	5.98        	0.002625    	0.009342    	0.005539    
2124        	10          	5.92        	0.002797    	0.01056     	0.004998    
2128        	10          	5.975       	0.003065    	0.009303    	0.00303     
2132        	10          	6.02        	0.006442    	0.008845    	0.003626    
2136        	10          	6.008       	0.003405    	0.008657    	0.004693    
2140        	10          	6           	0.005256    	0.01128     	0.005762    
2144        	10          	5.973       	0.005006    	0.007388    	0.003996    
2148        	10          	5.91        	0.004256    	0.009556    	0.005005    
2152        	10          	5.97        	0.004108    	0.008701    	0.004519    
2156        	10          	5.978       	0.003861    	0.009964    	0.004739    
2160        	10          	5.993       	0.00157     	0.007084    	0.005095    
2164        	10          	5.96        	0.004486    	0.008285    	0.004456    
2168        	10          	6.002       	0.003925    	0.01114     	0.004592    
2172        	10          	6.017       	0.00559     	0.01007     	0.006203    
2176        	10          	5.983       	0.003336    	0.007707    	0.002253    
2180        	10          	5.942       	0.004714    	0.01026     	0.002521    
2184        	10          	5.928       	0.003124    	0.008172    	0.006646    
2188        	10          	5.932       	0.003974    	0.009261    	0.002943    
2192        	10          	5.935       	0.004077    	0.008269    	0.002702    
2196        	10          	5.918       	0.00386     	0.009668    	0.004305    
2200        	10          	5.983       	0.005181    	0.008783    	0.002995    
2204        	10          	5.935       	0.00262     	0.00912     	0.005362    
2208        	10          	5.897       	0.003751    	0.009495    	0.005373    
2212        	10          	5.98        	0.004672    	0.009085    	0.003049    
2216        	10          	5.953       	0.00389     	0.009106    	0.004724    
2220        	10          	5.92        	0.004713    	0.009215    	0.002791    
2224        	10          	5.97        	0.004042    	0.01149     	0.004185    
2228        	10          	5.965       	0.006617    	0.009864    	0.005031    
2232        	10          	5.958       	0.005534    	0.008298    	0.003769    
2236        	10          	6.015       	0.006378    	0.01019     	0.002433    
2240        	10          	5.908       	0.005077    	0.01006     	0.003393    
2244        	10          	5.952       	0.004609    	0.009198    	0.0049      
2248        	10          	5.957       	0.00378     	0.009744    	0.003736    
2252        	10          	5.978       	0.002595    	0.007934    	0.004103    
2256        	10          	5.975       	0.00367     	0.00868     	0.0049      
2260        	10          	5.902       	0.00408     	0.009941    	0.002341    
2264        	10          	5.875       	0.002987    	0.01021     	0.00566     
2268        	10          	5.975       	0.004635    	0.01036     	0.007555    
2272        	10          	5.907       	0.002642    	0.007999    	0.00395     
2276        	10          	5.903       	0.005177    	0.01033     	0.006035    
2280        	10          	5.933       	0.004017    	0.009162    	0.003299    
2284        	10          	5.853       	0.004908    	0.01046     	0.004996    
2288        	10          	5.865       	0.001628    	0.008869    	0.004913    
2292        	10          	5.807       	0.004921    	0.00875     	0.001693    
2296        	10          	5.855       	0.004524    	0.008578    	0.00244     
2300        	10          	5.802       	0.004951    	0.009292    	0.006775    
2304        	10          	5.893       	0.004468    	0.00907     	0.004228    
2308        	10          	5.822       	0.005492    	0.01066     	0.006169    
2312        	10          	5.758       	0.001806    	0.008399    	0.00601     
2316        	10          	5.827       	0.004214    	0.01081     	0.005558    
2320        	10          	5.84        	0.004295    	0.008172    	0.002916    
2324        	10          	5.81        	0.004743    	0.01014     	0.005609    
2328        	10          	5.802       	0.002797    	0.007613    	0.002668    
2332        	10          	5.817       	0.003998    	0.00662     	0.002708    
2336        	10          	5.83        	0.003399    	0.01082     	0.004267    
2340        	10          	5.837       	0.003014    	0.009896    	0.00232     
2344        	10          	5.862       	0.004286    	0.01114     	0.00536     
2348        	10          	5.815       	0.00273     	0.01087     	0.004995    
2352        	10          	5.813       	0.003462    	0.01179     	0.006085    
2356        	10          	5.8         	0.002783    	0.008774    	0.003971    
2360        	10          	5.752       	0.002696    	0.01017     	0.004315    
2364        	10          	5.82        	0.004752    	0.008486    	0.003722    
2368        	10          	5.733       	0.004591    	0.009037    	0.003095    
2372        	10          	5.755       	0.003427    	0.008591    	0.003804    
2376        	10          	5.752       	0.006882    	0.009761    	0.003656    
2380        	10          	5.78        	0.0049      	0.009341    	0.006667    
2384        	10          	5.773       	0.007223    	0.01133     	0.004965    
2388        	10          	5.75        	0.00604     	0.009935    	0.005729    
2392        	10          	5.788       	0.004221    	0.008794    	0.005353    
2396        	10          	5.745       	0.004321    	0.009668    	0.00492     
2400        	10          	5.807       	0.003236    	0.01059     	0.00458     
2404        	10          	5.733       	0.00413     	0.01052     	0.002756    
2408        	10          	5.782       	0.004341    	0.008671    	0.005094    
2412        	10          	5.787       	0.003041    	0.01001     	0.003265    
2416        	10          	5.718       	0.007181    	0.01109     	0.004208    
2420        	10          	5.72        	0.003571    	0.007577    	0.004767    
2424        	10          	5.708       	0.003799    	0.01021     	0.006079    
2428        	10          	5.713       	0.003501    	0.009299    	0.004777    
2432        	10          	5.678       	0.005613    	0.0101      	0.003116    
2436        	10          	5.68        	0.007358    	0.01044     	0.005202    
2440        	10          	5.658       	0.003879    	0.009981    	0.006923    
2444        	10          	5.703       	0.00314     	0.006823    	0.002324    
2448        	10          	5.647       	0.00394     	0.008335    	0.004548    
2452        	10          	5.57        	0.003927    	0.00933     	0.004577    
2456        	10          	5.587       	0.004432    	0.0113      	0.004621    
2460        	10          	5.6         	0.003265    	0.009677    	0.004793    
2464        	10          	5.658       	0.003864    	0.01127     	0.003463    
2468        	10          	5.622       	0.004075    	0.01121     	0.003473    
2472        	10          	5.677       	0.005165    	0.009803    	0.006107    
2476        	10          	5.617       	0.005589    	0.0097      	0.00271     
2480        	10          	5.612       	0.005154    	0.01027     	0.004631    
2484        	10          	5.615       	0.001547    	0.008498    	0.004974    
2488        	10          	5.62        	0.004869    	0.0103      	0.004388    
2492        	10          	5.628       	0.006274    	0.00954     	0.005662    
2496        	10          	5.652       	0.003425    	0.01        	0.005095    
2500        	10          	5.592       	0.002084    	0.004286    	0.002167    
2504        	10          	5.633       	0.002253    	0.008306    	0.00462     
2508        	10          	5.56        	0.006726    	0.01064     	0.005765    
2512        	10          	5.643       	0.003829    	0.009824    	0.003955    
2516        	10          	5.595       	0.005289    	0.009708    	0.005601    
2520        	10          	5.593       	0.003871    	0.007646    	0.00684     
2524        	10          	5.632       	0.002586    	0.006547    	0.003184    
2528        	10          	5.63        	0.005771    	0.007423    	0.003746    
2532        	10          	5.607       	0.001659    	0.008538    	0.002758    
2536        	10          	5.578       	0.004303    	0.009879    	0.00483     
2540        	10          	5.632       	0.006386    	0.01029     	0.00441     
2544        	10          	5.64        	0.003219    	0.008127    	0.004386    
2548        	10          	5.528       	0.005204    	0.009422    	0.003749    
2552        	10          	5.54        	0.003587    	0.008206    	0.005463    
2556        	10          	5.547       	0.006935    	0.01053     	0.005073    
2560        	10          	5.557       	0.00472     	0.01138     	0.006184    
2564        	10          	5.502       	0.004671    	0.01086     	0.005392    
2568        	10          	5.537       	0.004712    	0.007507    	0.003551    
2572        	10          	5.493       	0.005324    	0.007947    	0.002507    
2576        	10          	5.533       	0.002531    	0.008225    	0.003223    
2580        	10          	5.443       	0.007125    	0.008594    	0.003618    
2584        	10          	5.513       	0.005346    	0.008143    	0.003787    
2588        	10          	5.49        	0.003413    	0.007169    	0.004443    
2592        	10          	5.45        	0.004896    	0.01236     	0.005138    
2596        	10          	5.47        	0.001756    	0.007686    	0.003576    
2600        	10          	5.493       	0.004778    	0.01141     	0.002141    
2604        	10          	5.458       	0.006847    	0.01        	0.00575     
2608        	10          	5.447       	0.002261    	0.008715    	0.003845    
2612        	10          	5.473       	0.003848    	0.009447    	0.002932    
2616        	10          	5.428       	0.003427    	0.01163     	0.006572    
2620        	10          	5.417       	0.004793    	0.006699    	0.004267    
2624        	10          	5.48        	0.006502    	0.01138     	0.005428    
2628        	10          	5.448       	0.003861    	0.008081    	0.000111    
2632        	10          	5.455       	0.005311    	0.008531    	0.003964    
2636        	10          	5.4         	0.004794    	0.009976    	0.004353    
2640        	10          	5.393       	0.006032    	0.008323    	0.003999    
2644        	10          	5.452       	0.00289     	0.01009     	0.004145    
2648        	10          	5.432       	0.004868    	0.008621    	0.004222    
2652        	10          	5.43        	0.003527    	0.008962    	0.004081    
2656        	10          	5.41        	0.003404    	0.008111    	0.002039    
2660        	10          	5.413       	0.00484     	0.006957    	0.003812    
2664        	10          	5.382       	0.00529     	0.008883    	0.004537    
2668        	10          	5.377       	0.002827    	0.00996     	0.00454     
2672        	10          	5.397       	0.003592    	0.0106      	0.004842    
2676        	10          	5.38        	0.004512    	0.008215    	0.003395    
2680        	10          	5.348       	0.003012    	0.006903    	0.00427     
2684        	10          	5.365       	0.004483    	0.009611    	0.004072    
2688        	10          	5.382       	0.004739    	0.008049    	0.001679    
2692        	10          	5.367       	0.005482    	0.009358    	0.003669    
2696        	10          	5.385       	0.004638    	0.009647    	0.004241    
2700        	10          	5.35        	0.003631    	0.01034     	0.001831    
2704        	10          	5.402       	0.005084    	0.009874    	0.00257     
2708        	10          	5.35        	0.004384    	0.006968    	0.005799    
2712        	10          	5.41        	0.003454    	0.009502    	0.002504    
2716        	10          	5.42        	0.004419    	0.007875    	0.001652    
2720        	10          	5.39        	0.004153    	0.01053     	0.003577    
2724        	10          	5.367       	0.003629    	0.008948    	0.004848    
2728        	10          	5.365       	0.006743    	0.009367    	0.004903    
2732        	10          	5.363       	0.002057    	0.01029     	0.005444    
2736        	10          	5.422       	0.004501    	0.009216    	0.00431     
2740        	10          	5.385       	0.003709    	0.01145     	0.006665    
2744        	10          	5.435       	0.003189    	0.009299    	0.003326    
2748        	10          	5.393       	0.004879    	0.01048     	0.005008    
2752        	10          	5.395       	0.007004    	0.01162     	0.005603    
2756        	10          	5.418       	0.00624     	0.0108      	0.005894    
2760        	10          	5.442       	0.00465     	0.006192    	0.003714    
2764        	10          	5.413       	0.002999    	0.01139     	0.005401    
2768        	10          	5.438       	0.002572    	0.01041     	0.006203    
2772        	10          	5.387       	0.003865    	0.01149     	0.003907    
2776        	10          	5.39        	0.002071    	0.009254    	0.006884    
2780        	10          	5.445       	0.006097    	0.01045     	0.005009    
2784        	10          	5.433       	0.004387    	0.009078    	0.002514    
2788        	10          	5.43        	0.004322    	0.00755     	0.005225    
2792        	10          	5.397       	0.004435    	0.00944     	0.004663    
2796        	10          	5.435       	0.005388    	0.008972    	0.004566    
2800        	10          	5.427       	0.005657    	0.007372    	0.001295    
2804        	10          	5.39        	0.00515     	0.008554    	0.004716    
2808        	10          	5.37        	0.005575    	0.007305    	0.003465    
2812        	10          	5.415       	0.005023    	0.01218     	0.004394    
2816        	10          	5.4         	0.006359    	0.01275     	0.00766     
2820        	10          	5.407       	0.004867    	0.009455    	0.005073    
2824        	10          	5.428       	0.003747    	0.007672    	0.002996    
2828        	10          	5.417       	0.004783    	0.00801     	0.003552    
2832        	10          	5.388       	0.005686    	0.009728    	0.004354    
2836        	10          	5.368       	0.005454    	0.0103      	0.005209    
2840        	10          	5.372       	0.002853    	0.009415    	0.004818    
2844        	10          	5.425       	0.00504     	0.008634    	0.004921    
2848        	10          	5.357       	0.005175    	0.009202    	0.005682    
2852        	10          	5.335       	0.00395     	0.009035    	0.005471    
2856        	10          	5.3         	0.006944    	0.01079     	0.005018    
2860        	10          	5.357       	0.004272    	0.008339    	0.004609    
2864        	10          	5.338       	0.004155    	0.009461    	0.003434    
2868        	10          	5.342       	0.003599    	0.009424    	0.005332    
2872        	10          	5.332       	0.001747    	0.007778    	0.004006    
2876        	10          	5.358       	0.003892    	0.007461    	0.003215    
2880        	10          	5.387       	0.005271    	0.007192    	0.004613    
2884        	10          	5.345       	0.0055      	0.01095     	0.004563    
2888        	10          	5.282       	0.003584    	0.009927    	0.005002    
2892        	10          	5.317       	0.005664    	0.009846    	0.005421    
2896        	10          	5.308       	0.00563     	0.009561    	0.003328    
2900        	10          	5.268       	0.006191    	0.01191     	0.00518     
2904        	10          	5.28        	0.004265    	0.01117     	0.004466    
2908        	10          	5.322       	0.004463    	0.008936    	0.003981    
2912        	10          	5.26        	0.004544    	0.006836    	0.007113    
2916        	10          	5.29        	0.003839    	0.007947    	0.002578    
2920        	10          	5.3         	0.004213    	0.009886    	0.003975    
2924        	10          	5.273       	0.005557    	0.008447    	0.003264    
2928        	10          	5.273       	0.004378    	0.007942    	0.002695    
2932        	10          	5.313       	0.004594    	0.008815    	0.004474    
2936        	10          	5.232       	0.004911    	0.009269    	0.004337    
2940        	10          	5.278       	0.00418     	0.0111      	0.006013    
2944        	10          	5.277       	0.002881    	0.007414    	0.002826    
2948        	10          	5.315       	0.004694    	0.007229    	0.003725    
2952        	10          	5.318       	0.003109    	0.007297    	0.00241     
2956        	10          	5.193       	0.003709    	0.007698    	0.00434     
2960        	10          	5.287       	0.005061    	0.01028     	0.002506    
2964        	10          	5.268       	0.003728    	0.01118     	0.005337    
2968        	10          	5.262       	0.00347     	0.01489     	0.005435    
2972        	10          	5.242       	0.004573    	0.01055     	0.005482    
2976        	10          	5.247       	0.004636    	0.01054     	0.005091    
2980        	10          	5.2         	0.00403     	0.009773    	0.003639    
2984        	10          	5.265       	0.006559    	0.01163     	0.003115    
2988        	10          	5.205       	0.005427    	0.008883    	0.005687    
2992        	10          	5.195       	0.004672    	0.009904    	0.003578    
2996        	10          	5.24        	0.005288    	0.01207     	0.005184    
3000        	10          	5.2         	0.005256    	0.009435    	0.003106    
3004        	10          	5.242       	0.005454    	0.009487    	0.003716    
3008        	10          	5.248       	0.005297    	0.008763    	0.00372     
3012        	10          	5.242       	0.004912    	0.01061     	0.005618    
3016        	10          	5.23        	0.00474     	0.005424    	0.004504    
3020        	10          	5.238       	0.005759    	0.01236     	0.003087    
3024        	10          	5.237       	0.002173    	0.01227     	0.005051    
3028        	10          	5.21        	0.003954    	0.01016     	0.005451    
3032        	10          	5.22        	0.005437    	0.007627    	0.005946    
3036        	10          	5.218       	0.003704    	0.009968    	0.002917    
3040        	10          	5.245       	0.003123    	0.007078    	0.003154    
3044        	10          	5.248       	0.002986    	0.009931    	0.004723    
3048        	10          	5.24        	0.004021    	0.00777     	0.004245    
3052        	10          	5.202       	0.003321    	0.0094      	0.003947    
3056        	10          	5.185       	0.003566    	0.008107    	0.003442    
3060        	10          	5.203       	0.002225    	0.009692    	0.005209    
3064        	10          	5.252       	0.006358    	0.01151     	0.004284    
3068        	10          	5.242       	0.007096    	0.01387     	0.005349    
3072        	10          	5.25        	0.004231    	0.009551    	0.005198    
3076        	10          	5.267       	0.004809    	0.009131    	0.005139    
3080        	10          	5.258       	0.005072    	0.01033     	0.00518     
3084        	10          	5.218       	0.004733    	0.01107     	0.00342     
3088        	10          	5.203       	0.003159    	0.007745    	0.004946    
3092        	10          	5.247       	0.004448    	0.007181    	0.002975    
3096        	10          	5.262       	0.005604    	0.01072     	0.004418    
3100        	10          	5.258       	0.001868    	0.009047    	0.003392    
3104        	10          	5.227       	0.003885    	0.01049     	0.006341    
3108        	10          	5.193       	0.003261    	0.007542    	0.004347    
3112        	10          	5.212       	0.003346    	0.00938     	0.001622    
3116        	10          	5.2         	0.00419     	0.007243    	0.004612    
3120        	10          	5.123       	0.004411    	0.01051     	0.00488     
3124        	10          	5.2         	0.002187    	0.007016    	0.002986    
3128        	10          	5.137       	0.002593    	0.009732    	0.004253    
3132        	10          	5.152       	0.003637    	0.006815    	0.00489     
3136        	10          	5.158       	0.004011    	0.007227    	0.002321    
3140        	10          	5.153       	0.003038    	0.006086    	0.001667    
3144        	10          	5.11        	0.006625    	0.01098     	0.005269    
3148        	10          	5.107       	0.005877    	0.007697    	0.003972    
3152        	10          	5.098       	0.005815    	0.01101     	0.003475    
3156        	10          	5.112       	0.003427    	0.009594    	0.005303    
3160        	10          	5.092       	0.002128    	0.00969     	0.003405    
3164        	10          	5.135       	0.003945    	0.008213    	0.005386    
3168        	10          	5.13        	0.003212    	0.00784     	0.0007778   
3172        	10          	5.062       	0.002601    	0.006468    	0.005546    
3176        	10          	5.093       	0.003283    	0.007495    	0.00407     
3180        	10          	5.05        	0.004351    	0.009734    	0.001506    
3184        	10          	5.158       	0.001075    	0.009177    	0.004022    
3188        	10          	5.115       	0.004946    	0.007844    	0.004606    
3192        	10          	5.11        	0.003862    	0.01053     	0.004763    
3196        	10          	5.112       	0.002543    	0.009938    	0.004298    
3200        	10          	5.098       	0.002745    	0.006364    	0.005208    
3204        	10          	5.108       	0.003484    	0.00983     	0.004082    
3208        	10          	5.128       	0.001634    	0.008274    	0.00453     
3212        	10          	5.148       	0.004277    	0.008703    	0.004139    
3216        	10          	5.127       	0.005608    	0.01198     	0.003512    
3220        	10          	5.118       	0.003762    	0.008432    	0.002628    
3224        	10          	5.118       	0.004878    	0.01106     	0.005279    
3228        	10          	5.123       	0.004066    	0.01041     	0.0069      
3232        	10          	5.097       	0.004923    	0.01176     	0.005912    
3236        	10          	5.127       	0.003338    	0.009002    	0.004316    
3240        	10          	5.135       	0.003988    	0.008271    	0.004866    
3244        	10          	5.162       	0.002867    	0.01038     	0.005408    
3248        	10          	5.177       	0.002388    	0.00675     	0.0065      
3252        	10          	5.143       	0.002223    	0.01049     	0.005665    
3256        	10          	5.113       	0.004891    	0.009629    	0.003777    
3260        	10          	5.105       	0.002612    	0.008072    	0.002367    
3264        	10          	5.145       	0.007563    	0.00712     	0.002555    
3268        	10          	5.128       	0.005506    	0.01111     	0.004733    
3272        	10          	5.122       	0.003705    	0.008816    	0.006543    
3276        	10          	5.13        	0.004032    	0.01075     	0.003273    
3280        	10          	5.117       	0.005694    	0.009597    	0.004978    
3284        	10          	5.148       	0.00286     	0.007684    	0.003121    
3288        	10          	5.177       	0.006172    	0.01061     	0.004319    
3292        	10          	5.058       	0.002319    	0.009148    	0.004167    
3296        	10          	5.118       	0.001999    	0.007222    	0.004834    
3300        	10          	5.05        	0.005335    	0.01162     	0.005081    
3304        	10          	5.085       	0.002035    	0.008197    	0.004605    
3308        	10          	5.122       	0.006622    	0.01254     	0.005331    
3312        	10          	5.107       	0.00571     	0.01257     	0.002301    
3316        	10          	5.075       	0.003132    	0.007421    	0.003408    
3320        	10          	5.057       	0.002755    	0.007818    	0.002972    
3324        	10          	5.033       	0.007479    	0.01225     	0.006204    
3328        	10          	5.042       	0.004778    	0.008364    	0.003309    
3332        	10          	5.088       	0.005168    	0.008274    	0.005837    
3336        	10          	5.063       	0.005811    	0.01072     	0.003563    
3340        	10          	5.097       	0.003708    	0.006453    	0.004888    
3344        	10          	5.08        	0.003782    	0.006681    	0.002686    
3348        	10          	5.043       	0.003278    	0.008457    	0.002611    
3352        	10          	5.078       	0.004889    	0.01254     	0.004966    
3356        	10          	5.037       	0.004329    	0.01039     	0.004597    
3360        	10          	5.073       	0.003899    	0.009703    	0.003182    
3364        	10          	5.017       	0.002715    	0.00958     	0.0051      
3368        	10          	5.038       	0.004637    	0.01111     	0.00508     
3372        	10          	5.015       	0.002373    	0.009277    	0.004818    
3376        	10          	4.998       	0.00511     	0.01081     	0.004088    
3380        	10          	5.057       	0.003705    	0.01127     	0.004892    
3384        	10          	5.018       	0.004503    	0.008789    	0.003298    
3388        	10          	4.977       	0.006387    	0.01046     	0.005429    
3392        	10          	5.008       	0.004755    	0.01047     	0.003967    
3396        	10          	5.017       	0.005628    	0.006631    	0.004918    
3400        	10          	5.008       	0.004468    	0.007527    	0.002856    
3404        	10          	4.96        	0.005747    	0.006735    	0.007569    
3408        	10          	5.025       	0.006543    	0.009292    	0.002211    
3412        	10          	4.96        	0.006548    	0.0124      	0.005775    
3416        	10          	5.017       	0.004485    	0.01162     	0.004481    
3420        	10          	4.96        	0.007602    	0.01236     	0.00625     
3424        	10          	4.935       	0.003489    	0.009484    	0.005511    
3428        	10          	4.973       	0.003249    	0.008903    	0.002647    
3432        	10          	4.935       	0.005102    	0.01015     	0.0047      
3436        	10          	4.965       	0.004171    	0.009172    	0.005027    
3440        	10          	4.985       	0.004733    	0.007103    	0.004728    
3444        	10          	5.023       	0.005849    	0.008691    	0.003654    
3448        	10          	4.953       	0.004734    	0.01037     	0.003387    
3452        	10          	4.987       	0.004849    	0.006904    	0.004529    
3456        	10          	5.017       	0.003994    	0.009019    	0.0063      
3460        	10          	4.985       	0.00639     	0.01216     	0.004423    
3464        	10          	4.97        	0.005131    	0.01152     	0.006232    
3468        	10          	4.938       	0.003831    	0.007655    	0.004617    
3472        	10          	5           	0.002803    	0.01105     	0.006139    
3476        	10          	4.987       	0.006682    	0.01133     	0.006552    
3480        	10          	4.995       	0.003741    	0.009467    	0.004308    
3484        	10          	5.018       	0.005653    	0.0106      	0.003539    
3488        	10          	4.978       	0.005827    	0.009673    	0.006203    
3492        	10          	5.06        	0.004933    	0.01068     	0.00505     
3496        	10          	4.997       	0.005548    	0.007573    	0.004202    
3500        	10          	4.975       	0.004272    	0.008022    	0.004095    
3504        	10          	5.015       	0.003809    	0.009592    	0.00403     
3508        	10          	4.992       	0.006621    	0.0131      	0.006605    
3512        	10          	5.023       	0.005026    	0.007361    	0.003733    
3516        	10          	5.013       	0.003399    	0.01078     	0.005231    
3520        	10          	4.953       	0.004105    	0.009359    	0.005097    
3524        	10          	4.937       	0.006065    	0.007733    	0.002082    
3528        	10          	4.988       	0.004852    	0.008528    	0.0034      
3532        	10          	4.988       	0.005321    	0.008314    	0.004541    
3536        	10          	5.012       	0.003526    	0.009695    	0.002144    
3540        	10          	4.92        	0.003853    	0.008603    	0.005775    
3544        	10          	4.975       	0.00305     	0.009614    	0.003818    
3548        	10          	4.957       	0.005641    	0.00822     	0.002877    
3552        	10          	4.945       	0.003676    	0.01161     	0.005788    
3556        	10          	4.978       	0.002912    	0.007781    	0.003729    
3560        	10          	4.983       	0.002617    	0.009277    	0.004874    
3564        	10          	5.018       	0.003671    	0.009931    	0.004838    
3568        	10          	5.01        	0.005072    	0.01226     	0.004824    
3572        	10          	5.032       	0.00469     	0.01019     	0.004834    
3576        	10          	5.022       	0.005034    	0.01333     	0.003396    
3580        	10          	5.017       	0.005458    	0.01033     	0.00321     
3584        	10          	5.025       	0.00493     	0.01126     	0.004692    
3588        	10          	5.003       	0.005457    	0.009502    	0.003901    
3592        	10          	5.073       	0.007018    	0.01043     	0.002723    
3596        	10          	5.03        	0.006329    	0.00841     	0.004452    
3600        	10          	5.045       	0.005765    	0.01022     	0.005723    
3604        	10          	5.01        	0.005523    	0.01052     	0.004134    
3608        	10          	5.017       	0.004767    	0.009788    	0.006405    
3612        	10          	5.035       	0.003115    	0.01033     	0.003969    
3616        	10          	5.003       	0.006463    	0.01122     	0.008       
3620        	10          	4.983       	0.006155    	0.01176     	0.00358     
3624        	10          	5.008       	0.007694    	0.01253     	0.003388    
3628        	10          	5.032       	0.005594    	0.009868    	0.004648    
3632        	10          	5.013       	0.002934    	0.008747    	0.005247    
3636        	10          	4.98        	0.005488    	0.01056     	0.003164    
3640        	10          	4.975       	0.003521    	0.008886    	0.004723    
3644        	10          	4.983       	0.003216    	0.006875    	0.003698    
3648        	10          	4.97        	0.00575     	0.011       	0.005853    
3652        	10          	4.97        	0.002389    	0.008361    	0.002665    
3656        	10          	4.948       	0.003708    	0.007801    	0.003698    
3660        	10          	4.938       	0.00442     	0.008077    	0.005304    
3664        	10          	4.973       	0.004035    	0.008969    	0.003352    
3668        	10          	4.932       	0.00512     	0.008966    	0.003296    
3672        	10          	4.973       	0.001869    	0.007666    	0.004091    
3676        	10          	5.01        	0.003431    	0.009431    	0.004177    
3680        	10          	5.017       	0.004761    	0.009696    	0.003145    
3684        	10          	4.925       	0.004317    	0.01033     	0.003487    
3688        	10          	4.96        	0.001914    	0.007065    	0.004978    
3692        	10          	4.932       	0.0009959   	0.00932     	0.003995    
3696        	10          	4.935       	0.005818    	0.007981    	0.004447    
3700        	10          	4.918       	0.004288    	0.007153    	0.004104    
3704        	10          	4.942       	0.003667    	0.008117    	0.004543    
3708        	10          	4.96        	0.007579    	0.01372     	0.005375    
3712        	10          	4.942       	0.001936    	0.009237    	0.006765    
3716        	10          	4.962       	0.005201    	0.009159    	0.004618    
3720        	10          	4.955       	0.006174    	0.009921    	0.002523    
3724        	10          	4.93        	0.003965    	0.0116      	0.004827    
3728        	10          	4.898       	0.00514     	0.008629    	0.005577    
3732        	10          	4.902       	0.005625    	0.01141     	0.0061      
3736        	10          	4.88        	0.003866    	0.01059     	0.003419    
3740        	10          	4.9         	0.004633    	0.01189     	0.003997    
3744        	10          	4.887       	0.005889    	0.01167     	0.00453     
3748        	10          	4.905       	0.005001    	0.01297     	0.006155    
3752        	10          	4.89        	0.001625    	0.009832    	0.003278    
3756        	10          	4.92        	0.002928    	0.009547    	0.003097    
3760        	10          	4.868       	0.004619    	0.006927    	0.00477     
3764        	10          	4.935       	0.003884    	0.006924    	0.00352     
3768        	10          	4.93        	0.002265    	0.009378    	0.003077    
3772        	10          	4.927       	0.005161    	0.01008     	0.004287    
3776        	10          	4.958       	0.005092    	0.008415    	0.002569    
3780        	10          	4.935       	0.004079    	0.008531    	0.004529    
3784        	10          	4.927       	0.003855    	0.01084     	0.004347    
3788        	10          	4.932       	0.003631    	0.00803     	0.002616    
3792        	10          	4.908       	0.004144    	0.008237    	0.005317    
3796        	10          	4.905       	0.003505    	0.01184     	0.004813    
3800        	10          	4.923       	0.006244    	0.01065     	0.002263    
3804        	10          	4.88        	0.003401    	0.01017     	0.003903    
3808        	10          	4.917       	0.004928    	0.01161     	0.004466    
3812        	10          	4.877       	0.004571    	0.01026     	0.006258    
3816        	10          	4.862       	0.00344     	0.007586    	0.006156    
3820        	10          	4.868       	0.004553    	0.01044     	0.002857    
3824        	10          	4.89        	0.004371    	0.00657     	0.003538    
3828        	10          	4.883       	0.003122    	0.005825    	0.00338     
3832        	10          	4.912       	0.005056    	0.007588    	0.004862    
3836        	10          	4.87        	0.004034    	0.007899    	0.00446     
3840        	10          	4.852       	0.005084    	0.009391    	0.003772    
3844        	10          	4.867       	0.003458    	0.007361    	0.004002    
3848        	10          	4.867       	0.003859    	0.004927    	0.00318     
3852        	10          	4.892       	0.006258    	0.008212    	0.004641    
3856        	10          	4.825       	0.003997    	0.007981    	0.006719    
3860        	10          	4.827       	0.006685    	0.00726     	0.006376    
3864        	10          	4.868       	0.004135    	0.01042     	0.004885    
3868        	10          	4.807       	0.002089    	0.009456    	0.004416    
3872        	10          	4.857       	0.003395    	0.00791     	0.004371    
3876        	10          	4.847       	0.003669    	0.008995    	0.004603    
3880        	10          	4.805       	0.007047    	0.01127     	0.005901    
3884        	10          	4.81        	0.005332    	0.0111      	0.005715    
3888        	10          	4.803       	0.004171    	0.0106      	0.003384    
3892        	10          	4.77        	0.003233    	0.009732    	0.002899    
3896        	10          	4.768       	0.005983    	0.00949     	0.001822    
3900        	10          	4.783       	0.007063    	0.01099     	0.003986    
3904        	10          	4.803       	0.004213    	0.008416    	0.003685    
3908        	10          	4.818       	0.004548    	0.009045    	0.003766    
3912        	10          	4.817       	0.00402     	0.009915    	0.0002405   
3916        	10          	4.872       	0.004888    	0.008802    	0.00381     
3920        	10          	4.795       	0.003357    	0.004381    	0.002654    
3924        	10          	4.782       	0.00382     	0.007308    	0.003893    
3928        	10          	4.812       	0.00164     	0.009985    	0.003942    
3932        	10          	4.887       	0.003926    	0.01228     	0.00446     
3936        	10          	4.787       	0.003981    	0.01086     	0.00242     
3940        	10          	4.778       	0.001845    	0.009131    	0.006619    
3944        	10          	4.812       	0.005105    	0.007232    	0.005808    
3948        	10          	4.837       	0.004212    	0.009946    	0.005077    
3952        	10          	4.813       	0.001534    	0.009339    	0.005511    
3956        	10          	4.783       	0.004477    	0.009307    	0.004922    
3960        	10          	4.822       	0.002928    	0.009314    	0.005878    
3964        	10          	4.802       	0.005092    	0.00691     	0.004528    
3968        	10          	4.802       	0.003771    	0.009088    	0.004575    
3972        	10          	4.813       	0.004128    	0.007025    	0.004515    
3976        	10          	4.752       	0.004761    	0.01025     	0.006086    
3980        	10          	4.843       	0.004046    	0.008336    	0.007337    
3984        	10          	4.822       	0.007848    	0.007484    	0.005523    
3988        	10          	4.81        	0.005619    	0.00926     	0.005582    
3992        	10          	4.81        	0.00473     	0.008847    	0.004576    
3996        	10          	4.835       	0.003621    	0.01251     	0.005145    
4000        	10          	4.782       	0.005986    	0.01013     	0.005506    
4004        	10          	4.797       	0.006322    	0.009639    	0.002421    
4008        	10          	4.752       	0.01304     	0.01404     	0.004536    
4012        	10          	4.757       	0.01571     	0.01239     	0.002286    
4016        	10          	4.773       	0.01849     	0.01785     	0.004886    
4020        	10          	4.713       	0.02553     	0.02706     	0.004713    
4024        	10          	4.722       	0.02495     	0.02324     	0.004723    
4028        	10          	4.683       	0.02781     	0.02984     	0.003456    
4032        	10          	4.655       	0.02732     	0.02934     	0.002268    
4036        	10          	4.68        	0.03174     	0.03144     	0.005447    
4040        	10          	4.657       	0.0398      	0.0371      	0.003569    
4044        	10          	4.663       	0.04071     	0.04003     	0.001655    
4048        	10          	4.642       	0.04787     	0.04349     	0.003912    
4052        	10          	4.573       	0.05415     	0.04604     	0.01432     
4056        	10          	4.595       	0.0526      	0.04589     	0.0124      
4060        	10          	4.533       	0.05614     	0.05171     	0.01545     
4064        	10          	4.502       	0.05821     	0.05626     	0.02133     
4068        	10          	4.48        	0.06046     	0.06138     	0.02626     
4072        	10          	4.478       	0.0629      	0.06884     	0.02789     
4076        	10          	4.43        	0.0674      	0.07097     	0.03435     
4080        	10          	4.425       	0.07267     	0.06793     	0.03832     
4084        	10          	4.4         	0.07225     	0.07165     	0.03675     
4088        	10          	4.322       	0.08216     	0.08083     	0.0473      
4092        	10          	4.328       	0.07679     	0.07931     	0.04586     
4096        	10          	4.363       	0.08319     	0.08061     	0.05382     
4100        	10          	4.305       	0.08296     	0.08574     	0.05928     
4104        	10          	4.335       	0.08373     	0.0827      	0.05932     
4108        	10          	4.312       	0.08813     	0.09305     	0.05755     
4112        	10          	4.272       	0.09201     	0.09645     	0.07059     
4116        	10          	4.263       	0.08776     	0.09175     	0.0675      
4120        	10          	4.232       	0.09403     	0.1004      	0.07444     
4124        	10          	4.223       	0.09987     	0.1056      	0.08145     
4128        	10          	4.18        	0.107       	0.1082      	0.08244     
4132        	10          	4.2         	0.1063      	0.1185      	0.08349     
4136        	10          	4.15        	0.1066      	0.1054      	0.08444     
4140        	10          	4.105       	0.1034      	0.118       	0.08318     
4144        	10          	4.103       	0.1075      	0.1138      	0.08633     
4148        	10          	4.125       	0.1104      	0.1203      	0.08926     
4152        	10          	4.093       	0.1183      	0.1286      	0.09061     
4156        	10          	4.103       	0.1154      	0.1257      	0.08754     
4160        	10          	4.077       	0.1241      	0.1261      	0.09713     
4164        	10          	4.093       	0.1243      	0.1373      	0.1         
4168        	10          	4.082       	0.1225      	0.1364      	0.1019      
4172        	10          	4.012       	0.1294      	0.142       	0.1076      
4176        	10          	4.06        	0.1266      	0.1356      	0.1035      
4180        	10          	4.093       	0.1271      	0.1439      	0.1078      
4184        	10          	4.01        	0.1258      	0.1469      	0.1078      
4188        	10          	4.017       	0.1314      	0.1486      	0.1146      
4192        	10          	4.012       	0.1374      	0.1506      	0.1126      
4196        	10          	4.032       	0.1395      	0.1463      	0.1129      
4200        	10          	4.013       	0.1443      	0.1562      	0.1214      
4204        	10          	4.027       	0.1519      	0.1566      	0.1217      
4208        	10          	3.963       	0.1545      	0.1589      	0.1174      
4212        	10          	3.945       	0.1509      	0.1607      	0.1246      
4216        	10          	3.963       	0.1536      	0.1571      	0.1231      
4220        	10          	3.953       	0.1633      	0.1615      	0.1294      
4224        	10          	3.973       	0.1568      	0.1698      	0.1291      
4228        	10          	3.97        	0.161       	0.1746      	0.1382      
4232        	10          	3.967       	0.1685      	0.1782      	0.1392      
4236        	10          	3.963       	0.1693      	0.1869      	0.1444      
4240        	10          	3.93        	0.1692      	0.1781      	0.1354      
4244        	10          	3.928       	0.1696      	0.192       	0.147       
4248        	10          	3.942       	0.1734      	0.1885      	0.1365      
4252        	10          	3.902       	0.1751      	0.1823      	0.1427      
4256        	10          	3.882       	0.1787      	0.1931      	0.1462      
4260        	10          	3.873       	0.1809      	0.2003      	0.1461      
4264        	10          	3.89        	0.1866      	0.1937      	0.1481      
4268        	10          	3.865       	0.1926      	0.214       	0.1583      
4272        	10          	3.912       	0.1888      	0.2093      	0.1566      
4276        	10          	3.85        	0.1853      	0.2032      	0.1569      
4280        	10          	3.872       	0.1973      	0.2046      	0.1558      
4284        	10          	3.825       	0.1972      	0.2082      	0.1569      
4288        	10          	3.827       	0.1988      	0.2053      	0.1675      
4292        	10          	3.79        	0.1987      	0.205       	0.1675      
4296        	10          	3.812       	0.2032      	0.2088      	0.1766      
4300        	10          	3.773       	0.1963      	0.2097      	0.1722      
4304        	10          	3.733       	0.2072      	0.2172      	0.1708      
4308        	10          	3.788       	0.2058      	0.218       	0.1737      
4312        	10          	3.78        	0.2095      	0.2151      	0.1755      
4316        	10          	3.8         	0.2071      	0.2243      	0.184       
4320        	10          	3.805       	0.2142      	0.225       	0.1762      
4324        	10          	3.733       	0.2159      	0.2244      	0.1901      
4328        	10          	3.692       	0.2222      	0.2303      	0.1972      
4332        	10          	3.742       	0.2276      	0.23        	0.1989      
4336        	10          	3.728       	0.2258      	0.2384      	0.2006      
4340        	10          	3.757       	0.2181      	0.2367      	0.2002      
4344        	10          	3.715       	0.2248      	0.2397      	0.2008      
4348        	10          	3.717       	0.2308      	0.2412      	0.2015      
4352        	10          	3.733       	0.2297      	0.2442      	0.2072      
4356        	10          	3.72        	0.2373      	0.2522      	0.2042      
4360        	10          	3.692       	0.2374      	0.2475      	0.2094      
4364        	10          	3.732       	0.2383      	0.2547      	0.2089      
4368        	10          	3.71        	0.2348      	0.2544      	0.2217      
4372        	10          	3.688       	0.2438      	0.2565      	0.2188      
4376        	10          	3.658       	0.2469      	0.2557      	0.221       
4380        	10          	3.677       	0.2417      	0.258       	0.2164      
4384        	10          	3.657       	0.2453      	0.2594      	0.2258      
4388        	10          	3.692       	0.2581      	0.2706      	0.2243      
4392        	10          	3.643       	0.2547      	0.2637      	0.2169      
4396        	10          	3.685       	0.2547      	0.2646      	0.2142      
4400        	10          	3.648       	0.263       	0.274       	0.2262      
4404        	10          	3.673       	0.2619      	0.2654      	0.2282      
4408        	10          	3.655       	0.2682      	0.2714      	0.2335      
4412        	10          	3.635       	0.2755      	0.2701      	0.2343      
4416        	10          	3.655       	0.2698      	0.2787      	0.2358      
4420        	10          	3.642       	0.27        	0.27        	0.2445      
4424        	10          	3.652       	0.2675      	0.2713      	0.2374      
4428        	10          	3.638       	0.2769      	0.2719      	0.2389      
4432        	10          	3.65        	0.2725      	0.2718      	0.2448      
4436        	10          	3.652       	0.2708      	0.2768      	0.246       
4440        	10          	3.652       	0.274       	0.2814      	0.2488      
4444        	10          	3.613       	0.2754      	0.2859      	0.2522      
4448        	10          	3.622       	0.2735      	0.2826      	0.2476      
4452        	10          	3.65        	0.2702      	0.2878      	0.2458      
4456        	10          	3.613       	0.2691      	0.2917      	0.2562      
4460        	10          	3.612       	0.2725      	0.2923      	0.2609      
4464        	10          	3.577       	0.2753      	0.296       	0.2604      
4468        	10          	3.547       	0.2799      	0.303       	0.2689      
4472        	10          	3.598       	0.2758      	0.2913      	0.2667      
4476        	10          	3.568       	0.2816      	0.2969      	0.2747      
4480        	10          	3.6         	0.2894      	0.2996      	0.274       
4484        	10          	3.568       	0.2905      	0.3026      	0.2839      
4488        	10          	3.527       	0.2964      	0.298       	0.2763      
4492        	10          	3.558       	0.2885      	0.2966      	0.285       
4496        	10          	3.573       	0.2889      	0.2942      	0.2778      
4500        	10          	3.578       	0.2903      	0.3112      	0.2897      
4504        	10          	3.577       	0.2877      	0.2995      	0.2824      
4508        	10          	3.552       	0.294       	0.3026      	0.2813      
4512        	10          	3.508       	0.2991      	0.3126      	0.2866      
4516        	10          	3.525       	0.2896      	0.3051      	0.288       
4520        	10          	3.522       	0.2919      	0.3086      	0.2928      
4524        	10          	3.532       	0.2893      	0.3142      	0.2918      
4528        	10          	3.522       	0.2916      	0.3059      	0.2895      
4532        	10          	3.455       	0.2932      	0.3098      	0.3023      
4536        	10          	3.503       	0.299       	0.3154      	0.3035      
4540        	10          	3.52        	0.2934      	0.3086      	0.3069      
4544        	10          	3.51        	0.2895      	0.3124      	0.3048      
4548        	10          	3.518       	0.3028      	0.3161      	0.3093      
4552        	10          	3.448       	0.3065      	0.3244      	0.3123      
4556        	10          	3.51        	0.3022      	0.326       	0.3173      
4560        	10          	3.488       	0.3006      	0.3231      	0.3147      
4564        	10          	3.448       	0.3097      	0.3344      	0.3172      
4568        	10          	3.495       	0.3086      	0.3328      	0.3175      
4572        	10          	3.447       	0.3135      	0.3199      	0.3124      
4576        	10          	3.453       	0.3174      	0.3287      	0.3159      
4580        	10          	3.463       	0.3124      	0.3234      	0.3058      
4584        	10          	3.442       	0.3185      	0.3282      	0.3095      
4588        	10          	3.483       	0.3105      	0.3227      	0.3071      
4592        	10          	3.433       	0.3159      	0.3258      	0.3179      
4596        	10          	3.487       	0.314       	0.3301      	0.3085      
4600        	10          	3.488       	0.322       	0.3328      	0.3116      
4604        	10          	3.46        	0.3267      	0.3276      	0.3106      
4608        	10          	3.455       	0.3265      	0.3305      	0.3147      
4612        	10          	3.45        	0.3317      	0.3315      	0.316       
4616        	10          	3.437       	0.3287      	0.327       	0.3146      
4620        	10          	3.43        	0.3324      	0.3316      	0.317       
4624        	10          	3.43        	0.3351      	0.3207      	0.313       
4628        	10          	3.465       	0.3302      	0.3251      	0.3066      
4632        	10          	3.452       	0.3299      	0.3245      	0.311       
4636        	10          	3.445       	0.3408      	0.3269      	0.3186      
4640        	10          	3.468       	0.3346      	0.3223      	0.3143      
4644        	10          	3.472       	0.327       	0.3153      	0.3156      
4648        	10          	3.428       	0.3332      	0.329       	0.3164      
4652        	10          	3.453       	0.3296      	0.323       	0.3177      
4656        	10          	3.472       	0.3362      	0.3347      	0.3086      
4660        	10          	3.445       	0.3367      	0.3311      	0.3153      
4664        	10          	3.473       	0.3345      	0.3342      	0.3201      
4668        	10          	3.403       	0.3313      	0.3288      	0.3151      
4672        	10          	3.438       	0.3315      	0.3316      	0.3135      
4676        	10          	3.433       	0.3383      	0.3332      	0.3221      
4680        	10          	3.45        	0.3412      	0.3316      	0.3226      
4684        	10          	3.447       	0.3453      	0.3383      	0.3219      
4688        	10          	3.41        	0.3482      	0.3457      	0.3293      
4692        	10          	3.423       	0.3434      	0.3355      	0.3228      
4696        	10          	3.397       	0.3467      	0.3351      	0.3201      
4700        	10          	3.403       	0.3439      	0.3413      	0.326       
4704        	10          	3.39        	0.343       	0.3451      	0.3321      
4708        	10          	3.41        	0.3423      	0.3299      	0.3145      
4712        	10          	3.435       	0.3517      	0.3353      	0.3201      
4716        	10          	3.368       	0.351       	0.3334      	0.3201      
4720        	10          	3.375       	0.3402      	0.326       	0.3139      
4724        	10          	3.42        	0.3456      	0.3347      	0.3131      
4728        	10          	3.42        	0.3481      	0.3344      	0.3219      
4732        	10          	3.38        	0.348       	0.3336      	0.3225      
4736        	10          	3.405       	0.351       	0.3385      	0.3234      
4740        	10          	3.377       	0.3516      	0.3474      	0.3261      
4744        	10          	3.33        	0.3521      	0.3427      	0.3187      
4748        	10          	3.368       	0.3566      	0.3422      	0.3237      
4752        	10          	3.317       	0.3546      	0.3378      	0.316       
4756        	10          	3.362       	0.3541      	0.3318      	0.3238      
4760        	10          	3.352       	0.3498      	0.3371      	0.3195      
4764        	10          	3.35        	0.3426      	0.3379      	0.324       
4768        	10          	3.367       	0.3537      	0.3391      	0.3269      
4772        	10          	3.353       	0.3578      	0.3521      	0.3301      
4776        	10          	3.322       	0.3524      	0.3477      	0.3321      
4780        	10          	3.332       	0.362       	0.353       	0.3292      
4784        	10          	3.345       	0.3629      	0.3546      	0.3355      
4788        	10          	3.388       	0.3591      	0.3575      	0.3355      
4792        	10          	3.347       	0.3513      	0.3497      	0.3289      
4796        	10          	3.325       	0.3588      	0.3552      	0.3341      
4800        	10          	3.307       	0.3632      	0.3546      	0.3347      
4804        	10          	3.358       	0.3552      	0.3587      	0.3331      
4808        	10          	3.342       	0.3633      	0.3517      	0.3372      
4812        	10          	3.33        	0.3633      	0.3581      	0.3364      
4816        	10          	3.365       	0.357       	0.3509      	0.3283      
4820        	10          	3.343       	0.3531      	0.3584      	0.3358      
4824        	10          	3.31        	0.3641      	0.3616      	0.339       
4828        	10          	3.34        	0.3571      	0.3532      	0.3384      
4832        	10          	3.312       	0.3582      	0.3494      	0.3381      
4836        	10          	3.307       	0.3594      	0.3562      	0.3376      
4840        	10          	3.307       	0.3636      	0.3576      	0.3377      
4844        	10          	3.317       	0.3592      	0.355       	0.3332      
4848        	10          	3.3         	0.3628      	0.3574      	0.34        
4852        	10          	3.31        	0.355       	0.3524      	0.3342      
4856        	10          	3.318       	0.3649      	0.3586      	0.3389      
4860        	10          	3.297       	0.3631      	0.3413      	0.331       
4864        	10          	3.333       	0.3607      	0.342       	0.3428      
4868        	10          	3.327       	0.3717      	0.3526      	0.3422      
4872        	10          	3.323       	0.3651      	0.3455      	0.3369      
4876        	10          	3.275       	0.377       	0.3596      	0.3532      
4880        	10          	3.285       	0.3656      	0.3566      	0.3513      
4884        	10          	3.245       	0.3646      	0.363       	0.3527      
4888        	10          	3.28        	0.3659      	0.3591      	0.3479      
4892        	10          	3.327       	0.3663      	0.3573      	0.3461      
4896        	10          	3.303       	0.3651      	0.3578      	0.3473      
4900        	10          	3.277       	0.3741      	0.3578      	0.3464      
4904        	10          	3.29        	0.3619      	0.3639      	0.3512      
4908        	10          	3.295       	0.3598      	0.3578      	0.338       
4912        	10          	3.27        	0.3641      	0.3597      	0.3427      
4916        	10          	3.262       	0.3656      	0.3615      	0.3497      
4920        	10          	3.263       	0.3633      	0.3675      	0.3514      
4924        	10          	3.312       	0.3608      	0.3626      	0.3507      
4928        	10          	3.267       	0.3562      	0.3669      	0.3459      
4932        	10          	3.3         	0.3555      	0.3642      	0.3506      
4936        	10          	3.297       	0.3697      	0.3779      	0.3577      
4940        	10          	3.263       	0.3658      	0.3739      	0.3666      
4944        	10          	3.287       	0.3673      	0.3724      	0.3544      
4948        	10          	3.238       	0.3697      	0.3751      	0.3515      
4952        	10          	3.31        	0.3685      	0.368       	0.3535      
4956        	10          	3.277       	0.3773      	0.3723      	0.3576      
4960        	10          	3.283       	0.3759      	0.3698      	0.364       
4964        	10          	3.298       	0.3748      	0.3709      	0.3624      
4968        	10          	3.237       	0.3716      	0.3776      	0.3625      
4972        	10          	3.252       	0.3793      	0.3741      	0.3648      
4976        	10          	3.238       	0.3738      	0.3832      	0.3709      
4980        	10          	3.242       	0.3821      	0.3943      	0.3756      
4984        	10          	3.25        	0.3771      	0.3915      	0.3785      
4988        	10          	3.25        	0.381       	0.3861      	0.3824      
4992        	10          	3.232       	0.3799      	0.3905      	0.3787      
4996        	10          	3.252       	0.3872      	0.3895      	0.3742      
5000        	10          	3.268       	0.3816      	0.4028      	0.3795      
