generation  	alive.rpl   	n.adlt.rs   	n.adlt.fst.wc_p1-2	n.adlt.fst.wc_p1-3	n.adlt.fst.wc_p2-3
4           	10          	18.86       	0.001582    	0.002911    	0.001509    
8           	10          	18.63       	0.002822    	0.004752    	0.002647    
12          	10          	18.49       	0.003127    	0.006441    	0.003833    
16          	10          	18.38       	0.003755    	0.006494    	0.002406    
20          	10          	18.11       	0.003184    	0.007925    	0.003158    
24          	10          	17.92       	0.003876    	0.009197    	0.004185    
28          	10          	17.78       	0.00546     	0.009583    	0.005313    
32          	10          	17.62       	0.003747    	0.008851    	0.003596    
36          	10          	17.51       	0.004708    	0.008241    	0.004348    
40          	10          	17.35       	0.003598    	0.007574    	0.003385    
44          	10          	17.19       	0.004586    	0.009333    	0.00446     
48          	10          	17.18       	0.00398     	0.009371    	0.00424     
52          	10          	16.99       	0.004025    	0.009298    	0.006172    
56          	10          	16.81       	0.004727    	0.008867    	0.003709    
60          	10          	16.7        	0.003874    	0.009666    	0.003263    
64          	10          	16.49       	0.003954    	0.0096      	0.003172    
68          	10          	16.44       	0.004793    	0.009297    	0.003549    
72          	10          	16.31       	0.004078    	0.009077    	0.004526    
76          	10          	16.19       	0.004294    	0.009357    	0.003987    
80          	10          	16.16       	0.004195    	0.009668    	0.005794    
84          	10          	16          	0.004447    	0.009135    	0.003947    
88          	10          	15.78       	0.004566    	0.01057     	0.004828    
92          	10          	15.7        	0.004906    	0.009398    	0.002917    
96          	10          	15.69       	0.003182    	0.008445    	0.003938    
100         	10          	15.55       	0.004191    	0.00833     	0.004728    
104         	10          	15.39       	0.004299    	0.009155    	0.004726    
108         	10          	15.32       	0.004294    	0.007886    	0.00407     
112         	10          	15.22       	0.003751    	0.008046    	0.004298    
116         	10          	15.03       	0.003951    	0.00878     	0.005185    
120         	10          	14.94       	0.004221    	0.009046    	0.004467    
124         	10          	14.81       	0.003382    	0.008244    	0.005194    
128         	10          	14.77       	0.005206    	0.008423    	0.003908    
132         	10          	14.59       	0.00355     	0.007456    	0.004043    
136         	10          	14.59       	0.004662    	0.008882    	0.003842    
140         	10          	14.45       	0.004713    	0.009221    	0.005139    
144         	10          	14.32       	0.003371    	0.009582    	0.004832    
148         	10          	14.17       	0.004896    	0.009227    	0.002743    
152         	10          	14.21       	0.003098    	0.009663    	0.00468     
156         	10          	14.04       	0.005462    	0.00999     	0.003728    
160         	10          	13.86       	0.004111    	0.009912    	0.004208    
164         	10          	13.79       	0.004173    	0.01015     	0.004869    
168         	10          	13.73       	0.004452    	0.008672    	0.004155    
172         	10          	13.74       	0.00466     	0.007526    	0.004113    
176         	10          	13.6        	0.005078    	0.00901     	0.004171    
180         	10          	13.57       	0.005422    	0.008674    	0.00372     
184         	10          	13.38       	0.004922    	0.009549    	0.00447     
188         	10          	13.4        	0.002506    	0.008433    	0.004194    
192         	10          	13.27       	0.004756    	0.008905    	0.003119    
196         	10          	13.26       	0.004218    	0.009433    	0.004781    
200         	10          	13.09       	0.005628    	0.009685    	0.005472    
204         	10          	12.97       	0.004173    	0.00877     	0.003811    
208         	10          	13.11       	0.003031    	0.00897     	0.004714    
212         	10          	12.92       	0.004148    	0.00988     	0.004656    
216         	10          	12.82       	0.004052    	0.007927    	0.003366    
220         	10          	12.76       	0.005457    	0.01026     	0.004722    
224         	10          	12.7        	0.006152    	0.009505    	0.003542    
228         	10          	12.62       	0.003975    	0.009405    	0.004466    
232         	10          	12.62       	0.005128    	0.01024     	0.003855    
236         	10          	12.55       	0.004502    	0.008618    	0.005314    
240         	10          	12.41       	0.004015    	0.009737    	0.003968    
244         	10          	12.37       	0.003203    	0.008925    	0.005689    
248         	10          	12.31       	0.00339     	0.007895    	0.002457    
252         	10          	12.3        	0.003943    	0.01013     	0.004523    
256         	10          	12.29       	0.004326    	0.009526    	0.004128    
260         	10          	12.1        	0.003455    	0.009622    	0.005541    
264         	10          	12.12       	0.005449    	0.01153     	0.004767    
268         	10          	11.98       	0.004       	0.008974    	0.004954    
272         	10          	12          	0.003559    	0.01011     	0.003637    
276         	10          	11.88       	0.004251    	0.008548    	0.005326    
280         	10          	11.93       	0.003914    	0.009177    	0.004162    
284         	10          	11.82       	0.004317    	0.009145    	0.003077    
288         	10          	11.83       	0.002567    	0.008405    	0.00412     
292         	10          	11.74       	0.003109    	0.01066     	0.004322    
296         	10          	11.69       	0.004332    	0.01099     	0.005043    
300         	10          	11.54       	0.004664    	0.009035    	0.003778    
304         	10          	11.57       	0.005543    	0.008839    	0.00329     
308         	10          	11.55       	0.005263    	0.009001    	0.003877    
312         	10          	11.46       	0.004712    	0.009503    	0.00404     
316         	10          	11.36       	0.003727    	0.008735    	0.004075    
320         	10          	11.28       	0.00367     	0.00936     	0.005136    
324         	10          	11.23       	0.005193    	0.008796    	0.005494    
328         	10          	11.23       	0.005443    	0.008997    	0.005076    
332         	10          	11.35       	0.00448     	0.009417    	0.004601    
336         	10          	11.18       	0.004195    	0.01132     	0.006021    
340         	10          	11.2        	0.005158    	0.008685    	0.004662    
344         	10          	11.11       	0.005016    	0.01039     	0.005982    
348         	10          	11.01       	0.004191    	0.009446    	0.003176    
352         	10          	11.07       	0.004364    	0.009879    	0.004563    
356         	10          	10.9        	0.004534    	0.009138    	0.005235    
360         	10          	10.9        	0.003027    	0.008959    	0.003086    
364         	10          	10.82       	0.002491    	0.008306    	0.004724    
368         	10          	10.82       	0.003238    	0.007304    	0.003088    
372         	10          	10.81       	0.004868    	0.008661    	0.002818    
376         	10          	10.7        	0.004921    	0.009247    	0.003988    
380         	10          	10.69       	0.004894    	0.01142     	0.006678    
384         	10          	10.6        	0.003683    	0.008398    	0.003648    
388         	10          	10.67       	0.005397    	0.008762    	0.003806    
392         	10          	10.45       	0.003838    	0.008922    	0.004273    
396         	10          	10.51       	0.003655    	0.008057    	0.002912    
400         	10          	10.37       	0.004939    	0.009692    	0.003844    
404         	10          	10.38       	0.004119    	0.01019     	0.005934    
408         	10          	10.33       	0.003954    	0.008274    	0.004587    
412         	10          	10.33       	0.004632    	0.0092      	0.005586    
416         	10          	10.26       	0.003489    	0.01182     	0.003924    
420         	10          	10.24       	0.004974    	0.009819    	0.003773    
424         	10          	10.28       	0.004686    	0.009416    	0.003131    
428         	10          	10.19       	0.004195    	0.008955    	0.005398    
432         	10          	10.15       	0.004609    	0.009471    	0.005735    
436         	10          	10.14       	0.005281    	0.01194     	0.004551    
440         	10          	10.09       	0.003056    	0.009203    	0.00362     
444         	10          	10.1        	0.003121    	0.01029     	0.005877    
448         	10          	10.05       	0.004123    	0.008561    	0.004254    
452         	10          	10.01       	0.004473    	0.009645    	0.003778    
456         	10          	10.05       	0.004053    	0.009491    	0.003899    
460         	10          	9.99        	0.003659    	0.008831    	0.004925    
464         	10          	9.968       	0.003464    	0.008864    	0.004259    
468         	10          	9.872       	0.003497    	0.01078     	0.003562    
472         	10          	9.875       	0.004031    	0.01301     	0.004777    
476         	10          	9.86        	0.004576    	0.008816    	0.002219    
480         	10          	9.828       	0.004021    	0.008982    	0.004393    
484         	10          	9.767       	0.004105    	0.008691    	0.004755    
488         	10          	9.777       	0.004607    	0.008523    	0.002492    
492         	10          	9.663       	0.004374    	0.008334    	0.00401     
496         	10          	9.768       	0.004943    	0.008985    	0.004515    
500         	10          	9.668       	0.003486    	0.008885    	0.004538    
504         	10          	9.652       	0.00383     	0.007627    	0.003947    
508         	10          	9.622       	0.004895    	0.0091      	0.00462     
512         	10          	9.568       	0.003058    	0.007666    	0.003718    
516         	10          	9.467       	0.003307    	0.008785    	0.00408     
520         	10          	9.485       	0.004278    	0.009536    	0.00454     
524         	10          	9.395       	0.004304    	0.00844     	0.003644    
528         	10          	9.382       	0.002485    	0.008161    	0.004922    
532         	10          	9.407       	0.005246    	0.01071     	0.006009    
536         	10          	9.367       	0.003976    	0.008301    	0.004115    
540         	10          	9.297       	0.002467    	0.008082    	0.003457    
544         	10          	9.338       	0.00424     	0.009112    	0.003673    
548         	10          	9.32        	0.003546    	0.008188    	0.004764    
552         	10          	9.24        	0.003947    	0.008984    	0.005165    
556         	10          	9.218       	0.005136    	0.009768    	0.00517     
560         	10          	9.187       	0.003943    	0.008748    	0.003178    
564         	10          	9.193       	0.00437     	0.009945    	0.004152    
568         	10          	9.193       	0.004088    	0.01067     	0.004504    
572         	10          	9.153       	0.005288    	0.01118     	0.004464    
576         	10          	9.102       	0.005355    	0.006668    	0.00295     
580         	10          	9.08        	0.006017    	0.01024     	0.00464     
584         	10          	9.115       	0.004624    	0.008685    	0.003254    
588         	10          	9.112       	0.003925    	0.01019     	0.00447     
592         	10          	9.023       	0.004769    	0.01009     	0.004664    
596         	10          	9.017       	0.004567    	0.01028     	0.004049    
600         	10          	8.99        	0.003149    	0.01104     	0.005606    
604         	10          	9.03        	0.004241    	0.009296    	0.003679    
608         	10          	8.958       	0.004067    	0.008853    	0.003421    
612         	10          	9.042       	0.00316     	0.009465    	0.002845    
616         	10          	8.935       	0.004831    	0.01198     	0.004633    
620         	10          	8.887       	0.004157    	0.007996    	0.004164    
624         	10          	8.883       	0.00442     	0.01061     	0.004848    
628         	10          	8.93        	0.003077    	0.008999    	0.005298    
632         	10          	8.912       	0.003673    	0.008089    	0.004829    
636         	10          	8.873       	0.003245    	0.008464    	0.003265    
640         	10          	8.857       	0.005657    	0.008616    	0.003609    
644         	10          	8.817       	0.004777    	0.009195    	0.004256    
648         	10          	8.815       	0.005016    	0.009268    	0.003277    
652         	10          	8.792       	0.003685    	0.009253    	0.004058    
656         	10          	8.802       	0.004987    	0.01049     	0.004215    
660         	10          	8.698       	0.004014    	0.009977    	0.004618    
664         	10          	8.7         	0.004789    	0.01001     	0.004147    
668         	10          	8.672       	0.00398     	0.009179    	0.004807    
672         	10          	8.653       	0.003999    	0.01084     	0.004897    
676         	10          	8.597       	0.004267    	0.007958    	0.004497    
680         	10          	8.575       	0.005566    	0.009773    	0.004001    
684         	10          	8.595       	0.005401    	0.007928    	0.003945    
688         	10          	8.558       	0.003795    	0.009258    	0.002911    
692         	10          	8.5         	0.002722    	0.008596    	0.004824    
696         	10          	8.535       	0.004508    	0.008888    	0.005092    
700         	10          	8.482       	0.006563    	0.01113     	0.005067    
704         	10          	8.433       	0.00391     	0.009312    	0.005304    
708         	10          	8.445       	0.003246    	0.008465    	0.003776    
712         	10          	8.465       	0.005786    	0.009975    	0.00299     
716         	10          	8.418       	0.003655    	0.009816    	0.003004    
720         	10          	8.432       	0.004946    	0.01117     	0.005238    
724         	10          	8.52        	0.00541     	0.01109     	0.005918    
728         	10          	8.408       	0.004714    	0.009237    	0.005793    
732         	10          	8.475       	0.004661    	0.01009     	0.004167    
736         	10          	8.495       	0.005329    	0.008248    	0.003227    
740         	10          	8.452       	0.003131    	0.008461    	0.002938    
744         	10          	8.385       	0.005175    	0.008436    	0.003611    
748         	10          	8.408       	0.003572    	0.008362    	0.003933    
752         	10          	8.36        	0.004618    	0.008109    	0.004477    
756         	10          	8.352       	0.003081    	0.009565    	0.004627    
760         	10          	8.338       	0.004227    	0.009372    	0.003291    
764         	10          	8.335       	0.00551     	0.01103     	0.004276    
768         	10          	8.287       	0.002972    	0.009541    	0.004206    
772         	10          	8.307       	0.003445    	0.008713    	0.004529    
776         	10          	8.272       	0.004391    	0.009342    	0.006213    
780         	10          	8.222       	0.004478    	0.009651    	0.005139    
784         	10          	8.248       	0.005673    	0.009552    	0.004403    
788         	10          	8.237       	0.002953    	0.01043     	0.004388    
792         	10          	8.19        	0.004707    	0.009721    	0.005677    
796         	10          	8.147       	0.004065    	0.01225     	0.004366    
800         	10          	8.185       	0.003429    	0.009609    	0.004705    
804         	10          	8.145       	0.004149    	0.009443    	0.003525    
808         	10          	8.178       	0.004025    	0.01036     	0.003137    
812         	10          	8.15        	0.003468    	0.009593    	0.005448    
816         	10          	8.103       	0.003371    	0.007708    	0.005728    
820         	10          	8.107       	0.00304     	0.007805    	0.003391    
824         	10          	8.092       	0.005332    	0.01143     	0.006049    
828         	10          	8.102       	0.003457    	0.008715    	0.005479    
832         	10          	8.097       	0.003217    	0.009103    	0.004721    
836         	10          	8.037       	0.004064    	0.00798     	0.00546     
840         	10          	8.012       	0.001753    	0.007485    	0.003782    
844         	10          	8.018       	0.003198    	0.00911     	0.003994    
848         	10          	7.998       	0.002641    	0.007921    	0.004032    
852         	10          	7.988       	0.004348    	0.01048     	0.003575    
856         	10          	7.977       	0.002831    	0.0095      	0.004894    
860         	10          	7.983       	0.0034      	0.008238    	0.002563    
864         	10          	7.977       	0.003469    	0.007413    	0.002019    
868         	10          	7.905       	0.005437    	0.007989    	0.004614    
872         	10          	7.948       	0.006085    	0.009039    	0.005094    
876         	10          	7.857       	0.003757    	0.009764    	0.00358     
880         	10          	7.883       	0.002881    	0.009614    	0.005313    
884         	10          	7.857       	0.004131    	0.009153    	0.004495    
888         	10          	7.88        	0.004703    	0.006857    	0.003002    
892         	10          	7.835       	0.004079    	0.01069     	0.006202    
896         	10          	7.933       	0.002721    	0.006682    	0.003734    
900         	10          	7.923       	0.005324    	0.01026     	0.004654    
904         	10          	7.842       	0.003581    	0.009119    	0.004815    
908         	10          	7.893       	0.002748    	0.008074    	0.003153    
912         	10          	7.898       	0.003955    	0.008546    	0.004026    
916         	10          	7.992       	0.004791    	0.01117     	0.004195    
920         	10          	7.883       	0.003815    	0.009361    	0.005361    
924         	10          	7.888       	0.0049      	0.009826    	0.002063    
928         	10          	7.895       	0.004788    	0.008663    	0.004468    
932         	10          	7.845       	0.004559    	0.01112     	0.005106    
936         	10          	7.867       	0.003107    	0.008283    	0.002986    
940         	10          	7.882       	0.00303     	0.008674    	0.002637    
944         	10          	7.787       	0.00287     	0.007419    	0.005696    
948         	10          	7.9         	0.003995    	0.009664    	0.005806    
952         	10          	7.808       	0.003814    	0.008665    	0.006922    
956         	10          	7.785       	0.005231    	0.009216    	0.003019    
960         	10          	7.795       	0.003617    	0.008302    	0.002495    
964         	10          	7.747       	0.00351     	0.008255    	0.004498    
968         	10          	7.735       	0.003866    	0.01008     	0.005843    
972         	10          	7.758       	0.005307    	0.008762    	0.005544    
976         	10          	7.735       	0.003958    	0.007892    	0.002037    
980         	10          	7.803       	0.003198    	0.005664    	0.001809    
984         	10          	7.727       	0.004197    	0.01025     	0.004169    
988         	10          	7.703       	0.005421    	0.01051     	0.004009    
992         	10          	7.658       	0.005178    	0.009749    	0.005112    
996         	10          	7.637       	0.00141     	0.009273    	0.005388    
1000        	10          	7.617       	0.003452    	0.008774    	0.003042    
1004        	10          	7.668       	0.002548    	0.01049     	0.004857    
1008        	10          	7.593       	0.003986    	0.008961    	0.004919    
1012        	10          	7.727       	0.006674    	0.01087     	0.005316    
1016        	10          	7.628       	0.006088    	0.01061     	0.005173    
1020        	10          	7.643       	0.002476    	0.009463    	0.005106    
1024        	10          	7.652       	0.003729    	0.007796    	0.003072    
1028        	10          	7.69        	0.002852    	0.006182    	0.003543    
1032        	10          	7.647       	0.003433    	0.006039    	0.004829    
1036        	10          	7.638       	0.004632    	0.00761     	0.004128    
1040        	10          	7.508       	0.003077    	0.007687    	0.002184    
1044        	10          	7.463       	0.005333    	0.009602    	0.002282    
1048        	10          	7.492       	0.00115     	0.007478    	0.005019    
1052        	10          	7.497       	0.003328    	0.00866     	0.004579    
1056        	10          	7.568       	0.00193     	0.006956    	0.00449     
1060        	10          	7.495       	0.004178    	0.01098     	0.00488     
1064        	10          	7.512       	0.003325    	0.008949    	0.003202    
1068        	10          	7.505       	0.003811    	0.009489    	0.00573     
1072        	10          	7.487       	0.003172    	0.008034    	0.004362    
1076        	10          	7.392       	0.005634    	0.01015     	0.00461     
1080        	10          	7.433       	0.005225    	0.01083     	0.005393    
1084        	10          	7.392       	0.004471    	0.008084    	0.002984    
1088        	10          	7.43        	0.006634    	0.009635    	0.004952    
1092        	10          	7.417       	0.004661    	0.009751    	0.003955    
1096        	10          	7.397       	0.003268    	0.007595    	0.004782    
1100        	10          	7.387       	0.004436    	0.01005     	0.003593    
1104        	10          	7.437       	0.003154    	0.009315    	0.003981    
1108        	10          	7.42        	0.002736    	0.007145    	0.003184    
1112        	10          	7.372       	0.004378    	0.007864    	0.005621    
1116        	10          	7.37        	0.003442    	0.009128    	0.002829    
1120        	10          	7.345       	0.003194    	0.01001     	0.003102    
1124        	10          	7.347       	0.003897    	0.00859     	0.004674    
1128        	10          	7.312       	0.005653    	0.01158     	0.006159    
1132        	10          	7.342       	0.003484    	0.007962    	0.003738    
1136        	10          	7.348       	0.004082    	0.009171    	0.004056    
1140        	10          	7.317       	0.004074    	0.009692    	0.002971    
1144        	10          	7.247       	0.005969    	0.01048     	0.005183    
1148        	10          	7.287       	0.0066      	0.01088     	0.005931    
1152        	10          	7.25        	0.005347    	0.01255     	0.004233    
1156        	10          	7.268       	0.004669    	0.01062     	0.005342    
1160        	10          	7.258       	0.005043    	0.009651    	0.003875    
1164        	10          	7.277       	0.005509    	0.008989    	0.003999    
1168        	10          	7.175       	0.003636    	0.005967    	0.002624    
1172        	10          	7.213       	0.00498     	0.009027    	0.003882    
1176        	10          	7.162       	0.005346    	0.00915     	0.003314    
1180        	10          	7.177       	0.004249    	0.01222     	0.005341    
1184        	10          	7.192       	0.00498     	0.009639    	0.004093    
1188        	10          	7.157       	0.003412    	0.009568    	0.005297    
1192        	10          	7.193       	0.002192    	0.00936     	0.003188    
1196        	10          	7.127       	0.00524     	0.008726    	0.003931    
1200        	10          	7.095       	0.005393    	0.008379    	0.005642    
1204        	10          	7.145       	0.005675    	0.008795    	0.004977    
1208        	10          	7.105       	0.005427    	0.009726    	0.004053    
1212        	10          	7.123       	0.002624    	0.0078      	0.003097    
1216        	10          	7.187       	0.003541    	0.008528    	0.002796    
1220        	10          	7.143       	0.005019    	0.009914    	0.005017    
1224        	10          	7.163       	0.002469    	0.00769     	0.00319     
1228        	10          	7.04        	0.004156    	0.01005     	0.004712    
1232        	10          	7.083       	0.00464     	0.00812     	0.004107    
1236        	10          	7.072       	0.002685    	0.009758    	0.003147    
1240        	10          	7.185       	0.004259    	0.0101      	0.004455    
1244        	10          	7.138       	0.005898    	0.01031     	0.005053    
1248        	10          	7.087       	0.005284    	0.008118    	0.004344    
1252        	10          	7.087       	0.004559    	0.009895    	0.003119    
1256        	10          	7.107       	0.003699    	0.01027     	0.004733    
1260        	10          	7.158       	0.003448    	0.00833     	0.002512    
1264        	10          	7.085       	0.00286     	0.008931    	0.004645    
1268        	10          	7.052       	0.002834    	0.008504    	0.004809    
1272        	10          	7.08        	0.002462    	0.00855     	0.002992    
1276        	10          	7.118       	0.004214    	0.01043     	0.004855    
1280        	10          	7.043       	0.005314    	0.01008     	0.003746    
1284        	10          	7.047       	0.00358     	0.01005     	0.005392    
1288        	10          	6.96        	0.004453    	0.007233    	0.002909    
1292        	10          	7.028       	0.003701    	0.009569    	0.003136    
1296        	10          	7.047       	0.002066    	0.01056     	0.00607     
1300        	10          	7.057       	0.003345    	0.01269     	0.006623    
1304        	10          	7.042       	0.004438    	0.00838     	0.004976    
1308        	10          	6.98        	0.004528    	0.008528    	0.005378    
1312        	10          	7.007       	0.002966    	0.00907     	0.003972    
1316        	10          	7.027       	0.002101    	0.01258     	0.006337    
1320        	10          	6.982       	0.006713    	0.01074     	0.004755    
1324        	10          	7.028       	0.001465    	0.01045     	0.005719    
1328        	10          	6.945       	0.007343    	0.01005     	0.00426     
1332        	10          	7.023       	0.003881    	0.01156     	0.004626    
1336        	10          	6.985       	0.006005    	0.01099     	0.006112    
1340        	10          	6.968       	0.004819    	0.01168     	0.005074    
1344        	10          	6.928       	0.007576    	0.01025     	0.004018    
1348        	10          	6.998       	0.005472    	0.008422    	0.00379     
1352        	10          	6.957       	0.006045    	0.01123     	0.00386     
1356        	10          	6.94        	0.006176    	0.01118     	0.003612    
1360        	10          	6.967       	0.005239    	0.009769    	0.002856    
1364        	10          	6.973       	0.004788    	0.009515    	0.003205    
1368        	10          	6.932       	0.004381    	0.008755    	0.004605    
1372        	10          	6.945       	0.004986    	0.006825    	0.004031    
1376        	10          	6.903       	0.00572     	0.006649    	0.004443    
1380        	10          	6.952       	0.004054    	0.01028     	0.005058    
1384        	10          	6.898       	0.005068    	0.008245    	0.004067    
1388        	10          	6.9         	0.003564    	0.007704    	0.003752    
1392        	10          	6.903       	0.004357    	0.009118    	0.002634    
1396        	10          	6.912       	0.004188    	0.01085     	0.006084    
1400        	10          	6.865       	0.00685     	0.01117     	0.006383    
1404        	10          	6.838       	0.002645    	0.009005    	0.005712    
1408        	10          	6.88        	0.005187    	0.009684    	0.005049    
1412        	10          	6.842       	0.003893    	0.01068     	0.003715    
1416        	10          	6.855       	0.004079    	0.01122     	0.004684    
1420        	10          	6.907       	0.004499    	0.009944    	0.003738    
1424        	10          	6.843       	0.004349    	0.01009     	0.002915    
1428        	10          	6.8         	0.004648    	0.009454    	0.005194    
1432        	10          	6.785       	0.003561    	0.009165    	0.004993    
1436        	10          	6.765       	0.002512    	0.00908     	0.003779    
1440        	10          	6.862       	0.002551    	0.00826     	0.005663    
1444        	10          	6.835       	0.003985    	0.009545    	0.001653    
1448        	10          	6.767       	0.003674    	0.01255     	0.004915    
1452        	10          	6.785       	0.002276    	0.009845    	0.006265    
1456        	10          	6.818       	0.002747    	0.0106      	0.003513    
1460        	10          	6.805       	0.00298     	0.008712    	0.004873    
1464        	10          	6.8         	0.005509    	0.009897    	0.002546    
1468        	10          	6.837       	0.002745    	0.01029     	0.003782    
1472        	10          	6.885       	0.0035      	0.008646    	0.002046    
1476        	10          	6.778       	0.005322    	0.008438    	0.004665    
1480        	10          	6.767       	0.004292    	0.007124    	0.001899    
1484        	10          	6.808       	0.002976    	0.008071    	0.004105    
1488        	10          	6.765       	0.004997    	0.0106      	0.006287    
1492        	10          	6.725       	0.004013    	0.008669    	0.00152     
1496        	10          	6.75        	0.003544    	0.007919    	0.004257    
1500        	10          	6.753       	0.003375    	0.008928    	0.00518     
1504        	10          	6.777       	0.004865    	0.01125     	0.00409     
1508        	10          	6.722       	0.004027    	0.01017     	0.004048    
1512        	10          	6.7         	0.003274    	0.009058    	0.003579    
1516        	10          	6.692       	0.003934    	0.01049     	0.005678    
1520        	10          	6.723       	0.002996    	0.009264    	0.005732    
1524        	10          	6.698       	0.00565     	0.01059     	0.004438    
1528        	10          	6.712       	0.004932    	0.008317    	0.002598    
1532        	10          	6.728       	0.005404    	0.01081     	0.003216    
1536        	10          	6.707       	0.004262    	0.01043     	0.003593    
1540        	10          	6.69        	0.004793    	0.01014     	0.004257    
1544        	10          	6.635       	0.004093    	0.0091      	0.004133    
1548        	10          	6.638       	0.00305     	0.01126     	0.00816     
1552        	10          	6.663       	0.006384    	0.009459    	0.004425    
1556        	10          	6.65        	0.003236    	0.009185    	0.003587    
1560        	10          	6.66        	0.00433     	0.01389     	0.004747    
1564        	10          	6.682       	0.003672    	0.009003    	0.00323     
1568        	10          	6.617       	0.005884    	0.01139     	0.005438    
1572        	10          	6.633       	0.004323    	0.008454    	0.004       
1576        	10          	6.612       	0.003596    	0.007845    	0.004989    
1580        	10          	6.617       	0.004531    	0.007825    	0.004398    
1584        	10          	6.565       	0.004457    	0.007608    	0.003315    
1588        	10          	6.615       	0.00375     	0.009075    	0.003506    
1592        	10          	6.557       	0.004515    	0.008691    	0.00479     
1596        	10          	6.545       	0.004204    	0.009833    	0.003982    
1600        	10          	6.557       	0.00426     	0.00747     	0.005289    
1604        	10          	6.55        	0.00495     	0.008031    	0.0037      
1608        	10          	6.553       	0.004303    	0.01058     	0.006714    
1612        	10          	6.558       	0.006094    	0.01086     	0.004546    
1616        	10          	6.518       	0.003674    	0.01202     	0.004758    
1620        	10          	6.583       	0.005192    	0.009047    	0.003337    
1624        	10          	6.558       	0.002387    	0.009578    	0.00566     
1628        	10          	6.563       	0.005165    	0.007766    	0.004562    
1632        	10          	6.535       	0.006039    	0.01104     	0.007838    
1636        	10          	6.532       	0.004267    	0.01069     	0.00296     
1640        	10          	6.558       	0.005792    	0.009072    	0.005018    
1644        	10          	6.54        	0.005882    	0.00987     	0.004577    
1648        	10          	6.532       	0.004846    	0.009553    	0.003826    
1652        	10          	6.513       	0.005279    	0.01021     	0.004608    
1656        	10          	6.513       	0.005249    	0.009058    	0.003405    
1660        	10          	6.5         	0.003938    	0.007854    	0.004942    
1664        	10          	6.577       	0.004934    	0.007374    	0.003297    
1668        	10          	6.525       	0.005247    	0.01279     	0.004276    
1672        	10          	6.51        	0.004722    	0.006854    	0.004612    
1676        	10          	6.587       	0.001853    	0.006589    	0.002239    
1680        	10          	6.447       	0.00405     	0.009568    	0.005717    
1684        	10          	6.498       	0.005248    	0.008977    	0.004761    
1688        	10          	6.51        	0.003311    	0.006493    	0.0022      
1692        	10          	6.518       	0.004201    	0.01077     	0.003881    
1696        	10          	6.49        	0.004122    	0.01123     	0.004395    
1700        	10          	6.507       	0.005878    	0.0111      	0.005444    
1704        	10          	6.497       	0.006178    	0.009712    	0.003751    
1708        	10          	6.52        	0.003521    	0.009019    	0.003445    
1712        	10          	6.5         	0.003761    	0.00825     	0.004651    
1716        	10          	6.532       	0.003693    	0.01002     	0.006478    
1720        	10          	6.482       	0.005208    	0.01128     	0.004662    
1724        	10          	6.46        	0.003002    	0.009457    	0.005644    
1728        	10          	6.52        	0.004013    	0.007437    	0.004537    
1732        	10          	6.555       	0.004992    	0.008859    	0.006286    
1736        	10          	6.468       	0.001914    	0.006958    	0.003804    
1740        	10          	6.43        	0.004943    	0.006706    	0.0006657   
1744        	10          	6.462       	0.004032    	0.01062     	0.005918    
1748        	10          	6.492       	0.005218    	0.006679    	0.004291    
1752        	10          	6.467       	0.006561    	0.009146    	0.005074    
1756        	10          	6.487       	0.003358    	0.00699     	0.001952    
1760        	10          	6.47        	0.009453    	0.01194     	0.005484    
1764        	10          	6.465       	0.005696    	0.01114     	0.004891    
1768        	10          	6.477       	0.003042    	0.008485    	0.001411    
1772        	10          	6.462       	0.005858    	0.01074     	0.004654    
1776        	10          	6.393       	0.003117    	0.008534    	0.004249    
1780        	10          	6.498       	0.001911    	0.007752    	0.003399    
1784        	10          	6.463       	0.004594    	0.009972    	0.002487    
1788        	10          	6.467       	0.003658    	0.009137    	0.002828    
1792        	10          	6.42        	0.00417     	0.009245    	0.004234    
1796        	10          	6.37        	0.003744    	0.008452    	0.00403     
1800        	10          	6.425       	0.004862    	0.01062     	0.004266    
1804        	10          	6.472       	0.003179    	0.0084      	0.003603    
1808        	10          	6.368       	0.005316    	0.01031     	0.003403    
1812        	10          	6.385       	0.004601    	0.009212    	0.00476     
1816        	10          	6.38        	0.003934    	0.008102    	0.002832    
1820        	10          	6.352       	0.006156    	0.01001     	0.004479    
1824        	10          	6.335       	0.003475    	0.009665    	0.004219    
1828        	10          	6.382       	0.006016    	0.01257     	0.00494     
1832        	10          	6.35        	0.00245     	0.01076     	0.004295    
1836        	10          	6.363       	0.005763    	0.008281    	0.002818    
1840        	10          	6.425       	0.0053      	0.009226    	0.004508    
1844        	10          	6.308       	0.005553    	0.007502    	0.003021    
1848        	10          	6.372       	0.006451    	0.01008     	0.002584    
1852        	10          	6.372       	0.003089    	0.009488    	0.004296    
1856        	10          	6.348       	0.003657    	0.007908    	0.004235    
1860        	10          	6.322       	0.005249    	0.0108      	0.007221    
1864        	10          	6.317       	0.004204    	0.006682    	0.005332    
1868        	10          	6.387       	0.003187    	0.01008     	0.004214    
1872        	10          	6.36        	0.005635    	0.01098     	0.007532    
1876        	10          	6.322       	0.002114    	0.009512    	0.006278    
1880        	10          	6.317       	0.005168    	0.009609    	0.004775    
1884        	10          	6.343       	0.004544    	0.009451    	0.005556    
1888        	10          	6.32        	0.00321     	0.009449    	0.00328     
1892        	10          	6.388       	0.003471    	0.008668    	0.00311     
1896        	10          	6.332       	0.002799    	0.007333    	0.005171    
1900        	10          	6.278       	0.001699    	0.007266    	0.004357    
1904        	10          	6.377       	0.004908    	0.009375    	0.00542     
1908        	10          	6.292       	0.004635    	0.009341    	0.003913    
1912        	10          	6.32        	0.003253    	0.009793    	0.003379    
1916        	10          	6.38        	0.002087    	0.009521    	0.00367     
1920        	10          	6.3         	0.003093    	0.01035     	0.004594    
1924        	10          	6.283       	0.004708    	0.009807    	0.004511    
1928        	10          	6.283       	0.004744    	0.009013    	0.004647    
1932        	10          	6.267       	0.003758    	0.00953     	0.004411    
1936        	10          	6.265       	0.003501    	0.009203    	0.004649    
1940        	10          	6.238       	0.004738    	0.009782    	0.003191    
1944        	10          	6.255       	0.002568    	0.007637    	0.00272     
1948        	10          	6.255       	0.004928    	0.007704    	0.003776    
1952        	10          	6.19        	0.005173    	0.008205    	0.005407    
1956        	10          	6.218       	0.005473    	0.011       	0.006029    
1960        	10          	6.197       	0.003531    	0.01123     	0.003948    
1964        	10          	6.155       	0.003321    	0.009553    	0.003246    
1968        	10          	6.233       	0.003176    	0.01021     	0.003451    
1972        	10          	6.182       	0.006166    	0.008559    	0.007367    
1976        	10          	6.273       	0.001674    	0.007423    	0.005727    
1980        	10          	6.193       	0.005807    	0.01108     	0.005648    
1984        	10          	6.208       	0.003677    	0.01068     	0.004733    
1988        	10          	6.175       	0.003323    	0.008231    	0.005587    
1992        	10          	6.137       	0.003198    	0.0111      	0.005802    
1996        	10          	6.108       	0.003927    	0.009858    	0.004494    
2000        	10          	6.122       	0.003224    	0.009361    	0.004391    
2004        	10          	6.135       	0.005364    	0.009573    	0.005458    
2008        	10          	6.117       	0.004749    	0.01147     	0.005156    
2012        	10          	6.105       	0.004476    	0.009404    	0.005281    
2016        	10          	6.148       	0.004662    	0.008889    	0.004404    
2020        	10          	6.08        	0.005266    	0.007716    	0.002879    
2024        	10          	6.093       	0.003993    	0.008542    	0.005854    
2028        	10          	6.125       	0.006717    	0.009391    	0.003728    
2032        	10          	6.163       	0.003727    	0.009079    	0.006072    
2036        	10          	6.172       	0.004124    	0.009079    	0.002383    
2040        	10          	6.092       	0.004078    	0.007038    	0.00537     
2044        	10          	6.127       	0.004485    	0.01009     	0.00444     
2048        	10          	6.095       	0.004652    	0.006262    	0.004546    
2052        	10          	6.195       	0.004356    	0.006177    	0.004043    
2056        	10          	6.145       	0.003947    	0.00791     	0.005413    
2060        	10          	6.087       	0.00341     	0.01119     	0.003923    
2064        	10          	6.078       	0.004614    	0.008063    	0.003014    
2068        	10          	6.092       	0.002301    	0.008819    	0.005285    
2072        	10          	6.05        	0.00276     	0.006521    	0.00319     
2076        	10          	6.045       	0.003967    	0.009302    	0.006147    
2080        	10          	6.067       	0.005336    	0.009458    	0.0004957   
2084        	10          	6.067       	0.003669    	0.007317    	0.002817    
2088        	10          	6.02        	0.006479    	0.01001     	0.004877    
2092        	10          	6.057       	0.00563     	0.009593    	0.005934    
2096        	10          	6.033       	0.004609    	0.00762     	0.003134    
2100        	10          	6.067       	0.003948    	0.007715    	0.002315    
2104        	10          	6.052       	0.005671    	0.01083     	0.007929    
2108        	10          	6.077       	0.003119    	0.009362    	0.004181    
2112        	10          	6.062       	0.001692    	0.007364    	0.00444     
2116        	10          	6.062       	0.005544    	0.009119    	0.00399     
2120        	10          	6.073       	0.0027      	0.007851    	0.003549    
2124        	10          	6.077       	0.003649    	0.008403    	0.003312    
2128        	10          	6.098       	0.00355     	0.005075    	0.002678    
2132        	10          	6.102       	0.003935    	0.008739    	0.00705     
2136        	10          	6.053       	0.004749    	0.009228    	0.004152    
2140        	10          	6.137       	0.004795    	0.01095     	0.005303    
2144        	10          	6.032       	0.002434    	0.009283    	0.003925    
2148        	10          	6.075       	0.003304    	0.00957     	0.005035    
2152        	10          	6.138       	0.004929    	0.007933    	0.002785    
2156        	10          	6.13        	0.00303     	0.005824    	0.004228    
2160        	10          	6.093       	0.003234    	0.006818    	0.002468    
2164        	10          	6.082       	0.003705    	0.006855    	0.003199    
2168        	10          	6.027       	0.004633    	0.007031    	0.004951    
2172        	10          	6.097       	0.004017    	0.008741    	0.00421     
2176        	10          	6.095       	0.00359     	0.005965    	0.00405     
2180        	10          	6.077       	0.003625    	0.008308    	0.004662    
2184        	10          	6.062       	0.002925    	0.009093    	0.004072    
2188        	10          	6.062       	0.004897    	0.007008    	0.003209    
2192        	10          	6.018       	0.004675    	0.009837    	0.005046    
2196        	10          	6.078       	0.005297    	0.008351    	0.005985    
2200        	10          	6.152       	0.003458    	0.008428    	0.003328    
2204        	10          	6.135       	0.004231    	0.005461    	0.003795    
2208        	10          	6.042       	0.005382    	0.01087     	0.005969    
2212        	10          	6.073       	0.004111    	0.007431    	0.004391    
2216        	10          	6.033       	0.002517    	0.009788    	0.003922    
2220        	10          	6.11        	0.005689    	0.008257    	0.004348    
2224        	10          	6.053       	0.002175    	0.008887    	0.002745    
2228        	10          	6.09        	0.003625    	0.0112      	0.004965    
2232        	10          	6.123       	0.003617    	0.009497    	0.003386    
2236        	10          	6.045       	0.006081    	0.01112     	0.004925    
2240        	10          	6.025       	0.004321    	0.01033     	0.004694    
2244        	10          	6.137       	0.002856    	0.01028     	0.00375     
2248        	10          	6.008       	0.005326    	0.009077    	0.005173    
2252        	10          	6.048       	0.002111    	0.008432    	0.004093    
2256        	10          	5.987       	0.005556    	0.01078     	0.004533    
2260        	10          	6.043       	0.004793    	0.006654    	0.003751    
2264        	10          	5.98        	0.004159    	0.009628    	0.004765    
2268        	10          	5.987       	0.004298    	0.006684    	0.004333    
2272        	10          	5.997       	0.00494     	0.009523    	0.005241    
2276        	10          	5.955       	0.007093    	0.009521    	0.006477    
2280        	10          	5.977       	0.003714    	0.01024     	0.004592    
2284        	10          	5.96        	0.004372    	0.008212    	0.00312     
2288        	10          	5.968       	0.005254    	0.008441    	0.005569    
2292        	10          	5.953       	0.004206    	0.01087     	0.004768    
2296        	10          	5.918       	0.003455    	0.007087    	0.002705    
2300        	10          	5.978       	0.004538    	0.009107    	0.006042    
2304        	10          	5.945       	0.001907    	0.007782    	0.004469    
2308        	10          	5.93        	0.006268    	0.009008    	0.00344     
2312        	10          	5.958       	0.004209    	0.007809    	0.001372    
2316        	10          	5.932       	0.003938    	0.01022     	0.005252    
2320        	10          	5.933       	0.004974    	0.01109     	0.006449    
2324        	10          	5.903       	0.006702    	0.007476    	0.003301    
2328        	10          	5.88        	0.004411    	0.008028    	0.003025    
2332        	10          	5.87        	0.002785    	0.008096    	0.003773    
2336        	10          	5.947       	0.00464     	0.01091     	0.004529    
2340        	10          	5.92        	0.005157    	0.01111     	0.004828    
2344        	10          	5.917       	0.005819    	0.009487    	0.004798    
2348        	10          	5.948       	0.005341    	0.01162     	0.004799    
2352        	10          	5.875       	0.00564     	0.00801     	0.003313    
2356        	10          	5.92        	0.004687    	0.007191    	0.001673    
2360        	10          	5.832       	0.003687    	0.007282    	0.005776    
2364        	10          	5.843       	0.003156    	0.01058     	0.004132    
2368        	10          	5.872       	0.006136    	0.009746    	0.003941    
2372        	10          	5.878       	0.004714    	0.01172     	0.006486    
2376        	10          	5.9         	0.004915    	0.01013     	0.004947    
2380        	10          	5.868       	0.003934    	0.01047     	0.005882    
2384        	10          	5.915       	0.002583    	0.007316    	0.002953    
2388        	10          	5.832       	0.001894    	0.006895    	0.001542    
2392        	10          	5.9         	0.003883    	0.008972    	0.005584    
2396        	10          	5.86        	0.004837    	0.009239    	0.004508    
2400        	10          	5.947       	0.003755    	0.007474    	0.003313    
2404        	10          	5.897       	0.00456     	0.01152     	0.004082    
2408        	10          	5.902       	0.003075    	0.007312    	0.00317     
2412        	10          	5.86        	0.00426     	0.01123     	0.005946    
2416        	10          	5.862       	0.002458    	0.008684    	0.002346    
2420        	10          	5.92        	0.003514    	0.009197    	0.003435    
2424        	10          	5.88        	0.00505     	0.00959     	0.003563    
2428        	10          	5.88        	0.005815    	0.01116     	0.003672    
2432        	10          	5.857       	0.00504     	0.01204     	0.005345    
2436        	10          	5.823       	0.00492     	0.009653    	0.00477     
2440        	10          	5.917       	0.003881    	0.009559    	0.003799    
2444        	10          	5.845       	0.004705    	0.01031     	0.002118    
2448        	10          	5.88        	0.003644    	0.00785     	0.003823    
2452        	10          	5.853       	0.004643    	0.01068     	0.005076    
2456        	10          	5.87        	0.002812    	0.007365    	0.003442    
2460        	10          	5.882       	0.003916    	0.005996    	0.002272    
2464        	10          	5.875       	0.0027      	0.009069    	0.00352     
2468        	10          	5.848       	0.004725    	0.009242    	0.007868    
2472        	10          	5.863       	0.00227     	0.008549    	0.005072    
2476        	10          	5.877       	0.005256    	0.01068     	0.004001    
2480        	10          	5.815       	0.005603    	0.009128    	0.003983    
2484        	10          	5.837       	0.004577    	0.01096     	0.004555    
2488        	10          	5.817       	0.003437    	0.008006    	0.005021    
2492        	10          	5.877       	0.003477    	0.01046     	0.005449    
2496        	10          	5.89        	0.006404    	0.009486    	0.003155    
2500        	10          	5.845       	0.002506    	0.008713    	0.005247    
2504        	10          	5.857       	0.005507    	0.008308    	0.003262    
2508        	10          	5.782       	0.003289    	0.007509    	0.003476    
2512        	10          	5.77        	0.004094    	0.009058    	0.005547    
2516        	10          	5.81        	0.00415     	0.007262    	0.003277    
2520        	10          	5.69        	0.0047      	0.009154    	0.004638    
2524        	10          	5.858       	0.003706    	0.006546    	0.002372    
2528        	10          	5.807       	0.003442    	0.008937    	0.004634    
2532        	10          	5.767       	0.004572    	0.00872     	0.005421    
2536        	10          	5.833       	0.004421    	0.008513    	0.004701    
2540        	10          	5.8         	0.005967    	0.01062     	0.004055    
2544        	10          	5.785       	0.005836    	0.009731    	0.002093    
2548        	10          	5.823       	0.004325    	0.008422    	0.00367     
2552        	10          	5.727       	0.004894    	0.008127    	0.003924    
2556        	10          	5.773       	0.002682    	0.00704     	0.001456    
2560        	10          	5.79        	0.005349    	0.01188     	0.005028    
2564        	10          	5.758       	0.006751    	0.008684    	0.002649    
2568        	10          	5.775       	0.003278    	0.00702     	0.003765    
2572        	10          	5.732       	0.002495    	0.01025     	0.006395    
2576        	10          	5.712       	0.004194    	0.01128     	0.004324    
2580        	10          	5.745       	0.004963    	0.007879    	0.003183    
2584        	10          	5.757       	0.006021    	0.01053     	0.005029    
2588        	10          	5.765       	0.003454    	0.009059    	0.003782    
2592        	10          	5.758       	0.003529    	0.008046    	0.00298     
2596        	10          	5.733       	0.005615    	0.008338    	0.00252     
2600        	10          	5.845       	0.002996    	0.009062    	0.00423     
2604        	10          	5.693       	0.003727    	0.009564    	0.004761    
2608        	10          	5.743       	0.004888    	0.0086      	0.00179     
2612        	10          	5.773       	0.003297    	0.008908    	0.003973    
2616        	10          	5.727       	0.004685    	0.008923    	0.00546     
2620        	10          	5.82        	0.004993    	0.008029    	0.005461    
2624        	10          	5.785       	0.003732    	0.007232    	0.004457    
2628        	10          	5.76        	0.00166     	0.008097    	0.004231    
2632        	10          	5.762       	0.005395    	0.01219     	0.007445    
2636        	10          	5.787       	0.005274    	0.007471    	0.002759    
2640        	10          	5.762       	0.007214    	0.01277     	0.005398    
2644        	10          	5.777       	0.003848    	0.009669    	0.003595    
2648        	10          	5.73        	0.005368    	0.01207     	0.004367    
2652        	10          	5.83        	0.004782    	0.008711    	0.004203    
2656        	10          	5.717       	0.004212    	0.01199     	0.004925    
2660        	10          	5.733       	0.004745    	0.009388    	0.003815    
2664        	10          	5.742       	0.001205    	0.007317    	0.005812    
2668        	10          	5.778       	0.005366    	0.00886     	0.005       
2672        	10          	5.75        	0.003786    	0.009377    	0.00576     
2676        	10          	5.722       	0.002091    	0.009037    	0.002673    
2680        	10          	5.713       	0.005026    	0.009114    	0.003409    
2684        	10          	5.757       	0.004529    	0.009327    	0.005869    
2688        	10          	5.765       	0.003828    	0.008118    	0.0048      
2692        	10          	5.732       	0.002597    	0.009694    	0.004827    
2696        	10          	5.747       	0.003102    	0.01092     	0.00686     
2700        	10          	5.727       	0.003375    	0.007788    	0.003521    
2704        	10          	5.742       	0.004942    	0.009502    	0.003107    
2708        	10          	5.743       	0.00417     	0.009724    	0.003317    
2712        	10          	5.737       	0.003496    	0.008541    	0.004997    
2716        	10          	5.702       	0.005263    	0.009359    	0.004534    
2720        	10          	5.727       	0.004173    	0.01225     	0.005563    
2724        	10          	5.692       	0.004115    	0.00888     	0.003196    
2728        	10          	5.702       	0.00488     	0.01064     	0.004402    
2732        	10          	5.663       	0.004431    	0.01172     	0.002036    
2736        	10          	5.7         	0.004257    	0.00858     	0.003903    
2740        	10          	5.703       	0.002978    	0.009924    	0.004664    
2744        	10          	5.703       	0.003526    	0.01014     	0.004236    
2748        	10          	5.752       	0.00492     	0.008516    	0.005367    
2752        	10          	5.715       	0.001882    	0.007486    	0.004802    
2756        	10          	5.723       	0.004854    	0.008352    	0.003335    
2760        	10          	5.728       	0.004215    	0.00978     	0.003326    
2764        	10          	5.68        	0.002482    	0.008998    	0.004616    
2768        	10          	5.663       	0.005627    	0.009877    	0.003504    
2772        	10          	5.707       	0.003983    	0.01053     	0.004069    
2776        	10          	5.7         	0.003335    	0.009558    	0.005943    
2780        	10          	5.638       	0.005896    	0.009827    	0.004401    
2784        	10          	5.677       	0.006851    	0.00842     	0.004077    
2788        	10          	5.643       	0.005445    	0.005884    	0.003431    
2792        	10          	5.628       	0.004209    	0.008397    	0.005715    
2796        	10          	5.63        	0.002463    	0.008487    	0.004977    
2800        	10          	5.61        	0.001695    	0.007605    	0.002831    
2804        	10          	5.6         	0.005056    	0.01031     	0.002505    
2808        	10          	5.64        	0.003579    	0.01113     	0.00413     
2812        	10          	5.633       	0.004187    	0.00755     	0.004456    
2816        	10          	5.628       	0.00534     	0.008192    	0.003547    
2820        	10          	5.617       	0.00523     	0.009811    	0.006       
2824        	10          	5.602       	0.005711    	0.01184     	0.004458    
2828        	10          	5.68        	0.004995    	0.008919    	0.003675    
2832        	10          	5.597       	0.004384    	0.01028     	0.004429    
2836        	10          	5.612       	0.004933    	0.008427    	0.003026    
2840        	10          	5.583       	0.005501    	0.00796     	0.003141    
2844        	10          	5.583       	0.003939    	0.009648    	0.007174    
2848        	10          	5.643       	0.005713    	0.00974     	0.005858    
2852        	10          	5.615       	0.002114    	0.008435    	0.002611    
2856        	10          	5.595       	0.003864    	0.005723    	0.002635    
2860        	10          	5.572       	0.003673    	0.005913    	0.003305    
2864        	10          	5.623       	0.004294    	0.009381    	0.003642    
2868        	10          	5.603       	0.005371    	0.007985    	0.002777    
2872        	10          	5.563       	0.005691    	0.01312     	0.005069    
2876        	10          	5.578       	0.00456     	0.007909    	0.003544    
2880        	10          	5.567       	0.003496    	0.006672    	0.003385    
2884        	10          	5.553       	0.004609    	0.009235    	0.002394    
2888        	10          	5.538       	0.002149    	0.007294    	0.004249    
2892        	10          	5.518       	0.00237     	0.007779    	0.003947    
2896        	10          	5.517       	0.004071    	0.008244    	0.0037      
2900        	10          	5.54        	0.004562    	0.009534    	0.00215     
2904        	10          	5.5         	0.004847    	0.009657    	0.005731    
2908        	10          	5.57        	0.003574    	0.009939    	0.00266     
2912        	10          	5.565       	0.00323     	0.00975     	0.002373    
2916        	10          	5.497       	0.003285    	0.009728    	0.002523    
2920        	10          	5.543       	0.003834    	0.008714    	0.004731    
2924        	10          	5.517       	0.004075    	0.01003     	0.003144    
2928        	10          	5.53        	0.005071    	0.009719    	0.005557    
2932        	10          	5.445       	0.006635    	0.0102      	0.004323    
2936        	10          	5.508       	0.00168     	0.007208    	0.002825    
2940        	10          	5.457       	0.002301    	0.00817     	0.002738    
2944        	10          	5.523       	0.006702    	0.007836    	0.005975    
2948        	10          	5.548       	0.003123    	0.009453    	0.005195    
2952        	10          	5.498       	0.004604    	0.01126     	0.006288    
2956        	10          	5.502       	0.004184    	0.01095     	0.004888    
2960        	10          	5.475       	0.003316    	0.008991    	0.005228    
2964        	10          	5.408       	0.003151    	0.008747    	0.004598    
2968        	10          	5.468       	0.003418    	0.008542    	0.002886    
2972        	10          	5.43        	0.003877    	0.01101     	0.005863    
2976        	10          	5.438       	0.002798    	0.006733    	0.0038      
2980        	10          	5.49        	0.003866    	0.007646    	0.003785    
2984        	10          	5.44        	0.003598    	0.009368    	0.004577    
2988        	10          	5.438       	0.004446    	0.01055     	0.002796    
2992        	10          	5.48        	0.003756    	0.008478    	0.00406     
2996        	10          	5.405       	0.005483    	0.008402    	0.003972    
3000        	10          	5.415       	0.00507     	0.01065     	0.004459    
3004        	10          	5.448       	0.004285    	0.009556    	0.004786    
3008        	10          	5.467       	0.00295     	0.007393    	0.00315     
3012        	10          	5.445       	0.007246    	0.01143     	0.005497    
3016        	10          	5.475       	0.003185    	0.009662    	0.006852    
3020        	10          	5.448       	0.003514    	0.01111     	0.005557    
3024        	10          	5.477       	0.006367    	0.009637    	0.005232    
3028        	10          	5.473       	0.002612    	0.01041     	0.003617    
3032        	10          	5.42        	0.003974    	0.01099     	0.004849    
3036        	10          	5.45        	0.00458     	0.007039    	0.005417    
3040        	10          	5.473       	0.005028    	0.009171    	0.005549    
3044        	10          	5.452       	0.00326     	0.00762     	0.004173    
3048        	10          	5.527       	0.004308    	0.005308    	0.002914    
3052        	10          	5.435       	0.002818    	0.007985    	0.004432    
3056        	10          	5.432       	0.00375     	0.009327    	0.003888    
3060        	10          	5.395       	0.005359    	0.009314    	0.004448    
3064        	10          	5.415       	0.00492     	0.007143    	0.005599    
3068        	10          	5.423       	0.001675    	0.007407    	0.003616    
3072        	10          	5.397       	0.003523    	0.006144    	0.003862    
3076        	10          	5.392       	0.004614    	0.008417    	0.001675    
3080        	10          	5.352       	0.005425    	0.008917    	0.00368     
3084        	10          	5.375       	0.002941    	0.008783    	0.005448    
3088        	10          	5.335       	0.00552     	0.01005     	0.005932    
3092        	10          	5.313       	0.004197    	0.008942    	0.003951    
3096        	10          	5.3         	0.004407    	0.009664    	0.004953    
3100        	10          	5.347       	0.004992    	0.01039     	0.004339    
3104        	10          	5.345       	0.006204    	0.01155     	0.004757    
3108        	10          	5.392       	0.003981    	0.008764    	0.004819    
3112        	10          	5.432       	0.003935    	0.009585    	0.006265    
3116        	10          	5.352       	0.003133    	0.008878    	0.003812    
3120        	10          	5.37        	0.002838    	0.006688    	0.002082    
3124        	10          	5.37        	0.001175    	0.006152    	0.004505    
3128        	10          	5.34        	0.002652    	0.008343    	0.003262    
3132        	10          	5.377       	0.004283    	0.008214    	0.003166    
3136        	10          	5.402       	0.003954    	0.007539    	0.003766    
3140        	10          	5.373       	0.005092    	0.008397    	0.004588    
3144        	10          	5.363       	0.006275    	0.01354     	0.003547    
3148        	10          	5.313       	0.00384     	0.008815    	0.004877    
3152        	10          	5.32        	0.004533    	0.01048     	0.002472    
3156        	10          	5.368       	0.004723    	0.01116     	0.00522     
3160        	10          	5.332       	0.005346    	0.0114      	0.005626    
3164        	10          	5.362       	0.004756    	0.008445    	0.003766    
3168        	10          	5.332       	0.003281    	0.009761    	0.004332    
3172        	10          	5.392       	0.00298     	0.01126     	0.005626    
3176        	10          	5.343       	0.004676    	0.0103      	0.003601    
3180        	10          	5.327       	0.003914    	0.009085    	0.005497    
3184        	10          	5.353       	0.005313    	0.008638    	0.005943    
3188        	10          	5.392       	0.00383     	0.01127     	0.003522    
3192        	10          	5.36        	0.00516     	0.01141     	0.005052    
3196        	10          	5.38        	0.003528    	0.008432    	0.002618    
3200        	10          	5.323       	0.005286    	0.0102      	0.003876    
3204        	10          	5.328       	0.004951    	0.009879    	0.008217    
3208        	10          	5.393       	0.004378    	0.009656    	0.00512     
3212        	10          	5.378       	0.004823    	0.01048     	0.004213    
3216        	10          	5.38        	0.00253     	0.009913    	0.004206    
3220        	10          	5.378       	0.00405     	0.008304    	0.004449    
3224        	10          	5.425       	0.003527    	0.01205     	0.003514    
3228        	10          	5.383       	0.002579    	0.007704    	0.003476    
3232        	10          	5.395       	0.005846    	0.01162     	0.004148    
3236        	10          	5.398       	0.004973    	0.01028     	0.004778    
3240        	10          	5.392       	0.005939    	0.009151    	0.004751    
3244        	10          	5.373       	0.005031    	0.01067     	0.002891    
3248        	10          	5.315       	0.003866    	0.01112     	0.004407    
3252        	10          	5.36        	0.003958    	0.01315     	0.005692    
3256        	10          	5.328       	0.005156    	0.007923    	0.004851    
3260        	10          	5.38        	0.004994    	0.007835    	0.00534     
3264        	10          	5.403       	0.002713    	0.007036    	0.004308    
3268        	10          	5.377       	0.004675    	0.009616    	0.003068    
3272        	10          	5.328       	0.005183    	0.01054     	0.003623    
3276        	10          	5.4         	0.002915    	0.00758     	0.003377    
3280        	10          	5.37        	0.002922    	0.00717     	0.001926    
3284        	10          	5.288       	0.005311    	0.01112     	0.005061    
3288        	10          	5.343       	0.005689    	0.009972    	0.00471     
3292        	10          	5.318       	0.003008    	0.009301    	0.002576    
3296        	10          	5.303       	0.004722    	0.009921    	0.003483    
3300        	10          	5.34        	0.003766    	0.0106      	0.003581    
3304        	10          	5.313       	0.004547    	0.008216    	0.003506    
3308        	10          	5.323       	0.006455    	0.008618    	0.004716    
3312        	10          	5.32        	0.00319     	0.007083    	0.005666    
3316        	10          	5.267       	0.004209    	0.01276     	0.005263    
3320        	10          	5.332       	0.00453     	0.008165    	0.003196    
3324        	10          	5.348       	0.004628    	0.007481    	0.003751    
3328        	10          	5.303       	0.005411    	0.009822    	0.005793    
3332        	10          	5.337       	0.002842    	0.008268    	0.003749    
3336        	10          	5.322       	0.006279    	0.0108      	0.005766    
3340        	10          	5.35        	0.003724    	0.008283    	0.0008916   
3344        	10          	5.345       	0.002542    	0.008876    	0.005075    
3348        	10          	5.323       	0.005938    	0.009126    	0.004328    
3352        	10          	5.318       	0.003051    	0.007613    	0.005104    
3356        	10          	5.337       	0.002736    	0.01225     	0.005913    
3360        	10          	5.347       	0.006434    	0.01105     	0.004527    
3364        	10          	5.328       	0.00418     	0.008568    	0.004982    
3368        	10          	5.305       	0.004027    	0.008446    	0.005515    
3372        	10          	5.292       	0.001934    	0.007494    	0.004694    
3376        	10          	5.357       	0.002654    	0.008746    	0.004922    
3380        	10          	5.287       	0.003409    	0.006435    	0.003761    
3384        	10          	5.34        	0.003492    	0.006896    	0.00379     
3388        	10          	5.293       	0.001451    	0.007595    	0.004489    
3392        	10          	5.288       	0.004525    	0.01061     	0.005209    
3396        	10          	5.283       	0.002732    	0.008822    	0.00512     
3400        	10          	5.265       	0.004316    	0.008599    	0.002813    
3404        	10          	5.283       	0.002405    	0.009565    	0.003315    
3408        	10          	5.253       	0.004172    	0.009366    	0.006518    
3412        	10          	5.263       	0.003345    	0.006708    	0.003182    
3416        	10          	5.223       	0.003875    	0.009701    	0.006653    
3420        	10          	5.283       	0.00358     	0.007757    	0.005139    
3424        	10          	5.24        	0.002605    	0.008847    	0.004653    
3428        	10          	5.245       	0.004935    	0.01014     	0.005448    
3432        	10          	5.223       	0.003203    	0.007141    	0.002625    
3436        	10          	5.18        	0.004965    	0.01        	0.002799    
3440        	10          	5.185       	0.004273    	0.008365    	0.006761    
3444        	10          	5.188       	0.004723    	0.007914    	0.005865    
3448        	10          	5.195       	0.004712    	0.01103     	0.004883    
3452        	10          	5.163       	0.004418    	0.008836    	0.003259    
3456        	10          	5.167       	0.00454     	0.01108     	0.006907    
3460        	10          	5.155       	0.003021    	0.007392    	0.003075    
3464        	10          	5.15        	0.004758    	0.006061    	0.003831    
3468        	10          	5.167       	0.002941    	0.006374    	0.001323    
3472        	10          	5.128       	0.003602    	0.01073     	0.005869    
3476        	10          	5.163       	0.005598    	0.01169     	0.006974    
3480        	10          	5.113       	0.005765    	0.01072     	0.008862    
3484        	10          	5.128       	0.004634    	0.00811     	0.002142    
3488        	10          	5.168       	0.002985    	0.005996    	0.002906    
3492        	10          	5.187       	0.00389     	0.006912    	0.002081    
3496        	10          	5.16        	0.002241    	0.006616    	0.002607    
3500        	10          	5.157       	0.003513    	0.00807     	0.002871    
3504        	10          	5.122       	0.003591    	0.01101     	0.005171    
3508        	10          	5.132       	2.456e-05   	0.00833     	0.002572    
3512        	10          	5.097       	0.005908    	0.01068     	0.006343    
3516        	10          	5.12        	0.005493    	0.01181     	0.005803    
3520        	10          	5.12        	0.003879    	0.00885     	0.004793    
3524        	10          	5.065       	0.005051    	0.008198    	0.004202    
3528        	10          	5.04        	0.0007121   	0.008466    	0.002913    
3532        	10          	5.068       	0.005683    	0.01073     	0.005611    
3536        	10          	5.083       	0.004963    	0.009017    	0.004695    
3540        	10          	5.068       	0.005599    	0.01097     	0.003685    
3544        	10          	5.092       	0.005186    	0.008836    	0.005347    
3548        	10          	5.08        	0.005212    	0.01081     	0.005406    
3552        	10          	5.06        	0.002915    	0.01017     	0.003576    
3556        	10          	5.05        	0.005074    	0.0117      	0.004583    
3560        	10          	5.063       	0.007333    	0.008852    	0.003505    
3564        	10          	5.105       	0.005853    	0.009747    	0.004018    
3568        	10          	5.05        	0.005818    	0.01111     	0.005754    
3572        	10          	5.128       	0.005932    	0.00831     	0.003237    
3576        	10          	5.083       	0.004834    	0.008518    	0.004972    
3580        	10          	5.11        	0.002776    	0.01036     	0.00519     
3584        	10          	5.145       	0.002754    	0.009872    	0.002524    
3588        	10          	5.075       	0.003118    	0.008989    	0.005263    
3592        	10          	5.123       	0.005326    	0.009136    	0.004165    
3596        	10          	5.09        	0.003294    	0.00839     	0.002561    
3600        	10          	5.14        	0.004799    	0.01041     	0.006558    
3604        	10          	5.088       	0.005147    	0.0112      	0.005163    
3608        	10          	5.108       	0.003767    	0.01015     	0.003304    
3612        	10          	5.138       	0.004542    	0.007367    	0.003749    
3616        	10          	5.087       	0.003117    	0.007538    	0.002284    
3620        	10          	5.095       	0.0041      	0.007961    	0.002398    
3624        	10          	5.122       	0.004087    	0.01356     	0.003441    
3628        	10          	5.102       	0.003318    	0.009955    	0.006422    
3632        	10          	5.095       	0.002685    	0.008055    	0.003293    
3636        	10          	5.06        	0.00452     	0.008514    	0.00542     
3640        	10          	5.107       	0.004317    	0.006084    	0.004488    
3644        	10          	5.025       	0.003469    	0.007373    	0.004452    
3648        	10          	5.033       	0.003485    	0.006506    	0.003893    
3652        	10          	5.018       	0.001473    	0.008441    	0.00548     
3656        	10          	5.1         	0.002408    	0.00504     	0.002123    
3660        	10          	5.042       	0.005515    	0.01134     	0.003131    
3664        	10          	5.032       	0.007058    	0.008795    	0.004267    
3668        	10          	5.087       	0.00452     	0.009625    	0.00408     
3672        	10          	5.055       	0.002288    	0.008535    	0.004186    
3676        	10          	5.073       	0.004444    	0.005989    	0.004427    
3680        	10          	5.017       	0.005708    	0.008242    	0.005621    
3684        	10          	4.997       	0.004681    	0.01043     	0.001718    
3688        	10          	4.988       	0.00624     	0.009126    	0.00355     
3692        	10          	5.04        	0.004471    	0.01063     	0.005998    
3696        	10          	5.017       	0.004612    	0.01003     	0.004099    
3700        	10          	5.073       	0.006578    	0.008642    	0.004091    
3704        	10          	5.035       	0.005988    	0.00942     	0.005304    
3708        	10          	4.978       	0.006151    	0.01036     	0.005401    
3712        	10          	5.038       	0.005259    	0.01313     	0.006906    
3716        	10          	5.027       	0.006165    	0.01051     	0.002751    
3720        	10          	5.057       	0.003646    	0.009172    	0.00375     
3724        	10          	5.085       	0.003298    	0.006493    	0.003991    
3728        	10          	5           	0.004412    	0.007516    	0.005957    
3732        	10          	5.035       	0.003441    	0.008199    	0.001418    
3736        	10          	5.053       	0.003648    	0.01098     	0.004422    
3740        	10          	5.022       	0.003075    	0.007001    	0.001455    
3744        	10          	5.013       	0.005476    	0.009562    	0.005203    
3748        	10          	4.993       	0.003504    	0.00831     	0.001954    
3752        	10          	4.987       	0.008453    	0.01198     	0.004668    
3756        	10          	4.96        	0.002042    	0.008916    	0.003837    
3760        	10          	5           	0.005543    	0.009399    	0.003639    
3764        	10          	4.975       	0.005099    	0.008996    	0.005184    
3768        	10          	5.012       	0.002454    	0.008252    	0.003765    
3772        	10          	5.025       	0.004217    	0.01048     	0.003134    
3776        	10          	5.005       	0.003771    	0.007973    	0.004824    
3780        	10          	4.993       	0.005698    	0.008058    	0.00338     
3784        	10          	5.003       	0.004893    	0.006501    	0.004611    
3788        	10          	5.052       	0.005665    	0.009667    	0.003501    
3792        	10          	5.018       	0.004671    	0.01042     	0.005597    
3796        	10          	4.99        	0.003689    	0.01007     	0.003612    
3800        	10          	5           	0.005938    	0.01064     	0.005699    
3804        	10          	5.03        	0.004538    	0.01008     	0.004289    
3808        	10          	5.028       	0.004417    	0.01263     	0.0006492   
3812        	10          	5.045       	0.003927    	0.005346    	0.004392    
3816        	10          	5.008       	0.003602    	0.009384    	0.004308    
3820        	10          	4.968       	0.003525    	0.008283    	0.005247    
3824        	10          	4.982       	0.005413    	0.007799    	0.003543    
3828        	10          	5.003       	0.004808    	0.007173    	0.00305     
3832        	10          	5.017       	0.004433    	0.008412    	0.002554    
3836        	10          	5.077       	0.002564    	0.006624    	0.004541    
3840        	10          	4.967       	0.002982    	0.007593    	0.005386    
3844        	10          	5.063       	0.002059    	0.008484    	0.003068    
3848        	10          	5.022       	0.001908    	0.007411    	0.005249    
3852        	10          	4.997       	0.006185    	0.008673    	0.003126    
3856        	10          	5.017       	0.006402    	0.007794    	0.005782    
3860        	10          	5.023       	0.002372    	0.009494    	0.004463    
3864        	10          	5.027       	0.003023    	0.01017     	0.004369    
3868        	10          	5.03        	0.004558    	0.01094     	0.005561    
3872        	10          	5.025       	0.003677    	0.00924     	0.004962    
3876        	10          	5           	0.004989    	0.008002    	0.002887    
3880        	10          	5.03        	0.006222    	0.0107      	0.003651    
3884        	10          	5.023       	0.006548    	0.01257     	0.005007    
3888        	10          	5.033       	0.002206    	0.0069      	0.005298    
3892        	10          	5.01        	0.003016    	0.009728    	0.002888    
3896        	10          	5.005       	0.004007    	0.01        	0.005496    
3900        	10          	5.038       	0.00511     	0.008438    	0.003571    
3904        	10          	5.01        	0.005136    	0.009399    	0.002891    
3908        	10          	4.997       	0.003463    	0.00958     	0.002601    
3912        	10          	4.997       	0.004228    	0.01026     	0.006472    
3916        	10          	5.03        	0.003286    	0.01022     	0.004031    
3920        	10          	5.025       	0.003941    	0.01105     	0.006246    
3924        	10          	5.038       	0.0041      	0.007521    	0.005388    
3928        	10          	4.973       	0.002309    	0.008084    	0.00556     
3932        	10          	5.005       	0.003605    	0.01143     	0.00137     
3936        	10          	5.068       	0.004107    	0.008477    	0.001896    
3940        	10          	5.04        	0.003598    	0.008764    	0.004587    
3944        	10          	4.983       	0.005223    	0.009981    	0.006352    
3948        	10          	5.022       	0.003217    	0.00887     	0.003635    
3952        	10          	4.978       	0.005016    	0.00843     	0.00479     
3956        	10          	4.942       	0.004812    	0.007542    	0.003742    
3960        	10          	4.963       	0.005165    	0.008486    	0.005115    
3964        	10          	4.962       	0.005818    	0.012       	0.005009    
3968        	10          	4.978       	0.006149    	0.009714    	0.0009521   
3972        	10          	5.003       	0.004108    	0.009104    	0.003448    
3976        	10          	4.967       	0.003204    	0.007056    	0.004553    
3980        	10          	4.978       	0.003921    	0.009335    	0.006562    
3984        	10          	4.955       	0.002036    	0.009328    	0.004831    
3988        	10          	4.967       	0.002823    	0.009271    	0.004841    
3992        	10          	4.978       	0.004372    	0.01029     	0.00528     
3996        	10          	4.99        	0.005425    	0.007796    	0.004325    
4000        	10          	4.963       	0.006031    	0.008801    	0.005648    
4004        	10          	4.942       	0.008184    	0.01001     	0.002348    
4008        	10          	4.927       	0.01073     	0.009139    	0.004641    
4012        	10          	4.908       	0.01212     	0.01594     	0.003151    
4016        	10          	4.912       	0.01538     	0.01573     	0.00496     
4020        	10          	4.923       	0.01856     	0.01834     	0.003361    
4024        	10          	4.888       	0.01905     	0.02308     	0.003193    
4028        	10          	4.877       	0.02537     	0.02474     	0.004736    
4032        	10          	4.82        	0.02804     	0.02851     	0.004822    
4036        	10          	4.812       	0.03114     	0.03304     	0.003839    
4040        	10          	4.833       	0.03556     	0.03292     	0.004207    
4044        	10          	4.842       	0.03571     	0.03927     	0.002432    
4048        	10          	4.787       	0.03743     	0.03585     	0.007138    
4052        	10          	4.715       	0.04273     	0.04311     	0.008135    
4056        	10          	4.683       	0.04934     	0.05104     	0.01298     
4060        	10          	4.653       	0.0551      	0.05628     	0.01858     
4064        	10          	4.687       	0.05484     	0.04934     	0.01859     
4068        	10          	4.658       	0.05973     	0.05762     	0.02627     
4072        	10          	4.645       	0.0667      	0.06232     	0.03189     
4076        	10          	4.62        	0.06763     	0.06733     	0.0324      
4080        	10          	4.623       	0.07632     	0.0716      	0.03538     
4084        	10          	4.595       	0.07412     	0.07018     	0.04355     
4088        	10          	4.565       	0.07458     	0.07531     	0.04596     
4092        	10          	4.498       	0.08338     	0.07953     	0.04338     
4096        	10          	4.503       	0.08648     	0.08168     	0.05116     
4100        	10          	4.487       	0.07822     	0.07863     	0.05159     
4104        	10          	4.482       	0.08766     	0.07986     	0.05814     
4108        	10          	4.44        	0.08836     	0.08595     	0.05468     
4112        	10          	4.44        	0.09556     	0.09106     	0.06614     
4116        	10          	4.37        	0.09615     	0.09224     	0.06763     
4120        	10          	4.412       	0.1044      	0.09563     	0.0668      
4124        	10          	4.427       	0.1046      	0.09996     	0.06852     
4128        	10          	4.383       	0.1125      	0.1066      	0.074       
4132        	10          	4.35        	0.1157      	0.1153      	0.08357     
4136        	10          	4.357       	0.1116      	0.1142      	0.08054     
4140        	10          	4.327       	0.1117      	0.1159      	0.08865     
4144        	10          	4.262       	0.1154      	0.1257      	0.09369     
4148        	10          	4.322       	0.122       	0.1324      	0.09586     
4152        	10          	4.282       	0.1248      	0.1248      	0.09324     
4156        	10          	4.262       	0.1262      	0.1349      	0.102       
4160        	10          	4.235       	0.1293      	0.1313      	0.1051      
4164        	10          	4.293       	0.129       	0.1367      	0.1098      
4168        	10          	4.217       	0.1332      	0.1384      	0.1132      
4172        	10          	4.218       	0.1312      	0.1445      	0.1173      
4176        	10          	4.205       	0.1419      	0.1446      	0.1225      
4180        	10          	4.193       	0.1412      	0.1449      	0.1316      
4184        	10          	4.132       	0.1407      	0.1512      	0.131       
4188        	10          	4.112       	0.1435      	0.1577      	0.1358      
4192        	10          	4.153       	0.1411      	0.1499      	0.1381      
4196        	10          	4.133       	0.1499      	0.1589      	0.1351      
4200        	10          	4.122       	0.146       	0.1559      	0.142       
4204        	10          	4.13        	0.1506      	0.1602      	0.1446      
4208        	10          	4.15        	0.1504      	0.1575      	0.1468      
4212        	10          	4.133       	0.1539      	0.1692      	0.1531      
4216        	10          	4.115       	0.155       	0.1665      	0.1541      
4220        	10          	4.098       	0.1554      	0.163       	0.1618      
4224        	10          	4.133       	0.1508      	0.1669      	0.1576      
4228        	10          	4.062       	0.1529      	0.1684      	0.1569      
4232        	10          	4.093       	0.16        	0.1683      	0.1688      
4236        	10          	4.097       	0.1644      	0.1783      	0.1681      
4240        	10          	4.04        	0.1616      	0.1742      	0.1699      
4244        	10          	4.032       	0.1629      	0.1894      	0.1791      
4248        	10          	4.032       	0.1713      	0.185       	0.1746      
4252        	10          	3.985       	0.1742      	0.1808      	0.174       
4256        	10          	3.99        	0.1777      	0.1841      	0.1835      
4260        	10          	4           	0.1765      	0.1835      	0.1827      
4264        	10          	3.993       	0.1808      	0.1926      	0.1901      
4268        	10          	3.95        	0.1795      	0.1966      	0.1903      
4272        	10          	3.98        	0.183       	0.1968      	0.1945      
4276        	10          	3.953       	0.1871      	0.2003      	0.1988      
4280        	10          	3.94        	0.1851      	0.2021      	0.2005      
4284        	10          	3.912       	0.1959      	0.2027      	0.2022      
4288        	10          	3.965       	0.1985      	0.1992      	0.2049      
4292        	10          	3.937       	0.2049      	0.2042      	0.2143      
4296        	10          	3.915       	0.1962      	0.203       	0.2046      
4300        	10          	3.93        	0.2081      	0.2148      	0.2082      
4304        	10          	3.958       	0.2034      	0.2081      	0.2031      
4308        	10          	3.873       	0.2059      	0.2134      	0.2073      
4312        	10          	3.913       	0.2066      	0.2076      	0.2059      
4316        	10          	3.897       	0.2108      	0.2193      	0.209       
4320        	10          	3.885       	0.2157      	0.2164      	0.2131      
4324        	10          	3.888       	0.2156      	0.2189      	0.21        
4328        	10          	3.897       	0.2151      	0.2142      	0.2159      
4332        	10          	3.863       	0.2197      	0.2224      	0.2176      
4336        	10          	3.873       	0.2161      	0.2203      	0.2158      
4340        	10          	3.843       	0.2166      	0.2256      	0.2227      
4344        	10          	3.793       	0.2223      	0.229       	0.2282      
4348        	10          	3.85        	0.2228      	0.2326      	0.2252      
4352        	10          	3.852       	0.2188      	0.2307      	0.225       
4356        	10          	3.838       	0.2238      	0.2347      	0.2278      
4360        	10          	3.872       	0.2265      	0.2345      	0.2283      
4364        	10          	3.83        	0.232       	0.2256      	0.2275      
4368        	10          	3.848       	0.2292      	0.226       	0.2304      
4372        	10          	3.822       	0.2337      	0.2274      	0.2271      
4376        	10          	3.833       	0.2363      	0.2295      	0.236       
4380        	10          	3.817       	0.2408      	0.2342      	0.2382      
4384        	10          	3.765       	0.2447      	0.2455      	0.2369      
4388        	10          	3.757       	0.2417      	0.2445      	0.2391      
4392        	10          	3.753       	0.2432      	0.2481      	0.2421      
4396        	10          	3.752       	0.2461      	0.2483      	0.2434      
4400        	10          	3.728       	0.2479      	0.2508      	0.2392      
4404        	10          	3.748       	0.2503      	0.2553      	0.248       
4408        	10          	3.757       	0.2563      	0.2519      	0.2418      
4412        	10          	3.743       	0.252       	0.2498      	0.2463      
4416        	10          	3.733       	0.2512      	0.2543      	0.2493      
4420        	10          	3.795       	0.2574      	0.2583      	0.2462      
4424        	10          	3.763       	0.2646      	0.2631      	0.2557      
4428        	10          	3.738       	0.269       	0.2642      	0.2536      
4432        	10          	3.757       	0.2747      	0.2818      	0.2605      
4436        	10          	3.743       	0.2699      	0.2701      	0.2535      
4440        	10          	3.75        	0.2647      	0.2679      	0.2549      
4444        	10          	3.728       	0.2764      	0.2797      	0.2611      
4448        	10          	3.72        	0.2767      	0.2736      	0.266       
4452        	10          	3.755       	0.2715      	0.2757      	0.2625      
4456        	10          	3.765       	0.2703      	0.2758      	0.2594      
4460        	10          	3.71        	0.2691      	0.2754      	0.2628      
4464        	10          	3.742       	0.2831      	0.2785      	0.2622      
4468        	10          	3.72        	0.2802      	0.2761      	0.2615      
4472        	10          	3.735       	0.2796      	0.2733      	0.2691      
4476        	10          	3.707       	0.2831      	0.2795      	0.2674      
4480        	10          	3.692       	0.2886      	0.2786      	0.2667      
4484        	10          	3.697       	0.2973      	0.29        	0.2729      
4488        	10          	3.677       	0.2879      	0.2886      	0.2718      
4492        	10          	3.682       	0.2929      	0.281       	0.2739      
4496        	10          	3.66        	0.2962      	0.288       	0.2748      
4500        	10          	3.658       	0.2978      	0.2851      	0.2757      
4504        	10          	3.67        	0.2964      	0.2904      	0.2774      
4508        	10          	3.67        	0.2984      	0.2954      	0.2747      
4512        	10          	3.708       	0.2992      	0.2967      	0.2791      
4516        	10          	3.708       	0.2936      	0.289       	0.282       
4520        	10          	3.66        	0.298       	0.2959      	0.2775      
4524        	10          	3.635       	0.2908      	0.2878      	0.2748      
4528        	10          	3.662       	0.2991      	0.2886      	0.2876      
4532        	10          	3.663       	0.2962      	0.2986      	0.2784      
4536        	10          	3.638       	0.3041      	0.2956      	0.2868      
4540        	10          	3.61        	0.3012      	0.2951      	0.2936      
4544        	10          	3.607       	0.2914      	0.3001      	0.2842      
4548        	10          	3.638       	0.303       	0.2988      	0.2849      
4552        	10          	3.632       	0.3065      	0.2987      	0.2969      
4556        	10          	3.602       	0.3055      	0.2927      	0.288       
4560        	10          	3.595       	0.3045      	0.3019      	0.2906      
4564        	10          	3.642       	0.3076      	0.2946      	0.2839      
4568        	10          	3.632       	0.3009      	0.3025      	0.2833      
4572        	10          	3.573       	0.3035      	0.3007      	0.2857      
4576        	10          	3.588       	0.3086      	0.3017      	0.2911      
4580        	10          	3.653       	0.3071      	0.2957      	0.29        
4584        	10          	3.58        	0.313       	0.3027      	0.2952      
4588        	10          	3.568       	0.3153      	0.2971      	0.2898      
4592        	10          	3.573       	0.3135      	0.2979      	0.2972      
4596        	10          	3.553       	0.3186      	0.2991      	0.299       
4600        	10          	3.582       	0.3227      	0.3086      	0.2969      
4604        	10          	3.582       	0.3186      	0.3078      	0.2976      
4608        	10          	3.558       	0.3274      	0.3121      	0.3001      
4612        	10          	3.57        	0.3265      	0.3039      	0.3057      
4616        	10          	3.532       	0.328       	0.3002      	0.2973      
4620        	10          	3.537       	0.3267      	0.305       	0.2989      
4624        	10          	3.597       	0.3199      	0.3077      	0.2999      
4628        	10          	3.57        	0.3319      	0.3077      	0.3064      
4632        	10          	3.56        	0.329       	0.3115      	0.2954      
4636        	10          	3.565       	0.3264      	0.3063      	0.3044      
4640        	10          	3.55        	0.3276      	0.308       	0.3061      
4644        	10          	3.525       	0.328       	0.3114      	0.3025      
4648        	10          	3.545       	0.3296      	0.305       	0.2953      
4652        	10          	3.502       	0.3296      	0.319       	0.305       
4656        	10          	3.515       	0.3308      	0.3177      	0.3017      
4660        	10          	3.465       	0.3354      	0.3239      	0.3026      
4664        	10          	3.498       	0.337       	0.321       	0.3007      
4668        	10          	3.52        	0.3403      	0.3158      	0.3039      
4672        	10          	3.52        	0.3399      	0.3268      	0.3047      
4676        	10          	3.482       	0.3405      	0.3171      	0.313       
4680        	10          	3.488       	0.3406      	0.3312      	0.3072      
4684        	10          	3.503       	0.3436      	0.3273      	0.3069      
4688        	10          	3.502       	0.3464      	0.3372      	0.3171      
4692        	10          	3.49        	0.3462      	0.3423      	0.3224      
4696        	10          	3.472       	0.3481      	0.3403      	0.3203      
4700        	10          	3.475       	0.3443      	0.3379      	0.3237      
4704        	10          	3.477       	0.3509      	0.3442      	0.3285      
4708        	10          	3.48        	0.3563      	0.3449      	0.3302      
4712        	10          	3.5         	0.3522      	0.346       	0.3356      
4716        	10          	3.488       	0.3571      	0.3506      	0.3299      
4720        	10          	3.47        	0.358       	0.3483      	0.3369      
4724        	10          	3.473       	0.3561      	0.3492      	0.3403      
4728        	10          	3.457       	0.3544      	0.3524      	0.3439      
4732        	10          	3.467       	0.353       	0.3542      	0.3374      
4736        	10          	3.46        	0.3569      	0.3494      	0.3445      
4740        	10          	3.463       	0.3596      	0.3536      	0.3372      
4744        	10          	3.432       	0.3569      	0.3533      	0.3426      
4748        	10          	3.385       	0.3632      	0.3576      	0.3475      
4752        	10          	3.428       	0.3553      	0.3588      	0.3461      
4756        	10          	3.423       	0.3626      	0.3553      	0.3444      
4760        	10          	3.417       	0.3629      	0.3608      	0.3415      
4764        	10          	3.403       	0.3679      	0.3601      	0.3521      
4768        	10          	3.422       	0.3594      	0.36        	0.3451      
4772        	10          	3.38        	0.3679      	0.366       	0.352       
4776        	10          	3.382       	0.3633      	0.3678      	0.3554      
4780        	10          	3.367       	0.3586      	0.3554      	0.3485      
4784        	10          	3.432       	0.3626      	0.3606      	0.3489      
4788        	10          	3.413       	0.3613      	0.358       	0.3488      
4792        	10          	3.392       	0.3642      	0.3554      	0.348       
4796        	10          	3.392       	0.3682      	0.3619      	0.3481      
4800        	10          	3.402       	0.369       	0.3556      	0.352       
4804        	10          	3.403       	0.3611      	0.3596      	0.3515      
4808        	10          	3.39        	0.3648      	0.3526      	0.3513      
4812        	10          	3.358       	0.3688      	0.3564      	0.3571      
4816        	10          	3.413       	0.3623      	0.3559      	0.3542      
4820        	10          	3.413       	0.3613      	0.3593      	0.3555      
4824        	10          	3.395       	0.3699      	0.3612      	0.3565      
4828        	10          	3.43        	0.3601      	0.3575      	0.3531      
4832        	10          	3.43        	0.3653      	0.3489      	0.353       
4836        	10          	3.403       	0.3693      	0.3446      	0.3579      
4840        	10          	3.398       	0.368       	0.3478      	0.3577      
4844        	10          	3.395       	0.3669      	0.345       	0.3466      
4848        	10          	3.41        	0.3625      	0.3465      	0.3557      
4852        	10          	3.402       	0.376       	0.348       	0.3605      
4856        	10          	3.375       	0.3674      	0.3478      	0.3622      
4860        	10          	3.39        	0.3708      	0.3438      	0.3575      
4864        	10          	3.372       	0.3673      	0.3583      	0.3613      
4868        	10          	3.39        	0.38        	0.3562      	0.3618      
4872        	10          	3.357       	0.3682      	0.3537      	0.3594      
4876        	10          	3.402       	0.3691      	0.3537      	0.3666      
4880        	10          	3.395       	0.3739      	0.3557      	0.3636      
4884        	10          	3.363       	0.375       	0.3552      	0.3687      
4888        	10          	3.398       	0.3751      	0.3567      	0.3656      
4892        	10          	3.417       	0.3725      	0.3575      	0.3663      
4896        	10          	3.388       	0.3738      	0.3615      	0.376       
4900        	10          	3.407       	0.3766      	0.3603      	0.3667      
4904        	10          	3.412       	0.3716      	0.3615      	0.3743      
4908        	10          	3.357       	0.3854      	0.3684      	0.3735      
4912        	10          	3.382       	0.3922      	0.3772      	0.3786      
4916        	10          	3.355       	0.3933      	0.3744      	0.3765      
4920        	10          	3.343       	0.3845      	0.3664      	0.3744      
4924        	10          	3.323       	0.3953      	0.3714      	0.383       
4928        	10          	3.362       	0.3862      	0.3713      	0.3813      
4932        	10          	3.367       	0.3906      	0.3701      	0.3801      
4936        	10          	3.362       	0.3959      	0.379       	0.3912      
4940        	10          	3.337       	0.395       	0.3837      	0.3869      
4944        	10          	3.378       	0.3925      	0.3785      	0.3884      
4948        	10          	3.343       	0.3944      	0.3843      	0.3894      
4952        	10          	3.355       	0.391       	0.3798      	0.3867      
4956        	10          	3.323       	0.3914      	0.3857      	0.3935      
4960        	10          	3.307       	0.3883      	0.3818      	0.3932      
4964        	10          	3.367       	0.3889      	0.3779      	0.3847      
4968        	10          	3.353       	0.3923      	0.3799      	0.3827      
4972        	10          	3.34        	0.3911      	0.3818      	0.3798      
4976        	10          	3.338       	0.3888      	0.3743      	0.3835      
4980        	10          	3.338       	0.388       	0.3791      	0.379       
4984        	10          	3.33        	0.3885      	0.3804      	0.3838      
4988        	10          	3.335       	0.3905      	0.3792      	0.3819      
4992        	10          	3.338       	0.3859      	0.3785      	0.378       
4996        	10          	3.327       	0.3867      	0.3784      	0.3787      
5000        	10          	3.328       	0.392       	0.3803      	0.3789      
