generation  	alive.rpl   	n.adlt.rs   	n.adlt.fst.wc_p1-2	n.adlt.fst.wc_p1-3	n.adlt.fst.wc_p2-3
5           	10          	0.007156    	9.035e-07   	2.047e-06   	2.538e-06   
10          	10          	0.0224      	2.924e-06   	3.299e-06   	2.631e-06   
15          	10          	0.04169     	3.139e-06   	2.796e-06   	2.597e-06   
20          	10          	0.01706     	2.776e-07   	4.694e-06   	3.093e-06   
25          	10          	0.006433    	1.366e-06   	4.365e-06   	5.238e-06   
30          	10          	0.021       	3.031e-06   	3.984e-06   	2.362e-06   
35          	10          	0.01888     	6.652e-06   	5.377e-06   	2.214e-06   
40          	10          	0.01882     	5.9e-06     	4.567e-06   	3.578e-06   
45          	10          	0.023       	3.405e-06   	1.65e-06    	2.45e-06    
50          	10          	0.05449     	1.617e-06   	8.483e-06   	2.46e-06    
55          	10          	0.02584     	1.517e-06   	6.279e-06   	5.965e-06   
60          	10          	0.02838     	1.923e-06   	4.306e-06   	4.692e-06   
65          	10          	0.04569     	2.323e-06   	3.177e-06   	2.469e-06   
70          	10          	0.04678     	1.977e-06   	3.297e-06   	3.048e-06   
75          	10          	0.04679     	2.807e-06   	6.23e-06    	5.117e-06   
80          	10          	0.05172     	1.362e-05   	1.012e-05   	6.63e-06    
85          	10          	0.07311     	7.132e-06   	6.709e-06   	7.805e-06   
90          	10          	0.06722     	2.68e-06    	2.559e-06   	8.205e-07   
95          	10          	0.04025     	8.392e-06   	4.663e-06   	7.522e-06   
100         	10          	0.0279      	6.625e-06   	2.228e-06   	8.192e-06   
105         	10          	0.03808     	3.287e-06   	1.97e-06    	2.673e-06   
110         	10          	0.06486     	1.978e-06   	8.108e-06   	3.517e-06   
115         	10          	0.09371     	1.408e-06   	6.533e-06   	3.812e-06   
120         	10          	0.06557     	4.341e-06   	2.376e-06   	6.266e-06   
125         	10          	0.08735     	2.06e-06    	5.535e-06   	3.114e-06   
130         	10          	0.07533     	2.51e-06    	1.799e-06   	4.314e-06   
135         	10          	0.01562     	5.267e-06   	3.399e-06   	2.948e-06   
140         	10          	0.09234     	2.555e-06   	7.518e-06   	3.255e-06   
145         	10          	0.1211      	6.251e-06   	6.586e-06   	5.967e-06   
150         	10          	0.04688     	3.652e-06   	3.538e-06   	2.769e-06   
155         	10          	0.05527     	1.955e-06   	7.33e-06    	4.548e-06   
160         	10          	0.06334     	3.037e-06   	5.48e-06    	2.698e-06   
165         	10          	0.097       	1.002e-05   	6.239e-06   	8.191e-06   
170         	10          	0.104       	4.644e-06   	8.424e-06   	2.471e-06   
175         	10          	0.1021      	4.698e-06   	1.124e-05   	4.387e-07   
180         	10          	0.08893     	6.333e-06   	3.328e-06   	8.338e-06   
185         	10          	0.08127     	5.555e-06   	1.745e-06   	1.125e-06   
190         	10          	0.06656     	2.635e-06   	1.029e-05   	8.846e-06   
195         	10          	0.1602      	5.214e-06   	5.752e-06   	1.873e-06   
200         	10          	0.09719     	4.134e-06   	4.074e-06   	5.131e-06   
205         	10          	0.0943      	7.593e-06   	8.991e-06   	6.798e-06   
210         	10          	0.09896     	6.217e-06   	1.428e-05   	1.007e-05   
215         	10          	0.08251     	7.501e-06   	1.048e-05   	7.948e-06   
220         	10          	0.02806     	3.631e-06   	4.565e-06   	6.153e-06   
225         	10          	0.08568     	4.003e-06   	6.816e-06   	1.214e-05   
230         	10          	0.0598      	3.435e-06   	5.995e-06   	6.582e-06   
235         	10          	0.1209      	5.412e-06   	2.57e-06    	3.242e-06   
240         	10          	0.104       	4.991e-06   	7.867e-06   	6.179e-06   
245         	10          	0.05627     	4.827e-06   	8.653e-06   	6.786e-06   
250         	10          	0.1105      	1.694e-06   	3.517e-06   	5.186e-06   
255         	10          	0.09412     	4.273e-06   	3.52e-06    	2.747e-06   
260         	10          	0.0645      	6.526e-06   	1.223e-05   	3.337e-06   
265         	10          	0.08428     	2.657e-06   	5.564e-06   	7.76e-06    
270         	10          	0.1035      	7.342e-06   	7.529e-06   	4.018e-06   
275         	10          	0.08514     	3.181e-06   	3.679e-06   	4.496e-06   
280         	10          	0.0734      	4.714e-06   	5.872e-06   	6.229e-06   
285         	10          	0.07606     	1.953e-06   	7.9e-06     	7.839e-06   
290         	10          	0.04423     	2.5e-06     	1.443e-05   	4.551e-06   
295         	10          	0.1024      	7.92e-06    	1.564e-05   	8.277e-06   
300         	10          	0.09004     	1.588e-06   	7.749e-06   	6.382e-06   
305         	10          	0.1118      	6.686e-06   	1.095e-05   	6.285e-06   
310         	10          	0.08529     	4.487e-06   	3.854e-06   	9.562e-06   
315         	10          	0.04622     	4.696e-06   	3.36e-06    	4.72e-06    
320         	10          	0.1012      	7.776e-06   	3.649e-06   	4.487e-06   
325         	10          	0.08089     	9.847e-06   	9.901e-06   	3.69e-06    
330         	10          	0.08096     	1.057e-05   	1.184e-05   	7.57e-06    
335         	10          	0.04996     	1.099e-05   	1.209e-05   	7.45e-06    
340         	10          	0.07774     	4.63e-06    	1.594e-05   	6.949e-06   
345         	10          	0.1083      	2.127e-06   	5.616e-06   	1.113e-05   
350         	10          	0.1165      	6.254e-06   	9.394e-06   	8.27e-06    
355         	10          	0.1143      	2.989e-06   	8.75e-07    	2.548e-06   
360         	10          	0.1307      	7.413e-06   	4.059e-06   	3.409e-06   
365         	10          	0.1102      	9.856e-06   	1.172e-05   	4.264e-06   
370         	10          	0.07993     	9.536e-06   	1.373e-05   	6.511e-06   
375         	10          	0.1541      	9.595e-06   	9.168e-06   	2.619e-06   
380         	10          	0.1746      	8.161e-06   	7.506e-06   	8.177e-06   
385         	10          	0.1097      	1.11e-05    	1.236e-05   	3.189e-06   
390         	10          	0.08801     	4.998e-06   	1.666e-05   	1.13e-05    
395         	10          	0.1479      	2.433e-06   	1.404e-05   	1.002e-05   
400         	10          	0.1077      	1.031e-05   	6.282e-06   	5.239e-06   
405         	10          	0.1443      	8.722e-06   	1.434e-05   	2.104e-05   
410         	10          	0.09191     	9.996e-06   	2.6e-06     	6.205e-06   
415         	10          	0.06871     	7.991e-06   	1.785e-05   	7.418e-06   
420         	10          	0.1265      	5.311e-06   	8.304e-06   	7.584e-06   
425         	10          	0.1701      	9.385e-06   	9.876e-06   	3.223e-06   
430         	10          	0.1391      	7.96e-06    	1.834e-05   	4.514e-06   
435         	10          	0.1096      	3.38e-06    	5.604e-06   	6.957e-06   
440         	10          	0.1286      	1.315e-05   	5.02e-06    	8.937e-06   
445         	10          	0.1298      	4.722e-06   	1.27e-05    	7.735e-06   
450         	10          	0.1172      	8.19e-06    	1.131e-05   	1.445e-05   
455         	10          	0.1147      	9.836e-06   	1.33e-05    	1.253e-05   
460         	10          	0.0854      	2.037e-06   	7.95e-06    	7.295e-06   
465         	10          	0.1409      	1.131e-05   	3.504e-06   	6.038e-06   
470         	10          	0.06489     	6.033e-06   	1.534e-05   	8.15e-06    
475         	10          	0.1077      	5.555e-06   	1.163e-05   	1.019e-05   
480         	10          	0.13        	7.686e-06   	1.006e-05   	8.892e-06   
485         	10          	0.07714     	6.104e-06   	7.352e-06   	6.649e-06   
490         	10          	0.07643     	1.263e-05   	7.603e-06   	3.015e-06   
495         	10          	0.1133      	5.236e-06   	7.528e-06   	8.964e-06   
500         	10          	0.08001     	6.961e-06   	1.998e-05   	5.418e-06   
505         	10          	0.1064      	3.859e-06   	1.643e-05   	5.299e-06   
510         	10          	0.1141      	7.579e-06   	4.517e-06   	5.485e-06   
515         	10          	0.1138      	9.686e-06   	1.238e-05   	1.133e-05   
520         	10          	0.0825      	7.295e-06   	9.338e-06   	8.321e-06   
525         	10          	0.08221     	3.906e-06   	1.447e-05   	8.143e-06   
530         	10          	0.09884     	4.939e-06   	1.545e-05   	4.258e-06   
535         	10          	0.1016      	3.439e-06   	1.595e-05   	1.062e-05   
540         	10          	0.097       	3.623e-06   	7.655e-06   	1.608e-05   
545         	10          	0.1556      	1.333e-05   	7.872e-06   	9.897e-06   
550         	10          	0.08028     	7.255e-06   	2.018e-05   	1.469e-06   
555         	10          	0.1228      	1.102e-05   	8.434e-06   	1.557e-06   
560         	10          	0.1273      	2.161e-05   	1.545e-05   	1.233e-05   
565         	10          	0.1123      	4.476e-06   	9.858e-06   	4.487e-06   
570         	10          	0.137       	3.454e-06   	4.982e-06   	6.418e-06   
575         	10          	0.1406      	9.541e-06   	1.764e-05   	9.281e-06   
580         	10          	0.1498      	6.138e-06   	1.11e-05    	4.462e-06   
585         	10          	0.1126      	5.147e-06   	3.608e-06   	7.627e-06   
590         	10          	0.09257     	1.315e-05   	2.224e-05   	6.617e-06   
595         	10          	0.1257      	8.074e-06   	1.216e-05   	1.014e-05   
600         	10          	0.1648      	5.776e-06   	8.127e-06   	1.421e-05   
605         	10          	0.1382      	3.922e-06   	2.837e-05   	9.118e-06   
610         	10          	0.1159      	7.298e-06   	7.434e-06   	7.001e-06   
615         	10          	0.1187      	5.194e-06   	9.062e-06   	3.916e-06   
620         	10          	0.1259      	7.29e-06    	1.413e-05   	6.265e-06   
625         	10          	0.1104      	6.548e-06   	1.01e-05    	8.887e-06   
630         	10          	0.1118      	8.966e-06   	1.085e-05   	4.289e-06   
635         	10          	0.1375      	1.315e-05   	6.853e-06   	1.877e-05   
640         	10          	0.1332      	5.457e-06   	2.071e-05   	7.069e-06   
645         	10          	0.1315      	1.131e-05   	4.649e-06   	4.978e-06   
650         	10          	0.1096      	1.021e-05   	4.319e-06   	6.612e-06   
655         	10          	0.1297      	4.39e-06    	1.42e-05    	1.093e-05   
660         	10          	0.1297      	6.799e-06   	9.465e-06   	5.318e-06   
665         	10          	0.1108      	1.727e-06   	1.264e-05   	1.109e-05   
670         	10          	0.06586     	2.426e-06   	4.587e-06   	1.504e-05   
675         	10          	0.1135      	4.829e-06   	1.002e-05   	1.148e-05   
680         	10          	0.08768     	6.115e-06   	6.056e-06   	4.088e-06   
685         	10          	0.1251      	2.402e-06   	8.161e-06   	4.949e-06   
690         	10          	0.113       	2.899e-05   	9.626e-06   	7.342e-06   
695         	10          	0.08362     	4.976e-06   	8.375e-06   	6.385e-06   
700         	10          	0.06478     	1.422e-05   	3.169e-06   	6.423e-06   
705         	10          	0.03896     	9.111e-06   	1.917e-05   	1.792e-06   
710         	10          	0.08082     	5.045e-06   	7.521e-06   	9.945e-06   
715         	10          	0.08039     	5.944e-06   	1.637e-05   	2.087e-05   
720         	10          	0.06718     	3.077e-06   	1.28e-05    	5.535e-06   
725         	10          	0.04329     	1.505e-05   	1.317e-05   	1.063e-05   
730         	10          	0.05532     	4.966e-06   	1.544e-05   	7.962e-06   
735         	10          	0.04588     	1.415e-05   	1.362e-05   	4.136e-06   
740         	10          	0.02807     	1.668e-05   	1.01e-05    	9.669e-06   
745         	10          	0.03453     	3.085e-06   	1.051e-05   	4.76e-06    
750         	10          	0.03507     	8.264e-06   	1.18e-05    	7.228e-06   
755         	10          	0.02547     	7.603e-06   	4.927e-06   	9.569e-06   
760         	10          	0.04366     	3.798e-06   	1.28e-05    	9.584e-06   
765         	10          	0.05847     	6.43e-06    	9.821e-06   	7.77e-06    
770         	10          	0.0561      	1.162e-05   	8.355e-06   	8.66e-06    
775         	10          	0.06978     	1.708e-06   	6.152e-06   	5.855e-06   
780         	10          	0.06521     	1.049e-05   	1.107e-05   	1.354e-05   
785         	10          	0.07057     	8.624e-06   	2.529e-05   	1.402e-05   
790         	10          	0.04388     	1.813e-05   	3.38e-06    	5.297e-06   
795         	10          	0.0626      	8.964e-06   	2.264e-05   	1.007e-05   
800         	10          	0.08206     	2.258e-06   	9.909e-06   	1.272e-05   
805         	10          	0.06489     	1.342e-05   	2.133e-05   	9.36e-06    
810         	10          	0.05589     	6.29e-06    	6.319e-06   	5.643e-06   
815         	10          	0.06543     	5.003e-06   	5.674e-06   	8.481e-06   
820         	10          	0.0276      	2.543e-06   	2.216e-05   	3.672e-06   
825         	10          	0.04282     	9.062e-06   	2.014e-05   	7.127e-06   
830         	10          	0.02934     	7.134e-06   	8.9e-06     	3.106e-06   
835         	10          	0.02879     	2.537e-05   	1.079e-05   	6.984e-06   
840         	10          	0.05101     	1.624e-05   	1.216e-05   	1.077e-05   
845         	10          	0.04468     	1.619e-05   	9.476e-06   	7.63e-06    
850         	10          	0.04201     	1.072e-05   	3.115e-05   	1.503e-05   
855         	10          	0.1012      	1.154e-05   	3.025e-05   	4.609e-06   
860         	10          	0.05056     	1.744e-05   	9.13e-06    	1.732e-05   
865         	10          	0.0849      	1.188e-05   	2.257e-05   	6.953e-06   
870         	10          	0.07846     	2.642e-06   	9.99e-06    	1.275e-05   
875         	10          	0.09941     	8.151e-06   	1.196e-05   	7.996e-06   
880         	10          	0.06657     	1.459e-05   	1.609e-05   	4.447e-06   
885         	10          	0.04464     	1.709e-05   	1.548e-05   	6.952e-06   
890         	10          	0.06019     	8.527e-06   	2.034e-05   	1.564e-05   
895         	10          	0.05417     	2.7e-06     	1.354e-05   	2.232e-05   
900         	10          	0.06362     	1.231e-05   	9.96e-06    	4.922e-06   
905         	10          	0.07766     	3.032e-06   	2.017e-05   	5.77e-06    
910         	10          	0.106       	1.067e-05   	1.169e-05   	1.47e-05    
915         	10          	0.05507     	1.612e-05   	1.266e-05   	1.002e-05   
920         	10          	0.0871      	4.927e-06   	9.209e-06   	4.109e-06   
925         	10          	0.05875     	1.074e-05   	1.473e-05   	5.088e-06   
930         	10          	0.08667     	5.285e-06   	1.296e-05   	1.091e-05   
935         	10          	0.09296     	1.264e-05   	1.535e-05   	5.777e-06   
940         	10          	0.04611     	8.843e-06   	2.996e-05   	1.388e-05   
945         	10          	0.0619      	4.731e-06   	1.249e-05   	8.096e-06   
950         	10          	0.05584     	1.422e-05   	1.174e-05   	1.22e-05    
955         	10          	0.0673      	6.821e-06   	1.339e-05   	2.343e-06   
960         	10          	0.06389     	8.544e-06   	1.674e-05   	8.626e-06   
965         	10          	0.04145     	3.887e-06   	4.923e-06   	1.075e-05   
970         	10          	0.05688     	1.237e-05   	2.119e-05   	1.445e-05   
975         	10          	0.07056     	2.082e-05   	1.454e-05   	1.055e-05   
980         	10          	0.06444     	1.625e-05   	2.046e-05   	6.854e-06   
985         	10          	0.09156     	1.137e-05   	1.609e-05   	1.574e-05   
990         	10          	0.07751     	6.089e-06   	2.044e-05   	1.746e-05   
995         	10          	0.08119     	6.151e-06   	1.433e-05   	2.896e-06   
1000        	10          	0.07539     	2.022e-05   	1.223e-05   	1.193e-05   
1005        	10          	0.065       	8.365e-06   	1.866e-05   	8.655e-06   
1010        	10          	0.06468     	7.369e-06   	2.055e-05   	1.229e-05   
1015        	10          	0.07133     	6.532e-06   	1.463e-05   	7.329e-06   
1020        	10          	0.06788     	9.568e-06   	2.371e-05   	1.033e-05   
1025        	10          	0.04979     	1.333e-05   	7.593e-06   	1.489e-05   
1030        	10          	0.04146     	1.037e-05   	1.046e-05   	9.92e-06    
1035        	10          	0.04784     	9.919e-06   	1.445e-05   	6.645e-06   
1040        	10          	0.06378     	1.292e-05   	8.172e-06   	8.19e-06    
1045        	10          	0.03471     	7.022e-06   	1.125e-05   	1.511e-05   
1050        	10          	0.05257     	5.395e-06   	6.69e-06    	7.576e-06   
1055        	10          	0.05616     	8.343e-06   	8.447e-06   	4.233e-06   
1060        	10          	0.06493     	5.038e-06   	1.087e-05   	9.223e-06   
1065        	10          	0.06571     	1.584e-05   	1.589e-05   	5.012e-06   
1070        	10          	0.09067     	1.267e-05   	2.5e-05     	3.926e-06   
1075        	10          	0.05723     	5.577e-06   	1.319e-05   	5.911e-06   
1080        	10          	0.07864     	1.335e-05   	3.128e-05   	5.235e-06   
1085        	10          	0.08868     	5.213e-06   	2.075e-05   	1.136e-05   
1090        	10          	0.0486      	1.002e-05   	1.533e-05   	1.542e-05   
1095        	10          	0.08519     	6.752e-06   	1.609e-05   	1.367e-05   
1100        	10          	0.1131      	1.065e-05   	2.136e-05   	8.251e-06   
1105        	10          	0.05845     	2.08e-05    	7.423e-06   	9.607e-06   
1110        	10          	0.09851     	7.728e-06   	1.334e-05   	1.607e-05   
1115        	10          	0.06584     	1.117e-05   	1.75e-05    	9.052e-06   
1120        	10          	0.07256     	7.836e-06   	7.361e-06   	1.288e-05   
1125        	10          	0.09973     	9.656e-06   	2.991e-05   	5.835e-06   
1130        	10          	0.1179      	3.715e-05   	1.363e-05   	1.419e-05   
1135        	10          	0.071       	1.236e-05   	2.69e-05    	1.657e-05   
1140        	10          	0.1021      	1.01e-05    	9.192e-06   	9.411e-06   
1145        	10          	0.1097      	1.242e-05   	1.571e-05   	8.069e-06   
1150        	10          	0.07023     	1.626e-06   	1.537e-05   	6.863e-06   
1155        	10          	0.0804      	6.804e-06   	2.248e-05   	1.086e-05   
1160        	10          	0.07518     	4.663e-06   	1.192e-05   	5.336e-06   
1165        	10          	0.1262      	7.358e-06   	1.282e-05   	1.495e-05   
1170        	10          	0.08134     	1.484e-05   	1.07e-05    	3.411e-06   
1175        	10          	0.08551     	3.17e-06    	9.881e-06   	7.832e-06   
1180        	10          	0.06861     	1.009e-05   	1.704e-05   	1.266e-05   
1185        	10          	0.1188      	1.847e-05   	9.291e-06   	6.355e-06   
1190        	10          	0.08973     	9.623e-06   	3.139e-05   	1.348e-05   
1195        	10          	0.1018      	6.832e-06   	7.731e-06   	1.089e-05   
1200        	10          	0.07736     	9.519e-06   	5.681e-06   	7.561e-06   
1205        	10          	0.1062      	2.32e-05    	3.074e-05   	1.281e-05   
1210        	10          	0.05518     	2.006e-05   	1.986e-05   	1.398e-05   
1215        	10          	0.1148      	1.244e-05   	1.843e-05   	6.372e-06   
1220        	10          	0.08793     	9.946e-06   	2.881e-05   	9.063e-06   
1225        	10          	0.1523      	1.62e-05    	1.966e-05   	2.549e-06   
1230        	10          	0.1216      	5.2e-06     	1.362e-05   	1.118e-05   
1235        	10          	0.1406      	8.517e-06   	1.808e-05   	9.743e-06   
1240        	10          	0.1339      	9.4e-06     	4.789e-05   	7.401e-06   
1245        	10          	0.1449      	9.837e-06   	2.083e-05   	1.558e-05   
1250        	10          	0.08722     	1.203e-05   	2.014e-05   	5.006e-06   
1255        	10          	0.09189     	1.824e-05   	1.591e-05   	1.042e-05   
1260        	10          	0.1266      	8.775e-06   	9.964e-06   	7.922e-06   
1265        	10          	0.1161      	7.688e-06   	7.978e-06   	8.377e-06   
1270        	10          	0.1109      	7.744e-06   	1.799e-05   	2.132e-05   
1275        	10          	0.1161      	1.274e-05   	2.326e-05   	2.472e-05   
1280        	10          	0.1143      	3.616e-06   	1.982e-05   	9.712e-06   
1285        	10          	0.08556     	1.236e-05   	1.951e-05   	1.376e-05   
1290        	10          	0.08393     	1.284e-05   	4.62e-06    	8.593e-06   
1295        	10          	0.1169      	1.144e-05   	6.89e-06    	8.483e-06   
1300        	10          	0.1046      	4.51e-06    	7.412e-06   	1.126e-05   
1305        	10          	0.1009      	9.66e-06    	1.122e-05   	8.739e-06   
1310        	10          	0.06462     	3.496e-06   	1.188e-05   	3.871e-06   
1315        	10          	0.07508     	1.003e-05   	1.858e-05   	4.493e-06   
1320        	10          	0.1106      	1.438e-05   	1.868e-05   	8.795e-06   
1325        	10          	0.06516     	4.159e-06   	1.156e-05   	1.104e-05   
1330        	10          	0.08271     	7.406e-06   	1.542e-05   	1.914e-06   
1335        	10          	0.09456     	1.208e-05   	9.976e-06   	1.149e-05   
1340        	10          	0.04411     	9.677e-06   	1.226e-05   	7.257e-06   
1345        	10          	0.05329     	9.426e-06   	1.544e-05   	4.997e-06   
1350        	10          	0.0605      	1.152e-05   	2.535e-05   	6.517e-06   
1355        	10          	0.03972     	1.001e-05   	1.736e-05   	5.59e-06    
1360        	10          	0.04803     	7.676e-06   	1.497e-05   	6.637e-06   
1365        	10          	0.04429     	9.335e-06   	8.368e-06   	1.263e-05   
1370        	10          	0.09293     	1.717e-05   	1.15e-05    	1.29e-05    
1375        	10          	0.03747     	5.958e-06   	2.5e-05     	1.656e-05   
1380        	10          	0.07943     	1.076e-05   	5.257e-06   	1.03e-05    
1385        	10          	0.09161     	2.012e-05   	2.431e-05   	1.821e-05   
1390        	10          	0.08547     	9.613e-06   	1.968e-05   	1.635e-05   
1395        	10          	0.09739     	1.337e-05   	1.805e-05   	5.612e-06   
1400        	10          	0.09588     	7.378e-06   	1.256e-05   	5.09e-06    
1405        	10          	0.06079     	2.035e-05   	1.495e-05   	1.507e-05   
1410        	10          	0.08261     	4.438e-06   	1.005e-05   	1.074e-05   
1415        	10          	0.08761     	1.493e-05   	1.262e-05   	1.501e-05   
1420        	10          	0.1498      	1.587e-05   	5.722e-06   	1.112e-05   
1425        	10          	0.1257      	1.403e-05   	1.311e-05   	4.892e-06   
1430        	10          	0.1503      	1.214e-05   	2.567e-05   	7.419e-06   
1435        	10          	0.0888      	4.747e-06   	1.096e-05   	3.255e-05   
1440        	10          	0.1087      	8.61e-06    	1.509e-05   	8.303e-06   
1445        	10          	0.1207      	1.2e-05     	3.265e-05   	1.939e-05   
1450        	10          	0.1267      	5.429e-06   	3.153e-06   	7.909e-06   
1455        	10          	0.1342      	1.467e-05   	1.421e-05   	3.297e-05   
1460        	10          	0.133       	1.537e-05   	1.85e-05    	2.285e-05   
1465        	10          	0.07213     	9.143e-06   	3.323e-05   	1.901e-05   
1470        	10          	0.1481      	1.62e-05    	4.088e-05   	1.471e-05   
1475        	10          	0.09379     	4.846e-06   	4.209e-05   	1.887e-05   
1480        	10          	0.1511      	6.374e-06   	2.537e-05   	1.527e-05   
1485        	10          	0.07299     	7.192e-06   	9.168e-06   	8.117e-06   
1490        	10          	0.1471      	5.019e-06   	8.386e-06   	1.587e-05   
1495        	10          	0.1598      	1.31e-05    	1.225e-05   	1.254e-05   
1500        	10          	0.1548      	1.456e-05   	1.176e-05   	8.913e-06   
1505        	10          	0.09396     	5.969e-06   	2.406e-05   	9.521e-06   
1510        	10          	0.1034      	5.991e-06   	1.764e-05   	1.821e-05   
1515        	10          	0.1204      	1.259e-05   	9.557e-06   	1.724e-05   
1520        	10          	0.138       	6.298e-06   	1.741e-05   	1.063e-05   
1525        	10          	0.1453      	1.855e-05   	8.729e-06   	1.552e-05   
1530        	10          	0.1319      	1.873e-05   	1.452e-05   	9.807e-06   
1535        	10          	0.1182      	1.078e-05   	2.192e-05   	1.287e-05   
1540        	10          	0.1363      	1.541e-05   	2.858e-05   	4.328e-06   
1545        	10          	0.09858     	7.85e-06    	3.94e-05    	2.435e-05   
1550        	10          	0.1354      	1.112e-05   	1.484e-05   	2.694e-05   
1555        	10          	0.1543      	8.663e-06   	1.965e-05   	9.227e-06   
1560        	10          	0.08961     	8.53e-06    	1.502e-05   	8.1e-06     
1565        	10          	0.1024      	1.135e-05   	1.132e-05   	1.102e-05   
1570        	10          	0.08603     	1.542e-05   	1.39e-05    	1.621e-05   
1575        	10          	0.1148      	8.347e-06   	9.331e-06   	5.931e-06   
1580        	10          	0.09363     	1.972e-05   	1.786e-05   	6.702e-06   
1585        	10          	0.1477      	2.141e-05   	1.189e-05   	1.347e-05   
1590        	10          	0.09818     	1.38e-05    	7.801e-06   	3.148e-06   
1595        	10          	0.09967     	9.306e-06   	2.41e-05    	3.669e-06   
1600        	10          	0.1171      	2.983e-06   	2.273e-05   	2.045e-05   
1605        	10          	0.09272     	1.002e-05   	2.486e-05   	7.725e-06   
1610        	10          	0.1039      	4.669e-06   	2.01e-05    	2.343e-05   
1615        	10          	0.1453      	3.012e-06   	1.792e-05   	1.008e-05   
1620        	10          	0.1084      	2.574e-05   	1.428e-05   	1.441e-05   
1625        	10          	0.07773     	4.902e-06   	1.917e-05   	4.756e-06   
1630        	10          	0.1094      	1.523e-05   	1.807e-05   	7.052e-06   
1635        	10          	0.1117      	4.505e-06   	4.052e-06   	6.152e-06   
1640        	10          	0.1273      	1.736e-05   	2.322e-05   	1.128e-05   
1645        	10          	0.1172      	2.135e-05   	1.459e-05   	1.005e-05   
1650        	10          	0.1247      	2.329e-05   	2.659e-05   	9.844e-06   
1655        	10          	0.1172      	1.94e-05    	9.002e-06   	5.993e-06   
1660        	10          	0.096       	1.537e-05   	1.082e-05   	1.177e-05   
1665        	10          	0.1183      	8.63e-06    	2.126e-05   	7.07e-06    
1670        	10          	0.09432     	8.76e-06    	1.163e-05   	9.021e-06   
1675        	10          	0.135       	1.121e-05   	1.027e-05   	8.621e-06   
1680        	10          	0.08607     	1.041e-05   	1.104e-05   	1.768e-05   
1685        	10          	0.06999     	4.087e-06   	2.957e-05   	1.43e-05    
1690        	10          	0.1085      	6.767e-06   	1.115e-05   	5.249e-06   
1695        	10          	0.09041     	1.618e-05   	2.409e-05   	1.137e-05   
1700        	10          	0.09534     	1.748e-05   	1.951e-05   	8.455e-06   
1705        	10          	0.09682     	7.911e-06   	1.159e-05   	1.024e-05   
1710        	10          	0.07068     	7.021e-06   	2.231e-05   	2.794e-05   
1715        	10          	0.08449     	1.212e-05   	1.098e-05   	1.014e-05   
1720        	10          	0.1096      	1.79e-05    	5.163e-06   	8.909e-06   
1725        	10          	0.07508     	1.391e-05   	1.791e-05   	8.275e-06   
1730        	10          	0.07034     	1.244e-05   	3.301e-05   	2.542e-06   
1735        	10          	0.07543     	7.363e-06   	1.583e-05   	1.66e-05    
1740        	10          	0.1019      	1.025e-05   	1.798e-05   	1.033e-05   
1745        	10          	0.08039     	7.794e-06   	2.202e-05   	1.083e-05   
1750        	10          	0.07891     	2.347e-05   	8.034e-06   	1.458e-05   
1755        	10          	0.06882     	3.387e-05   	2.745e-05   	1.635e-05   
1760        	10          	0.0944      	1.031e-05   	2.475e-05   	1.502e-05   
1765        	10          	0.07128     	1.902e-05   	3.292e-05   	5.408e-06   
1770        	10          	0.09901     	1.631e-05   	2.23e-05    	2.672e-05   
1775        	10          	0.1106      	9.809e-06   	1.81e-05    	8.577e-06   
1780        	10          	0.1026      	1.867e-05   	5.944e-06   	7.579e-06   
1785        	10          	0.09924     	2.616e-05   	4.05e-05    	9.1e-06     
1790        	10          	0.1025      	2.09e-05    	2.076e-05   	1.128e-05   
1795        	10          	0.09569     	9.744e-06   	2.364e-05   	1.142e-05   
1800        	10          	0.09645     	1.833e-05   	5.108e-06   	2.395e-05   
1805        	10          	0.07695     	3.15e-05    	5.744e-05   	2.294e-05   
1810        	10          	0.07145     	2.776e-05   	1.7e-05     	1.773e-05   
1815        	10          	0.08143     	4.426e-06   	4.338e-05   	9.698e-06   
1820        	10          	0.08356     	1.718e-05   	1.659e-05   	1.685e-05   
1825        	10          	0.06269     	1.777e-05   	2.713e-05   	2.865e-05   
1830        	10          	0.05767     	4.711e-06   	1.447e-05   	4.977e-06   
1835        	10          	0.08468     	8.041e-06   	3.288e-05   	1.282e-05   
1840        	10          	0.07134     	8.052e-06   	4.279e-05   	9.856e-06   
1845        	10          	0.06973     	1.109e-05   	2.027e-05   	8.78e-06    
1850        	10          	0.07664     	1.416e-05   	3.217e-05   	3.251e-05   
1855        	10          	0.103       	1.001e-05   	1.751e-05   	1.374e-05   
1860        	10          	0.08341     	2.18e-05    	1.668e-05   	5.005e-06   
1865        	10          	0.0688      	8.77e-06    	2.783e-05   	1.294e-05   
1870        	10          	0.09186     	2.888e-05   	1.361e-05   	9.911e-06   
1875        	10          	0.08101     	6.35e-06    	1.235e-05   	6.863e-06   
1880        	10          	0.1025      	1.705e-05   	1.104e-05   	1.348e-05   
1885        	10          	0.05106     	8.724e-06   	2.189e-05   	1.468e-05   
1890        	10          	0.1052      	1.717e-05   	1.131e-05   	1.107e-05   
1895        	10          	0.0476      	1.528e-05   	1.284e-05   	8.436e-06   
1900        	10          	0.08372     	8.636e-06   	1.083e-05   	1.664e-05   
1905        	10          	0.09404     	1.566e-05   	3.49e-05    	1.708e-05   
1910        	10          	0.09341     	1.397e-05   	4.064e-05   	4.104e-05   
1915        	10          	0.086       	3.172e-05   	1.552e-05   	7.389e-06   
1920        	10          	0.07556     	1.173e-05   	2.275e-05   	1.157e-05   
1925        	10          	0.07051     	5.983e-06   	2.592e-05   	9.863e-06   
1930        	10          	0.07078     	1.513e-05   	1.503e-05   	1.062e-05   
1935        	10          	0.06267     	2.055e-05   	1.767e-05   	1.47e-05    
1940        	10          	0.08507     	8.71e-06    	1.316e-05   	8.747e-06   
1945        	10          	0.0779      	9.931e-06   	1.48e-05    	8.222e-06   
1950        	10          	0.0595      	2.34e-05    	1.559e-05   	2.645e-05   
1955        	10          	0.09366     	1.204e-05   	1.751e-05   	1.033e-05   
1960        	10          	0.08424     	7.722e-06   	8.221e-06   	1.327e-05   
1965        	10          	0.1184      	1.511e-05   	1.067e-05   	1.266e-05   
1970        	10          	0.1054      	1.523e-05   	1.386e-05   	8.996e-06   
1975        	10          	0.09267     	3.113e-05   	6.367e-06   	1.758e-05   
1980        	10          	0.08269     	1.011e-05   	2.711e-05   	1.141e-05   
1985        	10          	0.09999     	1.137e-05   	1.4e-05     	1.434e-05   
1990        	10          	0.1131      	1.495e-05   	7.314e-06   	6.838e-06   
1995        	10          	0.1549      	2.341e-05   	5.21e-06    	1.625e-05   
2000        	10          	0.12        	1.38e-05    	3.06e-05    	5.822e-06   
2005        	10          	0.1354      	1.332e-05   	1.74e-05    	1.548e-05   
2010        	10          	0.1268      	1.812e-05   	9.625e-06   	1.42e-05    
2015        	10          	0.097       	1.068e-05   	4.029e-05   	1.212e-05   
2020        	10          	0.09879     	1.209e-05   	1.142e-05   	1.215e-05   
2025        	10          	0.1737      	3.767e-06   	1.704e-05   	1.034e-05   
2030        	10          	0.1221      	2.799e-05   	3.661e-05   	7.983e-06   
2035        	10          	0.1202      	8.225e-06   	8.668e-06   	5.756e-06   
2040        	10          	0.0708      	2.134e-05   	2.017e-05   	1.447e-05   
2045        	10          	0.1084      	1.285e-05   	2.617e-05   	2.51e-05    
2050        	10          	0.1064      	1.454e-05   	4.578e-06   	6.398e-06   
2055        	10          	0.09175     	1.045e-05   	2.243e-05   	9.139e-06   
2060        	10          	0.07975     	9.046e-06   	1.317e-05   	1.025e-05   
2065        	10          	0.07771     	9.451e-06   	7.288e-06   	1.241e-05   
2070        	10          	0.1269      	9.387e-06   	1.652e-05   	4.638e-06   
2075        	10          	0.1304      	1.788e-05   	2.009e-05   	8.568e-06   
2080        	10          	0.1232      	7.83e-06    	3.792e-05   	1.62e-05    
2085        	10          	0.0905      	8.142e-06   	2.106e-05   	1.652e-05   
2090        	10          	0.1184      	9.329e-06   	5.073e-05   	1.572e-05   
2095        	10          	0.1215      	1.926e-05   	1.865e-05   	1.061e-05   
2100        	10          	0.1441      	1.335e-05   	1.305e-05   	1.261e-05   
2105        	10          	0.09069     	1.771e-05   	1.416e-05   	2.501e-05   
2110        	10          	0.1411      	4.369e-06   	1.028e-05   	1.839e-05   
2115        	10          	0.08546     	2.563e-05   	2.175e-05   	1.713e-05   
2120        	10          	0.1054      	2.064e-05   	3.342e-05   	6.059e-06   
2125        	10          	0.1073      	1.761e-05   	2.26e-05    	1.97e-05    
2130        	10          	0.1415      	1.61e-05    	3.816e-05   	1.453e-05   
2135        	10          	0.1284      	1.822e-05   	2.193e-05   	2.194e-05   
2140        	10          	0.1278      	1.245e-05   	9.996e-06   	1.379e-05   
2145        	10          	0.115       	3.483e-05   	1.516e-05   	1.125e-05   
2150        	10          	0.1346      	1.303e-05   	5.189e-06   	1.378e-05   
2155        	10          	0.08728     	1.291e-05   	1.177e-05   	1.275e-05   
2160        	10          	0.1284      	6.446e-06   	2.077e-05   	2.666e-06   
2165        	10          	0.1461      	1.908e-05   	2.113e-05   	8.644e-06   
2170        	10          	0.1245      	7.72e-06    	1.268e-05   	1.883e-05   
2175        	10          	0.1309      	5.037e-06   	3.552e-05   	1.328e-05   
2180        	10          	0.1109      	1.903e-05   	1.399e-05   	7.946e-06   
2185        	10          	0.103       	2.089e-05   	1.209e-05   	2.524e-06   
2190        	10          	0.07162     	4.836e-05   	2.122e-05   	2.02e-05    
2195        	10          	0.0605      	7.679e-06   	2.974e-05   	1.913e-05   
2200        	10          	0.08468     	9.322e-06   	2.908e-05   	1.584e-05   
2205        	10          	0.06204     	1.748e-05   	2.721e-05   	5.6e-06     
2210        	10          	0.04846     	1.384e-05   	1.147e-05   	7.808e-06   
2215        	10          	0.08201     	1.39e-05    	2.876e-05   	1.613e-05   
2220        	10          	0.0403      	1.846e-05   	1.552e-05   	1.228e-05   
2225        	10          	0.06799     	3.564e-05   	1.392e-05   	8.999e-06   
2230        	10          	0.07151     	4.366e-06   	1.254e-05   	1.041e-05   
2235        	10          	0.05789     	2.866e-05   	3.257e-05   	8.141e-06   
2240        	10          	0.05517     	9.398e-06   	1.952e-05   	1.515e-05   
2245        	10          	0.07185     	9.031e-06   	8.827e-06   	1.13e-05    
2250        	10          	0.07253     	1.367e-05   	3.217e-05   	1.749e-05   
2255        	10          	0.07728     	7.762e-06   	1.274e-05   	1.229e-05   
2260        	10          	0.0703      	1.509e-05   	1.165e-05   	9.712e-06   
2265        	10          	0.0491      	2.01e-05    	1.269e-05   	8.394e-06   
2270        	10          	0.05278     	1.348e-05   	4.598e-05   	1.227e-05   
2275        	10          	0.05904     	8.074e-06   	2.361e-05   	5.759e-06   
2280        	10          	0.03372     	7.882e-06   	4.091e-05   	2.639e-05   
2285        	10          	0.04467     	1.88e-05    	1.423e-05   	1.419e-05   
2290        	10          	0.02979     	5.443e-06   	1.05e-05    	1.739e-05   
2295        	10          	0.07906     	5.601e-06   	1.196e-05   	1.528e-05   
2300        	10          	0.04034     	1.285e-05   	3.259e-05   	9.517e-06   
2305        	10          	0.05836     	1.033e-05   	1.388e-05   	1.874e-05   
2310        	10          	0.09458     	6.73e-06    	8.973e-06   	8.067e-06   
2315        	10          	0.09772     	2.352e-05   	2.253e-05   	7.538e-06   
2320        	10          	0.06944     	2.662e-05   	7.704e-06   	9.246e-06   
2325        	10          	0.05245     	1.389e-05   	2.448e-05   	6.396e-06   
2330        	10          	0.08082     	1.375e-05   	1.455e-05   	8.929e-06   
2335        	10          	0.05182     	1.8e-05     	4.266e-05   	2.315e-05   
2340        	10          	0.09273     	2e-05       	3.711e-05   	2.235e-05   
2345        	10          	0.07717     	1.514e-05   	1.875e-05   	1.445e-05   
2350        	10          	0.07873     	8.169e-06   	8.333e-05   	1.316e-05   
2355        	10          	0.09047     	2.5e-05     	1.911e-05   	3.167e-05   
2360        	10          	0.09843     	3.318e-05   	1.112e-05   	1.756e-05   
2365        	10          	0.09334     	1.777e-05   	2.229e-05   	8.172e-06   
2370        	10          	0.08641     	1.75e-05    	9.745e-06   	1.504e-05   
2375        	10          	0.09867     	5.46e-06    	1.231e-05   	6.487e-06   
2380        	10          	0.08777     	9.357e-06   	1.477e-05   	1.578e-05   
2385        	10          	0.09667     	2.788e-05   	2.543e-05   	1.212e-05   
2390        	10          	0.1099      	9.602e-06   	8.536e-06   	7.391e-06   
2395        	10          	0.1687      	1.513e-05   	3.648e-05   	2.265e-05   
2400        	10          	0.08417     	1.425e-05   	1.816e-05   	9.561e-06   
2405        	10          	0.1186      	4.118e-06   	2.393e-05   	4.126e-06   
2410        	10          	0.07077     	9.857e-06   	3.064e-05   	1.71e-05    
2415        	10          	0.07446     	1.022e-05   	2.325e-05   	1.207e-05   
2420        	10          	0.06964     	5.598e-06   	9.739e-06   	1.119e-05   
2425        	10          	0.0694      	8.194e-06   	1.396e-05   	1.598e-05   
2430        	10          	0.06173     	1.436e-05   	2.073e-05   	2.957e-06   
2435        	10          	0.06571     	1.303e-05   	2.237e-05   	8.481e-06   
2440        	10          	0.06474     	1.879e-05   	1.53e-05    	1.396e-05   
2445        	10          	0.06727     	2.369e-06   	1.972e-05   	1.38e-05    
2450        	10          	0.06551     	6.865e-06   	1.174e-05   	1.274e-05   
2455        	10          	0.1058      	2.01e-05    	1.268e-05   	2.367e-05   
2460        	10          	0.07075     	8.929e-06   	3.256e-05   	2.016e-05   
2465        	10          	0.08616     	1.794e-05   	1.279e-05   	1.471e-05   
2470        	10          	0.06335     	1.627e-05   	1.699e-05   	1.357e-05   
2475        	10          	0.1022      	2.309e-05   	5.086e-05   	1.803e-05   
2480        	10          	0.09451     	1.353e-05   	4.527e-05   	1.241e-05   
2485        	10          	0.05907     	2.021e-05   	1.557e-05   	7.931e-06   
2490        	10          	0.08204     	2.186e-05   	2.366e-05   	8.474e-06   
2495        	10          	0.1104      	3.323e-05   	8.739e-06   	1.24e-05    
2500        	10          	0.08889     	6.318e-06   	1.398e-05   	1.406e-05   
2505        	10          	0.08021     	1.967e-05   	2.709e-05   	1.959e-05   
2510        	10          	0.06593     	2.567e-05   	1.508e-05   	1.184e-05   
2515        	10          	0.07554     	1.062e-05   	1.972e-05   	1.621e-05   
2520        	10          	0.07662     	1.527e-05   	4.211e-05   	3.215e-05   
2525        	10          	0.06597     	9.813e-06   	6.717e-06   	1.212e-05   
2530        	10          	0.06962     	2.277e-05   	3.829e-05   	2.235e-05   
2535        	10          	0.08036     	2.149e-05   	8.874e-06   	4.944e-06   
2540        	10          	0.05978     	3.962e-05   	2.472e-05   	6.615e-06   
2545        	10          	0.08512     	1.422e-05   	1.71e-05    	1.725e-05   
2550        	10          	0.1029      	1.594e-05   	2.506e-05   	1.991e-05   
2555        	10          	0.06629     	5.503e-06   	3.953e-05   	1.03e-05    
2560        	10          	0.08651     	7.339e-06   	2.14e-05    	7.12e-06    
2565        	10          	0.0945      	5.941e-06   	1.312e-05   	1.019e-05   
2570        	10          	0.09029     	3.224e-06   	2.75e-05    	1.779e-05   
2575        	10          	0.0571      	2.291e-05   	1.533e-05   	1.271e-05   
2580        	10          	0.1014      	7.287e-06   	1.345e-05   	9.394e-06   
2585        	10          	0.07325     	1.883e-05   	2.153e-05   	1.333e-05   
2590        	10          	0.06973     	5.679e-06   	1.57e-05    	8.827e-06   
2595        	10          	0.07339     	3.722e-06   	2.212e-05   	2.07e-05    
2600        	10          	0.06778     	2.035e-05   	9.032e-06   	6.739e-06   
2605        	10          	0.08538     	1.306e-05   	2.69e-05    	9.963e-06   
2610        	10          	0.06377     	8.073e-06   	1.704e-05   	6.385e-06   
2615        	10          	0.03984     	6.107e-06   	1.333e-05   	1.816e-05   
2620        	10          	0.05293     	7.796e-06   	1.069e-05   	1.602e-05   
2625        	10          	0.06064     	7.387e-06   	1.163e-05   	1.156e-05   
2630        	10          	0.07117     	1.117e-05   	9.411e-06   	1.359e-05   
2635        	10          	0.05975     	8.539e-06   	1.181e-05   	1.866e-05   
2640        	10          	0.05568     	1.623e-05   	1.052e-05   	8.892e-06   
2645        	10          	0.06189     	1.625e-06   	1.03e-05    	2.498e-06   
2650        	10          	0.03878     	3.111e-05   	5.187e-05   	1.774e-05   
2655        	10          	0.04012     	8.667e-06   	1.069e-05   	1.638e-05   
2660        	10          	0.05032     	2.101e-05   	1.335e-05   	1.644e-05   
2665        	10          	0.05564     	1.453e-05   	1.039e-05   	1.52e-05    
2670        	10          	0.04146     	1e-05       	5.977e-06   	2.044e-05   
2675        	10          	0.04418     	8.519e-06   	1.865e-05   	5.498e-06   
2680        	10          	0.06516     	1.005e-05   	5.785e-06   	1.955e-05   
2685        	10          	0.06543     	9.342e-06   	6.848e-06   	1.283e-05   
2690        	10          	0.06888     	1.406e-05   	1.707e-05   	8.796e-06   
2695        	10          	0.06089     	1.824e-05   	1.906e-05   	1.238e-05   
2700        	10          	0.06277     	1.788e-05   	1.913e-05   	3.235e-05   
2705        	10          	0.06628     	4.395e-06   	1.709e-05   	8.988e-06   
2710        	10          	0.05422     	1.288e-05   	1.048e-05   	4.124e-06   
2715        	10          	0.05764     	1.51e-05    	1.858e-05   	7.382e-06   
2720        	10          	0.06839     	9.853e-06   	2.454e-05   	1.778e-05   
2725        	10          	0.05911     	1.998e-05   	1.928e-05   	1.263e-05   
2730        	10          	0.06891     	1.813e-05   	1.482e-05   	1.28e-05    
2735        	10          	0.06706     	1.114e-05   	1.497e-05   	6.495e-06   
2740        	10          	0.05934     	1.581e-05   	1.655e-05   	1.64e-05    
2745        	10          	0.0931      	3.399e-05   	3.508e-05   	1.915e-05   
2750        	10          	0.05964     	8.147e-06   	1.026e-05   	2.975e-05   
2755        	10          	0.1037      	1.557e-05   	1.813e-05   	1.08e-05    
2760        	10          	0.06389     	1.205e-05   	3.792e-05   	1.32e-05    
2765        	10          	0.07512     	1.086e-05   	3.107e-05   	2.077e-05   
2770        	10          	0.06968     	1.179e-05   	2.959e-05   	5.858e-06   
2775        	10          	0.07299     	2.509e-05   	3.107e-05   	5.203e-06   
2780        	10          	0.05234     	1.127e-05   	3.526e-05   	6.164e-06   
2785        	10          	0.05444     	1.444e-05   	3.936e-05   	7.956e-06   
2790        	10          	0.06589     	1.246e-05   	3.74e-05    	3.484e-05   
2795        	10          	0.05847     	1.004e-05   	1.947e-05   	1.005e-05   
2800        	10          	0.09828     	5.878e-06   	2.045e-05   	4.485e-06   
2805        	10          	0.04789     	2.643e-05   	1.577e-05   	1.084e-05   
2810        	10          	0.07228     	5.09e-06    	1.329e-05   	1.438e-05   
2815        	10          	0.0988      	3.34e-05    	1.996e-05   	2.312e-05   
2820        	10          	0.109       	5.151e-06   	6.861e-06   	1.629e-05   
2825        	10          	0.08929     	1.214e-05   	1.177e-05   	2.158e-05   
2830        	10          	0.1041      	2.39e-05    	1.048e-05   	1.04e-05    
2835        	10          	0.1477      	1.394e-05   	3.153e-05   	2.503e-05   
2840        	10          	0.1084      	1.36e-05    	1.533e-05   	1.395e-05   
2845        	10          	0.1521      	1.848e-05   	1.331e-05   	2.259e-05   
2850        	10          	0.1483      	7.606e-06   	3.351e-05   	2.729e-05   
2855        	10          	0.1337      	1.918e-05   	1.624e-05   	1.656e-05   
2860        	10          	0.113       	1.738e-05   	2.945e-05   	2.029e-05   
2865        	10          	0.1422      	1.243e-05   	2.834e-05   	1.277e-05   
2870        	10          	0.1309      	1.312e-05   	2.461e-05   	1.133e-05   
2875        	10          	0.1213      	1.056e-05   	2.83e-05    	7.397e-06   
2880        	10          	0.1655      	1.139e-05   	3.451e-05   	2.769e-05   
2885        	10          	0.1406      	3.839e-06   	1.399e-05   	1.281e-05   
2890        	10          	0.1338      	8.672e-06   	9.086e-06   	7.446e-06   
2895        	10          	0.1054      	1.385e-05   	8.31e-06    	5.614e-06   
2900        	10          	0.09093     	7.27e-06    	2.67e-05    	1.279e-05   
2905        	10          	0.1212      	7.105e-06   	2.064e-05   	2.051e-05   
2910        	10          	0.09096     	8.166e-06   	1.773e-05   	6.792e-06   
2915        	10          	0.09863     	2.098e-05   	5.651e-06   	5.267e-06   
2920        	10          	0.1047      	2.165e-05   	1.82e-05    	9.72e-06    
2925        	10          	0.08282     	7.918e-06   	1.721e-05   	1.308e-05   
2930        	10          	0.1116      	6.016e-06   	9.699e-06   	1.649e-05   
2935        	10          	0.07191     	3.067e-05   	2.678e-05   	2.237e-05   
2940        	10          	0.08206     	1.45e-05    	1.448e-05   	1.015e-05   
2945        	10          	0.1105      	1.765e-06   	7.399e-06   	1.698e-05   
2950        	10          	0.06993     	8.138e-06   	2.351e-05   	1.048e-05   
2955        	10          	0.1191      	1.7e-05     	2.441e-05   	1.291e-05   
2960        	10          	0.1002      	1.508e-05   	3.264e-05   	9.451e-06   
2965        	10          	0.09067     	2.958e-05   	1.056e-05   	1.902e-05   
2970        	10          	0.067       	2.076e-05   	1.946e-05   	1.268e-05   
2975        	10          	0.08579     	9.965e-06   	2.764e-05   	7.996e-06   
2980        	10          	0.08672     	3.017e-05   	1.711e-05   	3.257e-05   
2985        	10          	0.08495     	1.706e-05   	2.534e-05   	4.505e-06   
2990        	10          	0.09647     	2.251e-05   	2.668e-05   	1.435e-05   
2995        	10          	0.1014      	2.322e-05   	2.161e-05   	8.267e-06   
3000        	10          	0.129       	1.209e-05   	3.051e-05   	1.753e-05   
3005        	10          	0.1021      	8.913e-06   	7.478e-06   	1.203e-05   
3010        	10          	0.03801     	1.715e-05   	2.984e-05   	2.181e-05   
3015        	10          	0.08746     	1.402e-05   	2.033e-05   	2.196e-05   
3020        	10          	0.07673     	2.024e-05   	2.759e-05   	1.387e-05   
3025        	10          	0.08449     	7.087e-06   	1.247e-05   	6.002e-06   
3030        	10          	0.05256     	2.396e-05   	3.621e-05   	1.401e-05   
3035        	10          	0.08046     	3.876e-05   	6.624e-05   	2.247e-05   
3040        	10          	0.1371      	1.184e-05   	9.704e-06   	1.119e-05   
3045        	10          	0.1255      	1.498e-05   	2.748e-05   	8.278e-06   
3050        	10          	0.1011      	1.153e-05   	2.182e-05   	2.533e-05   
3055        	10          	0.07686     	1.206e-05   	2.751e-05   	2.986e-05   
3060        	10          	0.09052     	1.749e-05   	1.696e-05   	1.307e-05   
3065        	10          	0.1142      	7.102e-06   	1.873e-05   	8.25e-06    
3070        	10          	0.09851     	2.56e-05    	5.838e-06   	5.408e-06   
3075        	10          	0.08018     	1.441e-05   	3.217e-05   	9.246e-06   
3080        	10          	0.09523     	7.437e-06   	1.554e-05   	1.932e-05   
3085        	10          	0.08574     	3.621e-05   	1.464e-05   	9.741e-06   
3090        	10          	0.07499     	2.57e-05    	2.96e-05    	1.592e-05   
3095        	10          	0.08932     	2.046e-05   	1.848e-05   	1.082e-05   
3100        	10          	0.08417     	1.638e-05   	1.895e-05   	1.108e-05   
3105        	10          	0.08422     	2.803e-05   	1.964e-05   	8.431e-06   
3110        	10          	0.1192      	6.124e-06   	2.745e-05   	9.387e-06   
3115        	10          	0.1108      	9.29e-06    	3.085e-05   	3.253e-06   
3120        	10          	0.1026      	1.086e-05   	6.382e-05   	1.894e-05   
3125        	10          	0.1146      	2.297e-05   	1.989e-05   	1.368e-05   
3130        	10          	0.121       	1.739e-05   	1.067e-05   	1.371e-05   
3135        	10          	0.1197      	1.442e-05   	2.386e-05   	1.281e-05   
3140        	10          	0.0998      	1.061e-05   	2.636e-05   	1.008e-05   
3145        	10          	0.1422      	7.383e-06   	4.165e-05   	1.227e-05   
3150        	10          	0.1243      	1.323e-05   	2.049e-05   	2.368e-05   
3155        	10          	0.1224      	1.75e-05    	2.973e-05   	1.954e-05   
3160        	10          	0.1338      	2.252e-05   	1.399e-05   	1.201e-05   
3165        	10          	0.08483     	1.371e-05   	1.287e-05   	6.788e-06   
3170        	10          	0.1092      	1.229e-05   	1.505e-05   	1.522e-05   
3175        	10          	0.1363      	5.829e-06   	1.763e-05   	9.42e-06    
3180        	10          	0.1114      	1.346e-05   	3.347e-05   	1.19e-05    
3185        	10          	0.1255      	1.299e-05   	1.965e-05   	9.941e-06   
3190        	10          	0.1102      	1.678e-05   	3.161e-05   	2.037e-05   
3195        	10          	0.126       	7.644e-06   	4.583e-05   	1.813e-05   
3200        	10          	0.1014      	1.707e-05   	4.651e-05   	9.816e-06   
3205        	10          	0.07618     	7.239e-06   	1.84e-05    	2.497e-05   
3210        	10          	0.1127      	2.137e-05   	1.621e-05   	5.094e-06   
3215        	10          	0.1039      	6.013e-06   	5.23e-06    	1.295e-05   
3220        	10          	0.09622     	6.756e-06   	3.402e-05   	1.506e-05   
3225        	10          	0.1308      	1.097e-05   	2.121e-05   	8.467e-06   
3230        	10          	0.1109      	2.868e-05   	1.135e-05   	4.597e-05   
3235        	10          	0.1049      	7.946e-06   	2.897e-05   	1.163e-05   
3240        	10          	0.08583     	1.621e-05   	6.666e-06   	9.211e-06   
3245        	10          	0.09214     	1.013e-05   	2.389e-05   	1.644e-05   
3250        	10          	0.1326      	1.227e-05   	5.623e-05   	9.474e-06   
3255        	10          	0.09821     	5.954e-06   	2.334e-05   	1.149e-05   
3260        	10          	0.08995     	3.747e-05   	2.876e-05   	9.658e-06   
3265        	10          	0.08989     	3.162e-05   	7.292e-06   	9.968e-06   
3270        	10          	0.1219      	1.239e-05   	1.958e-05   	7.278e-06   
3275        	10          	0.1437      	1.876e-05   	3.727e-05   	9.039e-06   
3280        	10          	0.1154      	1.638e-05   	1.224e-05   	3.603e-06   
3285        	10          	0.1264      	2.549e-05   	1.111e-05   	5.393e-06   
3290        	10          	0.1129      	1.738e-05   	1.666e-05   	9.732e-06   
3295        	10          	0.1226      	9.707e-06   	2.117e-05   	6.003e-06   
3300        	10          	0.1398      	1.685e-05   	2.117e-05   	1.206e-05   
3305        	10          	0.1296      	6.592e-06   	3.248e-05   	1.73e-05    
3310        	10          	0.1209      	3.365e-05   	1.198e-05   	1.53e-05    
3315        	10          	0.1313      	8.116e-06   	1.886e-05   	1.114e-05   
3320        	10          	0.06211     	1.986e-05   	1.269e-05   	3.675e-05   
3325        	10          	0.1016      	7.898e-06   	3.352e-05   	1.187e-05   
3330        	10          	0.1212      	2.022e-05   	1.62e-05    	1.442e-05   
3335        	10          	0.09672     	9.021e-06   	2.558e-05   	6.953e-06   
3340        	10          	0.09402     	1.022e-05   	2.667e-05   	1.317e-05   
3345        	10          	0.08179     	1.397e-05   	2.54e-05    	1.703e-05   
3350        	10          	0.06099     	1.695e-05   	2.608e-05   	9.336e-06   
3355        	10          	0.05428     	1.952e-05   	2.362e-05   	5.773e-06   
3360        	10          	0.1092      	1.641e-05   	1.942e-05   	1.573e-05   
3365        	10          	0.0718      	8.502e-06   	2.875e-05   	1.761e-05   
3370        	10          	0.07497     	2.36e-05    	2.138e-05   	7.883e-06   
3375        	10          	0.08539     	1.788e-05   	1.71e-05    	9.581e-06   
3380        	10          	0.08734     	1.076e-05   	1.856e-05   	1.765e-05   
3385        	10          	0.05203     	8.906e-06   	1.632e-05   	1.625e-05   
3390        	10          	0.06429     	1.212e-05   	3.037e-05   	1.496e-05   
3395        	10          	0.06379     	2.313e-05   	1.457e-05   	1.026e-05   
3400        	10          	0.05884     	9.176e-06   	3.005e-05   	7.323e-06   
3405        	10          	0.0586      	1.101e-05   	1.752e-05   	1.24e-05    
3410        	10          	0.08312     	1.622e-05   	3.559e-05   	9.26e-06    
3415        	10          	0.06082     	2.298e-05   	5.344e-05   	1.886e-05   
3420        	10          	0.08593     	1.813e-05   	6.599e-05   	1.03e-05    
3425        	10          	0.04243     	4.691e-06   	2.219e-05   	1.676e-05   
3430        	10          	0.07219     	1.271e-05   	1.821e-05   	6.245e-06   
3435        	10          	0.07688     	8.637e-06   	2.013e-05   	6.816e-06   
3440        	10          	0.07273     	1.171e-05   	1.347e-05   	1.222e-05   
3445        	10          	0.04323     	7.103e-06   	2.12e-05    	1.389e-05   
3450        	10          	0.06195     	1.095e-05   	3.137e-05   	1.475e-05   
3455        	10          	0.06168     	1.412e-05   	1.614e-05   	1.275e-05   
3460        	10          	0.05466     	8.979e-06   	1.198e-05   	5.5e-06     
3465        	10          	0.07085     	1.61e-05    	1.838e-05   	1.346e-05   
3470        	10          	0.07634     	7.066e-06   	8.232e-06   	8.11e-06    
3475        	10          	0.04419     	2.393e-05   	2.545e-05   	7.459e-06   
3480        	10          	0.05488     	1.103e-05   	3.153e-05   	1.307e-05   
3485        	10          	0.03991     	1.321e-05   	1.85e-05    	2.43e-05    
3490        	10          	0.03482     	2.618e-05   	2.503e-05   	2.349e-05   
3495        	10          	0.06469     	1.873e-05   	3.038e-05   	5.92e-06    
3500        	10          	0.05239     	1.997e-05   	1.661e-05   	2.269e-05   
3505        	10          	0.05595     	1.354e-05   	2.057e-05   	1.427e-05   
3510        	10          	0.04799     	1.39e-05    	3.374e-05   	2.227e-05   
3515        	10          	0.04485     	1.228e-05   	1.384e-05   	9.316e-06   
3520        	10          	0.05568     	8.227e-06   	9.26e-06    	2.222e-05   
3525        	10          	0.08407     	1.761e-05   	1.382e-05   	7.876e-06   
3530        	10          	0.05212     	2.255e-05   	1.771e-05   	8.936e-06   
3535        	10          	0.06217     	4.413e-06   	1.694e-05   	8.989e-06   
3540        	10          	0.04813     	3.012e-05   	2.341e-05   	1.937e-05   
3545        	10          	0.03533     	2.236e-05   	2.059e-05   	8.797e-06   
3550        	10          	0.06588     	1.831e-05   	9.55e-06    	1.653e-05   
3555        	10          	0.05893     	1.704e-05   	3.86e-05    	9.626e-06   
3560        	10          	0.0406      	1.004e-05   	1.937e-05   	2.25e-05    
3565        	10          	0.0495      	5.636e-06   	1.25e-05    	2.32e-05    
3570        	10          	0.04588     	2.241e-05   	1.696e-05   	1.335e-05   
3575        	10          	0.05338     	1.204e-05   	4.633e-05   	1.884e-05   
3580        	10          	0.04161     	1.401e-05   	2.651e-05   	2.267e-05   
3585        	10          	0.05435     	1.333e-05   	8.023e-06   	3.076e-05   
3590        	10          	0.04064     	2.826e-05   	2.653e-05   	1.061e-05   
3595        	10          	0.03846     	2.688e-05   	3.866e-05   	1.322e-05   
3600        	10          	0.04897     	1.406e-05   	3.177e-05   	3.302e-05   
3605        	10          	0.05007     	1.47e-05    	1.357e-05   	8.806e-06   
3610        	10          	0.04553     	1.507e-05   	1.646e-05   	1.393e-05   
3615        	10          	0.03146     	1.475e-05   	1.676e-05   	6.796e-06   
3620        	10          	0.02967     	2.061e-05   	1.796e-05   	1.608e-05   
3625        	10          	0.03111     	2.233e-05   	3.636e-05   	6.912e-06   
3630        	10          	0.03061     	1.354e-05   	4.35e-05    	3.233e-05   
3635        	10          	0.05486     	1.627e-05   	3.276e-06   	1.051e-05   
3640        	10          	0.03789     	1.321e-05   	2.845e-05   	5.413e-06   
3645        	10          	0.05518     	1.607e-05   	3.612e-05   	2.44e-05    
3650        	10          	0.08262     	7.801e-06   	1.55e-05    	2.752e-05   
3655        	10          	0.05506     	2.444e-05   	2.306e-05   	1.053e-05   
3660        	10          	0.06821     	9.388e-06   	2.555e-05   	9.798e-06   
3665        	10          	0.0624      	1.318e-05   	4.295e-05   	1.43e-05    
3670        	10          	0.05275     	1.829e-05   	2.203e-05   	1.707e-05   
3675        	10          	0.09712     	1.866e-05   	9.44e-06    	8.155e-06   
3680        	10          	0.07407     	2.843e-06   	1.689e-05   	2.772e-05   
3685        	10          	0.09639     	1.276e-05   	4.355e-05   	1.261e-05   
3690        	10          	0.0971      	6.148e-06   	4.4e-05     	1.004e-05   
3695        	10          	0.1041      	2.213e-05   	1.696e-05   	2.805e-05   
3700        	10          	0.1207      	7.502e-06   	2.93e-05    	1.771e-05   
3705        	10          	0.1172      	1.416e-05   	2.797e-05   	1.418e-05   
3710        	10          	0.1117      	1.419e-05   	2.994e-05   	1.316e-05   
3715        	10          	0.1101      	1.192e-05   	1.78e-05    	2.033e-05   
3720        	10          	0.08203     	2e-05       	1.344e-05   	1.839e-05   
3725        	10          	0.1021      	3.832e-05   	1.549e-05   	4.287e-06   
3730        	10          	0.1358      	1.359e-05   	1.281e-05   	2.047e-05   
3735        	10          	0.1065      	1.1e-05     	8.358e-06   	1.334e-05   
3740        	10          	0.1007      	7.016e-06   	3.359e-05   	7.484e-06   
3745        	10          	0.07704     	9.844e-06   	1.522e-05   	4.096e-06   
3750        	10          	0.1043      	1.752e-05   	3.544e-05   	2.254e-05   
3755        	10          	0.08211     	1.359e-05   	2.611e-05   	4.275e-05   
3760        	10          	0.09875     	1.458e-05   	3.838e-05   	2.217e-05   
3765        	10          	0.1188      	1.51e-05    	3.564e-05   	1.232e-05   
3770        	10          	0.06678     	8.635e-06   	2.023e-05   	6.877e-06   
3775        	10          	0.09939     	1.273e-05   	2.253e-05   	1.057e-05   
3780        	10          	0.08379     	1.402e-05   	1.624e-05   	1.558e-05   
3785        	10          	0.09923     	7.896e-06   	1.729e-05   	5.299e-06   
3790        	10          	0.0658      	9.043e-06   	2.99e-05    	1.1e-05     
3795        	10          	0.1         	1.011e-05   	2.739e-05   	1.067e-05   
3800        	10          	0.07299     	1.896e-05   	6.793e-05   	2.086e-05   
3805        	10          	0.07086     	1.424e-05   	1.179e-05   	8.584e-06   
3810        	10          	0.06201     	8.936e-06   	1.792e-05   	1.48e-05    
3815        	10          	0.07517     	1.888e-05   	1.526e-05   	9.99e-06    
3820        	10          	0.08718     	1.204e-05   	2.338e-05   	1.315e-05   
3825        	10          	0.0825      	1.288e-05   	2.561e-05   	2.294e-05   
3830        	10          	0.08967     	1.766e-05   	1.748e-05   	1.7e-05     
3835        	10          	0.09468     	1.43e-05    	1.838e-05   	1.376e-05   
3840        	10          	0.1139      	2.11e-05    	1.252e-05   	1.317e-05   
3845        	10          	0.05702     	1.638e-05   	6.389e-06   	1.367e-05   
3850        	10          	0.1054      	1.601e-05   	1.141e-05   	2.463e-05   
3855        	10          	0.105       	1.272e-05   	1.351e-05   	7.66e-06    
3860        	10          	0.08634     	1.889e-05   	8.319e-06   	3.173e-06   
3865        	10          	0.1009      	1.488e-05   	2.281e-05   	5.264e-06   
3870        	10          	0.06586     	1.415e-05   	8.125e-06   	1.526e-05   
3875        	10          	0.05564     	1.566e-05   	1.359e-05   	1.293e-05   
3880        	10          	0.0429      	1.354e-05   	1.498e-05   	2.353e-05   
3885        	10          	0.05261     	1.271e-05   	7.312e-06   	9.238e-06   
3890        	10          	0.04146     	1.145e-05   	8.3e-06     	3.196e-05   
3895        	10          	0.05346     	1.354e-05   	7.846e-06   	9.251e-06   
3900        	10          	0.02782     	3.464e-05   	9.645e-06   	1.056e-05   
3905        	10          	0.031       	7.632e-06   	3.224e-05   	1.348e-05   
3910        	10          	0.04106     	2.503e-05   	1.136e-05   	1.154e-05   
3915        	10          	0.04199     	7.297e-06   	3.306e-05   	1.45e-05    
3920        	10          	0.05282     	7.669e-06   	9.345e-06   	9.662e-06   
3925        	10          	0.0418      	1.237e-05   	4.343e-06   	1.039e-05   
3930        	10          	0.06071     	1.323e-05   	1.965e-05   	8.974e-06   
3935        	10          	0.0431      	1.395e-05   	1.609e-05   	1.134e-05   
3940        	10          	0.05024     	2.388e-05   	2.123e-05   	1.753e-05   
3945        	10          	0.05311     	1.65e-05    	3.409e-05   	8.911e-06   
3950        	10          	0.04333     	1.415e-05   	2.826e-05   	3.415e-05   
3955        	10          	0.04899     	3.077e-05   	2.798e-05   	3.08e-05    
3960        	10          	0.06334     	2.8e-05     	1.801e-05   	1.035e-05   
3965        	10          	0.06335     	2.047e-05   	3.566e-05   	2.093e-05   
3970        	10          	0.036       	2.428e-05   	2.745e-05   	3.713e-06   
3975        	10          	0.05608     	2.393e-05   	6.897e-06   	1.245e-05   
3980        	10          	0.04017     	1.032e-05   	2.15e-05    	1.422e-05   
3985        	10          	0.03529     	7.389e-06   	2.943e-05   	7.636e-06   
3990        	10          	0.05289     	1.665e-05   	1.118e-05   	5.123e-06   
3995        	10          	0.03711     	9.046e-06   	9.476e-06   	1.505e-05   
4000        	10          	0.03141     	1.578e-05   	6.361e-06   	2.214e-05   
4005        	10          	0.04446     	3.979e-05   	6.252e-05   	4.076e-05   
4010        	10          	0.0459      	1.529e-05   	1.774e-05   	1.743e-05   
4015        	10          	0.05108     	1.575e-05   	8.679e-05   	4.844e-05   
4020        	10          	0.04139     	6.504e-05   	3.756e-05   	1.013e-05   
4025        	10          	0.03666     	5.899e-05   	5.137e-05   	6.326e-06   
4030        	10          	0.04782     	3.252e-05   	6.848e-05   	2.157e-05   
4035        	10          	0.0361      	3.054e-05   	6.735e-05   	1.188e-05   
4040        	10          	0.033       	9.675e-05   	6.6e-05     	1.022e-05   
4045        	10          	0.03032     	8.296e-05   	0.0001034   	1.708e-05   
4050        	10          	0.03132     	0.0001143   	7.457e-05   	6.638e-06   
4055        	10          	0.04064     	0.0001277   	0.0001516   	4.692e-05   
4060        	10          	0.04017     	0.0001453   	0.0001404   	2.185e-05   
4065        	10          	0.03427     	0.0002195   	0.0002809   	1.32e-05    
4070        	10          	0.01684     	0.0002153   	0.0003008   	0.000106    
4075        	10          	0.03947     	0.00011     	0.0001977   	8.228e-05   
4080        	10          	0.04627     	0.0003452   	0.0003168   	0.0001252   
4085        	10          	0.05128     	0.0002065   	0.0003665   	0.0001282   
4090        	10          	0.02854     	7.218e-05   	0.000142    	8.333e-05   
4095        	10          	0.0486      	1.765e-05   	0.0001048   	7.289e-05   
4100        	10          	0.03046     	4.859e-05   	9.649e-05   	0.0002117   
4105        	10          	0.05128     	1.058e-05   	0.0001256   	0.000111    
4110        	10          	0.04245     	1.621e-05   	8.804e-05   	0.0001097   
4115        	10          	0.04296     	2.546e-05   	0.0001015   	0.0001177   
4120        	10          	0.04217     	1.85e-05    	7.277e-05   	7.424e-05   
4125        	10          	0.04941     	5.807e-06   	0.0002313   	0.0001512   
4130        	10          	0.041       	2.412e-05   	0.000124    	0.0002458   
4135        	10          	0.05512     	1.839e-05   	0.0002449   	0.0002852   
4140        	10          	0.04288     	2.535e-05   	0.0003014   	0.0003716   
4145        	10          	0.05775     	1.644e-05   	0.0003274   	0.000406    
4150        	10          	0.04989     	1.226e-05   	0.0003456   	0.0002458   
4155        	10          	0.03779     	3.048e-05   	0.0001939   	0.000217    
4160        	10          	0.04579     	1.577e-05   	0.0003124   	0.0002344   
4165        	10          	0.04146     	1.858e-05   	0.0002839   	0.0003316   
4170        	10          	0.04918     	5.186e-06   	0.0004193   	0.0003527   
4175        	10          	0.06014     	1.483e-05   	0.0003345   	0.0001813   
4180        	10          	0.05578     	3.777e-05   	0.0005496   	0.0005369   
4185        	10          	0.03736     	1.104e-05   	0.0003479   	0.000339    
4190        	10          	0.04049     	3.306e-05   	0.000333    	0.000353    
4195        	10          	0.03523     	3.531e-05   	0.0003492   	0.0004429   
4200        	10          	0.06364     	1.029e-05   	0.000255    	0.0003957   
4205        	10          	0.03489     	1.756e-05   	0.0004299   	0.0004938   
4210        	10          	0.04129     	1.785e-05   	0.0004191   	0.0002778   
4215        	10          	0.04021     	2.821e-05   	0.0004602   	0.0006201   
4220        	10          	0.05277     	2.156e-05   	0.000282    	0.0004685   
4225        	10          	0.03488     	1.385e-05   	0.0002368   	0.000407    
4230        	10          	0.02736     	1.487e-05   	0.0005995   	0.0003863   
4235        	10          	0.02895     	1.786e-05   	0.0002457   	0.000317    
4240        	10          	0.05216     	1.874e-05   	0.0002485   	0.0003108   
4245        	10          	0.04561     	2.852e-05   	0.0004301   	0.0003677   
4250        	10          	0.05057     	1.948e-05   	0.0002632   	0.0002813   
4255        	10          	0.04029     	2.742e-05   	0.0004731   	0.0002925   
4260        	10          	0.03084     	1.185e-05   	0.0005798   	0.000497    
4265        	10          	0.04157     	1.424e-05   	0.0004817   	0.0004434   
4270        	10          	0.05461     	2.07e-05    	0.0003842   	0.0004418   
4275        	10          	0.04507     	1.525e-05   	0.0004511   	0.0003403   
4280        	10          	0.03973     	9.246e-06   	0.0003951   	0.0003426   
4285        	10          	0.02793     	1.558e-05   	0.0006223   	0.0006328   
4290        	10          	0.02668     	7.551e-06   	0.0006426   	0.0002965   
4295        	10          	0.01111     	1.189e-05   	0.000704    	0.0005341   
4300        	10          	0.02399     	3.17e-05    	0.001271    	0.0008339   
4305        	10          	0.0354      	1.396e-05   	0.0008211   	0.0006133   
4310        	10          	0.03578     	1.484e-05   	0.001003    	0.0008246   
4315        	10          	0.02706     	1.856e-05   	0.0009078   	0.000807    
4320        	10          	0.06264     	1.264e-05   	0.0007173   	0.000848    
4325        	10          	0.04573     	1.159e-05   	0.0009033   	0.0006338   
4330        	10          	0.04482     	3.406e-05   	0.0006952   	0.0005783   
4335        	10          	0.0479      	1.313e-05   	0.0005667   	0.0005304   
4340        	10          	0.04556     	1.506e-05   	0.0008145   	0.0006193   
4345        	10          	0.03875     	1.229e-05   	0.001689    	0.001046    
4350        	10          	0.01983     	2.826e-05   	0.001043    	0.0008263   
4355        	10          	0.02775     	2.303e-05   	0.001028    	0.0007283   
4360        	10          	0.03495     	5.129e-06   	0.000846    	0.001055    
4365        	10          	0.02757     	1.749e-05   	0.0008125   	0.0007549   
4370        	10          	0.04407     	1.237e-05   	0.001068    	0.001136    
4375        	10          	0.03349     	2.319e-05   	0.0005369   	0.0006245   
4380        	10          	0.04627     	1.067e-05   	0.0006474   	0.001042    
4385        	10          	0.02036     	1.447e-05   	0.001097    	0.0009108   
4390        	10          	0.02429     	2.697e-05   	0.0008084   	0.0009744   
4395        	10          	0.02567     	2.405e-05   	0.0008527   	0.0007286   
4400        	10          	0.02147     	1.663e-05   	0.0007896   	0.0009355   
4405        	10          	0.02938     	1.792e-05   	0.0007153   	0.0008526   
4410        	10          	0.01739     	3.422e-05   	0.0004585   	0.0004285   
4415        	10          	0.01946     	3.163e-05   	0.000541    	0.0009381   
4420        	10          	0.02497     	9.624e-06   	0.0004537   	0.000427    
4425        	10          	0.04199     	3.939e-05   	0.0007841   	0.0004756   
4430        	10          	0.01901     	4.818e-06   	0.0005015   	0.0007429   
4435        	10          	0.01517     	2.301e-05   	0.001027    	0.0008255   
4440        	10          	0.02725     	2.584e-05   	0.0008548   	0.0007174   
4445        	10          	0.01207     	2.92e-05    	0.0004598   	0.0004888   
4450        	10          	0.01793     	7.486e-06   	0.0004685   	0.0002107   
4455        	10          	0.01374     	2.315e-05   	0.0003691   	0.0004574   
4460        	10          	0.01519     	5.838e-06   	0.0008341   	0.000934    
4465        	10          	0.01282     	3.382e-05   	0.0006834   	0.0004621   
4470        	10          	0.01113     	1.917e-05   	0.0002247   	0.0002381   
4475        	10          	0.02479     	1.659e-05   	0.0003751   	0.000463    
4480        	10          	0.01729     	7.284e-06   	0.000363    	0.0003966   
4485        	10          	0.01279     	1.281e-05   	0.0004535   	0.000249    
4490        	10          	0.01399     	1.806e-05   	0.0003138   	0.000309    
4495        	10          	0.02395     	2.169e-05   	0.0002377   	0.0003153   
4500        	10          	0.02368     	3.659e-05   	0.0006923   	0.0003126   
4505        	10          	0.01545     	2.189e-05   	0.0002714   	0.0003801   
4510        	10          	0.02361     	1.466e-05   	0.0005529   	0.0003492   
4515        	10          	0.01578     	3.942e-05   	0.0004043   	0.0003098   
4520        	10          	0.01862     	1.749e-05   	0.001175    	0.000819    
4525        	10          	0.02119     	1.886e-05   	0.0005241   	0.0004912   
4530        	10          	0.01868     	5.44e-06    	0.0003783   	0.0006344   
4535        	10          	0.01072     	1.671e-05   	0.0005885   	0.0003605   
4540        	10          	0.04606     	1.167e-05   	0.0002946   	0.0005312   
4545        	10          	0.0326      	6.341e-06   	0.0001991   	0.000286    
4550        	10          	0.03443     	1.894e-05   	0.0002756   	0.0003519   
4555        	10          	0.04101     	1.799e-05   	0.0003021   	0.0004558   
4560        	10          	0.03399     	1.092e-05   	0.0003137   	0.0001947   
4565        	10          	0.02736     	3.22e-05    	0.0006432   	0.0004759   
4570        	10          	0.02267     	1.398e-05   	0.0005383   	0.0005461   
4575        	10          	0.02706     	2.116e-05   	0.0003245   	0.0003638   
4580        	10          	0.03286     	7.404e-06   	0.0002254   	0.000346    
4585        	10          	0.03014     	1.212e-05   	0.0005249   	0.0005663   
4590        	10          	0.02132     	1e-05       	0.0003614   	0.0002801   
4595        	10          	0.02418     	2.422e-05   	0.0003313   	0.0003756   
4600        	10          	0.01886     	1.275e-05   	0.0001982   	0.0002294   
4605        	10          	0.01273     	1.506e-05   	0.0005932   	0.0005541   
4610        	10          	0.02634     	2.112e-05   	0.0005988   	0.0003257   
4615        	10          	0.02591     	1.061e-05   	0.0003332   	0.0002238   
4620        	10          	0.0106      	1.213e-05   	0.0007555   	0.0007629   
4625        	10          	0.01546     	9.697e-06   	0.0005069   	0.0004246   
4630        	10          	0.009233    	9.981e-06   	0.0004495   	0.0005063   
4635        	10          	0.01714     	2.157e-05   	0.0004058   	0.0006407   
4640        	10          	0.01061     	2.791e-05   	0.0003755   	0.001063    
4645        	10          	0.009581    	4.895e-05   	0.00086     	0.0009283   
4650        	10          	0.01596     	7.365e-06   	0.000761    	0.0009145   
4655        	10          	0.01262     	1.209e-05   	0.0004233   	0.0005736   
4660        	10          	0.01299     	1.199e-05   	0.0004386   	0.0004775   
4665        	10          	0.02278     	6.85e-06    	0.0004823   	0.0005504   
4670        	10          	0.01618     	1.654e-05   	0.0002551   	0.0002254   
4675        	10          	0.02367     	1.85e-05    	0.0004066   	0.0003346   
4680        	10          	0.01251     	1.925e-05   	0.000666    	0.0004001   
4685        	10          	0.01962     	1.156e-05   	0.0001955   	0.0004374   
4690        	10          	0.01768     	1.1e-05     	0.0002055   	0.0003177   
4695        	10          	0.02401     	3.413e-05   	0.0003598   	0.0003389   
4700        	10          	0.02846     	2.757e-05   	0.000274    	0.0002947   
4705        	10          	0.02112     	1.188e-05   	0.0002622   	0.000487    
4710        	10          	0.03784     	1.085e-05   	0.0004816   	0.0008543   
4715        	10          	0.02752     	9.854e-06   	0.0007283   	0.0005668   
4720        	10          	0.01534     	8.124e-06   	0.0003142   	0.0006211   
4725        	10          	0.02379     	5.821e-06   	0.0008732   	0.0005636   
4730        	10          	0.0145      	2.93e-05    	0.001065    	0.0008494   
4735        	10          	0.01023     	3.761e-05   	0.0008683   	0.001062    
4740        	10          	0.01879     	2.253e-05   	0.001029    	0.0005325   
4745        	10          	0.005958    	1.656e-05   	0.0006449   	0.001229    
4750        	10          	0.01211     	1.638e-05   	0.0008738   	0.00102     
4755        	10          	0.02546     	1.769e-05   	0.0007636   	0.0009043   
4760        	10          	0.01258     	1.47e-05    	0.001002    	0.0008918   
4765        	10          	0.01618     	2.389e-05   	0.00157     	0.001017    
4770        	10          	0.01114     	3.027e-05   	0.00127     	0.001204    
4775        	10          	0.01906     	1.053e-05   	0.001154    	0.0009001   
4780        	10          	0.02257     	1.195e-05   	0.0008162   	0.001381    
4785        	10          	0.01539     	2.09e-05    	0.001398    	0.001564    
4790        	10          	0.02111     	1.065e-05   	0.001987    	0.001497    
4795        	10          	0.01921     	1.429e-05   	0.001678    	0.00164     
4800        	10          	0.01477     	2.401e-05   	0.0009814   	0.001121    
4805        	10          	0.009469    	1.81e-05    	0.001255    	0.001324    
4810        	10          	0.008011    	1.501e-05   	0.001279    	0.001299    
4815        	10          	0.03651     	1.017e-05   	0.001353    	0.001114    
4820        	10          	0.02146     	6.048e-06   	0.001699    	0.001297    
4825        	10          	0.01257     	2.767e-05   	0.002605    	0.002039    
4830        	10          	0.01457     	2.899e-05   	0.001388    	0.00143     
4835        	10          	0.008544    	3.171e-05   	0.001291    	0.0018      
4840        	10          	0.007503    	1.973e-05   	0.001385    	0.001183    
4845        	10          	0.01296     	2.155e-05   	0.001257    	0.001255    
4850        	10          	0.01434     	4.938e-05   	0.002188    	0.001854    
4855        	10          	0.01258     	1.993e-05   	0.001445    	0.001354    
4860        	10          	0.008192    	1.489e-05   	0.001888    	0.001329    
4865        	10          	0.008011    	2.741e-05   	0.001313    	0.001315    
4870        	10          	0.006447    	2.539e-05   	0.002295    	0.001498    
4875        	10          	0.005889    	1.424e-05   	0.00126     	0.001255    
4880        	10          	0.02021     	1.408e-05   	0.001118    	0.001064    
4885        	10          	0.02057     	5.376e-05   	0.001219    	0.001185    
4890        	10          	0.01456     	1.285e-05   	0.001043    	0.0008963   
4895        	10          	0.006844    	1.057e-05   	0.001066    	0.001246    
4900        	10          	0.009289    	1.605e-05   	0.001077    	0.001391    
4905        	10          	0.004622    	3.219e-05   	0.0007297   	0.0006767   
4910        	10          	0.004333    	5.547e-06   	0.001257    	0.001426    
4915        	10          	0.006767    	1.845e-05   	0.001408    	0.0008532   
4920        	10          	0.01407     	3.262e-05   	0.001088    	0.0009656   
4925        	10          	0.005392    	1.925e-05   	0.001537    	0.001294    
4930        	10          	0.007044    	3.318e-05   	0.001095    	0.001161    
4935        	10          	0.0139      	5.483e-06   	0.001663    	0.001798    
4940        	10          	0.01238     	5.468e-06   	0.001       	0.0009315   
4945        	10          	0.0183      	2.803e-05   	0.001453    	0.001898    
4950        	10          	0.01206     	1.312e-05   	0.001643    	0.001452    
4955        	10          	0.008933    	3.241e-05   	0.001034    	0.001198    
4960        	10          	0.01739     	3.997e-05   	0.001381    	0.001156    
4965        	10          	0.01294     	2.262e-05   	0.00157     	0.001729    
4970        	10          	0.009725    	4.082e-05   	0.001714    	0.001329    
4975        	10          	0.01471     	9.805e-06   	0.001356    	0.00108     
4980        	10          	0.0194      	1.627e-05   	0.0009187   	0.0009228   
4985        	10          	0.009169    	2.596e-05   	0.001121    	0.001417    
4990        	10          	0.0198      	2.741e-05   	0.001592    	0.001186    
4995        	10          	0.01614     	8.404e-06   	0.001146    	0.001823    
5000        	10          	0.02628     	1.92e-05    	0.0015      	0.00115     
