generation  	alive.rpl   	n.adlt.rs   	n.adlt.fst.wc_p1-2	n.adlt.fst.wc_p1-3	n.adlt.fst.wc_p2-3
5           	10          	18.19       	0.007912    	0.01047     	0.008507    
10          	10          	17.24       	0.01486     	0.01796     	0.01361     
15          	10          	16.52       	0.01716     	0.02546     	0.01768     
20          	10          	15.86       	0.02253     	0.03042     	0.02072     
25          	10          	15.3        	0.02253     	0.0349      	0.02339     
30          	10          	14.77       	0.02314     	0.04039     	0.02502     
35          	10          	14.38       	0.02394     	0.0422      	0.02461     
40          	10          	14.17       	0.0237      	0.04496     	0.02546     
45          	10          	13.59       	0.02452     	0.04977     	0.02851     
50          	10          	13.38       	0.02685     	0.05307     	0.0268      
55          	10          	12.94       	0.02652     	0.05039     	0.02683     
60          	10          	12.81       	0.02821     	0.05485     	0.02833     
65          	10          	12.4        	0.02866     	0.05276     	0.02915     
70          	10          	12.07       	0.03126     	0.06165     	0.03129     
75          	10          	11.79       	0.02856     	0.05861     	0.02896     
80          	10          	11.65       	0.02971     	0.05982     	0.0309      
85          	10          	11.36       	0.02983     	0.05908     	0.0312      
90          	10          	11.08       	0.03247     	0.06058     	0.03147     
95          	10          	10.94       	0.03069     	0.05953     	0.03238     
100         	10          	10.73       	0.03036     	0.05887     	0.03266     
105         	10          	10.62       	0.02908     	0.0544      	0.0267      
110         	10          	10.41       	0.02773     	0.05945     	0.0294      
115         	10          	10.16       	0.02988     	0.05927     	0.02827     
120         	10          	10          	0.03095     	0.06002     	0.02785     
125         	10          	9.927       	0.02673     	0.05635     	0.0294      
130         	10          	9.753       	0.02927     	0.0644      	0.02908     
135         	10          	9.62        	0.02948     	0.05932     	0.02724     
140         	10          	9.417       	0.02786     	0.05861     	0.02826     
145         	10          	9.355       	0.02837     	0.05916     	0.02807     
150         	10          	9.308       	0.0255      	0.05635     	0.02723     
155         	10          	9.067       	0.02788     	0.05932     	0.02709     
160         	10          	8.993       	0.026       	0.05556     	0.02852     
165         	10          	8.903       	0.02809     	0.05951     	0.02857     
170         	10          	8.727       	0.02792     	0.05463     	0.02502     
175         	10          	8.652       	0.02496     	0.05495     	0.02804     
180         	10          	8.575       	0.02729     	0.05826     	0.02966     
185         	10          	8.49        	0.02657     	0.05754     	0.03091     
190         	10          	8.34        	0.0296      	0.06013     	0.02817     
195         	10          	8.237       	0.02731     	0.06136     	0.02991     
200         	10          	8.122       	0.02585     	0.05866     	0.02923     
205         	10          	8.023       	0.02627     	0.05824     	0.03055     
210         	10          	8.013       	0.02644     	0.05808     	0.03013     
215         	10          	7.935       	0.02383     	0.05323     	0.02919     
220         	10          	7.917       	0.02465     	0.05373     	0.02751     
225         	10          	7.808       	0.02796     	0.05568     	0.02543     
230         	10          	7.763       	0.02551     	0.06051     	0.02949     
235         	10          	7.672       	0.02845     	0.05368     	0.02773     
240         	10          	7.62        	0.02965     	0.05906     	0.03072     
245         	10          	7.493       	0.03243     	0.06097     	0.03137     
250         	10          	7.447       	0.02972     	0.06007     	0.02782     
255         	10          	7.407       	0.03051     	0.05713     	0.03016     
260         	10          	7.337       	0.028       	0.05581     	0.02638     
265         	10          	7.28        	0.02965     	0.05401     	0.0257      
270         	10          	7.263       	0.02939     	0.05007     	0.02673     
275         	10          	7.207       	0.02629     	0.05183     	0.0255      
280         	10          	7.108       	0.02736     	0.05256     	0.02691     
285         	10          	7.09        	0.02947     	0.05517     	0.02731     
290         	10          	7.027       	0.02763     	0.05566     	0.02286     
295         	10          	6.918       	0.02413     	0.0528      	0.02705     
300         	10          	6.868       	0.02931     	0.05515     	0.02421     
305         	10          	6.835       	0.0293      	0.05324     	0.02821     
310         	10          	6.757       	0.02567     	0.05326     	0.02549     
315         	10          	6.803       	0.02576     	0.05148     	0.02514     
320         	10          	6.683       	0.02565     	0.05391     	0.02852     
325         	10          	6.655       	0.02658     	0.05253     	0.02782     
330         	10          	6.627       	0.02448     	0.05777     	0.031       
335         	10          	6.525       	0.02538     	0.05653     	0.03275     
340         	10          	6.47        	0.02473     	0.05476     	0.02623     
345         	10          	6.388       	0.03066     	0.06205     	0.033       
350         	10          	6.355       	0.02425     	0.05677     	0.03307     
355         	10          	6.303       	0.0266      	0.05484     	0.02907     
360         	10          	6.267       	0.02672     	0.05794     	0.032       
365         	10          	6.192       	0.0284      	0.05867     	0.03167     
370         	10          	6.095       	0.03045     	0.0589      	0.03267     
375         	10          	6.108       	0.02562     	0.05909     	0.03133     
380         	10          	6.007       	0.02994     	0.05643     	0.03478     
385         	10          	5.948       	0.03301     	0.06149     	0.03416     
390         	10          	5.937       	0.03167     	0.06013     	0.02615     
395         	10          	5.928       	0.02813     	0.06122     	0.03239     
400         	10          	5.888       	0.02614     	0.06452     	0.03058     
405         	10          	5.868       	0.02995     	0.05848     	0.03192     
410         	10          	5.828       	0.03327     	0.06301     	0.02672     
415         	10          	5.742       	0.03028     	0.05748     	0.02767     
420         	10          	5.733       	0.03496     	0.06142     	0.03035     
425         	10          	5.742       	0.03528     	0.0647      	0.02631     
430         	10          	5.713       	0.0299      	0.05923     	0.02827     
435         	10          	5.652       	0.03209     	0.06344     	0.02882     
440         	10          	5.6         	0.02683     	0.05473     	0.03089     
445         	10          	5.593       	0.0283      	0.0519      	0.02881     
450         	10          	5.582       	0.03025     	0.05507     	0.03056     
455         	10          	5.58        	0.0259      	0.05405     	0.03016     
460         	10          	5.503       	0.03141     	0.05807     	0.02723     
465         	10          	5.482       	0.02613     	0.05647     	0.03154     
470         	10          	5.413       	0.02715     	0.05973     	0.0317      
475         	10          	5.422       	0.02556     	0.06094     	0.03145     
480         	10          	5.362       	0.02685     	0.06079     	0.02785     
485         	10          	5.288       	0.03445     	0.07087     	0.03515     
490         	10          	5.345       	0.03223     	0.0673      	0.03093     
495         	10          	5.332       	0.03235     	0.06294     	0.02726     
500         	10          	5.305       	0.02977     	0.0639      	0.03396     
505         	10          	5.297       	0.0282      	0.06099     	0.03627     
510         	10          	5.245       	0.0236      	0.0652      	0.03865     
515         	10          	5.222       	0.03544     	0.06679     	0.02626     
520         	10          	5.282       	0.02946     	0.06209     	0.02982     
525         	10          	5.183       	0.02955     	0.06374     	0.02842     
530         	10          	5.15        	0.02939     	0.05745     	0.02792     
535         	10          	5.093       	0.02746     	0.06026     	0.02742     
540         	10          	5.108       	0.02435     	0.0569      	0.02687     
545         	10          	5.12        	0.02854     	0.05628     	0.02941     
550         	10          	5.067       	0.02545     	0.0546      	0.02883     
555         	10          	5.072       	0.02538     	0.05965     	0.03802     
560         	10          	5.03        	0.03034     	0.06033     	0.03295     
565         	10          	5.06        	0.0245      	0.05347     	0.03383     
570         	10          	5.07        	0.02879     	0.05567     	0.03277     
575         	10          	5.07        	0.03323     	0.0612      	0.03212     
580         	10          	5.053       	0.03218     	0.05438     	0.0255      
585         	10          	5.002       	0.03346     	0.05607     	0.02441     
590         	10          	4.95        	0.03127     	0.05797     	0.02572     
595         	10          	4.982       	0.03018     	0.04911     	0.02689     
600         	10          	5.04        	0.02681     	0.05041     	0.02793     
605         	10          	4.993       	0.02573     	0.04998     	0.02865     
610         	10          	5.008       	0.02527     	0.04678     	0.02683     
615         	10          	5.012       	0.02592     	0.05076     	0.0306      
620         	10          	4.925       	0.02607     	0.05485     	0.02909     
625         	10          	4.927       	0.02842     	0.04534     	0.02485     
630         	10          	4.905       	0.02577     	0.04789     	0.02188     
635         	10          	4.902       	0.03034     	0.05074     	0.02354     
640         	10          	4.862       	0.02512     	0.05013     	0.03168     
645         	10          	4.825       	0.02924     	0.05024     	0.02777     
650         	10          	4.817       	0.02867     	0.05176     	0.02474     
655         	10          	4.865       	0.03069     	0.05352     	0.02555     
660         	10          	4.787       	0.02964     	0.05574     	0.02911     
665         	10          	4.817       	0.02522     	0.05163     	0.02635     
670         	10          	4.807       	0.02603     	0.05294     	0.02532     
675         	10          	4.75        	0.03037     	0.05547     	0.02566     
680         	10          	4.827       	0.03006     	0.05984     	0.02609     
685         	10          	4.763       	0.03286     	0.05798     	0.02468     
690         	10          	4.735       	0.02842     	0.05804     	0.02896     
695         	10          	4.645       	0.0297      	0.06683     	0.03462     
700         	10          	4.642       	0.02638     	0.05699     	0.03056     
705         	10          	4.605       	0.02843     	0.06468     	0.03626     
710         	10          	4.582       	0.02895     	0.06399     	0.03288     
715         	10          	4.602       	0.03197     	0.05938     	0.03175     
720         	10          	4.593       	0.03587     	0.06026     	0.03255     
725         	10          	4.567       	0.0281      	0.05812     	0.02952     
730         	10          	4.588       	0.03853     	0.06079     	0.02766     
735         	10          	4.597       	0.02695     	0.05765     	0.03039     
740         	10          	4.57        	0.02893     	0.05964     	0.02965     
745         	10          	4.607       	0.02879     	0.05482     	0.02297     
750         	10          	4.61        	0.02532     	0.05552     	0.02924     
755         	10          	4.523       	0.02731     	0.05428     	0.0239      
760         	10          	4.54        	0.02241     	0.05132     	0.0231      
765         	10          	4.51        	0.03152     	0.05768     	0.02694     
770         	10          	4.527       	0.02424     	0.05861     	0.02852     
775         	10          	4.525       	0.02726     	0.06034     	0.02633     
780         	10          	4.522       	0.02517     	0.05694     	0.0262      
785         	10          	4.497       	0.02687     	0.05727     	0.03017     
790         	10          	4.448       	0.02915     	0.05607     	0.02749     
795         	10          	4.488       	0.02701     	0.05259     	0.02539     
800         	10          	4.443       	0.03195     	0.05932     	0.03208     
805         	10          	4.447       	0.02956     	0.05695     	0.03005     
810         	10          	4.462       	0.03208     	0.05848     	0.02738     
815         	10          	4.407       	0.03023     	0.06411     	0.02983     
820         	10          	4.448       	0.02995     	0.05857     	0.02702     
825         	10          	4.392       	0.02987     	0.06182     	0.03683     
830         	10          	4.46        	0.03192     	0.06651     	0.03265     
835         	10          	4.442       	0.02518     	0.05763     	0.02934     
840         	10          	4.45        	0.03028     	0.05637     	0.02681     
845         	10          	4.443       	0.0314      	0.05771     	0.02674     
850         	10          	4.408       	0.03016     	0.06023     	0.02996     
855         	10          	4.44        	0.02369     	0.05602     	0.02863     
860         	10          	4.467       	0.02718     	0.0545      	0.03177     
865         	10          	4.375       	0.02831     	0.05209     	0.02983     
870         	10          	4.398       	0.02606     	0.05642     	0.02967     
875         	10          	4.382       	0.03168     	0.05574     	0.02869     
880         	10          	4.413       	0.03024     	0.06256     	0.03471     
885         	10          	4.418       	0.02656     	0.05932     	0.03567     
890         	10          	4.437       	0.02745     	0.05665     	0.03929     
895         	10          	4.367       	0.02514     	0.04958     	0.02836     
900         	10          	4.415       	0.02672     	0.04824     	0.02196     
905         	10          	4.422       	0.02914     	0.04586     	0.02095     
910         	10          	4.415       	0.0277      	0.04988     	0.0226      
915         	10          	4.367       	0.03133     	0.05342     	0.02349     
920         	10          	4.383       	0.02613     	0.04683     	0.02702     
925         	10          	4.347       	0.02925     	0.04761     	0.02272     
930         	10          	4.342       	0.02634     	0.05571     	0.02842     
935         	10          	4.367       	0.03044     	0.06244     	0.03117     
940         	10          	4.28        	0.03119     	0.05743     	0.02781     
945         	10          	4.308       	0.03027     	0.05691     	0.02966     
950         	10          	4.267       	0.02796     	0.05829     	0.02906     
955         	10          	4.237       	0.03016     	0.05799     	0.02954     
960         	10          	4.212       	0.02491     	0.05715     	0.03389     
965         	10          	4.197       	0.02484     	0.05735     	0.03363     
970         	10          	4.213       	0.02778     	0.06144     	0.03025     
975         	10          	4.21        	0.02401     	0.05954     	0.02573     
980         	10          	4.187       	0.02409     	0.05685     	0.03118     
985         	10          	4.19        	0.02688     	0.06355     	0.02667     
990         	10          	4.183       	0.0237      	0.06056     	0.03343     
995         	10          	4.188       	0.03655     	0.06163     	0.02849     
1000        	10          	4.133       	0.02865     	0.06587     	0.03261     
1005        	10          	4.137       	0.02612     	0.05497     	0.03176     
1010        	10          	4.108       	0.0283      	0.05708     	0.02927     
1015        	10          	4.128       	0.02847     	0.05438     	0.02475     
1020        	10          	4.145       	0.0317      	0.06572     	0.03104     
1025        	10          	4.11        	0.0299      	0.059       	0.03156     
1030        	10          	4.07        	0.03376     	0.06365     	0.0276      
1035        	10          	4.108       	0.0354      	0.06073     	0.02878     
1040        	10          	4.1         	0.03515     	0.06389     	0.02666     
1045        	10          	4.113       	0.03147     	0.05545     	0.02728     
1050        	10          	4.04        	0.03291     	0.05151     	0.02859     
1055        	10          	4.053       	0.02983     	0.05546     	0.02416     
1060        	10          	4.018       	0.0281      	0.05222     	0.0296      
1065        	10          	4.047       	0.02821     	0.05718     	0.02521     
1070        	10          	4.025       	0.03257     	0.06535     	0.0319      
1075        	10          	4.087       	0.03032     	0.06208     	0.02453     
1080        	10          	4.077       	0.02868     	0.05039     	0.02658     
1085        	10          	4.038       	0.02569     	0.05908     	0.03472     
1090        	10          	4.062       	0.03235     	0.05977     	0.02898     
1095        	10          	4.025       	0.03438     	0.06012     	0.0317      
1100        	10          	4.027       	0.03654     	0.06416     	0.02926     
1105        	10          	4.045       	0.03488     	0.06383     	0.03141     
1110        	10          	4.025       	0.03214     	0.05467     	0.02675     
1115        	10          	4.02        	0.0333      	0.05473     	0.02841     
1120        	10          	4.075       	0.0337      	0.05233     	0.02453     
1125        	10          	4.05        	0.02699     	0.05502     	0.02602     
1130        	10          	4.103       	0.02865     	0.06153     	0.03028     
1135        	10          	4.118       	0.03061     	0.05733     	0.02994     
1140        	10          	4.098       	0.02905     	0.05708     	0.03304     
1145        	10          	4.107       	0.02995     	0.05708     	0.03003     
1150        	10          	4.098       	0.0334      	0.04754     	0.02795     
1155        	10          	4.107       	0.02631     	0.05231     	0.02581     
1160        	10          	4.087       	0.02916     	0.05232     	0.0304      
1165        	10          	4.08        	0.02771     	0.0525      	0.02716     
1170        	10          	4.063       	0.02976     	0.05473     	0.02686     
1175        	10          	4.078       	0.029       	0.05566     	0.02548     
1180        	10          	4.063       	0.02986     	0.05673     	0.02447     
1185        	10          	4.003       	0.03308     	0.05913     	0.02884     
1190        	10          	4.013       	0.02874     	0.05423     	0.0285      
1195        	10          	3.972       	0.03521     	0.05967     	0.02717     
1200        	10          	4.022       	0.02664     	0.04811     	0.02271     
1205        	10          	3.938       	0.03109     	0.05633     	0.02984     
1210        	10          	4.007       	0.02826     	0.0519      	0.0229      
1215        	10          	3.997       	0.02817     	0.0514      	0.02423     
1220        	10          	4.007       	0.02708     	0.04976     	0.02866     
1225        	10          	3.967       	0.02636     	0.05345     	0.02858     
1230        	10          	3.992       	0.02637     	0.05203     	0.02785     
1235        	10          	4.01        	0.02743     	0.05216     	0.02889     
1240        	10          	3.995       	0.02639     	0.05085     	0.02453     
1245        	10          	3.965       	0.02793     	0.05247     	0.02357     
1250        	10          	4.013       	0.03176     	0.04933     	0.02266     
1255        	10          	3.968       	0.02621     	0.05461     	0.02461     
1260        	10          	3.975       	0.02512     	0.04964     	0.0244      
1265        	10          	3.945       	0.02735     	0.04576     	0.02358     
1270        	10          	3.965       	0.02607     	0.04792     	0.0222      
1275        	10          	3.952       	0.02206     	0.0459      	0.03178     
1280        	10          	3.968       	0.02095     	0.05248     	0.02781     
1285        	10          	3.962       	0.02496     	0.04434     	0.02775     
1290        	10          	3.962       	0.02292     	0.0499      	0.0243      
1295        	10          	3.957       	0.02532     	0.04694     	0.02194     
1300        	10          	3.94        	0.02412     	0.05046     	0.02442     
1305        	10          	3.933       	0.0252      	0.04962     	0.02345     
1310        	10          	3.92        	0.02855     	0.04348     	0.02538     
1315        	10          	3.938       	0.03053     	0.05115     	0.02275     
1320        	10          	3.945       	0.03303     	0.04652     	0.02668     
1325        	10          	3.928       	0.02773     	0.05212     	0.02323     
1330        	10          	3.927       	0.02847     	0.04972     	0.02804     
1335        	10          	3.907       	0.03395     	0.05811     	0.02912     
1340        	10          	3.918       	0.03354     	0.05582     	0.02804     
1345        	10          	3.88        	0.02891     	0.05731     	0.02904     
1350        	10          	3.84        	0.03644     	0.05337     	0.02557     
1355        	10          	3.837       	0.02812     	0.05663     	0.02792     
1360        	10          	3.835       	0.03439     	0.06437     	0.03236     
1365        	10          	3.882       	0.02914     	0.06061     	0.03373     
1370        	10          	3.773       	0.03119     	0.05737     	0.02886     
1375        	10          	3.817       	0.02963     	0.0493      	0.0272      
1380        	10          	3.763       	0.0257      	0.05161     	0.02857     
1385        	10          	3.812       	0.03028     	0.05495     	0.03055     
1390        	10          	3.81        	0.02386     	0.04612     	0.02787     
1395        	10          	3.767       	0.02279     	0.04655     	0.02829     
1400        	10          	3.782       	0.02058     	0.04729     	0.02887     
1405        	10          	3.762       	0.02384     	0.05171     	0.03006     
1410        	10          	3.77        	0.02784     	0.05471     	0.02838     
1415        	10          	3.78        	0.02778     	0.05028     	0.03008     
1420        	10          	3.77        	0.03364     	0.05733     	0.02865     
1425        	10          	3.775       	0.0279      	0.06078     	0.032       
1430        	10          	3.777       	0.02834     	0.05846     	0.02782     
1435        	10          	3.747       	0.0333      	0.06126     	0.02924     
1440        	10          	3.707       	0.0252      	0.06077     	0.02908     
1445        	10          	3.713       	0.02779     	0.05972     	0.03045     
1450        	10          	3.715       	0.03086     	0.06374     	0.02984     
1455        	10          	3.702       	0.03264     	0.06144     	0.03082     
1460        	10          	3.713       	0.03009     	0.06366     	0.03124     
1465        	10          	3.692       	0.025       	0.05642     	0.03512     
1470        	10          	3.735       	0.02835     	0.06561     	0.0304      
1475        	10          	3.773       	0.02779     	0.06308     	0.02795     
1480        	10          	3.783       	0.03051     	0.06282     	0.03145     
1485        	10          	3.763       	0.02979     	0.06053     	0.03242     
1490        	10          	3.722       	0.02599     	0.06146     	0.03168     
1495        	10          	3.708       	0.03089     	0.06278     	0.02239     
1500        	10          	3.688       	0.02581     	0.06428     	0.02881     
1505        	10          	3.723       	0.02991     	0.06153     	0.02673     
1510        	10          	3.685       	0.02846     	0.06627     	0.03383     
1515        	10          	3.728       	0.03157     	0.06949     	0.03123     
1520        	10          	3.698       	0.03114     	0.0653      	0.02572     
1525        	10          	3.698       	0.02832     	0.06154     	0.0244      
1530        	10          	3.642       	0.02893     	0.06101     	0.03347     
1535        	10          	3.655       	0.02524     	0.0569      	0.02925     
1540        	10          	3.627       	0.02789     	0.04704     	0.02017     
1545        	10          	3.615       	0.03363     	0.05363     	0.02347     
1550        	10          	3.625       	0.03075     	0.05962     	0.02885     
1555        	10          	3.642       	0.0293      	0.05976     	0.02706     
1560        	10          	3.617       	0.03535     	0.06983     	0.02852     
1565        	10          	3.6         	0.02528     	0.06516     	0.03036     
1570        	10          	3.597       	0.02849     	0.05732     	0.0246      
1575        	10          	3.62        	0.03387     	0.06793     	0.02787     
1580        	10          	3.595       	0.03737     	0.05668     	0.02903     
1585        	10          	3.627       	0.0314      	0.05954     	0.02919     
1590        	10          	3.608       	0.03314     	0.05857     	0.03445     
1595        	10          	3.577       	0.02642     	0.05516     	0.0283      
1600        	10          	3.618       	0.03022     	0.05589     	0.03217     
1605        	10          	3.647       	0.02897     	0.0592      	0.03226     
1610        	10          	3.622       	0.02794     	0.06069     	0.03391     
1615        	10          	3.617       	0.02846     	0.06483     	0.03178     
1620        	10          	3.632       	0.03171     	0.057       	0.02593     
1625        	10          	3.6         	0.03603     	0.06846     	0.03232     
1630        	10          	3.633       	0.03313     	0.06031     	0.03223     
1635        	10          	3.652       	0.02787     	0.0507      	0.03004     
1640        	10          	3.615       	0.02538     	0.06645     	0.03481     
1645        	10          	3.633       	0.02926     	0.05748     	0.02806     
1650        	10          	3.605       	0.02757     	0.05456     	0.03205     
1655        	10          	3.677       	0.02428     	0.05479     	0.03296     
1660        	10          	3.648       	0.02388     	0.0556      	0.03076     
1665        	10          	3.577       	0.02955     	0.05546     	0.02945     
1670        	10          	3.568       	0.02812     	0.05957     	0.02957     
1675        	10          	3.598       	0.02461     	0.05183     	0.02462     
1680        	10          	3.56        	0.02641     	0.05844     	0.03041     
1685        	10          	3.587       	0.0295      	0.05844     	0.02874     
1690        	10          	3.55        	0.02681     	0.06062     	0.03231     
1695        	10          	3.538       	0.03242     	0.05721     	0.03092     
1700        	10          	3.598       	0.02809     	0.05188     	0.02316     
1705        	10          	3.587       	0.03129     	0.05397     	0.02903     
1710        	10          	3.565       	0.02824     	0.05417     	0.02438     
1715        	10          	3.528       	0.02079     	0.05329     	0.02923     
1720        	10          	3.517       	0.02467     	0.05523     	0.03208     
1725        	10          	3.52        	0.02445     	0.05887     	0.03221     
1730        	10          	3.53        	0.02977     	0.06481     	0.0295      
1735        	10          	3.488       	0.02091     	0.05756     	0.03137     
1740        	10          	3.515       	0.02406     	0.05667     	0.0228      
1745        	10          	3.488       	0.02948     	0.06039     	0.02567     
1750        	10          	3.572       	0.02662     	0.05748     	0.02917     
1755        	10          	3.528       	0.0289      	0.05803     	0.02679     
1760        	10          	3.52        	0.03236     	0.06057     	0.02956     
1765        	10          	3.54        	0.03335     	0.05899     	0.02216     
1770        	10          	3.5         	0.03018     	0.05714     	0.02136     
1775        	10          	3.518       	0.03261     	0.05759     	0.02475     
1780        	10          	3.503       	0.03079     	0.06104     	0.02912     
1785        	10          	3.493       	0.03678     	0.06369     	0.02704     
1790        	10          	3.492       	0.03299     	0.06446     	0.03228     
1795        	10          	3.532       	0.03382     	0.06072     	0.0274      
1800        	10          	3.493       	0.03514     	0.06729     	0.03529     
1805        	10          	3.567       	0.03355     	0.0557      	0.02907     
1810        	10          	3.523       	0.03168     	0.05396     	0.02802     
1815        	10          	3.502       	0.03785     	0.06253     	0.02904     
1820        	10          	3.523       	0.03016     	0.06165     	0.03549     
1825        	10          	3.548       	0.0262      	0.05854     	0.02821     
1830        	10          	3.518       	0.02646     	0.05994     	0.02741     
1835        	10          	3.488       	0.03444     	0.05995     	0.03092     
1840        	10          	3.522       	0.02678     	0.05651     	0.02474     
1845        	10          	3.508       	0.03373     	0.05767     	0.02498     
1850        	10          	3.532       	0.03031     	0.05604     	0.02561     
1855        	10          	3.527       	0.02546     	0.05255     	0.02929     
1860        	10          	3.447       	0.02726     	0.0565      	0.02828     
1865        	10          	3.485       	0.02492     	0.0539      	0.02854     
1870        	10          	3.475       	0.03179     	0.06358     	0.02788     
1875        	10          	3.523       	0.0202      	0.05317     	0.02583     
1880        	10          	3.528       	0.02201     	0.05176     	0.03024     
1885        	10          	3.518       	0.02389     	0.04651     	0.02588     
1890        	10          	3.537       	0.02899     	0.05263     	0.02894     
1895        	10          	3.448       	0.03046     	0.06018     	0.02891     
1900        	10          	3.487       	0.03051     	0.06002     	0.03116     
1905        	10          	3.492       	0.02823     	0.05336     	0.02986     
1910        	10          	3.498       	0.02351     	0.05276     	0.03152     
1915        	10          	3.468       	0.03074     	0.05365     	0.02487     
1920        	10          	3.46        	0.02561     	0.04801     	0.02112     
1925        	10          	3.467       	0.02376     	0.049       	0.02873     
1930        	10          	3.523       	0.02432     	0.04822     	0.02647     
1935        	10          	3.495       	0.02455     	0.05638     	0.02612     
1940        	10          	3.47        	0.02763     	0.05835     	0.03089     
1945        	10          	3.475       	0.02329     	0.05605     	0.03197     
1950        	10          	3.428       	0.03112     	0.04905     	0.02706     
1955        	10          	3.468       	0.03045     	0.06293     	0.03851     
1960        	10          	3.452       	0.03146     	0.06139     	0.03747     
1965        	10          	3.405       	0.03716     	0.06293     	0.03149     
1970        	10          	3.443       	0.02798     	0.0567      	0.02868     
1975        	10          	3.447       	0.02616     	0.05111     	0.02775     
1980        	10          	3.412       	0.03245     	0.05815     	0.02403     
1985        	10          	3.423       	0.0279      	0.05889     	0.02628     
1990        	10          	3.403       	0.02931     	0.05756     	0.02568     
1995        	10          	3.415       	0.03663     	0.06118     	0.03094     
2000        	10          	3.385       	0.02207     	0.05043     	0.02992     
2005        	10          	3.358       	0.03299     	0.05979     	0.03109     
2010        	10          	3.372       	0.02769     	0.05856     	0.03347     
2015        	10          	3.403       	0.03245     	0.05848     	0.02833     
2020        	10          	3.423       	0.0321      	0.06327     	0.03262     
2025        	10          	3.398       	0.03437     	0.06555     	0.02421     
2030        	10          	3.335       	0.0322      	0.06351     	0.03113     
2035        	10          	3.415       	0.02416     	0.0545      	0.02673     
2040        	10          	3.413       	0.02513     	0.05652     	0.02843     
2045        	10          	3.408       	0.0265      	0.05813     	0.02471     
2050        	10          	3.37        	0.02993     	0.0575      	0.02777     
2055        	10          	3.373       	0.03747     	0.06816     	0.03488     
2060        	10          	3.383       	0.03378     	0.064       	0.02842     
2065        	10          	3.398       	0.03361     	0.05754     	0.03022     
2070        	10          	3.41        	0.02796     	0.05293     	0.02644     
2075        	10          	3.393       	0.03429     	0.05289     	0.02495     
2080        	10          	3.378       	0.03113     	0.05305     	0.02605     
2085        	10          	3.4         	0.03116     	0.05537     	0.02464     
2090        	10          	3.378       	0.03145     	0.0582      	0.02896     
2095        	10          	3.38        	0.03347     	0.05877     	0.03033     
2100        	10          	3.392       	0.03447     	0.06004     	0.02894     
2105        	10          	3.353       	0.02654     	0.06059     	0.03255     
2110        	10          	3.433       	0.03138     	0.05709     	0.02605     
2115        	10          	3.432       	0.02322     	0.05754     	0.02701     
2120        	10          	3.403       	0.02872     	0.05989     	0.02865     
2125        	10          	3.388       	0.02769     	0.05886     	0.03014     
2130        	10          	3.403       	0.03001     	0.05249     	0.02469     
2135        	10          	3.362       	0.02668     	0.05379     	0.02654     
2140        	10          	3.343       	0.03189     	0.0649      	0.0352      
2145        	10          	3.383       	0.02592     	0.06062     	0.03206     
2150        	10          	3.378       	0.03129     	0.06749     	0.0366      
2155        	10          	3.378       	0.0323      	0.06517     	0.03419     
2160        	10          	3.397       	0.0291      	0.06171     	0.03255     
2165        	10          	3.382       	0.03499     	0.06273     	0.03169     
2170        	10          	3.363       	0.03209     	0.06506     	0.02597     
2175        	10          	3.375       	0.02876     	0.0611      	0.0321      
2180        	10          	3.347       	0.02572     	0.06113     	0.02768     
2185        	10          	3.335       	0.02932     	0.06101     	0.03183     
2190        	10          	3.337       	0.02696     	0.05457     	0.03181     
2195        	10          	3.338       	0.02372     	0.05811     	0.03137     
2200        	10          	3.325       	0.03538     	0.06536     	0.03408     
2205        	10          	3.342       	0.02847     	0.04934     	0.03003     
2210        	10          	3.325       	0.03062     	0.0626      	0.03042     
2215        	10          	3.315       	0.02903     	0.06047     	0.0235      
2220        	10          	3.357       	0.03502     	0.07126     	0.03204     
2225        	10          	3.352       	0.03007     	0.06348     	0.03258     
2230        	10          	3.393       	0.02522     	0.05636     	0.02876     
2235        	10          	3.392       	0.03        	0.06054     	0.02881     
2240        	10          	3.395       	0.02826     	0.05657     	0.03146     
2245        	10          	3.363       	0.03113     	0.05902     	0.02707     
2250        	10          	3.36        	0.02888     	0.06225     	0.02981     
2255        	10          	3.417       	0.02894     	0.05487     	0.02087     
2260        	10          	3.413       	0.02796     	0.05598     	0.02571     
2265        	10          	3.38        	0.0336      	0.06187     	0.02623     
2270        	10          	3.368       	0.02891     	0.05873     	0.02544     
2275        	10          	3.403       	0.02478     	0.05431     	0.02711     
2280        	10          	3.425       	0.02706     	0.04984     	0.02513     
2285        	10          	3.373       	0.02664     	0.04672     	0.02436     
2290        	10          	3.423       	0.02819     	0.05228     	0.02636     
2295        	10          	3.387       	0.03266     	0.05433     	0.02846     
2300        	10          	3.377       	0.03301     	0.05479     	0.02153     
2305        	10          	3.378       	0.02994     	0.06221     	0.03491     
2310        	10          	3.353       	0.02976     	0.05719     	0.02888     
2315        	10          	3.355       	0.03045     	0.07115     	0.03066     
2320        	10          	3.308       	0.02882     	0.05981     	0.03017     
2325        	10          	3.37        	0.02893     	0.07122     	0.03122     
2330        	10          	3.348       	0.02223     	0.05507     	0.03079     
2335        	10          	3.335       	0.02389     	0.05942     	0.03633     
2340        	10          	3.337       	0.02482     	0.05064     	0.03014     
2345        	10          	3.328       	0.02935     	0.06194     	0.03583     
2350        	10          	3.317       	0.02705     	0.06257     	0.0354      
2355        	10          	3.385       	0.03194     	0.06165     	0.03165     
2360        	10          	3.365       	0.03166     	0.06181     	0.03151     
2365        	10          	3.335       	0.02856     	0.05387     	0.02779     
2370        	10          	3.368       	0.02908     	0.05932     	0.03182     
2375        	10          	3.367       	0.0326      	0.05632     	0.03123     
2380        	10          	3.362       	0.03241     	0.06096     	0.03233     
2385        	10          	3.323       	0.03008     	0.05951     	0.02926     
2390        	10          	3.367       	0.03177     	0.05929     	0.03458     
2395        	10          	3.35        	0.03213     	0.05254     	0.0262      
2400        	10          	3.35        	0.02882     	0.05367     	0.02693     
2405        	10          	3.317       	0.02557     	0.06186     	0.02845     
2410        	10          	3.338       	0.02483     	0.05673     	0.02709     
2415        	10          	3.328       	0.02634     	0.05594     	0.03042     
2420        	10          	3.335       	0.02455     	0.05348     	0.02893     
2425        	10          	3.325       	0.02701     	0.05551     	0.03025     
2430        	10          	3.332       	0.03045     	0.05111     	0.02727     
2435        	10          	3.333       	0.02977     	0.053       	0.02965     
2440        	10          	3.348       	0.02405     	0.05817     	0.03227     
2445        	10          	3.333       	0.02798     	0.04843     	0.02078     
2450        	10          	3.308       	0.02813     	0.0496      	0.02668     
2455        	10          	3.353       	0.02706     	0.04423     	0.02062     
2460        	10          	3.318       	0.02954     	0.04814     	0.01863     
2465        	10          	3.36        	0.02924     	0.05575     	0.0262      
2470        	10          	3.335       	0.02248     	0.04909     	0.0261      
2475        	10          	3.362       	0.03232     	0.05859     	0.03056     
2480        	10          	3.363       	0.03088     	0.05678     	0.02607     
2485        	10          	3.325       	0.02478     	0.05239     	0.03052     
2490        	10          	3.327       	0.02951     	0.05538     	0.02234     
2495        	10          	3.357       	0.02799     	0.06914     	0.02864     
2500        	10          	3.313       	0.02889     	0.06413     	0.02526     
2505        	10          	3.327       	0.02881     	0.05974     	0.02304     
2510        	10          	3.348       	0.02566     	0.06014     	0.02575     
2515        	10          	3.31        	0.02944     	0.0588      	0.02651     
2520        	10          	3.337       	0.0239      	0.04868     	0.02499     
2525        	10          	3.3         	0.02981     	0.05698     	0.02743     
2530        	10          	3.282       	0.02793     	0.05917     	0.02401     
2535        	10          	3.317       	0.03119     	0.04987     	0.02315     
2540        	10          	3.285       	0.03407     	0.05848     	0.02449     
2545        	10          	3.27        	0.0287      	0.05247     	0.02891     
2550        	10          	3.255       	0.02755     	0.05611     	0.02776     
2555        	10          	3.262       	0.02623     	0.0599      	0.03427     
2560        	10          	3.223       	0.02412     	0.05958     	0.02865     
2565        	10          	3.235       	0.03191     	0.05353     	0.02606     
2570        	10          	3.242       	0.02556     	0.05574     	0.0284      
2575        	10          	3.265       	0.02847     	0.05903     	0.0267      
2580        	10          	3.272       	0.02985     	0.05639     	0.02686     
2585        	10          	3.31        	0.02323     	0.0512      	0.02346     
2590        	10          	3.288       	0.03157     	0.0608      	0.02635     
2595        	10          	3.312       	0.02875     	0.04932     	0.02076     
2600        	10          	3.285       	0.02612     	0.05571     	0.0266      
2605        	10          	3.31        	0.02882     	0.05011     	0.02442     
2610        	10          	3.28        	0.03251     	0.06039     	0.02999     
2615        	10          	3.33        	0.02772     	0.05617     	0.03149     
2620        	10          	3.325       	0.02995     	0.05158     	0.02205     
2625        	10          	3.338       	0.02712     	0.05475     	0.02467     
2630        	10          	3.337       	0.02468     	0.0525      	0.02591     
2635        	10          	3.338       	0.02796     	0.05211     	0.02297     
2640        	10          	3.353       	0.02843     	0.05341     	0.02698     
2645        	10          	3.368       	0.02314     	0.04722     	0.02571     
2650        	10          	3.305       	0.02875     	0.05521     	0.02598     
2655        	10          	3.3         	0.02821     	0.05065     	0.03336     
2660        	10          	3.305       	0.03202     	0.0564      	0.02644     
2665        	10          	3.297       	0.0317      	0.05339     	0.0254      
2670        	10          	3.29        	0.0282      	0.05074     	0.02734     
2675        	10          	3.272       	0.02461     	0.05689     	0.0298      
2680        	10          	3.242       	0.02668     	0.05413     	0.0315      
2685        	10          	3.268       	0.02894     	0.05518     	0.02451     
2690        	10          	3.257       	0.02601     	0.04611     	0.02922     
2695        	10          	3.227       	0.03184     	0.06552     	0.032       
2700        	10          	3.257       	0.02962     	0.05385     	0.02647     
2705        	10          	3.282       	0.0302      	0.0518      	0.02463     
2710        	10          	3.25        	0.02915     	0.05486     	0.02388     
2715        	10          	3.272       	0.03263     	0.06014     	0.02229     
2720        	10          	3.293       	0.02645     	0.05004     	0.02104     
2725        	10          	3.275       	0.03011     	0.05563     	0.02813     
2730        	10          	3.28        	0.02999     	0.05837     	0.02511     
2735        	10          	3.295       	0.03275     	0.05602     	0.02873     
2740        	10          	3.248       	0.02635     	0.05902     	0.0277      
2745        	10          	3.26        	0.03371     	0.05215     	0.02506     
2750        	10          	3.263       	0.02796     	0.05169     	0.02617     
2755        	10          	3.258       	0.03294     	0.05344     	0.0275      
2760        	10          	3.262       	0.02217     	0.04093     	0.02275     
2765        	10          	3.248       	0.0235      	0.04713     	0.02596     
2770        	10          	3.257       	0.02681     	0.0481      	0.02263     
2775        	10          	3.26        	0.02974     	0.05109     	0.02892     
2780        	10          	3.223       	0.03139     	0.04938     	0.02558     
2785        	10          	3.242       	0.02949     	0.05537     	0.02355     
2790        	10          	3.283       	0.0313      	0.05224     	0.02785     
2795        	10          	3.26        	0.02685     	0.04967     	0.02143     
2800        	10          	3.248       	0.02854     	0.05029     	0.02129     
2805        	10          	3.235       	0.02722     	0.05167     	0.0242      
2810        	10          	3.23        	0.02897     	0.0585      	0.02256     
2815        	10          	3.275       	0.02692     	0.05964     	0.02568     
2820        	10          	3.235       	0.02946     	0.06518     	0.02609     
2825        	10          	3.242       	0.02502     	0.06554     	0.02848     
2830        	10          	3.252       	0.03192     	0.06257     	0.02629     
2835        	10          	3.238       	0.02282     	0.0563      	0.02647     
2840        	10          	3.24        	0.029       	0.05507     	0.02182     
2845        	10          	3.225       	0.0292      	0.066       	0.02919     
2850        	10          	3.237       	0.02467     	0.05921     	0.02698     
2855        	10          	3.235       	0.02551     	0.05983     	0.03085     
2860        	10          	3.2         	0.02574     	0.05888     	0.02949     
2865        	10          	3.202       	0.02789     	0.07056     	0.03581     
2870        	10          	3.228       	0.03186     	0.07414     	0.03906     
2875        	10          	3.187       	0.02842     	0.07303     	0.04114     
2880        	10          	3.21        	0.02905     	0.05496     	0.03752     
2885        	10          	3.24        	0.02885     	0.06498     	0.03243     
2890        	10          	3.227       	0.02923     	0.05841     	0.03065     
2895        	10          	3.247       	0.02814     	0.0563      	0.02761     
2900        	10          	3.258       	0.03349     	0.05531     	0.03302     
2905        	10          	3.24        	0.02554     	0.05258     	0.02996     
2910        	10          	3.235       	0.02667     	0.05354     	0.02917     
2915        	10          	3.218       	0.02306     	0.05461     	0.02873     
2920        	10          	3.197       	0.02798     	0.05775     	0.03133     
2925        	10          	3.208       	0.02675     	0.05861     	0.03181     
2930        	10          	3.222       	0.0301      	0.05686     	0.03047     
2935        	10          	3.188       	0.02996     	0.05647     	0.0334      
2940        	10          	3.178       	0.03345     	0.06305     	0.03371     
2945        	10          	3.207       	0.03662     	0.05622     	0.03238     
2950        	10          	3.22        	0.02916     	0.06278     	0.02628     
2955        	10          	3.213       	0.02693     	0.05569     	0.03036     
2960        	10          	3.195       	0.0329      	0.06206     	0.02874     
2965        	10          	3.167       	0.0251      	0.06338     	0.03201     
2970        	10          	3.162       	0.02727     	0.05715     	0.03208     
2975        	10          	3.23        	0.02614     	0.05466     	0.03332     
2980        	10          	3.168       	0.02681     	0.06134     	0.03739     
2985        	10          	3.2         	0.02048     	0.0527      	0.02905     
2990        	10          	3.185       	0.02459     	0.05763     	0.0284      
2995        	10          	3.177       	0.01811     	0.05271     	0.02887     
3000        	10          	3.148       	0.03055     	0.05686     	0.0257      
3005        	10          	3.187       	0.03804     	0.06726     	0.02592     
3010        	10          	3.168       	0.02498     	0.05548     	0.03006     
3015        	10          	3.192       	0.0229      	0.05741     	0.03545     
3020        	10          	3.222       	0.03393     	0.06329     	0.02354     
3025        	10          	3.223       	0.0252      	0.05422     	0.02443     
3030        	10          	3.235       	0.02449     	0.05551     	0.02277     
3035        	10          	3.235       	0.02545     	0.05974     	0.02644     
3040        	10          	3.243       	0.03266     	0.06606     	0.03242     
3045        	10          	3.237       	0.03418     	0.06029     	0.02568     
3050        	10          	3.26        	0.03143     	0.05812     	0.02698     
3055        	10          	3.243       	0.03191     	0.05472     	0.02616     
3060        	10          	3.242       	0.03319     	0.05559     	0.02634     
3065        	10          	3.248       	0.03033     	0.06026     	0.02875     
3070        	10          	3.247       	0.0363      	0.06239     	0.03052     
3075        	10          	3.257       	0.03834     	0.05728     	0.03485     
3080        	10          	3.227       	0.03345     	0.05904     	0.03607     
3085        	10          	3.242       	0.03247     	0.06534     	0.0348      
3090        	10          	3.223       	0.03635     	0.06343     	0.03151     
3095        	10          	3.232       	0.03355     	0.06516     	0.0297      
3100        	10          	3.25        	0.03146     	0.06706     	0.02866     
3105        	10          	3.242       	0.03362     	0.05986     	0.0257      
3110        	10          	3.202       	0.03539     	0.07062     	0.02585     
3115        	10          	3.195       	0.03288     	0.07002     	0.02667     
3120        	10          	3.203       	0.02877     	0.06904     	0.0361      
3125        	10          	3.195       	0.03124     	0.06217     	0.03304     
3130        	10          	3.228       	0.03646     	0.06227     	0.02836     
3135        	10          	3.24        	0.03579     	0.06326     	0.02681     
3140        	10          	3.228       	0.03218     	0.06062     	0.03145     
3145        	10          	3.223       	0.03212     	0.0582      	0.02901     
3150        	10          	3.222       	0.02689     	0.05763     	0.02581     
3155        	10          	3.233       	0.02923     	0.0622      	0.02589     
3160        	10          	3.225       	0.03112     	0.06525     	0.02874     
3165        	10          	3.215       	0.02756     	0.0524      	0.02194     
3170        	10          	3.23        	0.02358     	0.05473     	0.02876     
3175        	10          	3.262       	0.02245     	0.05355     	0.02532     
3180        	10          	3.218       	0.03478     	0.04998     	0.02829     
3185        	10          	3.228       	0.03064     	0.05208     	0.02518     
3190        	10          	3.252       	0.03016     	0.05627     	0.03004     
3195        	10          	3.245       	0.03417     	0.04994     	0.02901     
3200        	10          	3.222       	0.02661     	0.05842     	0.03314     
3205        	10          	3.243       	0.02856     	0.05893     	0.03057     
3210        	10          	3.237       	0.02575     	0.05314     	0.03121     
3215        	10          	3.213       	0.02901     	0.05371     	0.02809     
3220        	10          	3.2         	0.02971     	0.06316     	0.02834     
3225        	10          	3.223       	0.03401     	0.05914     	0.03246     
3230        	10          	3.21        	0.02691     	0.05912     	0.02996     
3235        	10          	3.227       	0.03009     	0.06718     	0.03347     
3240        	10          	3.217       	0.03051     	0.0527      	0.02568     
3245        	10          	3.275       	0.02676     	0.05284     	0.02302     
3250        	10          	3.218       	0.01903     	0.05687     	0.02789     
3255        	10          	3.255       	0.02734     	0.05817     	0.03091     
3260        	10          	3.202       	0.02577     	0.05435     	0.02863     
3265        	10          	3.192       	0.02819     	0.06181     	0.03317     
3270        	10          	3.22        	0.02549     	0.05841     	0.02884     
3275        	10          	3.198       	0.02579     	0.06132     	0.03392     
3280        	10          	3.18        	0.022       	0.06578     	0.03677     
3285        	10          	3.185       	0.0276      	0.06346     	0.03242     
3290        	10          	3.178       	0.02511     	0.05521     	0.02494     
3295        	10          	3.193       	0.03303     	0.06571     	0.02904     
3300        	10          	3.142       	0.03256     	0.06491     	0.02609     
3305        	10          	3.137       	0.03253     	0.07231     	0.03287     
3310        	10          	3.22        	0.02853     	0.06218     	0.02279     
3315        	10          	3.175       	0.03394     	0.06143     	0.02919     
3320        	10          	3.172       	0.03845     	0.08        	0.03416     
3325        	10          	3.175       	0.0343      	0.0566      	0.02857     
3330        	10          	3.173       	0.03038     	0.05766     	0.02839     
3335        	10          	3.178       	0.0234      	0.05392     	0.027       
3340        	10          	3.182       	0.0245      	0.04748     	0.02393     
3345        	10          	3.187       	0.02973     	0.05225     	0.02131     
3350        	10          	3.185       	0.0263      	0.04918     	0.03273     
3355        	10          	3.218       	0.03038     	0.05001     	0.02592     
3360        	10          	3.19        	0.03106     	0.04618     	0.02594     
3365        	10          	3.157       	0.02617     	0.05367     	0.03048     
3370        	10          	3.177       	0.02054     	0.05143     	0.02906     
3375        	10          	3.2         	0.02873     	0.04492     	0.02765     
3380        	10          	3.165       	0.03397     	0.0543      	0.02265     
3385        	10          	3.198       	0.03369     	0.0584      	0.03119     
3390        	10          	3.168       	0.02867     	0.06146     	0.03494     
3395        	10          	3.172       	0.02778     	0.06416     	0.03324     
3400        	10          	3.152       	0.03422     	0.07113     	0.03486     
3405        	10          	3.147       	0.03857     	0.06305     	0.03107     
3410        	10          	3.1         	0.04105     	0.0683      	0.03283     
3415        	10          	3.113       	0.03057     	0.06737     	0.03634     
3420        	10          	3.155       	0.03357     	0.06323     	0.03076     
3425        	10          	3.102       	0.02937     	0.06048     	0.03299     
3430        	10          	3.122       	0.02323     	0.06033     	0.03128     
3435        	10          	3.107       	0.02888     	0.05986     	0.02857     
3440        	10          	3.125       	0.03261     	0.06992     	0.02832     
3445        	10          	3.163       	0.02631     	0.065       	0.03294     
3450        	10          	3.128       	0.03048     	0.05615     	0.0261      
3455        	10          	3.17        	0.03078     	0.07019     	0.03167     
3460        	10          	3.123       	0.03059     	0.0643      	0.02591     
3465        	10          	3.103       	0.02745     	0.06679     	0.03121     
3470        	10          	3.108       	0.02935     	0.0687      	0.02944     
3475        	10          	3.117       	0.03523     	0.07075     	0.02949     
3480        	10          	3.092       	0.03697     	0.07183     	0.02768     
3485        	10          	3.087       	0.03301     	0.06342     	0.02957     
3490        	10          	3.085       	0.03176     	0.06448     	0.0331      
3495        	10          	3.12        	0.0304      	0.06491     	0.03936     
3500        	10          	3.103       	0.036       	0.06127     	0.03464     
3505        	10          	3.123       	0.03305     	0.06156     	0.03029     
3510        	10          	3.157       	0.02773     	0.06221     	0.02695     
3515        	10          	3.112       	0.02823     	0.05885     	0.02745     
3520        	10          	3.115       	0.03062     	0.06325     	0.02723     
3525        	10          	3.103       	0.03044     	0.06676     	0.03433     
3530        	10          	3.152       	0.02927     	0.06357     	0.03252     
3535        	10          	3.082       	0.0258      	0.06479     	0.0312      
3540        	10          	3.1         	0.03362     	0.06128     	0.02915     
3545        	10          	3.075       	0.03617     	0.06877     	0.03143     
3550        	10          	3.082       	0.02599     	0.05368     	0.02738     
3555        	10          	3.065       	0.02577     	0.06217     	0.02619     
3560        	10          	3.035       	0.03371     	0.06226     	0.02917     
3565        	10          	3.073       	0.03107     	0.06515     	0.02533     
3570        	10          	3.097       	0.03298     	0.06773     	0.03362     
3575        	10          	3.092       	0.02968     	0.06962     	0.03155     
3580        	10          	3.107       	0.02825     	0.07513     	0.03771     
3585        	10          	3.067       	0.0312      	0.06352     	0.03373     
3590        	10          	3.088       	0.02506     	0.06729     	0.0364      
3595        	10          	3.085       	0.02868     	0.07544     	0.03747     
3600        	10          	3.067       	0.02824     	0.06563     	0.03232     
3605        	10          	3.098       	0.03133     	0.06313     	0.03182     
3610        	10          	3.07        	0.02623     	0.05612     	0.02788     
3615        	10          	3.093       	0.02904     	0.05214     	0.03102     
3620        	10          	3.082       	0.035       	0.06966     	0.03355     
3625        	10          	3.102       	0.038       	0.05796     	0.02459     
3630        	10          	3.075       	0.03637     	0.06329     	0.02653     
3635        	10          	3.057       	0.03898     	0.06234     	0.02792     
3640        	10          	3.073       	0.02284     	0.06102     	0.0262      
3645        	10          	3.05        	0.03264     	0.06577     	0.02811     
3650        	10          	3.06        	0.03362     	0.06284     	0.02491     
3655        	10          	3.055       	0.01945     	0.05919     	0.02414     
3660        	10          	3.072       	0.0284      	0.06615     	0.03847     
3665        	10          	3.068       	0.03575     	0.06238     	0.02501     
3670        	10          	3.075       	0.0282      	0.05888     	0.03055     
3675        	10          	3.048       	0.02639     	0.05342     	0.02682     
3680        	10          	3.063       	0.02529     	0.04708     	0.02685     
3685        	10          	3.05        	0.03426     	0.05155     	0.03139     
3690        	10          	3.07        	0.02856     	0.05307     	0.02738     
3695        	10          	3.093       	0.02716     	0.04734     	0.0243      
3700        	10          	3.075       	0.0207      	0.05413     	0.03051     
3705        	10          	3.077       	0.02604     	0.05505     	0.03257     
3710        	10          	3.07        	0.03484     	0.06434     	0.02851     
3715        	10          	3.065       	0.02853     	0.06658     	0.03475     
3720        	10          	3.085       	0.02914     	0.0668      	0.03138     
3725        	10          	3.062       	0.02531     	0.06035     	0.03142     
3730        	10          	3.1         	0.02909     	0.05626     	0.02634     
3735        	10          	3.033       	0.0231      	0.05831     	0.02814     
3740        	10          	3.043       	0.03333     	0.05846     	0.02599     
3745        	10          	3.032       	0.02594     	0.05111     	0.02836     
3750        	10          	3.042       	0.02852     	0.05695     	0.0255      
3755        	10          	3.075       	0.02437     	0.05401     	0.03195     
3760        	10          	3.047       	0.02245     	0.05699     	0.0253      
3765        	10          	3.085       	0.02338     	0.05344     	0.02485     
3770        	10          	3.092       	0.02668     	0.05293     	0.02936     
3775        	10          	3.075       	0.03326     	0.05467     	0.02722     
3780        	10          	3.102       	0.02967     	0.04871     	0.0248      
3785        	10          	3.072       	0.0297      	0.04671     	0.02798     
3790        	10          	3.065       	0.02751     	0.05182     	0.02835     
3795        	10          	3.055       	0.02957     	0.05163     	0.02538     
3800        	10          	3.062       	0.02787     	0.05745     	0.02513     
3805        	10          	3.068       	0.02622     	0.05691     	0.02148     
3810        	10          	3.04        	0.02284     	0.04986     	0.02266     
3815        	10          	3.068       	0.02322     	0.0555      	0.02846     
3820        	10          	3.068       	0.02313     	0.04878     	0.01853     
3825        	10          	3.075       	0.02895     	0.05097     	0.02847     
3830        	10          	3.032       	0.03291     	0.0583      	0.02794     
3835        	10          	3.07        	0.03262     	0.05301     	0.03005     
3840        	10          	3.09        	0.03086     	0.05049     	0.02735     
3845        	10          	3.1         	0.03065     	0.0525      	0.03241     
3850        	10          	3.093       	0.03178     	0.05532     	0.02725     
3855        	10          	3.085       	0.02406     	0.05491     	0.02895     
3860        	10          	3.107       	0.03565     	0.06232     	0.0241      
3865        	10          	3.132       	0.03202     	0.05852     	0.02484     
3870        	10          	3.147       	0.03555     	0.0652      	0.02474     
3875        	10          	3.113       	0.02919     	0.05606     	0.0255      
3880        	10          	3.13        	0.03077     	0.05816     	0.02471     
3885        	10          	3.113       	0.02982     	0.06254     	0.02132     
3890        	10          	3.13        	0.03181     	0.06343     	0.03071     
3895        	10          	3.148       	0.03234     	0.0619      	0.02797     
3900        	10          	3.117       	0.03395     	0.06184     	0.02801     
3905        	10          	3.087       	0.02842     	0.05913     	0.03095     
3910        	10          	3.13        	0.02929     	0.05162     	0.02722     
3915        	10          	3.092       	0.02485     	0.04865     	0.02918     
3920        	10          	3.115       	0.02686     	0.05147     	0.02679     
3925        	10          	3.125       	0.0297      	0.05179     	0.02721     
3930        	10          	3.092       	0.03279     	0.05206     	0.02695     
3935        	10          	3.098       	0.0278      	0.05815     	0.03197     
3940        	10          	3.073       	0.03461     	0.05998     	0.03021     
3945        	10          	3.117       	0.02622     	0.05135     	0.02729     
3950        	10          	3.088       	0.0257      	0.05269     	0.02381     
3955        	10          	3.062       	0.02075     	0.05455     	0.02437     
3960        	10          	3.08        	0.02388     	0.05315     	0.02062     
3965        	10          	3.07        	0.02143     	0.0482      	0.02564     
3970        	10          	3.065       	0.02298     	0.05073     	0.02317     
3975        	10          	3.042       	0.02532     	0.05382     	0.02951     
3980        	10          	3.027       	0.02949     	0.05552     	0.02568     
3985        	10          	3.033       	0.0256      	0.05243     	0.02406     
3990        	10          	2.997       	0.02957     	0.0554      	0.02456     
3995        	10          	3.033       	0.03195     	0.05549     	0.02381     
4000        	10          	3.032       	0.02841     	0.05007     	0.0176      
4005        	10          	3.017       	0.03277     	0.05532     	0.01628     
4010        	10          	3.01        	0.05253     	0.07345     	0.0276      
4015        	10          	2.952       	0.06162     	0.07203     	0.02649     
4020        	10          	2.955       	0.0687      	0.07423     	0.02811     
4025        	10          	2.963       	0.06786     	0.08486     	0.0311      
4030        	10          	2.925       	0.08682     	0.1013      	0.03373     
4035        	10          	2.9         	0.08786     	0.1083      	0.0325      
4040        	10          	2.87        	0.09768     	0.1104      	0.03599     
4045        	10          	2.928       	0.1014      	0.1151      	0.03635     
4050        	10          	2.887       	0.1184      	0.1268      	0.03515     
4055        	10          	2.892       	0.1362      	0.1283      	0.0301      
4060        	10          	2.878       	0.1484      	0.1337      	0.02883     
4065        	10          	2.852       	0.1627      	0.1498      	0.03321     
4070        	10          	2.84        	0.1614      	0.1477      	0.03145     
4075        	10          	2.85        	0.1567      	0.1537      	0.02518     
4080        	10          	2.852       	0.1759      	0.1549      	0.02532     
4085        	10          	2.858       	0.1786      	0.1696      	0.03178     
4090        	10          	2.862       	0.1896      	0.1739      	0.02047     
4095        	10          	2.828       	0.1926      	0.184       	0.02756     
4100        	10          	2.832       	0.1953      	0.1961      	0.03183     
4105        	10          	2.818       	0.1994      	0.1968      	0.01959     
4110        	10          	2.803       	0.2158      	0.1997      	0.0283      
4115        	10          	2.798       	0.2104      	0.2113      	0.02051     
4120        	10          	2.777       	0.2073      	0.2128      	0.03162     
4125        	10          	2.787       	0.2192      	0.2154      	0.0316      
4130        	10          	2.79        	0.2308      	0.2181      	0.03373     
4135        	10          	2.778       	0.2333      	0.2202      	0.02538     
4140        	10          	2.77        	0.2383      	0.2291      	0.02975     
4145        	10          	2.775       	0.2568      	0.255       	0.02567     
4150        	10          	2.733       	0.2569      	0.2586      	0.03293     
4155        	10          	2.742       	0.2552      	0.2576      	0.02671     
4160        	10          	2.715       	0.2561      	0.2562      	0.02559     
4165        	10          	2.712       	0.2673      	0.275       	0.03089     
4170        	10          	2.695       	0.2638      	0.2637      	0.02525     
4175        	10          	2.698       	0.2784      	0.271       	0.03237     
4180        	10          	2.688       	0.2743      	0.2722      	0.02985     
4185        	10          	2.71        	0.2854      	0.2762      	0.03031     
4190        	10          	2.707       	0.2896      	0.2853      	0.02688     
4195        	10          	2.682       	0.2989      	0.2964      	0.02971     
4200        	10          	2.708       	0.2949      	0.2868      	0.03249     
4205        	10          	2.662       	0.2913      	0.299       	0.02768     
4210        	10          	2.625       	0.3122      	0.3085      	0.02508     
4215        	10          	2.655       	0.3035      	0.3041      	0.02932     
4220        	10          	2.658       	0.3139      	0.3165      	0.03658     
4225        	10          	2.64        	0.3115      	0.3044      	0.02752     
4230        	10          	2.645       	0.3134      	0.3127      	0.0252      
4235        	10          	2.67        	0.3114      	0.3148      	0.03495     
4240        	10          	2.66        	0.3051      	0.3028      	0.02483     
4245        	10          	2.685       	0.3177      	0.3094      	0.02509     
4250        	10          	2.697       	0.329       	0.3167      	0.02265     
4255        	10          	2.653       	0.3232      	0.3082      	0.0239      
4260        	10          	2.655       	0.323       	0.3156      	0.02323     
4265        	10          	2.678       	0.3293      	0.3134      	0.02215     
4270        	10          	2.675       	0.3446      	0.334       	0.02722     
4275        	10          	2.667       	0.3434      	0.3374      	0.02608     
4280        	10          	2.668       	0.3469      	0.3332      	0.02234     
4285        	10          	2.645       	0.3379      	0.3322      	0.02284     
4290        	10          	2.617       	0.354       	0.3383      	0.0302      
4295        	10          	2.597       	0.3667      	0.3586      	0.03136     
4300        	10          	2.637       	0.3642      	0.343       	0.03792     
4305        	10          	2.64        	0.367       	0.3593      	0.03314     
4310        	10          	2.608       	0.3724      	0.3637      	0.02183     
4315        	10          	2.583       	0.3727      	0.3575      	0.02444     
4320        	10          	2.632       	0.3761      	0.36        	0.02611     
4325        	10          	2.608       	0.3786      	0.359       	0.03392     
4330        	10          	2.607       	0.3739      	0.3561      	0.02818     
4335        	10          	2.615       	0.381       	0.3675      	0.02638     
4340        	10          	2.592       	0.3753      	0.3695      	0.03015     
4345        	10          	2.595       	0.3818      	0.3779      	0.03282     
4350        	10          	2.57        	0.3762      	0.3703      	0.02867     
4355        	10          	2.565       	0.3776      	0.3819      	0.03034     
4360        	10          	2.565       	0.3807      	0.3916      	0.03647     
4365        	10          	2.578       	0.3827      	0.3855      	0.02891     
4370        	10          	2.567       	0.3786      	0.3841      	0.03389     
4375        	10          	2.608       	0.3865      	0.3945      	0.03261     
4380        	10          	2.577       	0.3929      	0.3977      	0.03718     
4385        	10          	2.54        	0.3846      	0.3881      	0.03231     
4390        	10          	2.593       	0.3885      	0.3899      	0.02693     
4395        	10          	2.59        	0.3897      	0.3867      	0.02654     
4400        	10          	2.565       	0.387       	0.3933      	0.02866     
4405        	10          	2.547       	0.3918      	0.4085      	0.03242     
4410        	10          	2.547       	0.3927      	0.4024      	0.02441     
4415        	10          	2.548       	0.4016      	0.4194      	0.03955     
4420        	10          	2.54        	0.4017      	0.4095      	0.03213     
4425        	10          	2.547       	0.4051      	0.4177      	0.04064     
4430        	10          	2.51        	0.4256      	0.424       	0.03781     
4435        	10          	2.547       	0.4187      	0.4312      	0.03878     
4440        	10          	2.523       	0.4276      	0.4453      	0.03832     
4445        	10          	2.515       	0.4297      	0.4475      	0.03649     
4450        	10          	2.503       	0.4266      	0.4461      	0.03572     
4455        	10          	2.512       	0.433       	0.4461      	0.03089     
4460        	10          	2.548       	0.4374      	0.4484      	0.03795     
4465        	10          	2.548       	0.4474      	0.448       	0.02765     
4470        	10          	2.513       	0.4432      	0.4533      	0.03431     
4475        	10          	2.518       	0.4543      	0.456       	0.03113     
4480        	10          	2.53        	0.4596      	0.4599      	0.04286     
4485        	10          	2.533       	0.459       	0.4637      	0.0399      
4490        	10          	2.533       	0.4552      	0.457       	0.03962     
4495        	10          	2.552       	0.4514      	0.4506      	0.0368      
4500        	10          	2.552       	0.4541      	0.4519      	0.02623     
4505        	10          	2.49        	0.4679      	0.4641      	0.03552     
4510        	10          	2.532       	0.4646      	0.4612      	0.03467     
4515        	10          	2.545       	0.4741      	0.4716      	0.02406     
4520        	10          	2.513       	0.4719      	0.474       	0.02929     
4525        	10          	2.522       	0.4651      	0.4622      	0.02799     
4530        	10          	2.522       	0.4547      	0.4621      	0.02726     
4535        	10          	2.52        	0.4618      	0.4699      	0.02483     
4540        	10          	2.513       	0.4611      	0.4606      	0.02877     
4545        	10          	2.49        	0.4693      	0.4741      	0.03051     
4550        	10          	2.457       	0.4808      	0.4745      	0.03095     
4555        	10          	2.48        	0.4785      	0.4769      	0.02992     
4560        	10          	2.48        	0.4765      	0.4845      	0.0247      
4565        	10          	2.505       	0.4573      	0.4746      	0.01794     
4570        	10          	2.512       	0.4662      	0.4703      	0.02912     
4575        	10          	2.497       	0.466       	0.4786      	0.03073     
4580        	10          	2.493       	0.4785      	0.4722      	0.03514     
4585        	10          	2.525       	0.4761      	0.4734      	0.03323     
4590        	10          	2.513       	0.4767      	0.478       	0.03147     
4595        	10          	2.508       	0.4843      	0.4807      	0.02735     
4600        	10          	2.515       	0.4905      	0.4861      	0.03047     
4605        	10          	2.535       	0.4837      	0.477       	0.03269     
4610        	10          	2.552       	0.488       	0.4739      	0.02416     
4615        	10          	2.503       	0.4888      	0.483       	0.02382     
4620        	10          	2.515       	0.4826      	0.4904      	0.0261      
4625        	10          	2.497       	0.4904      	0.4926      	0.01878     
4630        	10          	2.513       	0.4956      	0.4907      	0.0261      
4635        	10          	2.523       	0.4821      	0.4871      	0.02186     
4640        	10          	2.557       	0.483       	0.4847      	0.01838     
4645        	10          	2.563       	0.4764      	0.484       	0.02197     
4650        	10          	2.562       	0.4827      	0.4837      	0.02278     
4655        	10          	2.525       	0.4752      	0.4802      	0.02264     
4660        	10          	2.515       	0.48        	0.4869      	0.02905     
4665        	10          	2.507       	0.4857      	0.4959      	0.02833     
4670        	10          	2.508       	0.4945      	0.4927      	0.02774     
4675        	10          	2.522       	0.487       	0.4926      	0.02932     
4680        	10          	2.513       	0.4913      	0.5027      	0.02829     
4685        	10          	2.455       	0.4893      	0.5056      	0.03145     
4690        	10          	2.51        	0.4957      	0.506       	0.03372     
4695        	10          	2.463       	0.499       	0.5124      	0.03309     
4700        	10          	2.508       	0.4967      	0.5123      	0.03047     
4705        	10          	2.48        	0.5063      	0.5148      	0.03245     
4710        	10          	2.485       	0.508       	0.528       	0.03733     
4715        	10          	2.482       	0.511       	0.521       	0.04307     
4720        	10          	2.49        	0.524       	0.5279      	0.03196     
4725        	10          	2.478       	0.5178      	0.5207      	0.03151     
4730        	10          	2.523       	0.5135      	0.523       	0.02713     
4735        	10          	2.52        	0.5245      	0.5256      	0.0291      
4740        	10          	2.477       	0.5212      	0.5346      	0.03121     
4745        	10          	2.483       	0.527       	0.5347      	0.03156     
4750        	10          	2.468       	0.5248      	0.5274      	0.0303      
4755        	10          	2.492       	0.5171      	0.5276      	0.03616     
4760        	10          	2.497       	0.5072      	0.523       	0.03251     
4765        	10          	2.47        	0.5185      	0.528       	0.034       
4770        	10          	2.465       	0.519       	0.5304      	0.03464     
4775        	10          	2.448       	0.5309      	0.529       	0.03511     
4780        	10          	2.46        	0.5251      	0.5279      	0.02874     
4785        	10          	2.46        	0.5352      	0.5326      	0.0281      
4790        	10          	2.452       	0.5216      	0.5258      	0.02442     
4795        	10          	2.442       	0.5342      	0.5295      	0.03107     
4800        	10          	2.432       	0.5278      	0.534       	0.02697     
4805        	10          	2.45        	0.5359      	0.5334      	0.02792     
4810        	10          	2.445       	0.5375      	0.535       	0.02987     
4815        	10          	2.415       	0.5394      	0.5303      	0.02877     
4820        	10          	2.435       	0.5245      	0.5218      	0.03278     
4825        	10          	2.418       	0.5356      	0.5374      	0.02817     
4830        	10          	2.452       	0.5306      	0.5363      	0.03006     
4835        	10          	2.44        	0.5273      	0.5311      	0.02856     
4840        	10          	2.457       	0.5251      	0.5309      	0.03393     
4845        	10          	2.442       	0.5306      	0.5364      	0.03259     
4850        	10          	2.445       	0.5237      	0.5286      	0.03371     
4855        	10          	2.458       	0.5327      	0.5343      	0.02619     
4860        	10          	2.467       	0.5333      	0.5337      	0.02291     
4865        	10          	2.473       	0.5397      	0.5296      	0.03547     
4870        	10          	2.475       	0.5442      	0.5375      	0.03619     
4875        	10          	2.482       	0.5299      	0.5278      	0.02567     
4880        	10          	2.468       	0.5249      	0.5254      	0.02264     
4885        	10          	2.478       	0.5266      	0.5198      	0.0237      
4890        	10          	2.47        	0.5319      	0.5267      	0.02552     
4895        	10          	2.452       	0.5261      	0.5409      	0.02772     
4900        	10          	2.448       	0.5308      	0.5377      	0.02406     
4905        	10          	2.45        	0.5305      	0.5366      	0.02334     
4910        	10          	2.445       	0.5233      	0.535       	0.02361     
4915        	10          	2.478       	0.5321      	0.5389      	0.02247     
4920        	10          	2.467       	0.5261      	0.5294      	0.02151     
4925        	10          	2.445       	0.5262      	0.5313      	0.02398     
4930        	10          	2.455       	0.5267      	0.5305      	0.02614     
4935        	10          	2.448       	0.5323      	0.5351      	0.02213     
4940        	10          	2.48        	0.5305      	0.5257      	0.02458     
4945        	10          	2.465       	0.5237      	0.5206      	0.02761     
4950        	10          	2.435       	0.5265      	0.5226      	0.02427     
4955        	10          	2.472       	0.5277      	0.5264      	0.02544     
4960        	10          	2.455       	0.5176      	0.519       	0.02371     
4965        	10          	2.462       	0.5278      	0.523       	0.02282     
4970        	10          	2.47        	0.5163      	0.5189      	0.02829     
4975        	10          	2.462       	0.5178      	0.5185      	0.02839     
4980        	10          	2.452       	0.5274      	0.5225      	0.0243      
4985        	10          	2.468       	0.528       	0.5311      	0.02523     
4990        	10          	2.467       	0.5224      	0.5269      	0.03047     
4995        	10          	2.473       	0.5222      	0.5268      	0.0285      
5000        	10          	2.445       	0.5301      	0.5282      	0.03437     
