generation  	alive.rpl   	n.adlt.rs   	n.adlt.fst.wc_p1-2	n.adlt.fst.wc_p1-3	n.adlt.fst.wc_p2-3
5           	10          	0.007336    	3.664e-06   	5.001e-06   	4.842e-06   
10          	10          	0.04349     	1.046e-05   	6.343e-06   	7.751e-06   
15          	10          	0.05333     	1.995e-05   	1.691e-05   	9.539e-06   
20          	10          	0.07828     	3.867e-05   	1.253e-05   	3.253e-05   
25          	10          	0.1243      	2.047e-05   	1.971e-05   	2.792e-05   
30          	10          	0.04101     	3.615e-05   	5.251e-05   	4.064e-05   
35          	10          	0.06114     	1.734e-05   	2.799e-05   	1.446e-05   
40          	10          	0.133       	1.45e-05    	4.792e-05   	8.502e-06   
45          	10          	0.2194      	1.532e-05   	4.554e-05   	9.808e-06   
50          	10          	0.1169      	2.952e-05   	7.894e-05   	2.193e-05   
55          	10          	0.08818     	3.932e-05   	6.689e-05   	3.344e-05   
60          	10          	0.132       	5.63e-05    	4.557e-05   	3.224e-05   
65          	10          	0.07182     	3.577e-05   	4.849e-05   	1.678e-05   
70          	10          	0.1059      	2.574e-05   	5.689e-05   	5.19e-05    
75          	10          	0.05261     	2.981e-05   	4.562e-05   	3.703e-05   
80          	10          	0.06436     	4.92e-05    	6.329e-05   	2.328e-05   
85          	10          	0.05557     	5.15e-05    	3.571e-05   	3.493e-05   
90          	10          	0.05539     	6.769e-05   	7.071e-05   	2.475e-05   
95          	10          	0.04379     	1.562e-05   	3.802e-05   	4.602e-05   
100         	10          	0.05214     	4.191e-05   	4.263e-05   	3.966e-05   
105         	10          	0.08139     	7.703e-05   	0.0001236   	2.003e-05   
110         	10          	0.1234      	7.736e-05   	4.533e-05   	3.877e-05   
115         	10          	0.09395     	3.13e-05    	5.082e-05   	4.496e-05   
120         	10          	0.1202      	4.356e-05   	9.457e-05   	3.278e-05   
125         	10          	0.1741      	4.215e-05   	1.877e-05   	2.817e-05   
130         	10          	0.1534      	4.265e-05   	6.425e-05   	3.064e-05   
135         	10          	0.1677      	7.369e-05   	9.717e-05   	3.64e-05    
140         	10          	0.1516      	3.457e-05   	0.0001195   	6.025e-05   
145         	10          	0.1449      	4.075e-05   	0.0001462   	3.366e-05   
150         	10          	0.1293      	3.467e-05   	5.686e-05   	6.844e-05   
155         	10          	0.1589      	2.708e-05   	0.0001153   	5.048e-05   
160         	10          	0.153       	3.388e-05   	8.998e-05   	1.654e-05   
165         	10          	0.1558      	2.321e-05   	6.93e-05    	3.587e-05   
170         	10          	0.1466      	5.334e-05   	4.688e-05   	1.565e-05   
175         	10          	0.1214      	1.784e-05   	8.056e-05   	2.198e-05   
180         	10          	0.1415      	7.079e-05   	0.0001942   	2.612e-05   
185         	10          	0.1316      	2.609e-05   	0.0002052   	4.375e-05   
190         	10          	0.1633      	1.47e-05    	0.0001267   	5.744e-05   
195         	10          	0.1845      	1.633e-05   	0.0001358   	4.266e-05   
200         	10          	0.1315      	4.26e-05    	8.121e-05   	4.066e-05   
205         	10          	0.1362      	1.002e-05   	0.0001337   	4.116e-05   
210         	10          	0.1215      	5.926e-05   	0.0001042   	3.255e-05   
215         	10          	0.1012      	3.41e-05    	0.0001002   	4.47e-05    
220         	10          	0.0845      	1.908e-05   	7.825e-05   	1.769e-05   
225         	10          	0.09107     	2.05e-05    	0.0001158   	2.38e-05    
230         	10          	0.1296      	4.474e-05   	7.62e-05    	6.088e-05   
235         	10          	0.1017      	6.418e-05   	7.996e-05   	6.622e-05   
240         	10          	0.07482     	7.651e-05   	0.0001033   	4.428e-05   
245         	10          	0.08429     	4.723e-05   	0.000113    	0.0001088   
250         	10          	0.1128      	4.767e-05   	0.0001624   	6.511e-05   
255         	10          	0.1092      	3.641e-05   	0.0001509   	5.426e-05   
260         	10          	0.08488     	0.0001094   	0.0001343   	3.52e-05    
265         	10          	0.12        	1.927e-05   	4.104e-05   	6.124e-05   
270         	10          	0.1294      	5.791e-05   	7.343e-05   	4.21e-05    
275         	10          	0.116       	6.07e-05    	0.0001147   	5.118e-05   
280         	10          	0.1081      	9.071e-05   	0.0001088   	8.183e-05   
285         	10          	0.129       	2.014e-05   	5.937e-05   	2.884e-05   
290         	10          	0.1422      	0.0001256   	9.021e-05   	3.091e-05   
295         	10          	0.1325      	2.46e-05    	4.897e-05   	7.239e-05   
300         	10          	0.1501      	4.51e-05    	0.0001178   	4.987e-05   
305         	10          	0.1264      	3.482e-05   	3.424e-05   	0.0001166   
310         	10          	0.176       	3.152e-05   	8.223e-05   	3.663e-05   
315         	10          	0.1482      	5.25e-05    	8.463e-05   	3.201e-05   
320         	10          	0.1337      	4.154e-05   	8.896e-05   	3.088e-05   
325         	10          	0.1823      	6.579e-05   	3.672e-05   	5.306e-05   
330         	10          	0.08557     	3.503e-05   	4.927e-05   	6.635e-05   
335         	10          	0.09929     	1.94e-05    	0.0001531   	6.203e-05   
340         	10          	0.1169      	8.695e-05   	8.671e-05   	3.015e-05   
345         	10          	0.1041      	3.283e-05   	7.342e-05   	5.205e-05   
350         	10          	0.1127      	5.762e-05   	7.968e-05   	6.471e-05   
355         	10          	0.0781      	7.217e-05   	0.0001509   	5.403e-05   
360         	10          	0.1117      	8.062e-05   	0.0002811   	0.0001255   
365         	10          	0.06468     	7.576e-05   	0.000102    	7.802e-05   
370         	10          	0.08839     	7.686e-05   	0.0001522   	4.937e-05   
375         	10          	0.08201     	4.638e-05   	0.000178    	0.0001103   
380         	10          	0.1058      	8.474e-05   	0.0002073   	3.904e-05   
385         	10          	0.112       	7.214e-05   	0.0001339   	7.427e-05   
390         	10          	0.1093      	0.0001225   	8.38e-05    	2.221e-05   
395         	10          	0.1569      	4.116e-05   	0.000108    	2.572e-05   
400         	10          	0.07278     	8.679e-05   	0.0001367   	0.0001005   
405         	10          	0.07619     	0.0001439   	9.557e-05   	0.0001656   
410         	10          	0.1107      	6.334e-05   	0.000159    	5.304e-05   
415         	10          	0.09007     	6.109e-05   	0.0001738   	4.374e-05   
420         	10          	0.08972     	7.221e-05   	0.0001156   	1.134e-05   
425         	10          	0.13        	0.0001219   	0.0002089   	6.78e-05    
430         	10          	0.0801      	8.826e-05   	9.49e-05    	2.723e-05   
435         	10          	0.1071      	5.055e-05   	0.0002282   	4.171e-05   
440         	10          	0.07883     	4.372e-05   	0.0002012   	8.117e-05   
445         	10          	0.1214      	8.388e-05   	0.0001455   	2.008e-05   
450         	10          	0.08891     	5.184e-05   	0.0001663   	8.88e-05    
455         	10          	0.117       	4.265e-05   	7.266e-05   	2.327e-05   
460         	10          	0.1496      	6.743e-05   	0.0002252   	4.708e-05   
465         	10          	0.1531      	6.209e-05   	0.0002116   	8.222e-05   
470         	10          	0.1187      	4.17e-05    	0.0001167   	7.18e-05    
475         	10          	0.1108      	3.757e-05   	0.0001493   	0.0001042   
480         	10          	0.1414      	2.632e-05   	0.0002737   	6.785e-05   
485         	10          	0.09961     	0.0001188   	0.0001768   	7.017e-05   
490         	10          	0.08889     	9.333e-05   	0.0001661   	8.292e-05   
495         	10          	0.09525     	8.156e-05   	7.885e-05   	4.226e-05   
500         	10          	0.07834     	8.073e-05   	0.000104    	0.0001015   
505         	10          	0.09227     	3.269e-05   	0.0001061   	0.0001643   
510         	10          	0.0865      	3.869e-05   	0.0001316   	0.0001043   
515         	10          	0.1143      	7.06e-05    	0.0002576   	0.0001382   
520         	10          	0.08697     	0.0001292   	0.0003118   	7.483e-05   
525         	10          	0.07617     	0.0001513   	0.0003674   	5.026e-05   
530         	10          	0.1274      	7.347e-05   	0.0001693   	2.507e-05   
535         	10          	0.1475      	5.038e-05   	0.0003391   	7.506e-05   
540         	10          	0.1231      	4.531e-05   	0.0003827   	4.362e-05   
545         	10          	0.1359      	5.362e-05   	0.0002135   	5.112e-05   
550         	10          	0.1303      	0.000206    	0.0001955   	8.026e-05   
555         	10          	0.09223     	2.296e-05   	0.0001703   	4.511e-05   
560         	10          	0.1164      	5.324e-05   	0.0001805   	0.0001143   
565         	10          	0.1305      	3.931e-05   	0.0001627   	3.332e-05   
570         	10          	0.1158      	8.985e-05   	0.0002006   	9.127e-05   
575         	10          	0.1139      	0.0001067   	8.635e-05   	0.0001082   
580         	10          	0.108       	7.732e-05   	0.0001282   	4.692e-05   
585         	10          	0.1307      	0.0001479   	0.0001029   	5.564e-05   
590         	10          	0.1103      	8.11e-05    	0.00022     	7.668e-05   
595         	10          	0.1643      	0.0001571   	0.0001548   	6.449e-05   
600         	10          	0.1783      	8.31e-05    	0.000292    	3.342e-05   
605         	10          	0.1657      	9.045e-05   	3.264e-05   	0.0001096   
610         	10          	0.1925      	3.322e-05   	9.762e-05   	5.058e-05   
615         	10          	0.1745      	7.382e-05   	9.455e-05   	0.0001275   
620         	10          	0.1873      	5.428e-05   	9.542e-05   	3.744e-05   
625         	10          	0.1598      	6.88e-05    	0.0001998   	8.191e-05   
630         	10          	0.1395      	4.579e-05   	0.0001116   	4.85e-05    
635         	10          	0.2135      	0.0002682   	0.0001446   	4.99e-05    
640         	10          	0.1656      	2.895e-05   	0.0001624   	5.347e-05   
645         	10          	0.1873      	0.0001015   	0.0001292   	8.45e-05    
650         	10          	0.1627      	3.091e-05   	0.0001888   	3.769e-05   
655         	10          	0.1305      	0.0001059   	0.000236    	3.932e-05   
660         	10          	0.1262      	0.0001027   	0.0002191   	4.618e-05   
665         	10          	0.152       	8.467e-05   	0.0002932   	9.49e-05    
670         	10          	0.1402      	6.875e-05   	0.0001079   	4.205e-05   
675         	10          	0.1116      	7.913e-05   	0.0001746   	4.228e-05   
680         	10          	0.1656      	5.334e-05   	0.0002242   	5.595e-05   
685         	10          	0.1482      	0.0001316   	0.0002008   	5.223e-05   
690         	10          	0.1315      	9.758e-05   	0.000131    	4.537e-05   
695         	10          	0.1188      	0.0001104   	0.0004213   	0.0002759   
700         	10          	0.134       	5.949e-05   	8.095e-05   	9.725e-05   
705         	10          	0.1493      	2.711e-05   	0.000208    	0.0001303   
710         	10          	0.09525     	4.277e-05   	8.125e-05   	4.329e-05   
715         	10          	0.108       	9.87e-05    	0.0001365   	0.0001021   
720         	10          	0.1097      	8.474e-05   	0.0001232   	7.096e-05   
725         	10          	0.08644     	8.372e-05   	5.741e-05   	4.832e-05   
730         	10          	0.09339     	6.541e-05   	0.0001435   	7.89e-05    
735         	10          	0.1024      	6.572e-05   	7.98e-05    	0.0001099   
740         	10          	0.1054      	7.383e-05   	0.0001964   	9.994e-05   
745         	10          	0.08623     	9.02e-05    	0.0001586   	3.847e-05   
750         	10          	0.0919      	2.905e-05   	0.0001138   	9.586e-05   
755         	10          	0.08923     	9.96e-05    	0.0001843   	5.756e-05   
760         	10          	0.07329     	3.542e-05   	0.0001675   	7.463e-05   
765         	10          	0.0784      	7.595e-05   	0.0002046   	5.913e-05   
770         	10          	0.09496     	3.479e-05   	0.0002843   	3.726e-05   
775         	10          	0.06357     	2.687e-05   	0.000287    	0.000121    
780         	10          	0.06339     	3.122e-05   	0.0001594   	6.138e-05   
785         	10          	0.07377     	0.0001039   	0.0002049   	6.048e-05   
790         	10          	0.05736     	7.645e-05   	0.0001996   	2.777e-05   
795         	10          	0.08778     	0.000134    	0.0003162   	4.969e-05   
800         	10          	0.09373     	4.613e-05   	0.0002855   	0.0001551   
805         	10          	0.07654     	0.0001435   	0.0001786   	8.3e-05     
810         	10          	0.07778     	6.214e-05   	0.0004042   	0.0001222   
815         	10          	0.06273     	0.000122    	0.0002879   	4.865e-05   
820         	10          	0.07547     	0.0001234   	0.0003844   	6.902e-05   
825         	10          	0.08018     	7.98e-05    	0.0001183   	0.0001347   
830         	10          	0.07184     	0.0001386   	0.0003026   	6.565e-05   
835         	10          	0.09974     	0.0001095   	0.000135    	9.677e-05   
840         	10          	0.06428     	8.915e-05   	0.000148    	9.82e-05    
845         	10          	0.0684      	3.867e-05   	0.0001286   	6.915e-05   
850         	10          	0.0564      	1.57e-05    	0.0002273   	0.000138    
855         	10          	0.05707     	7.219e-05   	0.0001177   	0.0001123   
860         	10          	0.06994     	0.000131    	7.332e-05   	3.885e-05   
865         	10          	0.07001     	0.0001031   	0.0001207   	0.0001529   
870         	10          	0.06752     	9.452e-05   	0.0001128   	0.0001849   
875         	10          	0.05319     	0.0001147   	0.0001713   	3.837e-05   
880         	10          	0.06677     	1.914e-05   	6.446e-05   	0.0001061   
885         	10          	0.0378      	5.891e-05   	0.000133    	0.0001427   
890         	10          	0.04966     	6.537e-05   	5.638e-05   	9.852e-05   
895         	10          	0.06228     	7.022e-05   	0.0001583   	8.411e-05   
900         	10          	0.05703     	4.022e-05   	0.0001363   	5.659e-05   
905         	10          	0.065       	0.0001062   	0.0002856   	7.157e-05   
910         	10          	0.07036     	5.923e-05   	5.192e-05   	9.853e-05   
915         	10          	0.06522     	3.62e-05    	0.000118    	9.222e-05   
920         	10          	0.07989     	9.815e-05   	0.0002787   	7.925e-05   
925         	10          	0.0756      	8.231e-05   	0.0002857   	8.758e-05   
930         	10          	0.08124     	0.0001145   	0.0001887   	3.202e-05   
935         	10          	0.07861     	6.358e-05   	0.0002432   	5.129e-05   
940         	10          	0.06916     	0.0001449   	0.0001323   	0.0001183   
945         	10          	0.07513     	7.402e-05   	0.0003668   	9.127e-05   
950         	10          	0.05617     	0.000105    	0.0001275   	0.0001196   
955         	10          	0.06388     	4.663e-05   	0.0001934   	0.0001102   
960         	10          	0.06406     	8.602e-05   	6.342e-05   	6.439e-05   
965         	10          	0.06754     	4.588e-05   	0.0001076   	9.572e-05   
970         	10          	0.0501      	5.871e-05   	0.0001701   	0.000183    
975         	10          	0.02129     	5.575e-05   	0.0001033   	9.279e-06   
980         	10          	0.06427     	5.828e-05   	0.0002782   	9.903e-05   
985         	10          	0.05507     	0.0001894   	0.0001869   	8.121e-05   
990         	10          	0.04739     	0.0001469   	0.000178    	0.0002096   
995         	10          	0.05978     	0.0001219   	0.0001713   	0.000104    
1000        	10          	0.05811     	2.478e-05   	0.000291    	5.174e-05   
1005        	10          	0.04616     	0.0001359   	0.0001052   	0.0001395   
1010        	10          	0.06446     	0.0001876   	0.0003707   	0.0001104   
1015        	10          	0.06867     	8.968e-05   	0.0002011   	0.0001528   
1020        	10          	0.066       	9.447e-05   	0.0005763   	0.0002157   
1025        	10          	0.05151     	6.043e-05   	0.0002729   	0.000146    
1030        	10          	0.04849     	9.05e-05    	0.0003275   	9.02e-05    
1035        	10          	0.04351     	5.7e-05     	0.000255    	0.0001217   
1040        	10          	0.07361     	0.0001252   	9.211e-05   	7.058e-05   
1045        	10          	0.08377     	6.478e-05   	0.0001555   	0.0001213   
1050        	10          	0.08234     	5.502e-05   	0.0001479   	0.0001853   
1055        	10          	0.07132     	3.728e-05   	0.0001432   	0.000141    
1060        	10          	0.06114     	0.0001206   	0.0001916   	9.381e-05   
1065        	10          	0.0916      	6.855e-05   	0.0002535   	0.0001085   
1070        	10          	0.0684      	6.995e-05   	0.0001511   	0.0001069   
1075        	10          	0.1064      	5.437e-05   	0.0001598   	0.0001675   
1080        	10          	0.06351     	8.97e-05    	0.0002048   	6.764e-05   
1085        	10          	0.07206     	6.712e-05   	0.0001683   	0.0001107   
1090        	10          	0.07256     	7.838e-05   	0.0002006   	0.0001127   
1095        	10          	0.08596     	6.771e-05   	0.0001377   	0.0001126   
1100        	10          	0.06801     	0.0002655   	0.0003718   	0.0001086   
1105        	10          	0.08028     	9.037e-05   	0.0003916   	0.0001386   
1110        	10          	0.0949      	0.0001933   	0.0004149   	6.074e-05   
1115        	10          	0.05004     	8.65e-05    	7.908e-05   	7.257e-05   
1120        	10          	0.08018     	8.631e-05   	9.147e-05   	5.544e-05   
1125        	10          	0.07711     	3.711e-05   	0.0001048   	7.145e-05   
1130        	10          	0.09432     	0.0001002   	7.142e-05   	5.79e-05    
1135        	10          	0.09258     	0.0001025   	0.0001995   	9.922e-05   
1140        	10          	0.07347     	7.676e-05   	0.0001527   	0.0001228   
1145        	10          	0.07246     	5.702e-05   	0.0002277   	7.009e-05   
1150        	10          	0.05152     	5.721e-05   	0.0002233   	4.012e-05   
1155        	10          	0.06101     	4.837e-05   	0.0001736   	3.991e-05   
1160        	10          	0.05921     	0.0001507   	0.0003226   	0.0001018   
1165        	10          	0.06043     	7.17e-05    	0.0002513   	4.39e-05    
1170        	10          	0.05627     	5.203e-05   	0.0003413   	5.293e-05   
1175        	10          	0.06334     	8.895e-05   	0.0001932   	0.0001095   
1180        	10          	0.05166     	6.155e-05   	0.000175    	9.493e-05   
1185        	10          	0.0796      	0.0001061   	0.0002829   	0.0001552   
1190        	10          	0.06838     	0.0001405   	0.0003268   	9.629e-05   
1195        	10          	0.06461     	0.0001308   	0.0001946   	7.837e-05   
1200        	10          	0.08678     	6.626e-05   	0.0001706   	9.034e-05   
1205        	10          	0.05489     	6.495e-05   	0.0001457   	0.0002116   
1210        	10          	0.09196     	4.129e-05   	0.0001626   	2.891e-05   
1215        	10          	0.09971     	0.000116    	0.0001639   	5.99e-05    
1220        	10          	0.1017      	0.0001565   	0.0001757   	0.0001632   
1225        	10          	0.09617     	1.585e-05   	0.0001403   	0.0001019   
1230        	10          	0.06551     	8.359e-05   	0.0002197   	7.9e-05     
1235        	10          	0.09751     	6.488e-05   	0.0001773   	4.743e-05   
1240        	10          	0.07256     	0.0001668   	0.0001685   	0.0001401   
1245        	10          	0.05958     	9.273e-05   	0.0001738   	0.0001169   
1250        	10          	0.07577     	0.0002256   	0.0001542   	6.819e-05   
1255        	10          	0.06953     	8.457e-05   	0.0002967   	0.0001083   
1260        	10          	0.07051     	5.99e-05    	0.0002742   	0.0001005   
1265        	10          	0.093       	8.583e-05   	0.0001617   	4.339e-05   
1270        	10          	0.0563      	0.0001497   	0.0001553   	4.316e-05   
1275        	10          	0.1054      	1.835e-05   	8.035e-05   	4.368e-05   
1280        	10          	0.08791     	7.165e-05   	0.0002072   	0.0002031   
1285        	10          	0.09728     	0.0001367   	0.0001846   	8.374e-05   
1290        	10          	0.07889     	6.788e-05   	0.0003685   	4.937e-05   
1295        	10          	0.07607     	5.336e-05   	0.0001881   	4.168e-05   
1300        	10          	0.06768     	5.734e-05   	0.0001853   	0.0001358   
1305        	10          	0.0735      	9.697e-05   	0.0001955   	0.0001354   
1310        	10          	0.08027     	7.706e-05   	7.661e-05   	5.431e-05   
1315        	10          	0.08306     	9.039e-05   	0.0001504   	8.383e-05   
1320        	10          	0.07978     	0.0001077   	0.0001899   	0.0001181   
1325        	10          	0.05389     	6.946e-05   	0.0003094   	9.91e-05    
1330        	10          	0.06551     	6.37e-05    	6.899e-05   	8.507e-05   
1335        	10          	0.06884     	7.53e-05    	0.0001351   	0.0001179   
1340        	10          	0.07725     	7.306e-05   	0.0002475   	0.0001454   
1345        	10          	0.08827     	2.272e-05   	9.222e-05   	0.0001061   
1350        	10          	0.06129     	0.0002455   	0.0001633   	6.862e-05   
1355        	10          	0.05854     	0.0001035   	0.0001733   	0.0001431   
1360        	10          	0.04886     	0.0002659   	0.0004894   	0.0002305   
1365        	10          	0.05925     	0.0001077   	0.0003533   	0.0001433   
1370        	10          	0.03351     	0.000118    	0.0003056   	8.515e-05   
1375        	10          	0.02467     	0.000183    	0.0001569   	0.0001113   
1380        	10          	0.01888     	2.876e-05   	0.0002228   	3.245e-05   
1385        	10          	0.02167     	0.0001283   	9.541e-05   	7.24e-05    
1390        	10          	0.03562     	4.31e-05    	0.0001425   	4.605e-05   
1395        	10          	0.03544     	4.887e-05   	0.0001823   	0.0001083   
1400        	10          	0.03575     	3.986e-05   	0.0001043   	4.659e-05   
1405        	10          	0.03628     	5.32e-05    	0.0001058   	4.769e-05   
1410        	10          	0.06143     	0.0001393   	0.0002128   	0.000106    
1415        	10          	0.04782     	0.0001144   	0.0001917   	0.0001689   
1420        	10          	0.07532     	0.00017     	0.0001279   	6.585e-05   
1425        	10          	0.06001     	4.498e-05   	0.0002625   	0.0002658   
1430        	10          	0.03779     	0.0001177   	0.0001383   	0.0001061   
1435        	10          	0.03838     	8.714e-05   	0.0001546   	5.271e-05   
1440        	10          	0.05434     	0.0001152   	0.0002534   	0.0001798   
1445        	10          	0.06227     	4.7e-05     	0.0001393   	9.769e-05   
1450        	10          	0.05269     	0.0001274   	0.000155    	0.0001148   
1455        	10          	0.05547     	7.281e-05   	0.0002536   	4.773e-05   
1460        	10          	0.03599     	0.0001455   	0.0003249   	9.101e-05   
1465        	10          	0.0379      	4.259e-05   	0.0002925   	0.0001639   
1470        	10          	0.05419     	8.097e-05   	0.0002503   	1.889e-05   
1475        	10          	0.05857     	0.0001446   	0.0002556   	3.808e-05   
1480        	10          	0.05511     	0.0001629   	0.00035     	9.349e-05   
1485        	10          	0.03954     	7.231e-05   	0.0002171   	0.0001099   
1490        	10          	0.04172     	0.0001676   	0.0002821   	0.0002146   
1495        	10          	0.03401     	9.969e-05   	7.565e-05   	6.526e-05   
1500        	10          	0.03622     	9.837e-05   	0.0003416   	9.292e-05   
1505        	10          	0.03029     	0.0001707   	0.0004605   	5.129e-05   
1510        	10          	0.03214     	0.0001054   	0.0007404   	0.0002446   
1515        	10          	0.06134     	0.0001454   	0.0009485   	0.0002067   
1520        	10          	0.03891     	0.0001698   	0.000494    	7.471e-05   
1525        	10          	0.03653     	0.0002271   	0.0007707   	0.0001608   
1530        	10          	0.05501     	6.968e-05   	0.0004439   	0.000261    
1535        	10          	0.0475      	7.309e-05   	0.0003652   	0.0001164   
1540        	10          	0.08179     	8e-05       	9.017e-05   	7.366e-05   
1545        	10          	0.06741     	0.0001593   	0.0001096   	0.000133    
1550        	10          	0.07657     	0.0001565   	7.985e-05   	0.0001013   
1555        	10          	0.07751     	9.632e-05   	0.0002735   	0.0001304   
1560        	10          	0.059       	0.0001475   	0.0004472   	0.0001483   
1565        	10          	0.06183     	5.471e-05   	0.0001935   	2.022e-05   
1570        	10          	0.05721     	5.782e-05   	0.0005541   	0.0001108   
1575        	10          	0.05799     	6.126e-05   	0.0003675   	0.0001428   
1580        	10          	0.05784     	0.0001574   	0.0002337   	4.857e-05   
1585        	10          	0.04996     	0.0001263   	0.0002027   	6.136e-05   
1590        	10          	0.04424     	8.74e-05    	0.0002144   	0.0001142   
1595        	10          	0.04801     	5.338e-05   	0.0003357   	7.293e-05   
1600        	10          	0.04052     	6.973e-05   	0.0001207   	5.014e-05   
1605        	10          	0.05349     	0.0001444   	0.0001834   	0.0001784   
1610        	10          	0.02961     	0.0001638   	0.0002391   	9.113e-05   
1615        	10          	0.01956     	8.868e-05   	7.381e-05   	0.0001123   
1620        	10          	0.03269     	0.000113    	0.0001911   	5.719e-05   
1625        	10          	0.03194     	7.497e-05   	0.0002853   	0.0002472   
1630        	10          	0.02628     	0.000222    	0.0002548   	0.0003169   
1635        	10          	0.04108     	8.884e-05   	0.0002914   	0.0002266   
1640        	10          	0.04603     	9.661e-05   	0.0004798   	0.0003387   
1645        	10          	0.0295      	0.0001968   	0.0004517   	0.0003003   
1650        	10          	0.02978     	6.468e-05   	0.0001542   	0.0001836   
1655        	10          	0.02768     	5.152e-05   	0.0001435   	0.0001019   
1660        	10          	0.03564     	7.185e-05   	0.000212    	7.573e-05   
1665        	10          	0.02184     	0.0001471   	0.0001712   	0.0001146   
1670        	10          	0.03897     	0.000157    	0.0002361   	2.583e-05   
1675        	10          	0.0293      	0.0002141   	0.0002187   	6.907e-05   
1680        	10          	0.03462     	0.0001065   	0.000133    	9.242e-05   
1685        	10          	0.0396      	0.0001391   	0.0002856   	4.632e-05   
1690        	10          	0.02939     	8.189e-05   	0.0001731   	5.998e-05   
1695        	10          	0.03778     	0.0001779   	0.0001755   	6.542e-05   
1700        	10          	0.0413      	9.603e-05   	0.0001861   	9.434e-05   
1705        	10          	0.03488     	0.0002053   	0.0001034   	7.281e-05   
1710        	10          	0.03669     	0.0001469   	0.0003292   	9.006e-05   
1715        	10          	0.05495     	7.573e-05   	0.0002847   	8.188e-05   
1720        	10          	0.03678     	6.903e-05   	0.0001666   	0.0001112   
1725        	10          	0.03499     	6.794e-05   	0.0001707   	6.093e-05   
1730        	10          	0.03532     	0.0002355   	0.0002857   	0.0001063   
1735        	10          	0.02484     	8.192e-05   	0.0001133   	0.0001639   
1740        	10          	0.03308     	0.0001186   	0.0002305   	0.000128    
1745        	10          	0.03867     	0.0001518   	0.0002086   	5.56e-05    
1750        	10          	0.02534     	0.0001905   	0.0002867   	0.0001283   
1755        	10          	0.06939     	0.0001325   	0.0003269   	4.295e-05   
1760        	10          	0.03771     	0.0001073   	0.0002061   	4.864e-05   
1765        	10          	0.04179     	0.0001215   	5.216e-05   	6.492e-05   
1770        	10          	0.02861     	0.0001131   	0.0001177   	8.784e-05   
1775        	10          	0.03364     	0.0001018   	0.000161    	9.083e-05   
1780        	10          	0.05282     	9.397e-05   	7.426e-05   	5.679e-05   
1785        	10          	0.03907     	0.0002266   	0.0002039   	0.0001577   
1790        	10          	0.03801     	0.0001968   	0.0002234   	0.0001734   
1795        	10          	0.02536     	0.0001603   	0.0001784   	9.804e-05   
1800        	10          	0.03162     	9.588e-05   	0.0001711   	4.979e-05   
1805        	10          	0.02106     	3.956e-05   	0.0001547   	4.449e-05   
1810        	10          	0.04096     	3.771e-05   	0.0001557   	7.203e-05   
1815        	10          	0.03414     	6.94e-05    	0.000198    	0.0001351   
1820        	10          	0.0319      	9.086e-05   	0.0004589   	0.0002018   
1825        	10          	0.0408      	0.0001086   	0.0005273   	0.0001709   
1830        	10          	0.04808     	0.0001279   	0.0002583   	0.000125    
1835        	10          	0.0245      	8.992e-05   	0.0002059   	0.0002097   
1840        	10          	0.03111     	0.0001628   	0.0002765   	0.0001203   
1845        	10          	0.02907     	0.0001313   	0.0002018   	0.0001474   
1850        	10          	0.03947     	0.0001102   	0.0002716   	0.0001094   
1855        	10          	0.02879     	7.334e-05   	0.0003921   	4.426e-05   
1860        	10          	0.03182     	6.872e-05   	0.0002209   	4.901e-05   
1865        	10          	0.02964     	7.295e-05   	0.0003305   	9.884e-05   
1870        	10          	0.02946     	5.355e-05   	0.0003645   	8.574e-05   
1875        	10          	0.02551     	4.724e-05   	0.0003448   	8.898e-05   
1880        	10          	0.01884     	0.0001244   	0.000355    	0.0002247   
1885        	10          	0.03714     	0.0001102   	0.0004435   	8.065e-05   
1890        	10          	0.04132     	0.0001233   	0.0004134   	0.0001793   
1895        	10          	0.03614     	0.0001135   	0.0005793   	0.0001912   
1900        	10          	0.04527     	0.0001273   	0.0003048   	0.000117    
1905        	10          	0.02585     	6.96e-05    	0.000307    	6.515e-05   
1910        	10          	0.02686     	7.185e-05   	0.0001676   	5.913e-05   
1915        	10          	0.02369     	9.051e-05   	0.0001459   	5.405e-05   
1920        	10          	0.02651     	8.712e-05   	0.0002766   	8.631e-05   
1925        	10          	0.0385      	9.099e-05   	0.0002667   	0.000112    
1930        	10          	0.03246     	7.806e-05   	0.0003367   	0.0001113   
1935        	10          	0.03517     	7.352e-05   	0.0002944   	5.256e-05   
1940        	10          	0.0216      	0.00011     	0.0003047   	3.824e-05   
1945        	10          	0.02301     	0.0001126   	0.0003804   	3.701e-05   
1950        	10          	0.03084     	0.0001188   	0.000158    	6.281e-05   
1955        	10          	0.03553     	0.0002405   	0.0003524   	0.0001575   
1960        	10          	0.02991     	5.542e-05   	0.0003902   	0.0001282   
1965        	10          	0.04867     	0.0001158   	0.0002132   	0.0002319   
1970        	10          	0.03968     	8.246e-05   	9.946e-05   	9.978e-05   
1975        	10          	0.06766     	0.0001086   	0.0001312   	5.781e-05   
1980        	10          	0.05011     	0.0001528   	0.0003239   	8.316e-05   
1985        	10          	0.05151     	7.504e-05   	0.0001476   	0.0001238   
1990        	10          	0.05221     	0.000118    	0.000438    	4.467e-05   
1995        	10          	0.03302     	0.000192    	0.0003493   	6.974e-05   
2000        	10          	0.02814     	9.572e-05   	0.0004549   	1.515e-05   
2005        	10          	0.02363     	0.0002177   	0.0005618   	0.0001292   
2010        	10          	0.02628     	0.0001796   	0.0003269   	0.0002995   
2015        	10          	0.03832     	0.0001958   	0.0004628   	7.266e-05   
2020        	10          	0.03784     	0.0001467   	0.0004277   	0.000212    
2025        	10          	0.04247     	8.525e-05   	0.000253    	5.709e-05   
2030        	10          	0.02175     	0.0001647   	0.0003232   	0.0001272   
2035        	10          	0.02653     	0.0001432   	0.0001803   	3.31e-05    
2040        	10          	0.03421     	0.0001476   	0.0003081   	4.739e-05   
2045        	10          	0.02468     	0.0001927   	0.0004981   	4.24e-05    
2050        	10          	0.03666     	0.000113    	0.0002046   	0.0002217   
2055        	10          	0.03551     	0.0001327   	0.0001884   	0.0002308   
2060        	10          	0.03894     	9.007e-05   	0.0003559   	0.0002163   
2065        	10          	0.04458     	0.0001252   	0.0005794   	5.586e-05   
2070        	10          	0.05201     	7.348e-05   	0.000347    	0.0001253   
2075        	10          	0.04812     	0.0002396   	0.0003038   	6.331e-05   
2080        	10          	0.07439     	7.727e-05   	0.0002632   	5.441e-05   
2085        	10          	0.07267     	6e-05       	0.0001159   	5.43e-05    
2090        	10          	0.07356     	9.393e-05   	0.0002055   	0.0001613   
2095        	10          	0.07693     	8.264e-05   	0.0001608   	6.93e-05    
2100        	10          	0.08474     	9.844e-05   	0.0003317   	7.124e-05   
2105        	10          	0.07421     	8.202e-05   	0.0005697   	0.0002192   
2110        	10          	0.08217     	8.801e-05   	0.0004962   	0.0001766   
2115        	10          	0.08691     	0.0001319   	0.0001914   	6.875e-05   
2120        	10          	0.1018      	4.693e-05   	0.0003653   	0.0001617   
2125        	10          	0.1074      	0.0001021   	0.0003362   	6.888e-05   
2130        	10          	0.09821     	5.83e-05    	0.0003173   	0.0001902   
2135        	10          	0.09034     	8.208e-05   	0.0002025   	3.737e-05   
2140        	10          	0.09257     	0.0001523   	0.0005697   	0.0003009   
2145        	10          	0.09789     	9.265e-05   	0.0007112   	0.0001085   
2150        	10          	0.09461     	0.0002503   	0.0007503   	0.0002073   
2155        	10          	0.06356     	5.685e-05   	0.0004215   	0.0002596   
2160        	10          	0.07666     	0.0001081   	0.0004371   	0.0001517   
2165        	10          	0.06941     	8.669e-05   	0.0003059   	9.685e-05   
2170        	10          	0.07238     	2.29e-05    	0.0003159   	0.0001476   
2175        	10          	0.07862     	0.0001128   	0.0001662   	7.155e-05   
2180        	10          	0.08282     	0.0001708   	0.0002441   	6.423e-05   
2185        	10          	0.09825     	7.505e-05   	0.0003493   	0.0001651   
2190        	10          	0.1084      	7.487e-05   	0.0001591   	6.07e-05    
2195        	10          	0.07728     	5.638e-05   	0.0001373   	0.0001593   
2200        	10          	0.09901     	0.0002254   	0.0002206   	0.0002401   
2205        	10          	0.07196     	0.0001545   	0.0002341   	0.0002486   
2210        	10          	0.09163     	0.0001423   	0.000301    	0.0001605   
2215        	10          	0.07336     	7.877e-05   	0.0003215   	0.0001236   
2220        	10          	0.08351     	0.0001855   	0.0001394   	0.0001594   
2225        	10          	0.07303     	0.0001128   	0.000128    	0.0001752   
2230        	10          	0.06907     	0.0001034   	0.000369    	8.966e-05   
2235        	10          	0.0489      	0.0001685   	0.0001937   	0.0001003   
2240        	10          	0.07967     	0.0001739   	0.0001191   	0.0001496   
2245        	10          	0.05777     	0.0002      	0.0004608   	0.000146    
2250        	10          	0.05307     	0.0001238   	0.0005015   	0.0001246   
2255        	10          	0.07639     	0.000131    	0.000383    	7.638e-05   
2260        	10          	0.07254     	0.0001918   	0.0003501   	4.832e-05   
2265        	10          	0.06132     	0.0002283   	0.0002858   	0.0001566   
2270        	10          	0.07175     	0.0001132   	0.0002387   	4.333e-05   
2275        	10          	0.06627     	7.241e-05   	0.0003788   	7.912e-05   
2280        	10          	0.07096     	0.0001503   	0.000192    	0.0001721   
2285        	10          	0.08212     	0.0001103   	8.738e-05   	3.342e-05   
2290        	10          	0.04484     	0.0001541   	0.0004457   	0.0001715   
2295        	10          	0.05816     	0.0002166   	0.0003893   	0.0002331   
2300        	10          	0.05057     	0.0001941   	0.0003742   	7.038e-05   
2305        	10          	0.05539     	7e-05       	0.0002312   	0.0001318   
2310        	10          	0.06104     	0.0001054   	0.000238    	5.2e-05     
2315        	10          	0.048       	0.0002203   	0.000299    	9.07e-05    
2320        	10          	0.05112     	6.658e-05   	0.0004555   	5.099e-05   
2325        	10          	0.05332     	0.000192    	0.000406    	0.0001006   
2330        	10          	0.05147     	5.135e-05   	0.0003428   	8.548e-05   
2335        	10          	0.05425     	0.0001514   	0.0008961   	0.000296    
2340        	10          	0.04404     	0.0001181   	0.0002761   	0.0001115   
2345        	10          	0.03245     	0.0001361   	0.0003573   	0.0002537   
2350        	10          	0.04172     	0.0001614   	0.0004175   	0.0001923   
2355        	10          	0.03814     	0.0001758   	0.0002444   	5.615e-05   
2360        	10          	0.04608     	0.0001538   	0.0002317   	0.000121    
2365        	10          	0.03636     	5.405e-05   	0.0001072   	0.0001193   
2370        	10          	0.0583      	7.606e-05   	9.115e-05   	0.0001204   
2375        	10          	0.0495      	0.0001408   	0.000284    	0.0002729   
2380        	10          	0.034       	0.0002758   	0.0002513   	0.0001767   
2385        	10          	0.02946     	0.0002043   	0.0006155   	0.000126    
2390        	10          	0.04228     	0.000126    	0.0002088   	0.0001052   
2395        	10          	0.05628     	0.0001215   	0.0001337   	7.605e-05   
2400        	10          	0.03294     	4.932e-05   	0.000601    	0.0001059   
2405        	10          	0.05156     	0.000107    	0.0001494   	9.045e-05   
2410        	10          	0.05861     	9.769e-05   	0.0002644   	0.0002553   
2415        	10          	0.05995     	7.888e-05   	0.0002126   	4.38e-05    
2420        	10          	0.03869     	4.325e-05   	0.0001399   	9.402e-05   
2425        	10          	0.05879     	0.0001969   	0.0001595   	0.0001726   
2430        	10          	0.06119     	0.0003744   	0.0002625   	0.0001265   
2435        	10          	0.05628     	0.0001903   	9.565e-05   	0.0001252   
2440        	10          	0.05747     	8.201e-05   	0.0002401   	0.0001857   
2445        	10          	0.05117     	7.43e-05    	0.0001731   	3.754e-05   
2450        	10          	0.06229     	8.515e-05   	0.0001726   	6.11e-05    
2455        	10          	0.05838     	0.0001062   	0.0002117   	7.128e-05   
2460        	10          	0.0558      	0.0001008   	0.0001785   	0.0001072   
2465        	10          	0.05479     	7.326e-05   	0.0002402   	0.0001169   
2470        	10          	0.03775     	5.342e-05   	0.0001067   	6.395e-05   
2475        	10          	0.05967     	0.0001456   	0.0002909   	0.0001019   
2480        	10          	0.05954     	0.0001383   	0.0001611   	8.673e-05   
2485        	10          	0.05324     	8.477e-05   	0.0001546   	6.897e-05   
2490        	10          	0.05984     	0.0002288   	0.0002046   	6.166e-05   
2495        	10          	0.05423     	0.0001685   	0.0003522   	4.581e-05   
2500        	10          	0.04866     	6.122e-05   	0.0001215   	4.871e-05   
2505        	10          	0.03301     	7.525e-05   	0.0002519   	0.0001121   
2510        	10          	0.04214     	5.87e-05    	0.0001406   	7.245e-05   
2515        	10          	0.05257     	7.778e-05   	0.0002719   	0.0001366   
2520        	10          	0.06004     	6.3e-05     	0.0001687   	0.0001379   
2525        	10          	0.06667     	0.0001167   	0.0001018   	5.345e-05   
2530        	10          	0.0813      	5.287e-05   	0.0002512   	5.335e-05   
2535        	10          	0.06672     	8.91e-05    	0.0002444   	3.44e-05    
2540        	10          	0.06708     	9.075e-05   	0.000146    	0.000158    
2545        	10          	0.06066     	7.871e-05   	0.0001681   	0.0001581   
2550        	10          	0.07784     	0.0001817   	0.0003047   	7.899e-05   
2555        	10          	0.0785      	0.0001049   	0.0002608   	0.000153    
2560        	10          	0.09179     	0.0001742   	0.000151    	0.0001293   
2565        	10          	0.08336     	0.0001857   	0.000163    	0.0001025   
2570        	10          	0.09985     	0.0001422   	0.0002681   	0.000121    
2575        	10          	0.09569     	6.677e-05   	9.336e-05   	0.0001711   
2580        	10          	0.07028     	9.869e-05   	0.0002595   	8.453e-05   
2585        	10          	0.08246     	8.625e-05   	0.0002607   	5.904e-05   
2590        	10          	0.08445     	0.0001659   	0.000404    	3.854e-05   
2595        	10          	0.07284     	6.249e-05   	0.0002062   	9.557e-05   
2600        	10          	0.09303     	8.381e-05   	0.000382    	0.000119    
2605        	10          	0.1078      	0.0001726   	0.000262    	8.893e-05   
2610        	10          	0.07588     	0.0001121   	0.0001004   	0.0002665   
2615        	10          	0.09538     	0.0001336   	8.543e-05   	0.000216    
2620        	10          	0.07762     	0.0001423   	9.83e-05    	0.0001594   
2625        	10          	0.09089     	8.687e-05   	0.000295    	6.377e-05   
2630        	10          	0.08449     	3.677e-05   	0.0002662   	0.0001154   
2635        	10          	0.074       	0.0001077   	0.0002803   	5.818e-05   
2640        	10          	0.09388     	5.744e-05   	8.721e-05   	6.134e-05   
2645        	10          	0.08669     	0.0001422   	0.0001213   	0.0001228   
2650        	10          	0.08906     	7.957e-05   	0.0002121   	6.32e-05    
2655        	10          	0.07706     	0.0002068   	0.0002057   	3.654e-05   
2660        	10          	0.0985      	0.0001894   	6.057e-05   	0.0001058   
2665        	10          	0.08666     	0.0001244   	8.894e-05   	8.574e-05   
2670        	10          	0.09912     	3.181e-05   	4.989e-05   	9.261e-05   
2675        	10          	0.1036      	8.92e-05    	0.0002039   	0.0001447   
2680        	10          	0.0944      	3.321e-05   	0.0002395   	0.0001375   
2685        	10          	0.1025      	0.0001064   	0.0001839   	9.92e-05    
2690        	10          	0.1023      	0.0001462   	0.0001574   	0.0001688   
2695        	10          	0.09057     	0.0001173   	0.0001208   	0.0002098   
2700        	10          	0.0954      	0.0001906   	0.0001713   	0.0001464   
2705        	10          	0.08175     	0.0001194   	7.492e-05   	7.499e-05   
2710        	10          	0.076       	6.631e-05   	9.275e-05   	8.316e-05   
2715        	10          	0.07484     	0.0001665   	0.0001719   	9.885e-05   
2720        	10          	0.115       	0.0002022   	0.0001484   	4.978e-05   
2725        	10          	0.09479     	8.162e-05   	0.000427    	0.0001025   
2730        	10          	0.1108      	0.0001145   	0.0001647   	8.179e-05   
2735        	10          	0.1227      	0.0001573   	0.0004332   	0.0001753   
2740        	10          	0.1136      	7.781e-05   	0.000314    	0.0001417   
2745        	10          	0.1368      	4.079e-05   	0.0001652   	6.374e-05   
2750        	10          	0.1419      	8.366e-05   	0.0004619   	0.0001027   
2755        	10          	0.1354      	0.000215    	0.0003023   	0.000141    
2760        	10          	0.1268      	0.0001034   	0.0002574   	0.0001243   
2765        	10          	0.1154      	9.191e-05   	0.0001613   	0.0001264   
2770        	10          	0.1164      	9.707e-05   	0.0001722   	2.767e-05   
2775        	10          	0.135       	9.031e-05   	0.000258    	0.0001223   
2780        	10          	0.1339      	7.651e-05   	0.0002086   	4.469e-05   
2785        	10          	0.1342      	0.0001267   	0.0003681   	7.132e-05   
2790        	10          	0.1118      	3.31e-05    	0.0001018   	5.786e-05   
2795        	10          	0.1168      	3.513e-05   	0.0001534   	0.000105    
2800        	10          	0.09241     	0.0001512   	0.0001043   	3.718e-05   
2805        	10          	0.1129      	0.0001483   	0.0001774   	0.0001295   
2810        	10          	0.1276      	0.0001011   	0.0002268   	0.0001651   
2815        	10          	0.1211      	7.054e-05   	0.0002994   	8.349e-05   
2820        	10          	0.1164      	9.369e-05   	0.0003315   	7.697e-05   
2825        	10          	0.1151      	0.0001245   	0.0002556   	8.23e-05    
2830        	10          	0.1256      	0.0001602   	0.0006752   	0.0001261   
2835        	10          	0.1647      	0.0001392   	0.0005032   	9.046e-05   
2840        	10          	0.1268      	8.282e-05   	0.0002466   	6.078e-05   
2845        	10          	0.1162      	0.0001545   	0.0002478   	0.0001955   
2850        	10          	0.08749     	3.756e-05   	0.0002099   	0.0001183   
2855        	10          	0.1123      	7.173e-05   	0.0003594   	0.0001062   
2860        	10          	0.1125      	0.0001439   	0.0003236   	6.289e-05   
2865        	10          	0.153       	0.0002235   	0.0004393   	8.863e-05   
2870        	10          	0.1438      	0.000273    	0.0004915   	0.0002351   
2875        	10          	0.142       	0.0001387   	0.0003283   	0.0003271   
2880        	10          	0.1413      	0.0002705   	0.000243    	0.0001956   
2885        	10          	0.1182      	0.0002199   	0.0003868   	0.0001327   
2890        	10          	0.1511      	6.461e-05   	0.0001346   	9.594e-05   
2895        	10          	0.1154      	6.263e-05   	9.649e-05   	0.0001437   
2900        	10          	0.1463      	6.531e-05   	0.0002208   	0.0001177   
2905        	10          	0.1061      	0.0001846   	0.0001213   	0.00015     
2910        	10          	0.1389      	0.0001435   	0.0002889   	7.555e-05   
2915        	10          	0.1122      	7.557e-05   	0.0004229   	2.908e-05   
2920        	10          	0.08443     	8.988e-05   	0.000344    	0.0001408   
2925        	10          	0.09985     	8.305e-05   	0.0001761   	0.0001328   
2930        	10          	0.116       	0.0001525   	0.0001688   	0.0002066   
2935        	10          	0.1073      	0.0003418   	0.0004972   	0.000182    
2940        	10          	0.1109      	0.0001665   	0.000321    	0.0001081   
2945        	10          	0.113       	0.0003222   	0.0005889   	0.0001768   
2950        	10          	0.07499     	0.0001783   	0.0002174   	0.0001603   
2955        	10          	0.0866      	0.000195    	0.0002217   	7.161e-05   
2960        	10          	0.1032      	0.0001749   	0.0002272   	5.303e-05   
2965        	10          	0.1117      	0.0001055   	0.0003217   	0.00039     
2970        	10          	0.1272      	4.232e-05   	0.0004823   	0.0003077   
2975        	10          	0.1409      	0.0001706   	0.0005507   	0.0001552   
2980        	10          	0.1278      	6.607e-05   	0.0005684   	0.0002766   
2985        	10          	0.09972     	7.177e-05   	0.0002122   	0.0001209   
2990        	10          	0.1057      	7.706e-05   	0.0003527   	0.0002277   
2995        	10          	0.1051      	1.516e-05   	0.0002219   	8.341e-05   
3000        	10          	0.1185      	0.000168    	0.0002607   	0.0001199   
3005        	10          	0.102       	0.0001115   	0.0002924   	9.613e-05   
3010        	10          	0.08302     	8.3e-05     	0.0002838   	0.0001291   
3015        	10          	0.1096      	7.527e-05   	0.0001767   	0.0002531   
3020        	10          	0.1088      	6.865e-05   	0.0001732   	0.000108    
3025        	10          	0.1092      	6.89e-05    	0.0003184   	0.0001699   
3030        	10          	0.1287      	0.0001123   	0.0001762   	0.0001626   
3035        	10          	0.1037      	0.0001876   	0.0003194   	0.0001156   
3040        	10          	0.1142      	0.0002197   	0.0003544   	0.0001285   
3045        	10          	0.09804     	0.0003732   	0.0002124   	9.578e-05   
3050        	10          	0.1091      	0.0002339   	0.0003875   	0.0001911   
3055        	10          	0.09112     	0.000308    	0.0002272   	7.865e-05   
3060        	10          	0.09862     	0.0002151   	0.0005919   	0.0001703   
3065        	10          	0.1025      	0.0001753   	0.000223    	0.0001855   
3070        	10          	0.1089      	0.0001366   	0.0004232   	6.359e-05   
3075        	10          	0.1133      	0.000148    	0.0003043   	9.971e-05   
3080        	10          	0.1187      	0.000143    	0.0001302   	5.923e-05   
3085        	10          	0.09351     	0.0001126   	0.0002275   	0.0001308   
3090        	10          	0.09051     	9.637e-05   	0.000305    	7.874e-05   
3095        	10          	0.08853     	0.000146    	0.000172    	4.118e-05   
3100        	10          	0.1019      	0.0002976   	0.0006371   	0.0001066   
3105        	10          	0.08801     	0.0003041   	0.0008803   	1.906e-05   
3110        	10          	0.1007      	0.000218    	0.0006181   	0.0001039   
3115        	10          	0.08578     	0.0002282   	0.0005989   	0.0002009   
3120        	10          	0.1172      	0.0002991   	0.0006825   	0.0001732   
3125        	10          	0.1096      	0.0002642   	0.0002162   	0.0001124   
3130        	10          	0.09995     	0.0003227   	0.0005937   	0.0001032   
3135        	10          	0.09196     	0.0003568   	0.0004841   	0.0001088   
3140        	10          	0.1209      	0.0001382   	0.0005123   	0.0002519   
3145        	10          	0.1156      	0.0001635   	0.0001963   	9.552e-05   
3150        	10          	0.09961     	0.0001015   	0.0002346   	4.613e-05   
3155        	10          	0.1018      	0.0002412   	0.0003099   	8.275e-05   
3160        	10          	0.08335     	0.0001473   	0.0004525   	8.62e-05    
3165        	10          	0.09519     	0.0001237   	0.000208    	0.0001312   
3170        	10          	0.07343     	7.395e-05   	0.0002145   	0.0001326   
3175        	10          	0.09084     	0.0001175   	0.0004923   	6.896e-05   
3180        	10          	0.08225     	0.0001811   	0.0002855   	0.000109    
3185        	10          	0.071       	0.0001131   	0.0002332   	5.861e-05   
3190        	10          	0.0923      	0.0001848   	0.0001233   	0.0002023   
3195        	10          	0.06672     	8.125e-05   	0.0002186   	0.0001944   
3200        	10          	0.0695      	7.535e-05   	0.0002621   	0.0002957   
3205        	10          	0.0829      	8.82e-05    	0.0001187   	0.0001172   
3210        	10          	0.0661      	0.0001435   	0.0001023   	8.564e-05   
3215        	10          	0.07277     	5.99e-05    	4.616e-05   	5.449e-05   
3220        	10          	0.05389     	0.0002188   	0.0001832   	8.738e-05   
3225        	10          	0.0609      	7.306e-05   	0.000137    	0.0001246   
3230        	10          	0.07396     	7.679e-05   	0.0002692   	0.0001148   
3235        	10          	0.05223     	0.0001491   	0.0001535   	6.55e-05    
3240        	10          	0.05528     	0.000136    	0.0001114   	9.275e-05   
3245        	10          	0.05507     	0.0001169   	0.0001655   	0.0001258   
3250        	10          	0.04897     	8.35e-05    	0.0002508   	0.0001516   
3255        	10          	0.05045     	9.424e-05   	7.496e-05   	9.254e-05   
3260        	10          	0.05108     	3.661e-05   	0.000296    	0.0001258   
3265        	10          	0.02901     	7.994e-05   	0.0002993   	0.0002096   
3270        	10          	0.03927     	1.52e-05    	0.0001023   	7.843e-05   
3275        	10          	0.04141     	9.407e-05   	9.583e-05   	9.28e-05    
3280        	10          	0.0481      	7.175e-05   	0.0002422   	0.0002158   
3285        	10          	0.05214     	9.439e-05   	0.0002825   	0.0001519   
3290        	10          	0.04328     	0.0001878   	0.0006261   	2.967e-05   
3295        	10          	0.05051     	9.619e-05   	0.0007044   	2.994e-05   
3300        	10          	0.04285     	0.0002508   	0.0006033   	5.935e-05   
3305        	10          	0.05066     	5.991e-05   	0.0003833   	5.327e-05   
3310        	10          	0.03699     	8.683e-05   	0.000267    	8.597e-05   
3315        	10          	0.05563     	0.000215    	0.00018     	0.000179    
3320        	10          	0.054       	0.0001314   	0.0006463   	9.677e-05   
3325        	10          	0.04124     	0.0001372   	0.0001572   	8.798e-05   
3330        	10          	0.03346     	8.911e-05   	0.0004031   	0.0003455   
3335        	10          	0.033       	0.0001571   	0.0003957   	0.0002392   
3340        	10          	0.04225     	0.0001076   	0.0002136   	0.0001228   
3345        	10          	0.04043     	0.0001594   	0.0001723   	0.0001131   
3350        	10          	0.06341     	0.0001875   	0.000114    	0.0001373   
3355        	10          	0.07297     	3.726e-05   	0.0002138   	7.89e-05    
3360        	10          	0.05118     	0.000164    	0.0001638   	0.0002893   
3365        	10          	0.07551     	0.0001158   	0.0002925   	0.0002097   
3370        	10          	0.07123     	4.875e-05   	0.0003222   	0.0001105   
3375        	10          	0.07483     	0.0001088   	5.971e-05   	7.674e-05   
3380        	10          	0.05019     	0.0002266   	0.0002008   	4.798e-05   
3385        	10          	0.0718      	0.0002504   	0.000461    	0.0001283   
3390        	10          	0.04141     	0.0001966   	0.0004105   	0.0001018   
3395        	10          	0.05328     	0.0001845   	0.000566    	0.0001254   
3400        	10          	0.06452     	0.0003171   	0.000189    	0.0001783   
3405        	10          	0.06171     	0.0002059   	0.0004161   	0.0001185   
3410        	10          	0.05056     	0.0006082   	0.0004053   	5.8e-05     
3415        	10          	0.06116     	6.621e-05   	0.0002134   	0.0001035   
3420        	10          	0.03445     	5.448e-05   	0.0002969   	9.49e-05    
3425        	10          	0.05014     	0.0001209   	0.0001821   	9.606e-05   
3430        	10          	0.03        	8.744e-05   	0.0001808   	0.0001144   
3435        	10          	0.03729     	0.0002604   	0.0003316   	0.0003606   
3440        	10          	0.03513     	0.0001949   	0.00042     	9.95e-05    
3445        	10          	0.03243     	7.842e-05   	0.0004103   	0.0002291   
3450        	10          	0.03156     	0.0001229   	0.0003775   	0.0002623   
3455        	10          	0.03093     	5.837e-05   	0.000174    	0.0001207   
3460        	10          	0.04296     	9.962e-05   	0.0003191   	9.228e-05   
3465        	10          	0.03466     	0.0001192   	0.0002867   	0.0001439   
3470        	10          	0.02951     	0.0001232   	0.000357    	4.997e-05   
3475        	10          	0.03844     	8.208e-05   	0.0002158   	0.0001216   
3480        	10          	0.03235     	0.0002447   	0.0003241   	6.026e-05   
3485        	10          	0.04116     	0.0001199   	0.0003642   	4.445e-05   
3490        	10          	0.0383      	0.0001032   	0.0003583   	0.0001729   
3495        	10          	0.03077     	9.659e-05   	0.0005806   	0.0002018   
3500        	10          	0.03516     	8.835e-05   	0.0003144   	0.0001399   
3505        	10          	0.0489      	0.0001568   	0.0001811   	9.469e-05   
3510        	10          	0.02851     	7.539e-05   	0.0002341   	0.0001841   
3515        	10          	0.04428     	0.0002274   	0.0002119   	0.0001899   
3520        	10          	0.03775     	0.0001103   	7.693e-05   	0.0001091   
3525        	10          	0.03371     	0.0001114   	0.0001805   	0.0002216   
3530        	10          	0.04158     	7.428e-05   	0.0002687   	9.024e-05   
3535        	10          	0.05036     	9.274e-05   	0.000341    	0.00023     
3540        	10          	0.03594     	8.118e-05   	0.0001441   	0.0001003   
3545        	10          	0.03251     	0.0001532   	0.0004027   	9.577e-05   
3550        	10          	0.04625     	0.0001077   	0.0002419   	0.0002083   
3555        	10          	0.02547     	6.889e-05   	0.0005277   	0.0001125   
3560        	10          	0.0408      	5.468e-05   	0.0002044   	0.000128    
3565        	10          	0.03001     	0.0001139   	0.0003861   	5.313e-05   
3570        	10          	0.03843     	0.0002136   	0.0003058   	0.0003649   
3575        	10          	0.03124     	0.000113    	0.0005387   	0.0001407   
3580        	10          	0.03929     	2.888e-05   	0.0004352   	0.0004973   
3585        	10          	0.04189     	0.0002134   	0.0003008   	0.0003212   
3590        	10          	0.03817     	0.0002191   	0.0003808   	0.0001256   
3595        	10          	0.02436     	6.978e-05   	0.0004235   	0.0001468   
3600        	10          	0.04844     	0.0001409   	0.0002674   	0.0001115   
3605        	10          	0.04158     	0.0001603   	0.0003498   	0.0001066   
3610        	10          	0.02899     	0.0002509   	0.0003423   	8.283e-05   
3615        	10          	0.04929     	0.0004883   	0.0002256   	0.0001409   
3620        	10          	0.04325     	0.0001466   	0.0003114   	0.0002075   
3625        	10          	0.0428      	0.0002181   	0.0002371   	9.207e-05   
3630        	10          	0.03762     	0.0002033   	0.0002147   	9.246e-05   
3635        	10          	0.0524      	0.0001609   	0.0004938   	6.548e-05   
3640        	10          	0.04362     	9.639e-05   	0.0002443   	4.221e-05   
3645        	10          	0.04122     	8.332e-05   	0.0005447   	0.0001135   
3650        	10          	0.03057     	0.0001077   	0.000346    	0.0001315   
3655        	10          	0.03173     	0.0001202   	0.0005514   	0.0001665   
3660        	10          	0.03228     	4.402e-05   	0.0003404   	0.0003966   
3665        	10          	0.03164     	0.0001801   	0.0002636   	5.999e-05   
3670        	10          	0.02285     	0.0001245   	0.0002557   	0.0001201   
3675        	10          	0.04319     	0.0001262   	9.898e-05   	8.393e-05   
3680        	10          	0.04049     	0.000134    	0.0001088   	5.87e-05    
3685        	10          	0.03694     	0.0001539   	0.0001187   	9.727e-05   
3690        	10          	0.03943     	0.0002341   	0.0001815   	3.388e-05   
3695        	10          	0.02834     	0.0001475   	0.0001806   	0.0001008   
3700        	10          	0.03535     	9.964e-05   	0.0001081   	0.000156    
3705        	10          	0.03312     	4.882e-05   	0.0001588   	7.383e-05   
3710        	10          	0.04221     	0.000187    	0.0003154   	0.0001534   
3715        	10          	0.03119     	7.035e-05   	0.0001524   	0.000233    
3720        	10          	0.03719     	0.0001179   	0.0002297   	4.878e-05   
3725        	10          	0.021       	0.0001196   	0.0003628   	0.0001269   
3730        	10          	0.035       	8.096e-05   	0.0002085   	0.0001088   
3735        	10          	0.04806     	0.0001008   	0.0002175   	6.429e-05   
3740        	10          	0.03984     	0.0001939   	0.0002409   	8.738e-05   
3745        	10          	0.04008     	0.0001624   	0.000366    	0.0001598   
3750        	10          	0.05562     	0.0001125   	0.0003299   	0.0001888   
3755        	10          	0.05179     	0.0002567   	0.0002348   	0.0001738   
3760        	10          	0.04549     	0.0001804   	0.0003514   	0.0002966   
3765        	10          	0.04619     	0.0001039   	0.000339    	5.117e-05   
3770        	10          	0.04196     	0.0001355   	0.0002848   	0.0001038   
3775        	10          	0.04629     	0.0001657   	0.0001971   	9.414e-05   
3780        	10          	0.03891     	8.532e-05   	0.0001945   	0.0001013   
3785        	10          	0.05034     	3.077e-05   	0.0001841   	0.0001698   
3790        	10          	0.0418      	6.467e-05   	6.313e-05   	0.0003337   
3795        	10          	0.05506     	0.0001747   	0.0002746   	9.959e-05   
3800        	10          	0.061       	9.632e-05   	0.0004816   	0.0001409   
3805        	10          	0.04247     	7.096e-05   	0.0002105   	8.911e-05   
3810        	10          	0.04096     	0.0001389   	0.000541    	0.000144    
3815        	10          	0.04469     	8.176e-05   	0.0005822   	5.757e-05   
3820        	10          	0.03875     	7.046e-05   	0.000528    	0.0001002   
3825        	10          	0.03685     	9.095e-05   	0.0001911   	9.148e-05   
3830        	10          	0.03997     	8.668e-05   	0.000436    	0.0001006   
3835        	10          	0.0221      	0.0002968   	0.0004792   	0.0001889   
3840        	10          	0.02862     	0.000131    	0.0002712   	0.0001285   
3845        	10          	0.02772     	0.0002449   	0.0001207   	5.263e-05   
3850        	10          	0.03173     	0.0001581   	0.0004028   	0.0002353   
3855        	10          	0.03164     	7.783e-05   	0.0002432   	0.0001845   
3860        	10          	0.03023     	0.00024     	0.0002497   	8.287e-05   
3865        	10          	0.04569     	0.0005166   	0.0002423   	0.0001604   
3870        	10          	0.03738     	0.000368    	0.0004042   	0.0001882   
3875        	10          	0.02582     	0.0001969   	0.0004542   	0.0002867   
3880        	10          	0.03154     	0.0001877   	0.0004147   	7.341e-05   
3885        	10          	0.03399     	0.0001582   	0.0005911   	0.0001273   
3890        	10          	0.04766     	0.0002625   	0.000398    	0.0001376   
3895        	10          	0.02847     	0.0001179   	0.0004503   	0.0001692   
3900        	10          	0.03167     	0.0001011   	0.0006205   	3.931e-05   
3905        	10          	0.02654     	8.828e-05   	0.0005863   	8.19e-05    
3910        	10          	0.03732     	8.988e-05   	0.0003475   	0.0001557   
3915        	10          	0.03507     	0.0002552   	0.0001514   	0.0002213   
3920        	10          	0.02891     	0.0001213   	0.0001469   	0.00032     
3925        	10          	0.0314      	0.000195    	0.0001209   	6.398e-05   
3930        	10          	0.01607     	0.0001495   	0.0002624   	0.0001138   
3935        	10          	0.02014     	0.0002111   	0.0004183   	0.0001121   
3940        	10          	0.02912     	0.0001392   	0.0004935   	0.0003007   
3945        	10          	0.01933     	9.025e-05   	0.0003823   	8.266e-05   
3950        	10          	0.03061     	0.0001238   	0.000367    	6.031e-05   
3955        	10          	0.02561     	2.395e-05   	0.0002834   	8.703e-05   
3960        	10          	0.02043     	0.0001447   	0.0002684   	8.821e-05   
3965        	10          	0.02493     	6.672e-05   	0.0001544   	0.0001274   
3970        	10          	0.02052     	0.0001425   	0.000146    	7.187e-05   
3975        	10          	0.0349      	0.000178    	0.0003729   	0.0002309   
3980        	10          	0.0344      	0.0001984   	0.0001962   	3.77e-05    
3985        	10          	0.03072     	8.466e-05   	0.000213    	7.883e-05   
3990        	10          	0.03366     	0.000129    	0.0003193   	2.124e-05   
3995        	10          	0.03417     	7.823e-05   	0.0001439   	0.0001248   
4000        	10          	0.02936     	4.11e-05    	0.0001304   	2.685e-05   
4005        	10          	0.02806     	6.911e-05   	0.0004225   	3.387e-05   
4010        	10          	0.0244      	0.0002055   	0.0004347   	9.707e-05   
4015        	10          	0.02008     	0.0003976   	0.0003358   	0.0001847   
4020        	10          	0.02606     	0.0003521   	0.0004845   	0.0001546   
4025        	10          	0.02671     	0.0001689   	0.0006471   	0.0002251   
4030        	10          	0.02274     	0.0002441   	0.0008746   	7.915e-05   
4035        	10          	0.01933     	0.0005864   	0.0006118   	7.441e-05   
4040        	10          	0.01788     	0.0005673   	0.0008847   	0.0001647   
4045        	10          	0.03261     	0.000536    	0.0009754   	0.0001383   
4050        	10          	0.01849     	0.0008567   	0.0009219   	0.0002242   
4055        	10          	0.01712     	0.002322    	0.001738    	0.0001823   
4060        	10          	0.02289     	0.002228    	0.001956    	0.0001833   
4065        	10          	0.01725     	0.002488    	0.001671    	0.0002104   
4070        	10          	0.02107     	0.002707    	0.001651    	0.0001688   
4075        	10          	0.02672     	0.002308    	0.001171    	9.913e-05   
4080        	10          	0.01786     	0.002127    	0.00158     	0.0001477   
4085        	10          	0.01846     	0.00233     	0.003073    	0.0001472   
4090        	10          	0.03056     	0.001786    	0.00245     	3.194e-05   
4095        	10          	0.02661     	0.002275    	0.002568    	0.0001402   
4100        	10          	0.0268      	0.002517    	0.00222     	0.0001701   
4105        	10          	0.02769     	0.002032    	0.001696    	0.0001      
4110        	10          	0.02254     	0.002054    	0.001041    	0.0001135   
4115        	10          	0.02358     	0.001613    	0.001201    	5.211e-05   
4120        	10          	0.02257     	0.001702    	0.001703    	7.901e-05   
4125        	10          	0.01704     	0.001791    	0.0009036   	9.83e-05    
4130        	10          	0.02429     	0.001806    	0.001399    	7.529e-05   
4135        	10          	0.02145     	0.002259    	0.001849    	6.871e-05   
4140        	10          	0.03382     	0.002188    	0.00196     	0.0001528   
4145        	10          	0.0359      	0.001973    	0.001066    	6.223e-05   
4150        	10          	0.04039     	0.002497    	0.0009258   	9.002e-05   
4155        	10          	0.03229     	0.00249     	0.002121    	3.55e-05    
4160        	10          	0.02814     	0.002138    	0.002208    	9.309e-05   
4165        	10          	0.0275      	0.002016    	0.002553    	0.0001421   
4170        	10          	0.02928     	0.001513    	0.002369    	0.0001519   
4175        	10          	0.02691     	0.0021      	0.001855    	0.0001328   
4180        	10          	0.02345     	0.002782    	0.003105    	0.0002014   
4185        	10          	0.02168     	0.003033    	0.002507    	0.0001992   
4190        	10          	0.03229     	0.002906    	0.003412    	0.0001641   
4195        	10          	0.02297     	0.005031    	0.004467    	5.281e-05   
4200        	10          	0.03162     	0.002915    	0.003795    	0.0001277   
4205        	10          	0.01328     	0.002886    	0.00291     	0.0001437   
4210        	10          	0.01307     	0.003538    	0.004119    	0.0001079   
4215        	10          	0.01645     	0.003062    	0.004304    	0.0001368   
4220        	10          	0.02651     	0.002527    	0.002821    	0.0001086   
4225        	10          	0.01307     	0.002915    	0.003115    	0.0001723   
4230        	10          	0.02134     	0.003998    	0.004536    	0.0001119   
4235        	10          	0.01716     	0.004334    	0.003395    	0.0002189   
4240        	10          	0.01851     	0.002826    	0.003732    	0.0003124   
4245        	10          	0.0233      	0.004813    	0.005938    	0.0001833   
4250        	10          	0.02143     	0.004936    	0.006117    	0.0001193   
4255        	10          	0.02299     	0.003864    	0.005134    	7.503e-05   
4260        	10          	0.02995     	0.003931    	0.005118    	5.495e-05   
4265        	10          	0.031       	0.002614    	0.004382    	9.193e-05   
4270        	10          	0.0194      	0.003593    	0.004643    	0.0001491   
4275        	10          	0.01844     	0.003007    	0.00509     	0.0002713   
4280        	10          	0.03002     	0.003747    	0.005267    	0.0001007   
4285        	10          	0.03156     	0.003867    	0.004109    	0.0001172   
4290        	10          	0.028       	0.00311     	0.004082    	0.0001739   
4295        	10          	0.02982     	0.004755    	0.003969    	0.0002135   
4300        	10          	0.03582     	0.003535    	0.005224    	0.0002519   
4305        	10          	0.02873     	0.003605    	0.003854    	0.0001398   
4310        	10          	0.03446     	0.003506    	0.004378    	0.000123    
4315        	10          	0.02722     	0.004657    	0.004482    	0.0002098   
4320        	10          	0.02786     	0.003567    	0.003694    	0.0002319   
4325        	10          	0.03907     	0.003372    	0.00553     	0.0002649   
4330        	10          	0.02734     	0.003582    	0.004695    	0.0001667   
4335        	10          	0.02936     	0.003185    	0.004553    	7.848e-05   
4340        	10          	0.0164      	0.00326     	0.003687    	0.0002752   
4345        	10          	0.01267     	0.0022      	0.001941    	0.0003672   
4350        	10          	0.01154     	0.002972    	0.003555    	0.0002464   
4355        	10          	0.01702     	0.004179    	0.004202    	0.0001065   
4360        	10          	0.02397     	0.003393    	0.002923    	0.0004282   
4365        	10          	0.01956     	0.002522    	0.001757    	0.0001524   
4370        	10          	0.01383     	0.002705    	0.00192     	0.0002774   
4375        	10          	0.01951     	0.003909    	0.002806    	0.0003403   
4380        	10          	0.01479     	0.003359    	0.002008    	0.0002275   
4385        	10          	0.01568     	0.003641    	0.001884    	7.692e-05   
4390        	10          	0.02773     	0.002859    	0.00304     	0.0001301   
4395        	10          	0.02079     	0.002084    	0.003209    	5.503e-05   
4400        	10          	0.02052     	0.002481    	0.00258     	0.0002226   
4405        	10          	0.01882     	0.002121    	0.002063    	0.0001512   
4410        	10          	0.01788     	0.002154    	0.002299    	0.0001002   
4415        	10          	0.02058     	0.001079    	0.00271     	0.0002088   
4420        	10          	0.01846     	0.001569    	0.001938    	7.843e-05   
4425        	10          	0.02316     	0.002229    	0.001841    	0.0002446   
4430        	10          	0.01523     	0.002318    	0.001829    	0.0003037   
4435        	10          	0.02004     	0.002229    	0.001826    	0.0002888   
4440        	10          	0.02129     	0.00337     	0.002122    	0.0001631   
4445        	10          	0.01691     	0.003033    	0.002631    	0.0002809   
4450        	10          	0.02482     	0.003442    	0.002237    	0.0001197   
4455        	10          	0.01334     	0.003289    	0.003086    	0.0001525   
4460        	10          	0.02414     	0.003397    	0.003592    	0.0002567   
4465        	10          	0.01991     	0.003045    	0.003258    	0.0001541   
4470        	10          	0.01193     	0.003735    	0.00296     	0.0002956   
4475        	10          	0.01636     	0.004525    	0.002786    	6.844e-05   
4480        	10          	0.01493     	0.003731    	0.004142    	0.0004616   
4485        	10          	0.01367     	0.003179    	0.004179    	0.0004191   
4490        	10          	0.02122     	0.004137    	0.004395    	0.00024     
4495        	10          	0.01547     	0.004117    	0.003867    	0.0001749   
4500        	10          	0.01302     	0.003715    	0.003529    	0.0001285   
4505        	10          	0.009344    	0.004355    	0.003048    	0.0002957   
4510        	10          	0.01753     	0.004718    	0.004175    	0.0001502   
4515        	10          	0.01856     	0.004271    	0.004028    	0.0001177   
4520        	10          	0.0106      	0.003441    	0.003991    	0.0002239   
4525        	10          	0.01084     	0.004064    	0.005467    	0.0003009   
4530        	10          	0.009225    	0.0041      	0.004669    	0.0002199   
4535        	10          	0.01404     	0.003763    	0.005173    	0.0001642   
4540        	10          	0.02327     	0.004371    	0.005254    	0.000194    
4545        	10          	0.02434     	0.003851    	0.00397     	0.0001712   
4550        	10          	0.01979     	0.003114    	0.003779    	0.0003586   
4555        	10          	0.01227     	0.002938    	0.004635    	4.162e-05   
4560        	10          	0.01582     	0.002599    	0.002696    	5.793e-05   
4565        	10          	0.01567     	0.003566    	0.003492    	7.193e-05   
4570        	10          	0.01478     	0.003251    	0.003679    	7.693e-05   
4575        	10          	0.008433    	0.003106    	0.003336    	0.0002469   
4580        	10          	0.01034     	0.002851    	0.002769    	0.000258    
4585        	10          	0.007347    	0.002338    	0.002352    	0.0001404   
4590        	10          	0.01171     	0.00274     	0.002673    	0.0001766   
4595        	10          	0.01024     	0.002569    	0.002983    	0.0001284   
4600        	10          	0.01269     	0.001493    	0.002454    	0.0001686   
4605        	10          	0.01503     	0.001546    	0.001381    	7.773e-05   
4610        	10          	0.01603     	0.002099    	0.002212    	0.0002276   
4615        	10          	0.01149     	0.002622    	0.00321     	6.684e-05   
4620        	10          	0.01686     	0.002022    	0.002286    	0.0001067   
4625        	10          	0.01188     	0.002833    	0.002601    	0.0001108   
4630        	10          	0.01243     	0.001375    	0.0008321   	5.511e-05   
4635        	10          	0.01607     	0.001004    	0.0007163   	5.574e-05   
4640        	10          	0.01546     	0.002365    	0.00153     	3.574e-05   
4645        	10          	0.01404     	0.00178     	0.001683    	9.632e-05   
4650        	10          	0.01539     	0.003067    	0.002999    	0.0001825   
4655        	10          	0.01362     	0.001879    	0.002163    	0.0001977   
4660        	10          	0.01586     	0.001842    	0.001997    	0.0001779   
4665        	10          	0.009622    	0.00185     	0.001423    	8.066e-05   
4670        	10          	0.0129      	0.001754    	0.002181    	0.0001896   
4675        	10          	0.01311     	0.002755    	0.003427    	0.0001135   
4680        	10          	0.01732     	0.00198     	0.001868    	9.189e-05   
4685        	10          	0.01311     	0.001588    	0.002556    	0.0001826   
4690        	10          	0.02096     	0.00234     	0.002297    	0.0002304   
4695        	10          	0.0211      	0.001659    	0.002232    	0.000192    
4700        	10          	0.01435     	0.001553    	0.00196     	5.734e-05   
4705        	10          	0.01738     	0.00115     	0.002206    	0.0002483   
4710        	10          	0.01291     	0.001662    	0.002491    	0.0001557   
4715        	10          	0.01819     	0.001394    	0.003518    	0.0003464   
4720        	10          	0.01162     	0.001397    	0.002468    	0.0001847   
4725        	10          	0.01206     	0.001628    	0.003234    	8.134e-05   
4730        	10          	0.01401     	0.00163     	0.002967    	0.0001206   
4735        	10          	0.01304     	0.001212    	0.002388    	0.0001167   
4740        	10          	0.01451     	0.001931    	0.003255    	0.0001149   
4745        	10          	0.008944    	0.001974    	0.002793    	0.0002128   
4750        	10          	0.007581    	0.001999    	0.001629    	0.0001899   
4755        	10          	0.004458    	0.001633    	0.001887    	0.000314    
4760        	10          	0.004322    	0.002232    	0.001824    	8.525e-05   
4765        	10          	0.004156    	0.001489    	0.001518    	0.0001415   
4770        	10          	0.002747    	0.001952    	0.001469    	0.0001771   
4775        	10          	0.005636    	0.001588    	0.002195    	0.000325    
4780        	10          	0.008233    	0.001972    	0.001681    	0.0001366   
4785        	10          	0.01012     	0.001679    	0.001872    	0.000118    
4790        	10          	0.01286     	0.001579    	0.002186    	0.0002518   
4795        	10          	0.006569    	0.001784    	0.002639    	0.0004279   
4800        	10          	0.001692    	0.001335    	0.001451    	0.0002668   
4805        	10          	0.004222    	0.001395    	0.001923    	0.000336    
4810        	10          	0.005558    	0.001508    	0.0015      	0.0001178   
4815        	10          	0.004581    	0.001665    	0.001987    	0.0002136   
4820        	10          	0.004581    	0.001623    	0.001986    	0.0002733   
4825        	10          	0.004692    	0.002076    	0.002503    	0.0001262   
4830        	10          	0.003969    	0.001934    	0.003082    	0.0003415   
4835        	10          	0.004067    	0.002316    	0.00249     	0.0003149   
4840        	10          	0.01118     	0.002016    	0.001977    	0.0003114   
4845        	10          	0.01329     	0.002629    	0.002643    	0.0001556   
4850        	10          	0.01061     	0.002601    	0.002268    	0.0002785   
4855        	10          	0.01501     	0.002594    	0.002979    	0.0001074   
4860        	10          	0.01989     	0.002465    	0.002635    	0.0001282   
4865        	10          	0.008289    	0.001077    	0.001653    	0.0002637   
4870        	10          	0.0134      	0.001359    	0.00187     	0.0002332   
4875        	10          	0.007858    	0.001197    	0.002302    	0.0001484   
4880        	10          	0.007303    	0.001812    	0.002114    	0.0001691   
4885        	10          	0.011       	0.001313    	0.002159    	8.314e-05   
4890        	10          	0.01449     	0.001386    	0.002253    	0.0002315   
4895        	10          	0.01391     	0.001904    	0.003362    	0.0001198   
4900        	10          	0.01214     	0.002764    	0.003021    	0.000147    
4905        	10          	0.009056    	0.00312     	0.003188    	0.0001218   
4910        	10          	0.01123     	0.002966    	0.003627    	0.0001664   
4915        	10          	0.01917     	0.004025    	0.003233    	0.0001969   
4920        	10          	0.02422     	0.003978    	0.004191    	0.0001145   
4925        	10          	0.02111     	0.002824    	0.004131    	0.0001577   
4930        	10          	0.01722     	0.002439    	0.004453    	0.0001587   
4935        	10          	0.0178      	0.002723    	0.003371    	2.859e-05   
4940        	10          	0.01427     	0.002229    	0.002556    	0.0002332   
4945        	10          	0.02058     	0.003319    	0.003611    	7.491e-05   
4950        	10          	0.01675     	0.002677    	0.002739    	0.0001096   
4955        	10          	0.01745     	0.003009    	0.002436    	7.282e-05   
4960        	10          	0.02884     	0.0042      	0.003226    	0.0001274   
4965        	10          	0.02028     	0.00325     	0.00295     	0.000119    
4970        	10          	0.02193     	0.003618    	0.00223     	0.0002531   
4975        	10          	0.009392    	0.004154    	0.003015    	0.0001641   
4980        	10          	0.008469    	0.003505    	0.002501    	0.0001252   
4985        	10          	0.005803    	0.003871    	0.002347    	0.0001235   
4990        	10          	0.01978     	0.003069    	0.00266     	0.0001539   
4995        	10          	0.01679     	0.003555    	0.002548    	0.0001179   
5000        	10          	0.01334     	0.002411    	0.00219     	0.0001849   
