generation  	alive.rpl   	n.adlt.rs   	n.adlt.fst.wc_p1-2	n.adlt.fst.wc_p1-3	n.adlt.fst.wc_p2-3
5           	10          	0.02917     	1.212e-05   	9.892e-06   	8.302e-06   
10          	10          	0.0881      	1.934e-05   	1.872e-05   	2.258e-05   
15          	10          	0.1813      	1.356e-05   	2.504e-05   	3.16e-05    
20          	10          	0.08279     	4.832e-05   	2.55e-05    	1.106e-05   
25          	10          	0.03768     	1.279e-05   	4.087e-05   	2.83e-05    
30          	10          	0.1292      	4.062e-05   	8.964e-05   	1.888e-05   
35          	10          	0.08796     	2.51e-05    	0.0001159   	3.156e-05   
40          	10          	0.1616      	2.798e-05   	8.133e-05   	1.832e-05   
45          	10          	0.1287      	1.086e-05   	6.613e-05   	2.283e-05   
50          	10          	0.1541      	1.938e-05   	5.251e-05   	4.766e-05   
55          	10          	0.1639      	1.551e-05   	6.706e-05   	5.307e-05   
60          	10          	0.1083      	5.571e-05   	3.06e-05    	5.377e-05   
65          	10          	0.1453      	4.052e-05   	5.71e-05    	1.828e-05   
70          	10          	0.1044      	6.668e-05   	7.867e-05   	2.439e-05   
75          	10          	0.1141      	4.479e-05   	8.966e-05   	4.888e-05   
80          	10          	0.1064      	5.031e-05   	3.824e-05   	3.595e-05   
85          	10          	0.1149      	3.307e-05   	5.071e-05   	3.915e-05   
90          	10          	0.06595     	3.64e-05    	3.828e-05   	2.042e-05   
95          	10          	0.1674      	4.893e-05   	7.047e-05   	2.56e-05    
100         	10          	0.1293      	2.497e-05   	5.945e-05   	6.323e-05   
105         	10          	0.124       	9.368e-05   	7.335e-05   	3.574e-05   
110         	10          	0.1083      	1.904e-05   	6.215e-05   	3.738e-05   
115         	10          	0.06379     	3.855e-05   	4.179e-05   	4.033e-05   
120         	10          	0.09971     	5.435e-05   	8.39e-05    	8.503e-05   
125         	10          	0.09697     	3.13e-05    	0.0001221   	5.832e-05   
130         	10          	0.09856     	8.596e-05   	9.302e-05   	0.0001013   
135         	10          	0.06464     	2.934e-05   	5.318e-05   	5.007e-05   
140         	10          	0.07721     	3.342e-05   	0.0001197   	2.501e-05   
145         	10          	0.07925     	4.078e-05   	7.094e-05   	3.453e-05   
150         	10          	0.03618     	3.912e-05   	9.293e-05   	7.812e-05   
155         	10          	0.09156     	2.047e-05   	0.0001241   	5.007e-05   
160         	10          	0.05278     	3.054e-05   	0.0001214   	0.0001008   
165         	10          	0.06771     	8.945e-05   	0.0001986   	2.848e-05   
170         	10          	0.05599     	8.955e-05   	0.0001518   	4.858e-05   
175         	10          	0.05372     	2.438e-05   	0.0001408   	3.775e-05   
180         	10          	0.05411     	2.34e-05    	6.753e-05   	7.841e-05   
185         	10          	0.074       	8.737e-05   	0.000144    	6.582e-05   
190         	10          	0.09021     	2.725e-05   	0.0001343   	6.548e-05   
195         	10          	0.07707     	8.722e-05   	0.0003419   	5.07e-05    
200         	10          	0.07884     	3.087e-05   	0.0001953   	7.809e-05   
205         	10          	0.09383     	3.086e-05   	0.0001471   	6.615e-05   
210         	10          	0.1189      	6.746e-05   	0.0001829   	3.312e-05   
215         	10          	0.09512     	4.857e-05   	0.0002128   	5.13e-05    
220         	10          	0.08836     	3.958e-05   	7.71e-05    	5.181e-05   
225         	10          	0.0954      	0.0001001   	4.31e-05    	2.846e-05   
230         	10          	0.06749     	0.0001163   	5.697e-05   	2.821e-05   
235         	10          	0.1184      	5.314e-05   	9.118e-05   	4.705e-05   
240         	10          	0.1512      	0.0001099   	0.0001713   	7.225e-05   
245         	10          	0.08878     	1.929e-05   	0.0001037   	6.78e-05    
250         	10          	0.1127      	3e-05       	5.027e-05   	7.035e-05   
255         	10          	0.09961     	0.0001122   	6.972e-05   	9.003e-05   
260         	10          	0.1143      	5.621e-05   	0.0001465   	4.748e-05   
265         	10          	0.09836     	7.46e-05    	5.594e-05   	9.483e-05   
270         	10          	0.09272     	6.286e-05   	0.0001599   	5.774e-05   
275         	10          	0.0821      	2.933e-05   	0.0002785   	0.0001196   
280         	10          	0.1006      	4.698e-05   	9.372e-05   	4.072e-05   
285         	10          	0.0718      	0.000119    	0.000104    	5.351e-05   
290         	10          	0.08608     	4.424e-05   	7.562e-05   	6.195e-05   
295         	10          	0.1012      	1.857e-05   	5.341e-05   	4.845e-05   
300         	10          	0.09401     	0.0001001   	7.387e-05   	5.271e-05   
305         	10          	0.1089      	0.0002267   	0.0001868   	7.769e-05   
310         	10          	0.1169      	0.000166    	9.917e-05   	0.0001075   
315         	10          	0.1235      	6.302e-05   	8.936e-05   	3.372e-05   
320         	10          	0.1243      	9.3e-05     	0.0003659   	9.925e-05   
325         	10          	0.08869     	8.986e-05   	6.453e-05   	0.0001166   
330         	10          	0.1396      	9.031e-05   	0.0001737   	8.312e-05   
335         	10          	0.1513      	8.483e-05   	0.0001989   	7.489e-05   
340         	10          	0.1637      	3.459e-05   	7.64e-05    	6.135e-05   
345         	10          	0.1374      	0.000114    	0.0002787   	5.504e-05   
350         	10          	0.1311      	5.844e-05   	0.0001517   	0.000119    
355         	10          	0.1357      	0.0001411   	0.0002904   	5.682e-05   
360         	10          	0.1362      	9.138e-05   	0.0001567   	0.000189    
365         	10          	0.141       	0.000108    	0.0001204   	0.0001117   
370         	10          	0.0963      	0.0001501   	0.0003189   	7.073e-05   
375         	10          	0.1101      	0.0001188   	0.0002405   	3.199e-05   
380         	10          	0.09546     	3.514e-05   	0.0002848   	0.0001225   
385         	10          	0.07158     	9.728e-05   	0.0001028   	7.295e-05   
390         	10          	0.09721     	3.778e-05   	9.049e-05   	7.866e-05   
395         	10          	0.08327     	4.857e-05   	8.214e-05   	1.984e-05   
400         	10          	0.05216     	0.0001111   	0.0001708   	0.0001766   
405         	10          	0.06986     	7.203e-05   	5.499e-05   	0.0001279   
410         	10          	0.07212     	0.0001155   	7.024e-05   	5.326e-05   
415         	10          	0.08167     	3.856e-05   	0.0002073   	0.0001256   
420         	10          	0.07812     	7.502e-05   	0.0001678   	6.932e-05   
425         	10          	0.07429     	3.931e-05   	9.073e-05   	0.0001018   
430         	10          	0.07771     	7.157e-05   	3.943e-05   	6.229e-05   
435         	10          	0.0866      	0.0001055   	0.0002029   	3.879e-05   
440         	10          	0.06368     	3.195e-05   	0.0003313   	4.412e-05   
445         	10          	0.05354     	7.864e-05   	0.000145    	8.475e-05   
450         	10          	0.06017     	5.762e-05   	0.0001331   	0.0001311   
455         	10          	0.04335     	9.455e-05   	5.94e-05    	5.72e-05    
460         	10          	0.04906     	9.618e-05   	9.924e-05   	3.802e-05   
465         	10          	0.02857     	1.969e-05   	0.0001199   	5.479e-05   
470         	10          	0.05478     	3.379e-05   	0.0001897   	7.75e-05    
475         	10          	0.03101     	6.533e-05   	0.000209    	0.0001615   
480         	10          	0.0369      	0.0001772   	0.0001514   	6.28e-05    
485         	10          	0.02664     	6.978e-05   	0.0002624   	8.724e-05   
490         	10          	0.04767     	0.0001903   	0.000356    	9.794e-05   
495         	10          	0.06689     	7.748e-05   	0.0003      	0.0001101   
500         	10          	0.0768      	2.758e-05   	0.0003962   	8.657e-05   
505         	10          	0.05273     	9.828e-05   	7.841e-05   	0.0001585   
510         	10          	0.06228     	0.0001667   	0.0001692   	4.415e-05   
515         	10          	0.0461      	5.732e-05   	8.246e-05   	4.952e-05   
520         	10          	0.0539      	2.561e-05   	6.041e-05   	0.0001172   
525         	10          	0.06608     	0.0001026   	7.144e-05   	8.313e-05   
530         	10          	0.05711     	0.0001402   	0.0004902   	8.689e-05   
535         	10          	0.05517     	0.0001539   	0.0001561   	5.741e-05   
540         	10          	0.06239     	7.86e-05    	0.000115    	0.0001624   
545         	10          	0.08162     	8.492e-05   	0.0001347   	2.734e-05   
550         	10          	0.06967     	7.387e-05   	0.0001071   	0.0001691   
555         	10          	0.06696     	0.0001595   	0.0001776   	8.206e-05   
560         	10          	0.0844      	8.361e-05   	0.0001778   	7.987e-05   
565         	10          	0.05653     	8.718e-05   	0.0001139   	7.919e-05   
570         	10          	0.05335     	4.013e-05   	0.000353    	0.0001943   
575         	10          	0.05993     	0.0001002   	0.0001871   	0.0001359   
580         	10          	0.07101     	0.0001038   	0.0002825   	2.547e-05   
585         	10          	0.07657     	5.027e-05   	9.123e-05   	8.298e-05   
590         	10          	0.06279     	0.000127    	0.0003036   	0.0001127   
595         	10          	0.06947     	6.758e-05   	0.0002496   	0.000122    
600         	10          	0.06873     	7.082e-05   	0.0003627   	0.0001183   
605         	10          	0.05533     	0.000219    	0.0003188   	6.039e-05   
610         	10          	0.04596     	6.671e-05   	0.000228    	8.042e-05   
615         	10          	0.02946     	0.0001682   	0.0003066   	0.0001594   
620         	10          	0.03186     	4.712e-05   	0.0002907   	4.495e-05   
625         	10          	0.03564     	9.914e-05   	0.0001689   	7.481e-05   
630         	10          	0.03828     	5.531e-05   	0.0002593   	6.405e-05   
635         	10          	0.05145     	0.0001438   	0.0003308   	0.0001007   
640         	10          	0.03306     	0.0001156   	0.0001402   	0.0001218   
645         	10          	0.03066     	7.337e-05   	0.000185    	3.726e-05   
650         	10          	0.041       	9.399e-05   	0.000343    	0.0001498   
655         	10          	0.07501     	7.709e-05   	0.0002809   	4.943e-05   
660         	10          	0.06357     	0.0002036   	0.0001185   	2.633e-05   
665         	10          	0.08075     	0.0001383   	0.0001037   	0.0001163   
670         	10          	0.06551     	0.0001649   	0.0003517   	6.618e-05   
675         	10          	0.07535     	3.239e-05   	0.0002189   	0.000157    
680         	10          	0.06717     	0.0001093   	0.0001691   	6.648e-05   
685         	10          	0.05978     	0.0002059   	0.0005178   	3.852e-05   
690         	10          	0.07973     	0.0001282   	0.0001188   	3.071e-05   
695         	10          	0.05273     	0.0001138   	0.0002296   	0.0001281   
700         	10          	0.08589     	7.752e-05   	0.0002812   	0.0001319   
705         	10          	0.06121     	5.873e-05   	0.0001079   	0.0001192   
710         	10          	0.0661      	0.0001379   	0.000151    	0.0001245   
715         	10          	0.06914     	8.897e-05   	0.0002669   	5.963e-05   
720         	10          	0.06261     	0.0002902   	0.0001836   	2.619e-05   
725         	10          	0.06811     	0.0003196   	0.0001103   	7.777e-05   
730         	10          	0.07302     	9.141e-05   	0.0001806   	0.0001058   
735         	10          	0.0499      	0.0001667   	0.0003244   	4.805e-05   
740         	10          	0.0511      	0.0001313   	0.0002764   	8.796e-05   
745         	10          	0.05071     	0.000142    	0.0001821   	0.0002029   
750         	10          	0.03332     	0.0001255   	0.0003678   	5.802e-05   
755         	10          	0.04395     	0.0001854   	0.0003444   	2.673e-05   
760         	10          	0.05645     	0.0003401   	0.0002927   	2.806e-05   
765         	10          	0.05629     	9.367e-05   	0.0004147   	6.738e-05   
770         	10          	0.05657     	0.0001447   	0.0001027   	5.685e-05   
775         	10          	0.05434     	0.0001775   	0.0003838   	0.0001791   
780         	10          	0.05354     	0.0002082   	0.0005301   	2.704e-05   
785         	10          	0.08011     	0.0001703   	0.0009934   	0.0001532   
790         	10          	0.04946     	0.000315    	0.0006872   	6.251e-05   
795         	10          	0.07546     	8.066e-05   	0.0002759   	0.0001539   
800         	10          	0.09416     	7.086e-05   	0.0003307   	0.0002378   
805         	10          	0.09125     	8.916e-05   	0.0002533   	0.0001952   
810         	10          	0.09341     	0.0001269   	0.0002821   	0.000101    
815         	10          	0.1011      	0.0001488   	0.0002703   	0.0001475   
820         	10          	0.1141      	0.0001442   	0.0001868   	0.0001281   
825         	10          	0.08206     	0.0001479   	0.0004845   	0.0001839   
830         	10          	0.06922     	0.000155    	0.0003093   	8.405e-05   
835         	10          	0.08429     	0.0001498   	0.0005356   	0.0001777   
840         	10          	0.07271     	0.0001652   	0.0002764   	8.016e-05   
845         	10          	0.07449     	0.0001195   	0.0002108   	9.986e-05   
850         	10          	0.05469     	8.695e-05   	0.0002836   	0.0001793   
855         	10          	0.05569     	0.0001129   	0.0002814   	8.601e-05   
860         	10          	0.05924     	8.876e-05   	0.0002544   	0.0001      
865         	10          	0.05056     	0.0001219   	0.0003824   	0.0001385   
870         	10          	0.03979     	5.372e-05   	0.0002056   	3.809e-05   
875         	10          	0.04521     	0.0002519   	0.0004212   	9.091e-05   
880         	10          	0.04651     	1.858e-05   	0.0002068   	0.0001077   
885         	10          	0.05067     	9.439e-05   	0.0006041   	8.086e-05   
890         	10          	0.04585     	0.0001113   	0.000348    	0.0001338   
895         	10          	0.05028     	0.0001307   	0.0002013   	0.0001028   
900         	10          	0.04644     	0.0001958   	0.000502    	0.0001183   
905         	10          	0.04714     	0.0001706   	0.0003788   	0.0002368   
910         	10          	0.05679     	9.664e-05   	0.0003734   	0.0001519   
915         	10          	0.08327     	0.000273    	0.0005573   	0.0001157   
920         	10          	0.06454     	6.813e-05   	0.0004612   	0.0002783   
925         	10          	0.05996     	8.819e-05   	0.0001714   	0.0001301   
930         	10          	0.06964     	0.0002013   	0.0003511   	8.157e-05   
935         	10          	0.05101     	7.666e-05   	0.0002334   	7.49e-05    
940         	10          	0.0591      	6.239e-05   	0.0001635   	0.000236    
945         	10          	0.05853     	0.0001171   	0.0001021   	7.683e-05   
950         	10          	0.04545     	0.0001036   	0.0002045   	2.557e-05   
955         	10          	0.03595     	5.144e-05   	0.0001359   	5.474e-05   
960         	10          	0.04606     	3.086e-05   	0.0002981   	7.87e-05    
965         	10          	0.04488     	0.0001666   	0.000357    	7.566e-05   
970         	10          	0.07082     	0.0002309   	0.000717    	0.0001375   
975         	10          	0.04501     	0.0001001   	0.0004286   	0.0001009   
980         	10          	0.02814     	0.0001281   	0.0003857   	8.41e-05    
985         	10          	0.0526      	0.0002197   	0.0006162   	6.201e-05   
990         	10          	0.03921     	0.0001314   	0.0004798   	4.086e-05   
995         	10          	0.04588     	4.192e-05   	0.0003436   	0.0001841   
1000        	10          	0.06046     	0.0003707   	0.000493    	8.633e-05   
1005        	10          	0.04307     	0.0001977   	0.0002401   	5.046e-05   
1010        	10          	0.0695      	6.435e-05   	0.0001674   	6.976e-05   
1015        	10          	0.06239     	8.535e-05   	9.293e-05   	8.904e-05   
1020        	10          	0.06879     	0.0001076   	0.0001904   	8.694e-05   
1025        	10          	0.05294     	4.908e-05   	0.0001989   	8.639e-05   
1030        	10          	0.06527     	6.167e-05   	0.0001598   	0.0001269   
1035        	10          	0.04093     	0.0001411   	0.000227    	7.7e-05     
1040        	10          	0.041       	5.184e-05   	0.0004785   	0.0001501   
1045        	10          	0.03027     	0.0001596   	0.0004318   	0.0001065   
1050        	10          	0.04284     	0.0003773   	0.0001674   	9.46e-05    
1055        	10          	0.04625     	6.055e-05   	8.549e-05   	7.904e-05   
1060        	10          	0.04834     	0.0002364   	0.0003359   	0.000148    
1065        	10          	0.04767     	0.0001088   	0.0002351   	2.775e-05   
1070        	10          	0.04034     	0.0001924   	0.0001947   	9.299e-05   
1075        	10          	0.04052     	8.19e-05    	0.0002003   	0.0001467   
1080        	10          	0.04716     	0.0001016   	0.0004019   	2.543e-05   
1085        	10          	0.04699     	0.0001172   	0.0004805   	0.0003128   
1090        	10          	0.05945     	0.0004504   	0.0003405   	1.664e-05   
1095        	10          	0.04619     	9.503e-05   	0.0002234   	1.865e-05   
1100        	10          	0.06275     	0.0001671   	0.0004193   	0.0001139   
1105        	10          	0.03471     	8.868e-05   	0.0003298   	8.775e-05   
1110        	10          	0.0323      	7.548e-05   	0.0003288   	0.0001194   
1115        	10          	0.02485     	5.172e-05   	0.0002138   	0.0001756   
1120        	10          	0.02394     	6.396e-05   	0.000244    	0.0001787   
1125        	10          	0.03736     	9.503e-05   	0.0001862   	0.0001215   
1130        	10          	0.0486      	0.0003453   	0.0005493   	0.0002303   
1135        	10          	0.0401      	0.0001209   	0.0001115   	0.0001128   
1140        	10          	0.02396     	5.647e-05   	0.0001464   	7.915e-05   
1145        	10          	0.02519     	7.615e-05   	0.0003237   	6.481e-05   
1150        	10          	0.04251     	0.0001489   	0.0002701   	0.0001701   
1155        	10          	0.03691     	0.0001226   	0.0001644   	3.795e-05   
1160        	10          	0.03949     	4.789e-05   	0.0001246   	2.355e-05   
1165        	10          	0.03704     	0.0001193   	0.0001779   	0.0001061   
1170        	10          	0.02897     	4.062e-05   	0.0002244   	0.0001312   
1175        	10          	0.05184     	0.0001836   	0.0002168   	0.0001299   
1180        	10          	0.02879     	0.0001238   	0.0005406   	0.000142    
1185        	10          	0.0525      	0.0002071   	0.0003856   	0.0001389   
1190        	10          	0.05541     	5.29e-05    	0.0004011   	0.0002901   
1195        	10          	0.04507     	8.627e-05   	0.0004007   	0.0001065   
1200        	10          	0.03327     	5.962e-05   	0.0002326   	0.0003892   
1205        	10          	0.03282     	7.321e-05   	0.0002327   	0.000162    
1210        	10          	0.02904     	5.703e-05   	0.0002948   	0.000139    
1215        	10          	0.02582     	0.0001035   	0.0001553   	4.27e-05    
1220        	10          	0.02941     	0.0001111   	0.0004579   	8.952e-05   
1225        	10          	0.04139     	0.0003747   	0.0003683   	0.0001188   
1230        	10          	0.02857     	0.0001419   	0.0002586   	7.848e-05   
1235        	10          	0.02922     	0.0001721   	0.0002949   	0.0001125   
1240        	10          	0.02596     	0.0001246   	8.736e-05   	3.237e-05   
1245        	10          	0.03464     	0.0002072   	0.0001082   	7.592e-05   
1250        	10          	0.05888     	0.0001284   	0.0002501   	0.0001499   
1255        	10          	0.02928     	0.0001846   	0.0002349   	6.495e-05   
1260        	10          	0.0265      	0.0001978   	0.000124    	5.783e-05   
1265        	10          	0.01946     	0.0001351   	0.000238    	0.0001088   
1270        	10          	0.03173     	0.0002064   	0.0003738   	8.184e-05   
1275        	10          	0.03404     	0.0003441   	0.0004317   	5.152e-05   
1280        	10          	0.0343      	0.0001852   	0.0004381   	5.869e-05   
1285        	10          	0.03294     	0.000116    	0.000134    	0.0001864   
1290        	10          	0.02045     	0.000147    	0.0001521   	0.0001275   
1295        	10          	0.02075     	8.929e-05   	0.0002156   	0.0001032   
1300        	10          	0.009447    	0.0002208   	0.0002145   	0.0001004   
1305        	10          	0.01212     	6.845e-05   	0.0001142   	0.0001143   
1310        	10          	0.01613     	0.0001846   	0.0003351   	0.0001466   
1315        	10          	0.02461     	0.0001307   	0.0002657   	0.0001992   
1320        	10          	0.01784     	0.0003587   	0.0003235   	0.0001483   
1325        	10          	0.0278      	0.0002412   	0.0005621   	0.0001056   
1330        	10          	0.02512     	0.0001296   	0.0004901   	6.766e-05   
1335        	10          	0.01197     	0.0002079   	0.0004537   	9.677e-05   
1340        	10          	0.01034     	5.388e-05   	0.0008381   	0.00035     
1345        	10          	0.01284     	0.0001476   	0.0003364   	7.455e-05   
1350        	10          	0.0185      	6.415e-05   	0.0002081   	0.000127    
1355        	10          	0.01561     	9.789e-05   	0.0005731   	0.000392    
1360        	10          	0.02212     	5.648e-05   	0.0007299   	0.0004621   
1365        	10          	0.02362     	0.0001231   	0.0008191   	0.0001792   
1370        	10          	0.01767     	3.799e-05   	0.0003105   	0.0001973   
1375        	10          	0.02921     	0.0001353   	0.0003243   	6.458e-05   
1380        	10          	0.02617     	0.000133    	0.0003187   	0.0001244   
1385        	10          	0.02484     	0.0001533   	0.0004661   	0.000119    
1390        	10          	0.02643     	8.836e-05   	0.0005874   	0.0004931   
1395        	10          	0.02724     	0.0001773   	0.000331    	0.0002647   
1400        	10          	0.02136     	0.0001339   	0.0004478   	0.0004488   
1405        	10          	0.02722     	8.68e-05    	0.0003732   	7.494e-05   
1410        	10          	0.03403     	9.029e-05   	0.0002626   	7.433e-05   
1415        	10          	0.03784     	0.0001345   	0.0004134   	7.739e-05   
1420        	10          	0.04089     	0.0001972   	0.0003516   	0.0002667   
1425        	10          	0.03089     	4.042e-05   	0.0004145   	0.0001959   
1430        	10          	0.02078     	0.0002212   	0.0002521   	9.794e-05   
1435        	10          	0.04214     	0.0001783   	0.0002807   	0.0001047   
1440        	10          	0.03446     	8.127e-05   	0.000388    	0.0001435   
1445        	10          	0.03641     	0.0001107   	0.0002633   	0.0001994   
1450        	10          	0.04125     	0.0002176   	0.0003797   	6.04e-05    
1455        	10          	0.03591     	0.0001344   	0.0003409   	0.0001264   
1460        	10          	0.04811     	0.0002804   	0.0002478   	0.0001582   
1465        	10          	0.03228     	0.0003282   	0.0003335   	0.0001789   
1470        	10          	0.02979     	0.0003092   	0.0001464   	8.248e-05   
1475        	10          	0.03985     	9.985e-05   	0.000796    	0.0002439   
1480        	10          	0.04134     	0.0001499   	0.0005016   	0.0001143   
1485        	10          	0.05273     	0.0001421   	0.0002129   	0.0002722   
1490        	10          	0.04028     	0.0002974   	0.0003272   	0.000182    
1495        	10          	0.04307     	5.116e-05   	0.0001252   	4.492e-05   
1500        	10          	0.05446     	0.0001651   	0.0003383   	0.0002273   
1505        	10          	0.04189     	5.681e-05   	0.0001189   	8.899e-05   
1510        	10          	0.05318     	0.0001043   	0.0004357   	9.791e-05   
1515        	10          	0.04213     	0.000171    	0.0003112   	0.0001685   
1520        	10          	0.03064     	9.349e-05   	0.0004363   	0.0003442   
1525        	10          	0.03653     	2.071e-05   	0.0002547   	0.0001329   
1530        	10          	0.03763     	0.0002423   	0.0003688   	0.0004241   
1535        	10          	0.03804     	0.0001159   	0.0001524   	0.0001287   
1540        	10          	0.04734     	9.302e-05   	0.0002944   	9.302e-05   
1545        	10          	0.04654     	0.0001479   	0.0003976   	0.0001242   
1550        	10          	0.03433     	0.0001386   	0.0002064   	0.0001472   
1555        	10          	0.03327     	0.000105    	0.0002617   	0.0002335   
1560        	10          	0.02232     	0.0002319   	0.0001958   	0.0001414   
1565        	10          	0.03822     	0.0001305   	0.0002004   	4.639e-05   
1570        	10          	0.0334      	0.0002794   	0.0006363   	6.481e-05   
1575        	10          	0.03        	5.844e-05   	0.0001446   	0.0001235   
1580        	10          	0.02196     	0.0001809   	0.0003779   	0.0002574   
1585        	10          	0.02701     	0.0001795   	0.0001373   	7.518e-05   
1590        	10          	0.03596     	0.0001415   	6.591e-05   	0.000144    
1595        	10          	0.02268     	6.984e-05   	8.91e-05    	0.0001928   
1600        	10          	0.01682     	0.0001291   	0.0003475   	0.0001977   
1605        	10          	0.02897     	7.896e-05   	7.399e-05   	0.0001244   
1610        	10          	0.03173     	0.0001374   	0.0002375   	0.0001588   
1615        	10          	0.02207     	0.0001947   	0.0003038   	0.0001323   
1620        	10          	0.02724     	0.0001682   	0.0003844   	0.0001272   
1625        	10          	0.02818     	0.000104    	0.0004075   	0.000147    
1630        	10          	0.03338     	6.765e-05   	0.0002658   	0.000161    
1635        	10          	0.02479     	0.0001212   	0.0001979   	0.0001552   
1640        	10          	0.03739     	6.672e-05   	0.0001503   	7.721e-05   
1645        	10          	0.02656     	0.0001704   	0.0005013   	0.0001753   
1650        	10          	0.03386     	0.0001669   	0.0003241   	0.0001162   
1655        	10          	0.03677     	7.026e-05   	0.0004784   	0.0003233   
1660        	10          	0.05036     	0.0001712   	0.000786    	9.59e-05    
1665        	10          	0.0455      	4.642e-05   	0.0002597   	0.0001322   
1670        	10          	0.0543      	4.534e-05   	0.0001018   	6.35e-05    
1675        	10          	0.04308     	0.0001054   	0.0002707   	7.083e-05   
1680        	10          	0.04053     	0.0003031   	0.0003927   	3.916e-05   
1685        	10          	0.0354      	0.0001425   	0.0003677   	0.000113    
1690        	10          	0.03211     	8.411e-05   	0.0002446   	0.0001774   
1695        	10          	0.02791     	7.72e-05    	0.0005336   	0.0002168   
1700        	10          	0.0235      	0.000125    	0.0003395   	0.0001398   
1705        	10          	0.01671     	0.0001154   	0.0002186   	0.0002158   
1710        	10          	0.02051     	5.031e-05   	0.0004798   	5.616e-05   
1715        	10          	0.01028     	7.64e-05    	0.0003781   	0.0002103   
1720        	10          	0.01433     	0.0002568   	0.0003732   	0.0001874   
1725        	10          	0.01916     	0.0003712   	0.0006282   	0.000121    
1730        	10          	0.01601     	0.0001292   	0.0003959   	0.000128    
1735        	10          	0.02251     	7.509e-05   	0.0006264   	6.923e-05   
1740        	10          	0.01679     	0.0002524   	0.000368    	0.0001027   
1745        	10          	0.01484     	2.72e-05    	0.0001041   	1.685e-05   
1750        	10          	0.01036     	0.0002736   	0.0005224   	0.0002285   
1755        	10          	0.01173     	0.0001843   	0.000148    	7.968e-05   
1760        	10          	0.008181    	0.0001138   	0.0003627   	9.815e-05   
1765        	10          	0.01457     	5.118e-05   	0.0001386   	9.145e-05   
1770        	10          	0.01028     	0.0001518   	0.0003014   	0.0001357   
1775        	10          	0.01025     	0.0001396   	5.936e-05   	9.479e-05   
1780        	10          	0.01673     	0.0001447   	0.0002725   	0.0001152   
1785        	10          	0.007711    	9.592e-05   	0.0001554   	0.0001884   
1790        	10          	0.01271     	5.434e-05   	0.000126    	8.904e-05   
1795        	10          	0.01294     	0.0003855   	0.0005401   	9.586e-05   
1800        	10          	0.0165      	0.0001448   	0.0004272   	0.0002568   
1805        	10          	0.03044     	0.0001994   	0.0001532   	0.0002311   
1810        	10          	0.02097     	0.0001456   	0.0005009   	0.0001352   
1815        	10          	0.01032     	0.0001944   	0.0002692   	0.0001234   
1820        	10          	0.01007     	0.0001551   	0.0002737   	8.037e-05   
1825        	10          	0.0156      	0.0001385   	0.0009342   	0.0001255   
1830        	10          	0.01334     	3.847e-05   	0.0004369   	8.09e-05    
1835        	10          	0.02146     	2.762e-05   	0.0003144   	0.0001225   
1840        	10          	0.01811     	8.927e-05   	0.0002914   	0.0002235   
1845        	10          	0.02106     	0.0001448   	0.0003874   	9.568e-05   
1850        	10          	0.01928     	0.0002879   	0.0003144   	0.0001584   
1855        	10          	0.01117     	9.969e-05   	0.0001146   	0.0001599   
1860        	10          	0.01732     	7.727e-05   	0.000402    	0.0001419   
1865        	10          	0.01269     	5.717e-05   	0.0003485   	0.0002352   
1870        	10          	0.01029     	0.0001654   	0.000258    	0.0002342   
1875        	10          	0.01633     	9.781e-05   	0.0001318   	3.06e-05    
1880        	10          	0.01014     	0.0001533   	0.0002534   	9.258e-05   
1885        	10          	0.01207     	0.0001397   	0.0002056   	0.0003279   
1890        	10          	0.01883     	7.827e-05   	0.0001497   	0.0001005   
1895        	10          	0.01744     	0.0001578   	0.0001579   	7.607e-05   
1900        	10          	0.01625     	0.000111    	0.0002612   	0.0001319   
1905        	10          	0.02507     	0.0002382   	0.0001454   	0.000182    
1910        	10          	0.02079     	0.000177    	0.0002097   	6.838e-05   
1915        	10          	0.01622     	4.893e-05   	0.0003094   	9.546e-05   
1920        	10          	0.02377     	8.511e-05   	0.0004303   	0.0002433   
1925        	10          	0.02294     	8.146e-05   	0.0002313   	0.000103    
1930        	10          	0.01767     	9.181e-05   	0.0001268   	0.0001216   
1935        	10          	0.02597     	0.0001307   	0.0002881   	0.0001198   
1940        	10          	0.02784     	0.0001128   	0.0001585   	0.0001412   
1945        	10          	0.02558     	5.711e-05   	0.0002767   	0.0002226   
1950        	10          	0.02154     	0.000194    	0.0003145   	0.0003222   
1955        	10          	0.01434     	0.0001858   	0.0003436   	9.388e-05   
1960        	10          	0.02451     	4.164e-05   	0.000431    	0.000175    
1965        	10          	0.02567     	0.000165    	0.0002691   	0.0001222   
1970        	10          	0.0198      	0.0002014   	0.0001688   	0.000146    
1975        	10          	0.02894     	0.0001361   	9.931e-05   	8.964e-05   
1980        	10          	0.02934     	0.0001001   	0.0002485   	0.0002244   
1985        	10          	0.02119     	0.0002055   	0.0004072   	0.0001978   
1990        	10          	0.02234     	0.0002667   	0.000252    	0.0002582   
1995        	10          	0.0226      	0.0002314   	0.0004532   	0.0001447   
2000        	10          	0.02014     	6.537e-05   	0.0003896   	7.052e-05   
2005        	10          	0.008656    	9.426e-05   	0.0002613   	0.0001373   
2010        	10          	0.011       	0.000145    	0.0001662   	0.0001163   
2015        	10          	0.01162     	6.009e-05   	0.0001695   	0.0001067   
2020        	10          	0.008233    	0.0001473   	0.0001488   	0.0001174   
2025        	10          	0.01067     	0.00011     	0.0001972   	0.000142    
2030        	10          	0.01532     	0.0002235   	0.0002432   	0.0001426   
2035        	10          	0.01423     	7.185e-05   	0.000416    	0.000112    
2040        	10          	0.01469     	7.569e-05   	0.0003385   	0.0001457   
2045        	10          	0.01752     	0.000201    	0.0003385   	0.0001821   
2050        	10          	0.01339     	3.787e-05   	0.0002087   	7.073e-05   
2055        	10          	0.01512     	0.0001124   	0.0001029   	0.0002154   
2060        	10          	0.0141      	8.485e-05   	0.0002188   	0.0001362   
2065        	10          	0.01091     	0.0001961   	0.0001846   	0.0001411   
2070        	10          	0.01428     	0.0001348   	0.0001285   	8.713e-05   
2075        	10          	0.01658     	8.417e-05   	6.641e-05   	0.0001425   
2080        	10          	0.01236     	7.089e-05   	0.0001535   	0.0001165   
2085        	10          	0.02795     	0.0001011   	0.0005686   	0.0001386   
2090        	10          	0.02457     	9.187e-05   	0.0004309   	0.0001178   
2095        	10          	0.01496     	0.0001607   	0.000417    	0.0001082   
2100        	10          	0.01557     	0.0002654   	0.0004214   	0.0001862   
2105        	10          	0.02784     	0.0001495   	0.0002512   	0.0001881   
2110        	10          	0.02206     	0.0001025   	0.000351    	0.0001404   
2115        	10          	0.01901     	0.0001792   	0.0008613   	0.0001492   
2120        	10          	0.0224      	0.0003171   	0.0009881   	0.0002845   
2125        	10          	0.01684     	9.975e-05   	0.0005122   	0.000312    
2130        	10          	0.02164     	8.784e-05   	0.0005657   	0.0002172   
2135        	10          	0.02432     	0.000109    	0.0004444   	0.0002234   
2140        	10          	0.02747     	6.653e-05   	9.885e-05   	0.0002108   
2145        	10          	0.02912     	0.0002053   	0.0005125   	0.0004361   
2150        	10          	0.02382     	0.0001419   	0.0003482   	0.0001754   
2155        	10          	0.02723     	6.242e-05   	0.000548    	0.0002652   
2160        	10          	0.02157     	0.0001721   	0.00019     	0.0001197   
2165        	10          	0.02129     	0.0001356   	0.0002582   	3.928e-05   
2170        	10          	0.01734     	0.0001484   	0.0002501   	0.0001214   
2175        	10          	0.02121     	6.767e-05   	0.0002143   	2.966e-05   
2180        	10          	0.03022     	4.636e-05   	0.0005388   	0.0001016   
2185        	10          	0.02001     	0.0001042   	0.0003162   	0.0003159   
2190        	10          	0.0229      	0.0002681   	0.0003137   	2.649e-05   
2195        	10          	0.03128     	0.0001243   	0.0006655   	0.0006897   
2200        	10          	0.02985     	4.605e-05   	0.0001761   	0.0001342   
2205        	10          	0.01454     	6.593e-05   	0.0001744   	5.982e-05   
2210        	10          	0.01589     	0.0001448   	0.0004351   	0.0002143   
2215        	10          	0.02182     	0.0001459   	0.0002296   	9.789e-05   
2220        	10          	0.02497     	8.725e-05   	0.0002189   	6.602e-05   
2225        	10          	0.0288      	1.03e-05    	0.000352    	0.0001239   
2230        	10          	0.01584     	9.472e-05   	0.0005409   	0.000187    
2235        	10          	0.0206      	6.029e-05   	0.0008511   	0.0001328   
2240        	10          	0.02078     	0.0001379   	0.0003172   	0.0001084   
2245        	10          	0.01891     	0.0001604   	0.0001633   	0.0001032   
2250        	10          	0.02633     	0.0002068   	0.0006176   	0.0001981   
2255        	10          	0.04167     	0.0001292   	0.0006438   	0.0002935   
2260        	10          	0.03573     	0.0001797   	0.0004364   	0.0002842   
2265        	10          	0.04662     	0.0001193   	0.0001818   	5.968e-05   
2270        	10          	0.03764     	4.093e-05   	9.892e-05   	0.0001275   
2275        	10          	0.03812     	0.0001177   	0.0003741   	9.71e-05    
2280        	10          	0.03651     	0.000146    	0.0003515   	0.0002262   
2285        	10          	0.04857     	0.0001162   	0.000629    	4.842e-05   
2290        	10          	0.04417     	0.0001794   	0.0007836   	6.012e-05   
2295        	10          	0.04886     	4.758e-05   	0.0002622   	0.0001634   
2300        	10          	0.04462     	0.0001052   	0.000242    	0.0002328   
2305        	10          	0.03029     	4.664e-05   	0.0002046   	0.0002322   
2310        	10          	0.03717     	0.0001968   	0.0004749   	0.0001378   
2315        	10          	0.02634     	0.0001499   	0.0002903   	0.0001289   
2320        	10          	0.03244     	0.0001549   	0.0003845   	8.922e-05   
2325        	10          	0.03707     	8.994e-05   	0.0001236   	0.0001625   
2330        	10          	0.03923     	7.211e-05   	0.0003121   	0.0001092   
2335        	10          	0.04073     	0.0001902   	0.0002645   	0.0001758   
2340        	10          	0.03584     	0.000104    	0.000145    	0.0001233   
2345        	10          	0.04196     	0.0001392   	0.0002347   	9.871e-05   
2350        	10          	0.03716     	0.0001043   	0.0004744   	9.999e-05   
2355        	10          	0.03078     	0.0001072   	0.0002385   	7.66e-05    
2360        	10          	0.03847     	0.0001625   	0.0002106   	0.0001365   
2365        	10          	0.03168     	9.291e-05   	0.0002441   	5.743e-05   
2370        	10          	0.01289     	9.99e-05    	0.0004504   	0.0001875   
2375        	10          	0.02029     	0.0003515   	0.0002595   	0.0001881   
2380        	10          	0.02079     	6.386e-05   	0.0002382   	0.0001379   
2385        	10          	0.03234     	8.942e-05   	0.000326    	0.0001722   
2390        	10          	0.02067     	0.0002565   	0.0001539   	0.0001073   
2395        	10          	0.03301     	0.0002135   	0.0002509   	5.176e-05   
2400        	10          	0.02675     	0.0001452   	0.0002894   	0.0001247   
2405        	10          	0.03371     	0.0001238   	0.0001913   	0.0001169   
2410        	10          	0.03066     	7.009e-05   	6.167e-05   	7.393e-05   
2415        	10          	0.03332     	5.226e-05   	0.0002111   	0.0001189   
2420        	10          	0.02583     	5.85e-05    	0.0001472   	6.706e-05   
2425        	10          	0.02707     	0.0001463   	0.0002757   	6.378e-05   
2430        	10          	0.02108     	4.951e-05   	0.0003467   	0.000238    
2435        	10          	0.02969     	6.015e-05   	0.0001779   	0.0001384   
2440        	10          	0.02683     	0.0001554   	0.0006647   	7.505e-05   
2445        	10          	0.02703     	0.0002194   	0.001043    	0.0003266   
2450        	10          	0.02397     	7.638e-05   	0.0007869   	0.0002495   
2455        	10          	0.03571     	0.0001107   	0.0005714   	0.0001208   
2460        	10          	0.03796     	0.0003332   	0.0003199   	7.046e-05   
2465        	10          	0.03679     	0.0007253   	0.000284    	0.00027     
2470        	10          	0.03449     	0.0001741   	0.0003821   	0.0001016   
2475        	10          	0.03711     	6.809e-05   	0.0001942   	0.0001444   
2480        	10          	0.03057     	0.0004947   	0.0004063   	0.0002985   
2485        	10          	0.04645     	0.0001634   	0.0002439   	0.0001173   
2490        	10          	0.03599     	0.0001395   	0.000306    	0.0001484   
2495        	10          	0.04523     	0.0001509   	0.0005072   	0.0002807   
2500        	10          	0.04195     	0.0003553   	0.001736    	0.0003736   
2505        	10          	0.05014     	9.822e-05   	0.0001773   	0.0001767   
2510        	10          	0.04985     	9.594e-05   	0.0002836   	6.54e-05    
2515        	10          	0.04766     	0.000141    	0.0005464   	0.0001804   
2520        	10          	0.03934     	0.0003085   	0.0006439   	0.0001268   
2525        	10          	0.03051     	9.217e-05   	0.0001414   	7.912e-05   
2530        	10          	0.02751     	4.412e-05   	0.0001085   	7.028e-05   
2535        	10          	0.01839     	0.0001115   	0.000252    	0.0001067   
2540        	10          	0.01856     	0.0001085   	0.0006132   	0.0001185   
2545        	10          	0.01986     	9.302e-05   	0.0002454   	9.959e-05   
2550        	10          	0.02396     	9.822e-05   	0.0002165   	0.0001087   
2555        	10          	0.02377     	8.369e-05   	0.000485    	0.0002429   
2560        	10          	0.01534     	0.0001708   	0.0002977   	6.616e-05   
2565        	10          	0.01632     	0.000158    	0.0004366   	4.847e-05   
2570        	10          	0.02018     	0.0001713   	0.0003816   	8.158e-05   
2575        	10          	0.02369     	5.228e-05   	0.0004755   	0.0002667   
2580        	10          	0.02573     	8.489e-05   	0.0004101   	8.945e-05   
2585        	10          	0.03457     	0.0001953   	0.000213    	0.0001107   
2590        	10          	0.04066     	0.0001138   	0.0002364   	0.0001986   
2595        	10          	0.03979     	0.0001109   	0.0004453   	0.0001698   
2600        	10          	0.04504     	0.000125    	0.0002488   	0.0001875   
2605        	10          	0.04179     	8.836e-05   	0.0004325   	0.0001767   
2610        	10          	0.0344      	0.0002377   	0.0003496   	7.212e-05   
2615        	10          	0.05612     	0.000177    	0.0004172   	7.799e-05   
2620        	10          	0.0335      	0.0002833   	0.0004422   	0.0001266   
2625        	10          	0.0261      	6.722e-05   	0.0001764   	0.0001147   
2630        	10          	0.02941     	0.0002421   	0.0004935   	0.0001614   
2635        	10          	0.03268     	0.0002371   	0.0002741   	5.671e-05   
2640        	10          	0.02596     	0.0002014   	0.0001059   	0.0001547   
2645        	10          	0.02045     	0.0001828   	0.0002677   	0.0001582   
2650        	10          	0.0391      	0.0002513   	0.0003579   	0.0001711   
2655        	10          	0.02823     	0.0001964   	0.0002434   	6.683e-05   
2660        	10          	0.03377     	0.0003228   	0.0003195   	0.0002195   
2665        	10          	0.04122     	9.37e-05    	0.0002346   	0.0002063   
2670        	10          	0.02684     	0.0002628   	0.0002489   	3.143e-05   
2675        	10          	0.0355      	0.0001135   	0.0005844   	0.0001753   
2680        	10          	0.02719     	5.41e-05    	0.0002203   	0.0001327   
2685        	10          	0.05324     	4.215e-05   	0.0002994   	0.0002057   
2690        	10          	0.03958     	0.0001008   	0.0001419   	0.0001378   
2695        	10          	0.03111     	9.006e-05   	0.0003962   	0.0001685   
2700        	10          	0.04101     	0.0001322   	0.0002093   	6.892e-05   
2705        	10          	0.03478     	0.0001993   	0.0003805   	3.081e-05   
2710        	10          	0.03436     	0.0002695   	0.0002642   	0.0001796   
2715        	10          	0.02723     	0.0001621   	0.0007056   	0.0002171   
2720        	10          	0.03472     	0.0001244   	0.0001351   	0.0001807   
2725        	10          	0.02263     	2.205e-05   	0.0003427   	0.0001347   
2730        	10          	0.02977     	0.0002228   	0.0008097   	0.0002823   
2735        	10          	0.0325      	0.0001649   	0.0004879   	6.17e-05    
2740        	10          	0.03896     	0.0001253   	0.0005209   	0.0001617   
2745        	10          	0.02689     	0.0001406   	0.0001454   	0.0001519   
2750        	10          	0.02403     	5.949e-05   	0.0001682   	0.0001054   
2755        	10          	0.02757     	0.000114    	0.0002132   	0.0001586   
2760        	10          	0.01908     	0.0001413   	0.0003747   	9.876e-05   
2765        	10          	0.02443     	6.997e-05   	5.267e-05   	0.000152    
2770        	10          	0.02369     	7.177e-05   	0.0002099   	9.877e-05   
2775        	10          	0.02768     	0.0001406   	0.0001488   	6.009e-05   
2780        	10          	0.01447     	0.0001569   	0.0002344   	0.0001072   
2785        	10          	0.02096     	0.0002301   	0.0004944   	0.0002139   
2790        	10          	0.01101     	5.695e-05   	0.0002625   	0.0001325   
2795        	10          	0.009892    	6.039e-05   	0.0003503   	9.802e-05   
2800        	10          	0.0099      	0.0001785   	0.0004997   	0.0001772   
2805        	10          	0.01521     	0.0001089   	0.000293    	0.0001003   
2810        	10          	0.01527     	0.0002815   	0.0004052   	0.000329    
2815        	10          	0.02984     	0.0001133   	0.0002558   	1.313e-05   
2820        	10          	0.02379     	0.0001854   	0.0003867   	7.512e-05   
2825        	10          	0.02758     	0.0001584   	0.0004425   	0.00012     
2830        	10          	0.02312     	6.924e-05   	0.0002533   	9.394e-05   
2835        	10          	0.01579     	8.7e-05     	0.0002342   	0.0003014   
2840        	10          	0.02208     	0.0002062   	0.0001348   	0.0001143   
2845        	10          	0.01507     	0.0001569   	0.0003423   	0.0002371   
2850        	10          	0.02772     	0.0001361   	0.0003369   	0.0001434   
2855        	10          	0.02528     	0.0001727   	0.0001395   	6.985e-05   
2860        	10          	0.02623     	0.0001557   	0.000371    	0.000147    
2865        	10          	0.0261      	6.537e-05   	0.0008557   	0.0003561   
2870        	10          	0.02618     	0.000109    	0.0003006   	0.0003336   
2875        	10          	0.02062     	0.0002596   	0.0004089   	9.16e-05    
2880        	10          	0.01757     	8.412e-05   	0.0002453   	6.496e-05   
2885        	10          	0.0105      	0.00012     	0.0003739   	0.0001499   
2890        	10          	0.02441     	0.0001308   	0.000499    	0.0001559   
2895        	10          	0.02777     	0.0001127   	0.0004334   	0.000115    
2900        	10          	0.02345     	0.0001644   	0.0004476   	0.0001294   
2905        	10          	0.02757     	0.0002063   	0.0003021   	0.0001878   
2910        	10          	0.01534     	9.289e-05   	0.0001283   	0.0001626   
2915        	10          	0.0138      	0.0001267   	0.0001626   	0.0001133   
2920        	10          	0.02443     	0.0002094   	9.621e-05   	0.0001367   
2925        	10          	0.02232     	4.072e-05   	0.0002337   	0.0001614   
2930        	10          	0.01027     	0.0001575   	0.0002669   	4.247e-05   
2935        	10          	0.01683     	6.243e-05   	0.0002137   	0.0001841   
2940        	10          	0.0121      	0.0001313   	0.0002705   	7.934e-05   
2945        	10          	0.01082     	0.0001329   	0.0003219   	0.0001019   
2950        	10          	0.008392    	0.0002167   	0.0006399   	0.0001494   
2955        	10          	0.005       	0.0001121   	0.0003482   	0.0002405   
2960        	10          	0.004622    	3.492e-05   	0.0002913   	0.0001338   
2965        	10          	0.005667    	0.0002279   	0.0006846   	0.00032     
2970        	10          	0.01047     	7.019e-05   	8.752e-05   	7.687e-05   
2975        	10          	0.006614    	0.0002605   	0.000184    	0.0001341   
2980        	10          	0.003081    	0.0001549   	0.0003434   	0.0001584   
2985        	10          	0.008803    	0.0001158   	0.0005607   	0.0001849   
2990        	10          	0.007733    	0.0001213   	0.0003918   	7.874e-05   
2995        	10          	0.004469    	0.000571    	0.0002197   	0.0002688   
3000        	10          	0.01167     	0.0001688   	0.0004958   	0.0001249   
3005        	10          	0.008281    	0.0003388   	0.0006142   	0.0001407   
3010        	10          	0.01161     	3.876e-05   	0.0003115   	0.0001273   
3015        	10          	0.009914    	0.0001196   	0.0003308   	0.000263    
3020        	10          	0.02075     	0.000323    	0.0004997   	0.0007526   
3025        	10          	0.01971     	9.406e-05   	0.0003022   	0.0001796   
3030        	10          	0.02288     	0.0001503   	6.897e-05   	2.909e-05   
3035        	10          	0.02777     	6.4e-05     	0.0001723   	0.0001373   
3040        	10          	0.02239     	0.0001034   	0.0002286   	0.0001881   
3045        	10          	0.02224     	0.0003299   	0.0007425   	0.0003795   
3050        	10          	0.01917     	0.0002499   	0.0003337   	0.0002599   
3055        	10          	0.0146      	8.854e-05   	0.0001284   	3.311e-05   
3060        	10          	0.008833    	0.0002935   	0.0002896   	0.0001066   
3065        	10          	0.01306     	0.0001536   	0.0001175   	0.0001105   
3070        	10          	0.009489    	0.0001189   	0.0005629   	5.492e-05   
3075        	10          	0.01336     	6.553e-05   	0.0002544   	0.0001508   
3080        	10          	0.01438     	0.0003406   	0.0005643   	0.000187    
3085        	10          	0.02262     	0.0001628   	0.0006067   	0.0001852   
3090        	10          	0.01129     	0.0002254   	0.0003787   	0.0001296   
3095        	10          	0.02228     	0.0001735   	0.0007935   	0.0001803   
3100        	10          	0.01303     	0.0001448   	0.0003317   	0.000135    
3105        	10          	0.01772     	6.978e-05   	0.0004845   	0.0001563   
3110        	10          	0.01079     	0.0001607   	0.001189    	0.0003205   
3115        	10          	0.01416     	2.769e-05   	0.0004756   	6.387e-05   
3120        	10          	0.009556    	7.634e-05   	0.0009269   	0.000122    
3125        	10          	0.01161     	0.0002691   	0.0004834   	0.0001055   
3130        	10          	0.007903    	0.0001312   	0.0002717   	8.183e-05   
3135        	10          	0.01217     	0.0001351   	0.0004027   	0.0001602   
3140        	10          	0.008222    	0.0001228   	0.0007178   	0.0001117   
3145        	10          	0.01083     	0.0002442   	0.0006123   	0.0001455   
3150        	10          	0.008414    	0.0003031   	0.0005995   	0.0002099   
3155        	10          	0.01104     	8.005e-05   	0.0001576   	0.0001602   
3160        	10          	0.004969    	4.806e-05   	0.0002836   	0.0001121   
3165        	10          	0.007722    	7.655e-05   	0.0005186   	9.101e-05   
3170        	10          	0.01036     	7.649e-05   	0.0001565   	0.0001551   
3175        	10          	0.01546     	0.0001846   	0.000348    	0.0001776   
3180        	10          	0.0135      	9.983e-05   	0.0005733   	8.502e-05   
3185        	10          	0.01162     	8.997e-05   	0.0004082   	0.0001817   
3190        	10          	0.01789     	4.416e-05   	0.0004061   	0.0002613   
3195        	10          	0.02068     	0.0003504   	0.0004469   	0.000122    
3200        	10          	0.02349     	0.0001214   	0.0002349   	0.0001271   
3205        	10          	0.02601     	7.342e-05   	0.0003048   	0.0001709   
3210        	10          	0.01499     	9.925e-05   	0.0002632   	0.0002049   
3215        	10          	0.01669     	0.0001629   	0.0005782   	4.546e-05   
3220        	10          	0.01417     	0.0001232   	0.000455    	8.168e-05   
3225        	10          	0.01317     	5.277e-05   	0.0002833   	0.0001766   
3230        	10          	0.02296     	1.323e-05   	0.0002724   	6.673e-05   
3235        	10          	0.01558     	0.0001651   	0.0005007   	0.0001829   
3240        	10          	0.02932     	0.0001077   	0.000564    	5.716e-05   
3245        	10          	0.0249      	0.0001592   	0.0005265   	0.0001529   
3250        	10          	0.0154      	0.0001429   	0.0007047   	0.0002631   
3255        	10          	0.02264     	0.0001323   	0.0003012   	5.094e-05   
3260        	10          	0.01734     	0.0001781   	0.0002257   	0.0001354   
3265        	10          	0.0179      	0.0001543   	0.00042     	0.0002623   
3270        	10          	0.02762     	0.0001688   	0.0002548   	7.742e-05   
3275        	10          	0.02395     	0.000165    	0.000545    	9.594e-05   
3280        	10          	0.02785     	0.000155    	0.0001109   	0.0001126   
3285        	10          	0.02818     	7.091e-05   	0.0001157   	0.0001022   
3290        	10          	0.0248      	5.932e-05   	0.0003324   	2.185e-05   
3295        	10          	0.03456     	0.000265    	0.0003563   	8.923e-05   
3300        	10          	0.02525     	0.0001063   	0.0005318   	0.0001198   
3305        	10          	0.0294      	0.0002062   	0.0002266   	0.0001071   
3310        	10          	0.03411     	0.0002429   	0.0001516   	0.0001928   
3315        	10          	0.02979     	0.0001034   	0.0004784   	0.0001202   
3320        	10          	0.02572     	8.755e-05   	0.0003669   	0.0002153   
3325        	10          	0.02568     	0.0002575   	0.0002371   	0.0001311   
3330        	10          	0.02275     	0.0001255   	0.0003553   	0.0001002   
3335        	10          	0.02896     	0.0002139   	0.0002438   	9.513e-05   
3340        	10          	0.03006     	0.0001211   	0.0001114   	0.0001362   
3345        	10          	0.02917     	0.0001896   	0.0003904   	0.0002088   
3350        	10          	0.0219      	0.0001866   	0.0003638   	0.0002062   
3355        	10          	0.02107     	0.0002138   	0.0002883   	0.0001949   
3360        	10          	0.01866     	2.718e-05   	0.000152    	0.0001265   
3365        	10          	0.03236     	0.0001883   	0.000305    	0.0001186   
3370        	10          	0.0254      	6.995e-05   	0.0001558   	4.084e-05   
3375        	10          	0.02035     	0.0001499   	0.0001231   	0.0001088   
3380        	10          	0.02482     	6.884e-05   	0.0002511   	0.0001547   
3385        	10          	0.0209      	0.0001128   	0.0003577   	0.0001542   
3390        	10          	0.02983     	0.0001395   	0.000529    	0.0001284   
3395        	10          	0.03184     	0.0001374   	0.0007557   	0.0002142   
3400        	10          	0.03361     	8.332e-05   	0.0007449   	0.0001623   
3405        	10          	0.0235      	0.0001225   	0.0001941   	0.0002154   
3410        	10          	0.02421     	0.0001131   	0.0002013   	0.0002724   
3415        	10          	0.02147     	0.000101    	9.669e-05   	0.0001415   
3420        	10          	0.03334     	3.839e-05   	0.0003255   	9.56e-05    
3425        	10          	0.03207     	0.0001225   	0.0002909   	0.0001759   
3430        	10          	0.03445     	9.681e-05   	0.0003976   	8.053e-05   
3435        	10          	0.04475     	0.0001592   	0.0001613   	0.0001228   
3440        	10          	0.0456      	4.146e-05   	0.0002207   	0.0001695   
3445        	10          	0.04696     	0.0001208   	7.016e-05   	8.088e-05   
3450        	10          	0.0406      	0.0001291   	6.954e-05   	8.917e-05   
3455        	10          	0.02989     	5.269e-05   	0.0003215   	0.0003297   
3460        	10          	0.02478     	0.0002162   	0.0005887   	0.0001374   
3465        	10          	0.02608     	7.227e-05   	0.0002449   	4.477e-05   
3470        	10          	0.03728     	9.705e-05   	0.0003216   	8.313e-05   
3475        	10          	0.04154     	0.0001024   	0.0001714   	9.499e-05   
3480        	10          	0.02961     	0.0001822   	0.0003548   	0.0001315   
3485        	10          	0.03599     	9.764e-05   	0.0002632   	9.138e-05   
3490        	10          	0.0396      	0.0002832   	0.0004031   	0.0002282   
3495        	10          	0.03234     	0.0001435   	0.0002457   	6.448e-05   
3500        	10          	0.03162     	0.0001576   	0.0003719   	0.0002854   
3505        	10          	0.03861     	6.091e-05   	0.0001936   	6.632e-05   
3510        	10          	0.04607     	8.746e-05   	0.0001904   	0.0003249   
3515        	10          	0.03446     	0.0001859   	0.0002057   	0.0001162   
3520        	10          	0.02854     	0.0001146   	0.0002439   	0.0003796   
3525        	10          	0.02649     	6.265e-05   	0.0001776   	0.0001457   
3530        	10          	0.02354     	7.259e-05   	0.0003419   	0.0001134   
3535        	10          	0.03488     	9.398e-05   	0.0002319   	7.244e-05   
3540        	10          	0.0333      	3.761e-05   	0.0002026   	4.86e-05    
3545        	10          	0.03108     	0.0003336   	0.0003955   	3.888e-05   
3550        	10          	0.02373     	0.0002426   	0.0004879   	0.000124    
3555        	10          	0.02347     	0.0001501   	0.0002287   	8.092e-05   
3560        	10          	0.02684     	0.0001095   	0.0002391   	0.0002543   
3565        	10          	0.03249     	0.0001066   	0.0002564   	8.55e-05    
3570        	10          	0.02882     	7.093e-05   	0.0004163   	0.0001983   
3575        	10          	0.0288      	0.0001654   	0.0004262   	0.0001867   
3580        	10          	0.02434     	0.0001833   	0.0002479   	0.0001231   
3585        	10          	0.01957     	0.0001781   	0.0001975   	0.0001885   
3590        	10          	0.02034     	0.0001501   	0.0003224   	0.0002728   
3595        	10          	0.01125     	0.0001217   	0.0005594   	0.0001451   
3600        	10          	0.02111     	0.0001778   	0.0003198   	0.0001947   
3605        	10          	0.02369     	0.0003645   	0.0004198   	0.0002173   
3610        	10          	0.02647     	0.0001575   	0.0003848   	0.0002051   
3615        	10          	0.02762     	0.0001037   	0.0001057   	0.0001849   
3620        	10          	0.02403     	0.000189    	0.0003232   	9.068e-05   
3625        	10          	0.01728     	5.271e-05   	0.0008967   	8.288e-05   
3630        	10          	0.01634     	5.813e-05   	0.0008322   	0.000374    
3635        	10          	0.0176      	0.0001804   	0.0003094   	7.403e-05   
3640        	10          	0.01946     	4.73e-05    	9.033e-05   	0.0001147   
3645        	10          	0.01458     	0.0002035   	0.0001836   	3.287e-05   
3650        	10          	0.02216     	0.0001313   	0.0002619   	8.506e-05   
3655        	10          	0.02278     	8.92e-05    	0.0004618   	0.0001139   
3660        	10          	0.01245     	0.000104    	0.0003526   	0.0003821   
3665        	10          	0.02057     	0.0002936   	0.0001231   	0.0001497   
3670        	10          	0.01811     	0.0001588   	0.0002479   	9.461e-05   
3675        	10          	0.02052     	8.416e-05   	0.000514    	0.0001073   
3680        	10          	0.0174      	0.0002456   	0.0003366   	0.0001082   
3685        	10          	0.01425     	0.0002811   	0.0003681   	9.944e-05   
3690        	10          	0.01986     	6.739e-05   	0.0001582   	0.0001728   
3695        	10          	0.01456     	0.0002057   	0.0001796   	0.0001227   
3700        	10          	0.009222    	0.0001377   	9.976e-05   	0.0001319   
3705        	10          	0.02825     	8.485e-05   	0.0002875   	0.0002564   
3710        	10          	0.01677     	0.0003202   	0.0002597   	5.158e-05   
3715        	10          	0.01418     	0.0003332   	0.0002184   	8.886e-05   
3720        	10          	0.01795     	0.0001151   	0.0002575   	0.0002008   
3725        	10          	0.01028     	4.197e-05   	0.0003376   	0.0001138   
3730        	10          	0.02532     	0.000291    	0.0004634   	7.001e-05   
3735        	10          	0.02091     	8.202e-05   	0.0005417   	0.000106    
3740        	10          	0.02196     	0.0001187   	0.0001981   	0.0001175   
3745        	10          	0.02416     	0.0002895   	0.0004983   	7.095e-05   
3750        	10          	0.02774     	0.0001598   	0.0004711   	0.0001068   
3755        	10          	0.02206     	0.0002715   	0.0004973   	0.0001269   
3760        	10          	0.01956     	7.933e-05   	0.0002969   	6.392e-05   
3765        	10          	0.01389     	8.072e-05   	0.000347    	3.587e-05   
3770        	10          	0.01407     	0.0001074   	0.0003302   	5.638e-05   
3775        	10          	0.01988     	0.0002517   	0.000567    	7.252e-05   
3780        	10          	0.02203     	0.0001406   	0.0003807   	3.731e-05   
3785        	10          	0.01907     	0.0003054   	0.0004698   	0.0001546   
3790        	10          	0.01611     	0.0001686   	0.000566    	0.000192    
3795        	10          	0.03538     	0.0001771   	0.0006714   	0.0001745   
3800        	10          	0.02789     	0.0001052   	0.000324    	0.0001332   
3805        	10          	0.03753     	7.518e-05   	0.0002265   	0.0002359   
3810        	10          	0.01679     	0.0004325   	0.000397    	0.0001152   
3815        	10          	0.04172     	0.0002779   	0.0003106   	0.000152    
3820        	10          	0.0401      	0.0001005   	0.0006161   	0.0002228   
3825        	10          	0.05923     	0.0004858   	0.001063    	0.0001561   
3830        	10          	0.05279     	0.0001887   	0.0003132   	0.0001309   
3835        	10          	0.05191     	0.0001467   	0.0005125   	0.0002582   
3840        	10          	0.04473     	8.135e-05   	0.0003306   	0.0002446   
3845        	10          	0.03773     	4.527e-05   	0.0003867   	0.0002856   
3850        	10          	0.04273     	8.055e-05   	4.095e-05   	0.0001688   
3855        	10          	0.035       	3.966e-05   	0.0001568   	9.207e-05   
3860        	10          	0.03569     	2.695e-05   	0.0002278   	0.0002612   
3865        	10          	0.03651     	9.785e-05   	0.0003358   	0.0002155   
3870        	10          	0.03712     	4.714e-05   	0.0003946   	0.0001148   
3875        	10          	0.0314      	7.812e-05   	0.0002872   	0.0001246   
3880        	10          	0.02258     	9.577e-05   	0.0004259   	0.0001241   
3885        	10          	0.02301     	0.00018     	0.0002188   	0.0002913   
3890        	10          	0.02929     	0.000196    	0.0004401   	0.0001512   
3895        	10          	0.02099     	7.588e-05   	0.0002225   	7.082e-05   
3900        	10          	0.0094      	0.0002277   	0.0002795   	1.988e-05   
3905        	10          	0.01378     	0.0003598   	0.0007675   	0.0001216   
3910        	10          	0.01623     	0.0002696   	0.0001346   	0.000115    
3915        	10          	0.02032     	7.445e-05   	0.000232    	6.095e-05   
3920        	10          	0.01996     	0.0002135   	0.0002123   	7.688e-05   
3925        	10          	0.02304     	0.0001004   	0.0002852   	6.746e-05   
3930        	10          	0.01912     	5.637e-05   	0.0001323   	0.0002353   
3935        	10          	0.01895     	0.0001836   	0.0002872   	0.000126    
3940        	10          	0.02497     	0.0003172   	0.0004117   	0.0001239   
3945        	10          	0.02728     	9.407e-05   	0.0004098   	9.85e-05    
3950        	10          	0.02622     	7.806e-05   	0.0004524   	5.141e-05   
3955        	10          	0.01607     	9.299e-05   	0.0002367   	4.743e-05   
3960        	10          	0.01108     	0.0001812   	0.0002284   	0.0001316   
3965        	10          	0.01789     	0.0001563   	0.0002945   	0.0001659   
3970        	10          	0.0169      	0.0002951   	0.0005851   	0.0001551   
3975        	10          	0.01851     	0.0001311   	0.0006424   	0.0001453   
3980        	10          	0.02672     	0.0001927   	0.0004811   	6.631e-05   
3985        	10          	0.03468     	0.000195    	0.0002134   	0.0002122   
3990        	10          	0.02699     	0.0001205   	0.0001531   	0.0001578   
3995        	10          	0.03836     	0.0001611   	0.0003702   	4.414e-05   
4000        	10          	0.02569     	0.0001235   	0.0003272   	0.0002402   
4005        	10          	0.02304     	3.426e-05   	0.0002318   	0.0001106   
4010        	10          	0.03528     	5.547e-05   	0.000456    	0.0001173   
4015        	10          	0.04133     	6.561e-05   	0.0001436   	6.493e-05   
4020        	10          	0.05118     	4.965e-05   	0.0002728   	0.0001339   
4025        	10          	0.04023     	5.953e-05   	0.0002002   	0.0002262   
4030        	10          	0.04117     	0.0002197   	0.0003847   	0.0004      
4035        	10          	0.03345     	0.0002011   	0.000836    	0.0009827   
4040        	10          	0.02933     	7.911e-05   	0.0004906   	0.0002819   
4045        	10          	0.03689     	0.000167    	0.0017      	0.0006789   
4050        	10          	0.02762     	0.0001709   	0.001301    	0.0004487   
4055        	10          	0.02028     	9.434e-05   	0.002508    	0.001164    
4060        	10          	0.02393     	0.0001711   	0.002697    	0.001868    
4065        	10          	0.01853     	9.476e-05   	0.001603    	0.001523    
4070        	10          	0.01928     	0.0001949   	0.002221    	0.001069    
4075        	10          	0.02047     	0.0003784   	0.001031    	0.001569    
4080        	10          	0.025       	0.0005726   	0.002761    	0.002203    
4085        	10          	0.02327     	0.0002061   	0.002674    	0.003254    
4090        	10          	0.01157     	0.0001598   	0.003186    	0.005127    
4095        	10          	0.01123     	5.416e-05   	0.003038    	0.003805    
4100        	10          	0.01008     	0.0001928   	0.00199     	0.002575    
4105        	10          	0.01406     	0.0001015   	0.003239    	0.004074    
4110        	10          	0.01674     	0.0002565   	0.003345    	0.002939    
4115        	10          	0.0106      	5.949e-05   	0.003517    	0.002311    
4120        	10          	0.01788     	8.513e-05   	0.002677    	0.00112     
4125        	10          	0.01584     	6.304e-05   	0.002312    	0.002242    
4130        	10          	0.01204     	0.0001831   	0.001603    	0.001861    
4135        	10          	0.01491     	0.0001887   	0.001773    	0.001922    
4140        	10          	0.0145      	0.000168    	0.002122    	0.002938    
4145        	10          	0.01284     	0.0001336   	0.002833    	0.002404    
4150        	10          	0.009267    	0.0001107   	0.003659    	0.002676    
4155        	10          	0.0153      	0.0002813   	0.003831    	0.002867    
4160        	10          	0.008544    	0.0002083   	0.003192    	0.005196    
4165        	10          	0.004636    	0.000267    	0.00362     	0.003731    
4170        	10          	0.01036     	6.065e-05   	0.003061    	0.004286    
4175        	10          	0.01095     	9.356e-05   	0.002961    	0.003447    
4180        	10          	0.007469    	0.0001711   	0.003331    	0.004125    
4185        	10          	0.01256     	0.0001736   	0.003593    	0.003083    
4190        	10          	0.01057     	0.0003018   	0.003164    	0.002901    
4195        	10          	0.0131      	0.0001506   	0.002405    	0.003161    
4200        	10          	0.0111      	0.0001102   	0.002586    	0.00292     
4205        	10          	0.01317     	0.0001871   	0.001239    	0.003404    
4210        	10          	0.01628     	0.0001085   	0.001453    	0.003367    
4215        	10          	0.01693     	0.0001336   	0.00167     	0.003672    
4220        	10          	0.01029     	9.468e-05   	0.002665    	0.003123    
4225        	10          	0.01036     	0.0001348   	0.001817    	0.001759    
4230        	10          	0.006289    	0.0002833   	0.003238    	0.002555    
4235        	10          	0.01064     	0.0001936   	0.00258     	0.002585    
4240        	10          	0.01801     	5.155e-05   	0.002745    	0.00231     
4245        	10          	0.01723     	0.0001917   	0.003953    	0.004118    
4250        	10          	0.01123     	0.0001555   	0.00426     	0.002791    
4255        	10          	0.007681    	0.0001722   	0.002532    	0.00207     
4260        	10          	0.009169    	8.39e-05    	0.003637    	0.004343    
4265        	10          	0.009247    	0.0001601   	0.003875    	0.00284     
4270        	10          	0.009392    	6.84e-05    	0.001831    	0.002225    
4275        	10          	0.008458    	0.0001146   	0.002209    	0.001662    
4280        	10          	0.008778    	0.0002317   	0.001391    	0.001661    
4285        	10          	0.01735     	0.0001271   	0.0008729   	0.001247    
4290        	10          	0.01384     	0.0003115   	0.001145    	0.001072    
4295        	10          	0.01701     	9.923e-05   	0.001388    	0.001421    
4300        	10          	0.01836     	0.00022     	0.0008655   	0.0009518   
4305        	10          	0.02256     	0.0001368   	0.001153    	0.001127    
4310        	10          	0.01645     	7.724e-05   	0.001702    	0.001234    
4315        	10          	0.01514     	0.0001981   	0.001672    	0.001512    
4320        	10          	0.02246     	0.0001143   	0.001798    	0.002235    
4325        	10          	0.01828     	0.0002414   	0.002544    	0.002072    
4330        	10          	0.01252     	9.261e-05   	0.003845    	0.003829    
4335        	10          	0.009667    	0.0001123   	0.003358    	0.003562    
4340        	10          	0.008211    	0.0001698   	0.003616    	0.00338     
4345        	10          	0.01171     	9.002e-05   	0.003036    	0.003343    
4350        	10          	0.009225    	0.0002216   	0.004091    	0.002789    
4355        	10          	0.01027     	0.0002673   	0.003099    	0.002945    
4360        	10          	0.0114      	4.588e-05   	0.004544    	0.00303     
4365        	10          	0.01386     	0.0001131   	0.00454     	0.003923    
4370        	10          	0.01788     	9.316e-05   	0.003645    	0.003649    
4375        	10          	0.01672     	0.0002057   	0.004994    	0.003115    
4380        	10          	0.0189      	7.833e-05   	0.003816    	0.005098    
4385        	10          	0.02143     	6.647e-05   	0.004332    	0.004108    
4390        	10          	0.02922     	9.733e-05   	0.004728    	0.005355    
4395        	10          	0.02746     	8.629e-05   	0.004505    	0.005345    
4400        	10          	0.03138     	0.0001712   	0.004973    	0.006184    
4405        	10          	0.03551     	0.000129    	0.006033    	0.008044    
4410        	10          	0.03273     	0.0001031   	0.005264    	0.004374    
4415        	10          	0.04057     	6.666e-05   	0.005597    	0.005474    
4420        	10          	0.03402     	0.0001364   	0.005259    	0.003953    
4425        	10          	0.03638     	0.0004555   	0.006975    	0.006183    
4430        	10          	0.02801     	5.294e-05   	0.00356     	0.004872    
4435        	10          	0.02443     	0.000107    	0.004023    	0.005146    
4440        	10          	0.02797     	0.0002498   	0.004355    	0.005875    
4445        	10          	0.02728     	0.0001585   	0.004118    	0.005192    
4450        	10          	0.01971     	0.0001805   	0.004527    	0.003228    
4455        	10          	0.0226      	0.0001989   	0.004764    	0.003618    
4460        	10          	0.02701     	0.0002959   	0.003422    	0.003041    
4465        	10          	0.03167     	0.0002069   	0.002967    	0.004253    
4470        	10          	0.02218     	8.957e-05   	0.0039      	0.003768    
4475        	10          	0.017       	0.0001218   	0.002573    	0.002788    
4480        	10          	0.01314     	0.0001791   	0.002653    	0.002647    
4485        	10          	0.01217     	4.302e-05   	0.002502    	0.001945    
4490        	10          	0.009211    	0.0001934   	0.003237    	0.001842    
4495        	10          	0.02464     	0.0001685   	0.00204     	0.001426    
4500        	10          	0.01603     	0.00014     	0.002722    	0.001912    
4505        	10          	0.02206     	0.0002841   	0.00408     	0.003289    
4510        	10          	0.01412     	0.0002206   	0.003298    	0.002851    
4515        	10          	0.01589     	8.85e-05    	0.002912    	0.004359    
4520        	10          	0.0196      	9.803e-05   	0.002714    	0.003654    
4525        	10          	0.02679     	8.12e-05    	0.002342    	0.00357     
4530        	10          	0.02507     	0.0002652   	0.004189    	0.004187    
4535        	10          	0.01945     	6.155e-05   	0.003192    	0.002578    
4540        	10          	0.02007     	0.0002537   	0.003337    	0.003221    
4545        	10          	0.02368     	0.0001991   	0.003733    	0.002356    
4550        	10          	0.02638     	0.0001396   	0.003573    	0.003098    
4555        	10          	0.02493     	0.0002999   	0.003623    	0.002337    
4560        	10          	0.02379     	0.0001242   	0.003533    	0.00295     
4565        	10          	0.02767     	0.0001549   	0.003376    	0.003369    
4570        	10          	0.03084     	6.978e-05   	0.003397    	0.004919    
4575        	10          	0.01275     	0.0002073   	0.00354     	0.003699    
4580        	10          	0.02867     	0.0004754   	0.003089    	0.003839    
4585        	10          	0.03121     	0.000556    	0.004148    	0.004219    
4590        	10          	0.02045     	0.0001669   	0.003375    	0.003554    
4595        	10          	0.01679     	0.0002379   	0.003588    	0.003327    
4600        	10          	0.02128     	0.0001254   	0.003328    	0.002863    
4605        	10          	0.01027     	9.868e-05   	0.004131    	0.002663    
4610        	10          	0.0118      	0.0002867   	0.002637    	0.003342    
4615        	10          	0.004803    	0.0001272   	0.004501    	0.003435    
4620        	10          	0.01178     	0.0001378   	0.003185    	0.003523    
4625        	10          	0.01162     	0.0001322   	0.004132    	0.003679    
4630        	10          	0.008503    	0.000261    	0.004923    	0.004693    
4635        	10          	0.01453     	0.0002865   	0.003549    	0.003834    
4640        	10          	0.01324     	0.0001796   	0.00385     	0.002809    
4645        	10          	0.01379     	0.0005175   	0.003912    	0.004122    
4650        	10          	0.01189     	0.0001171   	0.004396    	0.003829    
4655        	10          	0.01267     	0.0002198   	0.004263    	0.003887    
4660        	10          	0.01443     	0.0002273   	0.004223    	0.004017    
4665        	10          	0.01049     	0.0001575   	0.003449    	0.00481     
4670        	10          	0.008344    	0.000115    	0.002853    	0.003989    
4675        	10          	0.01161     	0.000303    	0.003702    	0.004887    
4680        	10          	0.009011    	0.0002142   	0.004633    	0.004414    
4685        	10          	0.01372     	0.0002319   	0.004281    	0.004791    
4690        	10          	0.004711    	0.0002829   	0.003557    	0.005156    
4695        	10          	0.01443     	0.0002105   	0.004441    	0.00491     
4700        	10          	0.01472     	0.0001062   	0.00572     	0.005194    
4705        	10          	0.01864     	0.0001105   	0.005126    	0.003889    
4710        	10          	0.01078     	0.0001834   	0.004167    	0.003467    
4715        	10          	0.01425     	5.454e-05   	0.005851    	0.004136    
4720        	10          	0.01057     	5.081e-05   	0.006033    	0.005634    
4725        	10          	0.01028     	0.0001519   	0.005818    	0.004509    
4730        	10          	0.01323     	0.0001038   	0.007175    	0.004278    
4735        	10          	0.01538     	0.000365    	0.006609    	0.004102    
4740        	10          	0.01152     	0.0004725   	0.006314    	0.00482     
4745        	10          	0.01669     	0.0003229   	0.005343    	0.005201    
4750        	10          	0.01945     	0.0002317   	0.004792    	0.003417    
4755        	10          	0.01784     	0.0003768   	0.003974    	0.003175    
4760        	10          	0.02153     	8.354e-05   	0.004587    	0.003711    
4765        	10          	0.02189     	0.0002126   	0.00294     	0.003541    
4770        	10          	0.0184      	0.0001818   	0.001928    	0.001877    
4775        	10          	0.02918     	8.224e-05   	0.002012    	0.002115    
4780        	10          	0.02119     	0.0002321   	0.001847    	0.002089    
4785        	10          	0.01532     	0.0001661   	0.003059    	0.002388    
4790        	10          	0.01558     	0.0004822   	0.004032    	0.002851    
4795        	10          	0.02017     	0.0001532   	0.003008    	0.00231     
4800        	10          	0.01636     	0.0001881   	0.004197    	0.002576    
4805        	10          	0.02332     	9.654e-05   	0.002793    	0.002048    
4810        	10          	0.01523     	0.0001777   	0.00257     	0.00228     
4815        	10          	0.01686     	0.0001605   	0.002505    	0.00285     
4820        	10          	0.01525     	0.0001217   	0.002185    	0.002618    
4825        	10          	0.01107     	5.597e-05   	0.002076    	0.002314    
4830        	10          	0.01627     	0.0004194   	0.003117    	0.003486    
4835        	10          	0.01091     	0.0001089   	0.003133    	0.003483    
4840        	10          	0.01166     	0.0003539   	0.00245     	0.002584    
4845        	10          	0.01875     	0.0003622   	0.002026    	0.002023    
4850        	10          	0.01329     	0.0001174   	0.001613    	0.00114     
4855        	10          	0.01199     	9.738e-05   	0.002004    	0.00145     
4860        	10          	0.01518     	0.0001465   	0.002096    	0.00172     
4865        	10          	0.01123     	9.859e-05   	0.001566    	0.001071    
4870        	10          	0.01524     	0.0001756   	0.00201     	0.001705    
4875        	10          	0.01784     	0.000197    	0.001581    	0.002222    
4880        	10          	0.02214     	0.000177    	0.002165    	0.002202    
4885        	10          	0.01886     	0.0002011   	0.002444    	0.00303     
4890        	10          	0.02082     	0.0001395   	0.002862    	0.002087    
4895        	10          	0.01621     	0.000156    	0.002824    	0.002024    
4900        	10          	0.01666     	0.0001867   	0.003443    	0.002377    
4905        	10          	0.0123      	7.491e-05   	0.002601    	0.001688    
4910        	10          	0.01484     	0.000178    	0.002022    	0.001915    
4915        	10          	0.02284     	0.0002765   	0.002278    	0.001833    
4920        	10          	0.01946     	0.0002586   	0.002336    	0.002203    
4925        	10          	0.016       	0.0004758   	0.002229    	0.001625    
4930        	10          	0.0226      	0.0001642   	0.003241    	0.002592    
4935        	10          	0.01323     	0.0001582   	0.002568    	0.002197    
4940        	10          	0.0114      	0.0001334   	0.003249    	0.002617    
4945        	10          	0.0104      	0.0001268   	0.003541    	0.003091    
4950        	10          	0.01462     	0.00027     	0.003957    	0.003247    
4955        	10          	0.01051     	0.0005167   	0.002948    	0.001792    
4960        	10          	0.02069     	0.0003016   	0.003753    	0.003456    
4965        	10          	0.016       	0.0002488   	0.002736    	0.003028    
4970        	10          	0.02706     	0.0001489   	0.002989    	0.002625    
4975        	10          	0.01723     	0.0001017   	0.004189    	0.003028    
4980        	10          	0.02029     	0.000218    	0.004544    	0.003248    
4985        	10          	0.01429     	0.0001907   	0.002863    	0.002619    
4990        	10          	0.01782     	0.0001961   	0.002829    	0.002641    
4995        	10          	0.01601     	0.0002918   	0.002554    	0.002364    
5000        	10          	0.012       	0.0003864   	0.003204    	0.002786    
