generation  	alive.rpl   	n.adlt.rs   	n.adlt.fst.wc_p1-2	n.adlt.fst.wc_p1-3	n.adlt.fst.wc_p2-3
5           	10          	0.03582     	1.025e-05   	6.187e-06   	5.354e-06   
10          	10          	0.07956     	2.748e-05   	2.631e-05   	2.769e-05   
15          	10          	0.04814     	4.84e-05    	4.508e-05   	3.103e-05   
20          	10          	0.05722     	4.468e-05   	6.773e-05   	7.656e-06   
25          	10          	0.02895     	2.997e-05   	6.129e-05   	2.61e-05    
30          	10          	0.1336      	2.812e-05   	6.809e-05   	3.363e-05   
35          	10          	0.04156     	1.545e-05   	6.166e-05   	1.805e-05   
40          	10          	0.082       	2.306e-05   	2.883e-05   	2.607e-05   
45          	10          	0.07956     	0.0001074   	0.000101    	3.988e-05   
50          	10          	0.1199      	4.623e-05   	0.0001152   	4.116e-05   
55          	10          	0.07382     	8.265e-06   	9.28e-05    	5.915e-05   
60          	10          	0.05154     	3.289e-05   	4.698e-05   	2.539e-05   
65          	10          	0.06078     	2.838e-05   	6.674e-05   	1.903e-05   
70          	10          	0.08199     	1.683e-05   	8.382e-05   	2.583e-05   
75          	10          	0.1031      	4.734e-05   	9.466e-05   	5.8e-05     
80          	10          	0.08195     	3.741e-05   	0.0001041   	3.311e-05   
85          	10          	0.13        	2.569e-05   	2.996e-05   	1.261e-05   
90          	10          	0.07284     	2.734e-05   	3.828e-05   	2.597e-05   
95          	10          	0.09946     	5.378e-05   	7.508e-05   	4.909e-05   
100         	10          	0.05725     	2.669e-05   	8.266e-05   	6.001e-05   
105         	10          	0.05066     	4.537e-05   	4.31e-05    	5.444e-05   
110         	10          	0.03138     	5.004e-05   	6.331e-05   	8.664e-06   
115         	10          	0.05523     	3.419e-05   	6.022e-05   	3.448e-05   
120         	10          	0.05584     	3.854e-05   	6.988e-05   	6.789e-05   
125         	10          	0.02008     	5.125e-05   	0.0001891   	5.808e-05   
130         	10          	0.04006     	9.389e-05   	0.0001115   	4.132e-05   
135         	10          	0.04295     	6.023e-05   	0.0002487   	3.941e-05   
140         	10          	0.03314     	7.921e-06   	0.0001085   	2.373e-05   
145         	10          	0.01954     	4.298e-05   	8.37e-05    	3.95e-05    
150         	10          	0.0259      	7.25e-05    	0.000149    	4.557e-05   
155         	10          	0.044       	5.903e-05   	7.105e-05   	4.571e-05   
160         	10          	0.02251     	3.488e-05   	0.0002926   	4.835e-05   
165         	10          	0.02236     	2.69e-05    	0.0001469   	6.27e-05    
170         	10          	0.01914     	2.93e-05    	0.0001199   	3.451e-05   
175         	10          	0.01897     	6.811e-05   	0.0001779   	4e-05       
180         	10          	0.0184      	4.329e-05   	0.0001205   	4.434e-05   
185         	10          	0.02738     	5.957e-05   	0.0001171   	8.297e-05   
190         	10          	0.02775     	0.0001189   	7.354e-05   	6.675e-05   
195         	10          	0.03618     	4.302e-05   	4.965e-05   	2.972e-05   
200         	10          	0.05334     	6.66e-05    	5.368e-05   	6.238e-05   
205         	10          	0.06386     	3.819e-05   	4.668e-05   	6.926e-05   
210         	10          	0.05307     	4.07e-05    	0.0001395   	6.484e-05   
215         	10          	0.03846     	7.174e-05   	0.0001928   	4.193e-05   
220         	10          	0.05195     	4.421e-05   	7.724e-05   	8.328e-05   
225         	10          	0.07041     	9.31e-05    	4.367e-05   	4.857e-05   
230         	10          	0.06956     	0.0001164   	0.0001759   	3.206e-05   
235         	10          	0.04251     	3.924e-05   	0.000127    	6.206e-05   
240         	10          	0.05589     	5.157e-05   	7.406e-05   	2.86e-05    
245         	10          	0.0656      	5.093e-05   	0.0001815   	0.0001421   
250         	10          	0.04589     	3.321e-05   	0.0002312   	2.921e-05   
255         	10          	0.04407     	6.184e-05   	0.0001083   	3.235e-05   
260         	10          	0.04139     	3.495e-05   	9.947e-05   	6.756e-05   
265         	10          	0.1021      	6.396e-05   	0.000219    	5.933e-05   
270         	10          	0.06846     	3.803e-05   	0.0001335   	5.207e-05   
275         	10          	0.0779      	0.0001303   	7.526e-05   	5.716e-05   
280         	10          	0.05211     	9.265e-05   	0.0001199   	5.892e-05   
285         	10          	0.04578     	4.591e-05   	7.759e-05   	2.615e-05   
290         	10          	0.04017     	6.156e-05   	6.714e-05   	8.704e-05   
295         	10          	0.0553      	8.775e-05   	0.0001044   	5.053e-05   
300         	10          	0.05057     	0.000186    	0.0001108   	0.0001082   
305         	10          	0.05173     	8.443e-05   	7.778e-05   	7.668e-05   
310         	10          	0.05843     	6.521e-05   	0.0001043   	6.486e-05   
315         	10          	0.056       	7.707e-05   	9.425e-05   	0.0001155   
320         	10          	0.03754     	8.116e-05   	0.0001513   	0.0001074   
325         	10          	0.02908     	5.995e-05   	0.0001704   	7.941e-05   
330         	10          	0.04283     	5.708e-05   	0.0001703   	9.409e-05   
335         	10          	0.02068     	0.000105    	0.0002511   	2.634e-05   
340         	10          	0.01151     	2.122e-05   	0.0001601   	9.983e-05   
345         	10          	0.03362     	7.124e-05   	7.918e-05   	4.789e-05   
350         	10          	0.0096      	1.718e-05   	0.0001698   	4.145e-05   
355         	10          	0.02772     	7.983e-05   	0.0005521   	0.0001454   
360         	10          	0.01869     	7.365e-05   	0.0002745   	9.214e-05   
365         	10          	0.01957     	0.0002227   	0.0004452   	0.0001454   
370         	10          	0.04534     	6.166e-05   	0.0001647   	8.87e-05    
375         	10          	0.04832     	7.616e-05   	0.0001405   	8.546e-05   
380         	10          	0.05293     	0.0001313   	0.0002587   	7.606e-05   
385         	10          	0.03644     	9.849e-05   	0.0003843   	0.0001613   
390         	10          	0.02118     	4.785e-05   	0.0001973   	5.555e-05   
395         	10          	0.0401      	0.0001011   	0.0001514   	2.188e-05   
400         	10          	0.04634     	0.0001684   	0.0001297   	8.066e-05   
405         	10          	0.03443     	9.871e-05   	0.0001256   	5.335e-05   
410         	10          	0.02991     	8.744e-05   	0.0001845   	0.0001653   
415         	10          	0.02517     	4.323e-05   	0.0002098   	8.677e-05   
420         	10          	0.0338      	4.058e-05   	0.0002136   	4.767e-05   
425         	10          	0.04093     	0.0001183   	0.0002536   	0.0001365   
430         	10          	0.03499     	8.575e-05   	0.0003746   	3.853e-05   
435         	10          	0.04004     	4.179e-05   	0.000146    	7.14e-05    
440         	10          	0.0395      	0.0001766   	0.0001529   	9.576e-05   
445         	10          	0.03307     	7.626e-05   	0.0001773   	5.006e-05   
450         	10          	0.03722     	4.232e-05   	6.272e-05   	3.962e-05   
455         	10          	0.04541     	6.702e-05   	0.0001982   	0.0001613   
460         	10          	0.06414     	0.0002067   	0.0005367   	9.265e-05   
465         	10          	0.05028     	0.0001695   	0.0001916   	8.713e-05   
470         	10          	0.04099     	9.291e-05   	0.0001635   	2.387e-05   
475         	10          	0.05851     	8.25e-05    	0.0001919   	0.0001252   
480         	10          	0.04323     	6.485e-05   	0.0001022   	5.14e-05    
485         	10          	0.06197     	0.00027     	0.0001415   	0.0001046   
490         	10          	0.07246     	0.0001525   	0.0002542   	6.069e-05   
495         	10          	0.05203     	4.986e-05   	0.0002691   	9.536e-05   
500         	10          	0.04419     	0.0001559   	0.0001152   	3.546e-05   
505         	10          	0.0474      	3.553e-05   	0.0001232   	5.736e-05   
510         	10          	0.0664      	0.0001047   	0.0001401   	5.987e-05   
515         	10          	0.03991     	5.74e-05    	0.0001299   	2.728e-05   
520         	10          	0.03986     	3.944e-05   	0.0002722   	0.0001139   
525         	10          	0.04023     	4.54e-05    	0.0002179   	8.058e-05   
530         	10          	0.03658     	0.0001625   	0.0002691   	7.289e-05   
535         	10          	0.04756     	9.643e-05   	0.0004061   	0.0001386   
540         	10          	0.04061     	6.226e-05   	0.0001461   	2.974e-05   
545         	10          	0.03554     	0.0001194   	0.0002514   	7.85e-05    
550         	10          	0.02288     	9.167e-05   	0.0001627   	6.58e-05    
555         	10          	0.03034     	2.258e-05   	0.0001179   	4.549e-05   
560         	10          	0.03456     	8.386e-05   	0.0001697   	7.638e-05   
565         	10          	0.06778     	6.558e-05   	0.0001972   	4.11e-05    
570         	10          	0.05516     	5.49e-05    	0.0002771   	0.0002088   
575         	10          	0.06204     	0.0001844   	0.0001788   	7.504e-05   
580         	10          	0.06234     	0.0001077   	0.0001795   	4.661e-05   
585         	10          	0.065       	0.0001121   	0.0003113   	9.126e-05   
590         	10          	0.05418     	0.0001011   	0.0003297   	5.218e-05   
595         	10          	0.05851     	0.0002595   	0.0001416   	0.0001699   
600         	10          	0.06057     	0.00033     	0.0005323   	0.0001818   
605         	10          	0.07349     	9.58e-05    	0.0003158   	6.818e-05   
610         	10          	0.07501     	0.0001132   	0.0003597   	4.993e-05   
615         	10          	0.1091      	0.0001581   	0.0001575   	7.167e-05   
620         	10          	0.08943     	9.885e-05   	0.0003714   	5.519e-05   
625         	10          	0.0914      	5.388e-05   	0.0002005   	0.0001329   
630         	10          	0.09279     	8.55e-05    	0.0004021   	5.779e-05   
635         	10          	0.08801     	0.0001283   	0.0004212   	3.353e-05   
640         	10          	0.06364     	4.304e-05   	0.0003873   	0.0002057   
645         	10          	0.0446      	9.676e-05   	0.0002281   	0.0001226   
650         	10          	0.05811     	9.431e-05   	0.0002504   	8.263e-05   
655         	10          	0.05451     	6.46e-05    	0.0001462   	7.109e-05   
660         	10          	0.05583     	9.142e-05   	0.0001217   	6.984e-05   
665         	10          	0.06677     	0.0002022   	0.0002722   	5.021e-05   
670         	10          	0.06577     	9.011e-05   	0.0001841   	9.848e-05   
675         	10          	0.09902     	7.533e-05   	0.0002471   	0.0001271   
680         	10          	0.09528     	7.875e-05   	0.0001124   	4.33e-05    
685         	10          	0.0714      	0.0001069   	7.086e-05   	0.0001866   
690         	10          	0.07184     	5.49e-05    	0.0001663   	0.0001296   
695         	10          	0.06434     	6.363e-05   	0.0002223   	8.029e-05   
700         	10          	0.06804     	0.0001047   	0.0003912   	7.512e-05   
705         	10          	0.09672     	0.0001032   	0.0002007   	8.065e-05   
710         	10          	0.07164     	0.0001325   	0.000202    	9.837e-05   
715         	10          	0.06114     	0.0002421   	0.0002031   	0.0001324   
720         	10          	0.05099     	0.0003175   	0.0003297   	8.599e-05   
725         	10          	0.06968     	9.172e-05   	0.0002655   	0.0002055   
730         	10          	0.07764     	0.0002775   	0.0001701   	0.0001862   
735         	10          	0.09672     	6.902e-05   	0.0001508   	5.135e-05   
740         	10          	0.05717     	9.026e-05   	0.0002886   	0.000102    
745         	10          	0.05971     	0.0001937   	0.0001605   	1.134e-05   
750         	10          	0.0645      	3.645e-05   	0.000171    	5.946e-05   
755         	10          	0.05028     	9.078e-05   	0.0001692   	8.689e-05   
760         	10          	0.06157     	6.564e-05   	0.0001604   	8.589e-05   
765         	10          	0.05099     	7.53e-05    	0.0003159   	0.000249    
770         	10          	0.03957     	0.0001581   	0.0002908   	0.0001436   
775         	10          	0.05282     	0.0001243   	0.000164    	9.593e-05   
780         	10          	0.04906     	0.000183    	0.0001921   	0.0001808   
785         	10          	0.04278     	0.0001023   	0.0002245   	0.0001278   
790         	10          	0.04041     	9.55e-05    	0.0003121   	8.151e-05   
795         	10          	0.04375     	0.0001508   	0.0001418   	0.0001563   
800         	10          	0.03351     	0.0001209   	0.000248    	6.346e-05   
805         	10          	0.03418     	0.0001481   	0.00029     	0.0001162   
810         	10          	0.03829     	6.129e-05   	0.0001435   	3.78e-05    
815         	10          	0.03584     	0.0001422   	0.0004986   	9.553e-05   
820         	10          	0.03678     	0.0001032   	0.0002444   	8.569e-05   
825         	10          	0.0465      	9.41e-05    	0.000153    	4.689e-05   
830         	10          	0.04591     	9.794e-05   	0.0003417   	0.0001504   
835         	10          	0.04888     	8.362e-05   	0.000313    	0.0001682   
840         	10          	0.0653      	7.75e-05    	0.0001557   	0.0001004   
845         	10          	0.07658     	6.68e-05    	0.0003965   	0.0001353   
850         	10          	0.0786      	0.0001274   	0.0003179   	0.0001651   
855         	10          	0.05911     	0.000154    	0.0004      	0.0001019   
860         	10          	0.07425     	0.0001175   	0.0001862   	0.0001664   
865         	10          	0.05462     	0.0001121   	0.0002303   	6.151e-05   
870         	10          	0.07519     	0.0001603   	0.0008195   	0.0001082   
875         	10          	0.0659      	0.0001503   	0.0004741   	0.0001164   
880         	10          	0.05674     	0.0001013   	0.0002112   	8.859e-05   
885         	10          	0.06962     	0.0002264   	0.0001001   	0.0002178   
890         	10          	0.05945     	6.656e-05   	0.0002055   	0.000113    
895         	10          	0.0476      	0.0001152   	0.0001362   	7.069e-05   
900         	10          	0.0505      	0.0001027   	0.0002705   	4.522e-05   
905         	10          	0.0583      	9.608e-05   	0.0002431   	0.0001054   
910         	10          	0.04923     	0.0002575   	0.0002298   	0.0001248   
915         	10          	0.04546     	5.992e-05   	0.0003457   	0.0001208   
920         	10          	0.04818     	4.688e-05   	6.272e-05   	6.245e-05   
925         	10          	0.04829     	7.789e-05   	0.0001449   	0.0001072   
930         	10          	0.05467     	0.0001291   	0.0001409   	4.626e-05   
935         	10          	0.04225     	0.000156    	0.0001315   	0.000112    
940         	10          	0.03517     	0.0001077   	0.0001905   	8.91e-05    
945         	10          	0.04611     	9.024e-05   	0.000208    	0.0001877   
950         	10          	0.05556     	7.902e-05   	0.0002349   	0.0001163   
955         	10          	0.04817     	4.876e-05   	0.0001918   	0.0002064   
960         	10          	0.07329     	0.0001258   	0.0001968   	0.0001531   
965         	10          	0.03484     	0.0001222   	0.0002159   	8.595e-05   
970         	10          	0.0559      	9.011e-05   	0.0001548   	0.0001607   
975         	10          	0.05489     	8.388e-05   	8.268e-05   	3.703e-05   
980         	10          	0.04475     	7.266e-05   	0.0002643   	0.000265    
985         	10          	0.0418      	0.0001355   	0.000222    	5.074e-05   
990         	10          	0.04607     	6.403e-05   	0.0002383   	0.0001687   
995         	10          	0.05001     	0.0001276   	6.421e-05   	9.514e-05   
1000        	10          	0.04257     	6.539e-05   	0.0002954   	3.92e-05    
1005        	10          	0.03651     	0.0002215   	0.0001341   	0.0001108   
1010        	10          	0.04269     	6.569e-05   	0.0001241   	6.056e-05   
1015        	10          	0.01982     	0.0001904   	0.0007435   	0.0001283   
1020        	10          	0.02939     	4.53e-05    	0.0002821   	0.0002018   
1025        	10          	0.02817     	2.365e-05   	0.0003482   	0.0001171   
1030        	10          	0.02947     	0.0001415   	0.0006227   	0.0002101   
1035        	10          	0.03616     	9.796e-05   	0.0003786   	0.0001679   
1040        	10          	0.03391     	0.0003333   	0.0007163   	7.235e-05   
1045        	10          	0.03338     	6.777e-05   	0.0002956   	9.271e-05   
1050        	10          	0.0378      	4.181e-05   	0.0001742   	6.424e-05   
1055        	10          	0.05111     	9.473e-05   	0.0003178   	6.906e-05   
1060        	10          	0.03957     	4.92e-05    	0.0002086   	0.0001106   
1065        	10          	0.03464     	0.0001578   	0.0002662   	0.0001297   
1070        	10          	0.0266      	0.0001999   	0.0001268   	9.779e-05   
1075        	10          	0.03367     	0.0001308   	0.0001098   	8.926e-05   
1080        	10          	0.02193     	0.000155    	0.0003817   	0.0001619   
1085        	10          	0.01985     	0.0001647   	0.0002108   	0.000106    
1090        	10          	0.02822     	0.0001402   	0.0002884   	0.000279    
1095        	10          	0.04551     	0.000109    	9.491e-05   	8.64e-05    
1100        	10          	0.03777     	8.214e-05   	0.0002506   	0.0001746   
1105        	10          	0.03677     	0.0002901   	0.0005588   	7.294e-05   
1110        	10          	0.03824     	0.0001584   	0.0004542   	4.985e-05   
1115        	10          	0.03341     	0.0003545   	0.0004164   	0.000135    
1120        	10          	0.03239     	8.328e-05   	0.0005934   	0.0001329   
1125        	10          	0.01923     	0.0001298   	0.0004942   	0.000198    
1130        	10          	0.04488     	0.0002041   	0.0002438   	7.41e-05    
1135        	10          	0.03363     	0.0002875   	0.00032     	3.701e-05   
1140        	10          	0.03925     	0.0001529   	0.0001926   	9.493e-05   
1145        	10          	0.03491     	0.0003758   	0.000468    	0.0001083   
1150        	10          	0.04318     	0.0002411   	0.0003344   	0.0001054   
1155        	10          	0.06656     	0.0002009   	0.0001801   	6.6e-05     
1160        	10          	0.05171     	0.0002291   	0.0004752   	0.0001071   
1165        	10          	0.06184     	0.0001463   	0.0006262   	0.0001606   
1170        	10          	0.04158     	0.0002448   	0.0003104   	0.0001255   
1175        	10          	0.03146     	0.0001557   	0.0003644   	0.0001647   
1180        	10          	0.0374      	0.0001092   	0.000301    	0.0001001   
1185        	10          	0.04611     	0.0001579   	0.0001162   	0.0001191   
1190        	10          	0.06269     	0.000128    	0.0001716   	0.0001232   
1195        	10          	0.04603     	4.584e-05   	0.0003179   	0.0001916   
1200        	10          	0.04489     	0.0001731   	0.0004592   	0.0001167   
1205        	10          	0.04862     	0.0001307   	0.0003682   	0.0001459   
1210        	10          	0.04983     	0.0001105   	0.0003369   	0.0001394   
1215        	10          	0.0383      	4.187e-05   	0.000118    	0.0001175   
1220        	10          	0.03288     	0.0001303   	0.0002064   	0.0001447   
1225        	10          	0.04057     	4.063e-05   	0.0003937   	0.0001001   
1230        	10          	0.05077     	0.0001424   	0.0003294   	9.402e-05   
1235        	10          	0.04036     	0.0002396   	0.0006022   	0.0001074   
1240        	10          	0.03996     	7.275e-05   	0.0003066   	0.0001165   
1245        	10          	0.03703     	7.044e-05   	0.0002942   	9.119e-05   
1250        	10          	0.03849     	0.0001774   	0.0002646   	5.775e-05   
1255        	10          	0.04699     	0.00011     	0.0001813   	3.304e-05   
1260        	10          	0.03736     	9.968e-05   	0.0004058   	0.0002091   
1265        	10          	0.05034     	0.0002242   	0.0003518   	0.0001332   
1270        	10          	0.05751     	7.461e-05   	0.0002905   	0.0001335   
1275        	10          	0.04966     	0.0001146   	0.0002158   	7.854e-05   
1280        	10          	0.04977     	0.000347    	0.000204    	4.013e-05   
1285        	10          	0.04507     	0.0001108   	0.000461    	0.0001821   
1290        	10          	0.05427     	8.67e-05    	0.0001847   	0.0001825   
1295        	10          	0.07324     	0.0001391   	0.0004355   	9.089e-05   
1300        	10          	0.06036     	0.0002143   	0.0003206   	7.806e-05   
1305        	10          	0.06184     	7.994e-05   	0.0001201   	6.37e-05    
1310        	10          	0.07788     	0.0001146   	0.0001913   	3.662e-05   
1315        	10          	0.08711     	0.0001167   	0.0008038   	0.0002255   
1320        	10          	0.06996     	0.0001158   	0.0004288   	9.996e-05   
1325        	10          	0.0699      	0.0001332   	0.0003349   	0.0001609   
1330        	10          	0.05896     	0.000157    	0.0003347   	9.618e-05   
1335        	10          	0.06627     	9.098e-05   	0.0002662   	0.0001049   
1340        	10          	0.04814     	0.0001079   	0.0002745   	0.0001034   
1345        	10          	0.06147     	0.0001147   	0.0001961   	6.836e-05   
1350        	10          	0.05896     	8.226e-05   	8.175e-05   	9.796e-05   
1355        	10          	0.03985     	5.768e-05   	0.0004643   	8.114e-05   
1360        	10          	0.05456     	0.0001638   	0.0002      	0.0002016   
1365        	10          	0.04497     	5.48e-05    	0.0002976   	0.0001843   
1370        	10          	0.05067     	6.782e-05   	0.0005641   	3.144e-05   
1375        	10          	0.05749     	0.0001818   	0.0004785   	0.0001497   
1380        	10          	0.05162     	6.724e-05   	0.0002931   	6.302e-05   
1385        	10          	0.05062     	0.0001541   	0.0003737   	9.402e-05   
1390        	10          	0.05827     	0.0002025   	0.0002572   	7.373e-05   
1395        	10          	0.07195     	0.0002714   	0.0002722   	9.879e-05   
1400        	10          	0.04334     	7.973e-05   	0.0002279   	7.749e-05   
1405        	10          	0.05508     	0.0003233   	0.0006563   	0.0001386   
1410        	10          	0.04283     	0.0001727   	0.0001438   	5.923e-05   
1415        	10          	0.05512     	0.0002271   	0.000254    	0.0001231   
1420        	10          	0.06156     	0.0001109   	0.0001158   	0.0001171   
1425        	10          	0.04984     	7.11e-05    	0.0001115   	8.487e-05   
1430        	10          	0.0444      	0.0001534   	0.0001638   	9.961e-05   
1435        	10          	0.02112     	0.0001484   	0.0004131   	0.0001878   
1440        	10          	0.02512     	5.713e-05   	0.0002091   	3.895e-05   
1445        	10          	0.03002     	9.408e-05   	0.00024     	0.0001333   
1450        	10          	0.03977     	8.995e-05   	0.0001929   	8.744e-05   
1455        	10          	0.05152     	0.0001823   	0.0004547   	0.0001774   
1460        	10          	0.03366     	0.0001452   	0.0006919   	0.0001139   
1465        	10          	0.04128     	0.0001821   	0.0005009   	7.948e-05   
1470        	10          	0.0396      	0.0002687   	0.0003735   	6.354e-05   
1475        	10          	0.03432     	0.0001884   	0.0007636   	0.0001758   
1480        	10          	0.04922     	8.813e-05   	0.0003632   	0.0002111   
1485        	10          	0.04011     	0.0001715   	0.0003531   	0.0001347   
1490        	10          	0.04286     	7.378e-05   	0.0001383   	4.753e-05   
1495        	10          	0.03479     	0.0001346   	0.0001826   	9.566e-05   
1500        	10          	0.03728     	0.0001432   	0.0003658   	0.0001465   
1505        	10          	0.04272     	0.0001121   	0.0002295   	6.268e-05   
1510        	10          	0.03873     	9.996e-05   	0.0001204   	0.0002735   
1515        	10          	0.02473     	0.0001006   	4.039e-05   	0.0001403   
1520        	10          	0.01835     	9.993e-05   	0.0002504   	0.0002661   
1525        	10          	0.01262     	0.0001819   	0.000306    	5.581e-05   
1530        	10          	0.01569     	0.0001314   	0.0006334   	0.0002874   
1535        	10          	0.02393     	7.271e-05   	0.0005408   	0.0001749   
1540        	10          	0.02611     	0.0001136   	0.0002978   	0.0001593   
1545        	10          	0.02097     	6.692e-05   	0.000178    	0.000137    
1550        	10          	0.01601     	0.0001017   	0.0002713   	5.79e-05    
1555        	10          	0.02771     	0.0001074   	0.0002525   	0.0002847   
1560        	10          	0.0298      	0.0001324   	0.0002876   	0.0001211   
1565        	10          	0.03895     	0.0002853   	8.146e-05   	8.846e-05   
1570        	10          	0.02256     	8.555e-05   	0.0001942   	5.007e-05   
1575        	10          	0.02979     	0.0001487   	0.0002391   	0.0002342   
1580        	10          	0.01407     	0.0002498   	0.000363    	9.84e-05    
1585        	10          	0.01096     	0.0002062   	0.0002126   	0.0001672   
1590        	10          	0.01782     	5.918e-05   	0.0002275   	0.0001774   
1595        	10          	0.01946     	6.673e-05   	0.0001244   	0.0002725   
1600        	10          	0.01907     	0.0001196   	0.0004239   	0.000183    
1605        	10          	0.01644     	0.0001081   	0.0002239   	9.675e-05   
1610        	10          	0.03241     	0.0001768   	0.0002256   	0.0001039   
1615        	10          	0.01901     	6.175e-05   	0.0002235   	5.901e-05   
1620        	10          	0.02328     	0.0003493   	0.0003882   	0.0001113   
1625        	10          	0.02172     	8.199e-05   	9.965e-05   	0.000101    
1630        	10          	0.02634     	0.0001575   	0.0001205   	5.995e-05   
1635        	10          	0.014       	6.595e-05   	0.0002188   	8.983e-05   
1640        	10          	0.01739     	0.0001461   	0.0003544   	9.973e-05   
1645        	10          	0.02482     	5.568e-05   	0.0001461   	0.0001102   
1650        	10          	0.03454     	0.0002969   	0.0001134   	8.992e-05   
1655        	10          	0.04361     	0.0002394   	0.0003076   	8.526e-05   
1660        	10          	0.0464      	0.0001013   	0.0002073   	8.066e-05   
1665        	10          	0.0375      	7.512e-05   	0.000321    	5.754e-05   
1670        	10          	0.02846     	9.714e-05   	8.656e-05   	0.000175    
1675        	10          	0.03756     	0.0001417   	0.0004757   	0.0002074   
1680        	10          	0.02675     	0.0001833   	0.0001548   	0.0001309   
1685        	10          	0.03317     	0.0001126   	0.0001956   	0.0001109   
1690        	10          	0.03034     	0.0001107   	5.75e-05    	0.0001407   
1695        	10          	0.0174      	5.566e-05   	0.0002738   	0.0001036   
1700        	10          	0.03454     	0.0002069   	0.0003345   	6.902e-05   
1705        	10          	0.01897     	0.0001338   	9.15e-05    	4.059e-05   
1710        	10          	0.02593     	0.0001607   	0.0002432   	9.158e-05   
1715        	10          	0.03466     	1.921e-05   	0.0002516   	0.000145    
1720        	10          	0.04461     	0.0002197   	0.0003618   	0.0003137   
1725        	10          	0.03834     	0.0001109   	0.0003226   	0.0004433   
1730        	10          	0.03554     	0.0001272   	0.0005087   	0.0001787   
1735        	10          	0.03461     	0.0001251   	0.0004293   	7.783e-05   
1740        	10          	0.0324      	0.0001849   	0.0006051   	0.000119    
1745        	10          	0.02607     	0.0001291   	0.0004323   	0.0001924   
1750        	10          	0.0174      	0.0001902   	0.0003082   	0.0002095   
1755        	10          	0.01903     	0.0001028   	0.0001755   	7.774e-05   
1760        	10          	0.01436     	0.0001286   	0.0004849   	0.0003023   
1765        	10          	0.006736    	0.0001143   	0.0004655   	0.0001944   
1770        	10          	0.02928     	0.0002454   	0.0001715   	7.722e-05   
1775        	10          	0.01284     	0.0001437   	0.0002552   	0.0001042   
1780        	10          	0.0151      	0.0003458   	0.0005062   	9.08e-05    
1785        	10          	0.01774     	4.78e-05    	0.0004074   	0.000138    
1790        	10          	0.01456     	0.0001209   	0.0001659   	7.294e-05   
1795        	10          	0.008892    	6.643e-05   	0.0002713   	0.0001093   
1800        	10          	0.007414    	0.000254    	0.0001902   	7.974e-05   
1805        	10          	0.01051     	0.0003474   	0.0007303   	0.0001542   
1810        	10          	0.01067     	0.0002342   	0.0007488   	0.0002015   
1815        	10          	0.019       	0.0001847   	0.0002607   	6.718e-05   
1820        	10          	0.01501     	0.0001263   	0.0002454   	0.000184    
1825        	10          	0.02178     	0.0001758   	0.0004937   	0.0002078   
1830        	10          	0.01656     	0.0001176   	0.0003361   	0.0001941   
1835        	10          	0.02516     	0.0001373   	0.000328    	0.0001224   
1840        	10          	0.02123     	0.0001545   	0.0005363   	0.000196    
1845        	10          	0.02072     	7.876e-05   	0.0001331   	0.0002448   
1850        	10          	0.03271     	0.0004592   	0.001124    	3.079e-05   
1855        	10          	0.02977     	0.0001986   	0.0008305   	0.0004513   
1860        	10          	0.01543     	0.0001073   	0.0004298   	0.0001732   
1865        	10          	0.01349     	0.0002823   	0.0002843   	6.393e-05   
1870        	10          	0.02174     	0.0001638   	0.000149    	0.0001364   
1875        	10          	0.03017     	5.768e-05   	0.0004038   	0.0001273   
1880        	10          	0.02327     	0.0002033   	0.0005172   	7.631e-05   
1885        	10          	0.02422     	0.0001986   	0.000204    	0.0002413   
1890        	10          	0.02403     	9.313e-05   	0.0003268   	8.769e-05   
1895        	10          	0.03318     	0.0001844   	0.0002514   	0.0001201   
1900        	10          	0.02843     	0.0001478   	0.0003707   	0.0002009   
1905        	10          	0.03588     	0.00018     	0.0004114   	6.6e-05     
1910        	10          	0.0429      	0.0003447   	0.0008097   	3.848e-05   
1915        	10          	0.04295     	0.0001821   	0.0005035   	0.0001079   
1920        	10          	0.046       	0.0002885   	0.0008639   	5.332e-05   
1925        	10          	0.04094     	8.96e-05    	0.000443    	0.000309    
1930        	10          	0.04338     	0.0001947   	0.0003864   	0.0001611   
1935        	10          	0.0408      	9.851e-05   	0.0001764   	0.0001327   
1940        	10          	0.04366     	0.0001044   	0.000286    	0.0002205   
1945        	10          	0.04043     	8.526e-05   	0.000185    	8.271e-05   
1950        	10          	0.03018     	7.02e-05    	0.0002444   	9.258e-05   
1955        	10          	0.01057     	0.0001465   	0.0003772   	9.187e-05   
1960        	10          	0.01885     	0.0001571   	0.0002084   	9.693e-05   
1965        	10          	0.02413     	0.0002736   	0.0002208   	0.0001802   
1970        	10          	0.02818     	0.0001405   	0.0007623   	0.0001997   
1975        	10          	0.01611     	7.715e-05   	0.0001573   	0.0001899   
1980        	10          	0.01949     	0.0003588   	0.0005784   	0.0001315   
1985        	10          	0.008847    	0.0001379   	0.000671    	0.0001253   
1990        	10          	0.01464     	0.0001041   	0.0001821   	0.0003809   
1995        	10          	0.01132     	0.0002121   	0.0003138   	0.0002192   
2000        	10          	0.01336     	0.0001739   	0.000278    	0.0001702   
2005        	10          	0.01423     	0.0002398   	0.0005007   	0.0001716   
2010        	10          	0.01293     	4.837e-05   	0.0003877   	0.0004746   
2015        	10          	0.0101      	0.0001092   	0.0002176   	0.0001373   
2020        	10          	0.01601     	0.0001124   	0.0002949   	0.0002148   
2025        	10          	0.03054     	0.0002015   	0.0005496   	0.000125    
2030        	10          	0.03736     	0.000179    	0.0003196   	2.643e-05   
2035        	10          	0.01706     	0.00018     	0.0006123   	0.0001529   
2040        	10          	0.02111     	0.0001798   	0.0001933   	5.869e-05   
2045        	10          	0.02956     	7.344e-05   	0.0001036   	4.063e-05   
2050        	10          	0.02608     	0.0001091   	0.0005076   	0.0001613   
2055        	10          	0.03294     	0.0003739   	0.0007166   	8.121e-05   
2060        	10          	0.03877     	7.262e-05   	0.0002405   	8.92e-05    
2065        	10          	0.03371     	0.0002137   	0.000295    	3.752e-05   
2070        	10          	0.03229     	7.096e-05   	0.0002289   	4.63e-05    
2075        	10          	0.02919     	0.0001273   	0.0002286   	0.0001078   
2080        	10          	0.02125     	0.0001018   	0.0002231   	0.0001137   
2085        	10          	0.02575     	5.748e-05   	0.0001409   	9.916e-05   
2090        	10          	0.02479     	0.0002287   	0.0003786   	0.0002087   
2095        	10          	0.0233      	0.0003127   	0.0002494   	0.0001883   
2100        	10          	0.03157     	0.0002716   	0.0003345   	0.000125    
2105        	10          	0.02332     	0.0001252   	0.000325    	0.0001403   
2110        	10          	0.0195      	8.797e-05   	0.0003502   	0.0001523   
2115        	10          	0.02782     	0.0001768   	0.0002377   	0.0002987   
2120        	10          	0.02675     	0.000111    	8.683e-05   	6.466e-05   
2125        	10          	0.02257     	0.000146    	0.0003935   	0.000153    
2130        	10          	0.01968     	0.0001593   	0.0002764   	7.884e-05   
2135        	10          	0.02064     	0.0001757   	0.000273    	6.552e-05   
2140        	10          	0.009789    	0.0001203   	0.0003432   	0.0003214   
2145        	10          	0.009667    	0.0003921   	0.0003562   	8.319e-05   
2150        	10          	0.01021     	0.0001944   	0.0003003   	0.0001726   
2155        	10          	0.012       	0.0001597   	0.0001025   	9.417e-05   
2160        	10          	0.01807     	0.0002857   	0.0004535   	7.907e-05   
2165        	10          	0.01821     	5.914e-05   	0.00028     	7.664e-05   
2170        	10          	0.0206      	0.0001331   	0.0002157   	6.328e-05   
2175        	10          	0.01161     	6.881e-05   	0.0004438   	9.981e-05   
2180        	10          	0.0139      	0.0001316   	0.0005536   	0.0002193   
2185        	10          	0.01324     	0.0001906   	0.0008503   	0.000228    
2190        	10          	0.01673     	0.000348    	0.0003751   	0.0002398   
2195        	10          	0.02868     	0.0001017   	0.0003183   	0.0001281   
2200        	10          	0.01938     	6.737e-05   	0.0004747   	9.517e-05   
2205        	10          	0.02667     	9.053e-05   	0.000256    	0.0002802   
2210        	10          	0.03969     	0.0001395   	0.0001202   	7.528e-05   
2215        	10          	0.03222     	7.217e-05   	0.000369    	0.000155    
2220        	10          	0.02266     	9.964e-05   	6.935e-05   	0.0002731   
2225        	10          	0.02729     	0.0001333   	0.0005944   	0.0001519   
2230        	10          	0.02566     	0.0002003   	0.000481    	0.0001416   
2235        	10          	0.03694     	0.0001125   	0.0004392   	0.0002059   
2240        	10          	0.02256     	0.0001032   	0.0004691   	0.0001143   
2245        	10          	0.02711     	4.759e-05   	0.0004107   	0.0002353   
2250        	10          	0.0254      	8.719e-05   	7.317e-05   	0.0001069   
2255        	10          	0.02957     	0.0001176   	0.0007135   	0.0003134   
2260        	10          	0.01439     	0.0001371   	0.0002825   	0.0001989   
2265        	10          	0.0198      	0.0001456   	0.0003113   	4.966e-05   
2270        	10          	0.02228     	0.000242    	0.0006595   	8.485e-05   
2275        	10          	0.008447    	0.0002446   	0.000506    	0.0001137   
2280        	10          	0.01989     	9.17e-05    	0.0004799   	0.0001101   
2285        	10          	0.02327     	3.626e-05   	0.0001873   	0.0001042   
2290        	10          	0.02028     	6.84e-05    	0.0002531   	7.913e-05   
2295        	10          	0.01468     	7.571e-05   	0.0002897   	0.0001321   
2300        	10          	0.02211     	0.0001887   	0.0001227   	5.512e-05   
2305        	10          	0.02039     	8.297e-05   	0.0001617   	0.0001094   
2310        	10          	0.01534     	0.0001043   	0.0003711   	0.0001706   
2315        	10          	0.02636     	0.0001748   	0.0004194   	0.0001166   
2320        	10          	0.01988     	0.0001135   	0.0003829   	7.4e-05     
2325        	10          	0.02574     	0.0001589   	0.0004478   	4.97e-05    
2330        	10          	0.03058     	6.076e-05   	0.0004241   	6.37e-05    
2335        	10          	0.02949     	0.0001414   	0.0004133   	0.0002863   
2340        	10          	0.03271     	0.0003126   	0.0009363   	0.000225    
2345        	10          	0.02072     	4.144e-05   	0.0002931   	6.159e-05   
2350        	10          	0.01899     	7.849e-05   	0.0004472   	0.0001945   
2355        	10          	0.0181      	8.808e-05   	0.000853    	0.0002381   
2360        	10          	0.01856     	0.0002907   	0.0001237   	0.0001906   
2365        	10          	0.02323     	0.0002521   	0.0002116   	0.0001156   
2370        	10          	0.02894     	0.0001749   	0.0008114   	0.0001707   
2375        	10          	0.02261     	0.0001126   	0.0002748   	8.83e-05    
2380        	10          	0.01412     	0.0001466   	0.0003287   	0.0001349   
2385        	10          	0.01834     	0.0002892   	0.0003072   	5.537e-05   
2390        	10          	0.02036     	3.283e-05   	0.0002694   	8.915e-05   
2395        	10          	0.01689     	8.374e-05   	0.0002115   	0.0001076   
2400        	10          	0.02399     	0.0001016   	0.0001099   	9.917e-05   
2405        	10          	0.02262     	0.000185    	0.000432    	0.0001341   
2410        	10          	0.02788     	0.0001286   	0.0001536   	7.274e-05   
2415        	10          	0.03151     	9.487e-05   	8.921e-05   	6.496e-05   
2420        	10          	0.02184     	0.0001102   	0.0002663   	8.216e-05   
2425        	10          	0.02073     	8.562e-05   	0.0001752   	0.0001951   
2430        	10          	0.01484     	0.0001278   	0.0002236   	0.0001091   
2435        	10          	0.02211     	0.0002356   	0.0006426   	9.243e-05   
2440        	10          	0.02304     	0.0002033   	0.0001983   	0.0001405   
2445        	10          	0.03412     	0.0001234   	0.0005131   	0.0001214   
2450        	10          	0.0233      	0.000192    	0.0001805   	0.0001596   
2455        	10          	0.0243      	9.241e-05   	0.0003393   	0.0001101   
2460        	10          	0.02207     	0.0002194   	0.0002503   	6.108e-05   
2465        	10          	0.0181      	6.049e-05   	0.0001996   	0.0001421   
2470        	10          	0.02077     	0.0001504   	0.0004073   	0.0002541   
2475        	10          	0.01101     	9.841e-05   	0.0003852   	8.263e-05   
2480        	10          	0.0178      	8.583e-05   	0.0002363   	0.0001913   
2485        	10          	0.02207     	7.517e-05   	0.0001893   	0.0002362   
2490        	10          	0.02633     	0.0001698   	0.0004177   	2.333e-05   
2495        	10          	0.01994     	0.0001833   	0.000663    	0.0003075   
2500        	10          	0.03012     	0.0001237   	0.0002651   	0.0001586   
2505        	10          	0.03468     	0.0001554   	0.000644    	0.0001418   
2510        	10          	0.02941     	9.721e-05   	0.0004313   	0.0001409   
2515        	10          	0.02658     	0.000106    	0.0005465   	0.0002778   
2520        	10          	0.01951     	5.254e-05   	0.0001989   	9.599e-05   
2525        	10          	0.02932     	0.0001871   	0.0007284   	0.0001379   
2530        	10          	0.02739     	0.0002502   	0.0004331   	6.66e-05    
2535        	10          	0.02285     	7.658e-05   	9.671e-05   	9.889e-05   
2540        	10          	0.02471     	0.0001669   	0.0002567   	0.0001903   
2545        	10          	0.02795     	0.0001188   	0.000361    	0.0001401   
2550        	10          	0.02706     	0.0002914   	0.0004232   	0.0001061   
2555        	10          	0.02534     	0.0001346   	0.0003748   	0.0001091   
2560        	10          	0.04793     	1.641e-05   	0.0001758   	3.886e-05   
2565        	10          	0.04184     	0.0001139   	0.000437    	0.0001445   
2570        	10          	0.04267     	0.0001315   	0.0003755   	0.0002869   
2575        	10          	0.04632     	4.989e-05   	0.0001895   	0.0001309   
2580        	10          	0.04218     	5.07e-05    	8.479e-05   	4.467e-05   
2585        	10          	0.02377     	0.0001342   	0.00018     	0.0002299   
2590        	10          	0.03084     	8.187e-05   	0.0005528   	0.0001097   
2595        	10          	0.02125     	0.0002525   	0.0004518   	8.512e-05   
2600        	10          	0.02866     	4.596e-05   	0.0001013   	0.0001047   
2605        	10          	0.0243      	0.0001259   	0.000279    	0.0001034   
2610        	10          	0.02508     	0.0001335   	0.0004769   	7.978e-05   
2615        	10          	0.01071     	0.000112    	0.0005857   	0.0002743   
2620        	10          	0.01238     	6.527e-05   	0.0002011   	9.203e-05   
2625        	10          	0.01932     	9.916e-05   	0.0003005   	0.0001413   
2630        	10          	0.01696     	5.091e-05   	0.0002031   	7.536e-05   
2635        	10          	0.01968     	0.000135    	0.0003645   	0.0001266   
2640        	10          	0.01056     	0.0001085   	0.0003222   	0.0001211   
2645        	10          	0.015       	0.0002322   	0.000269    	0.0001536   
2650        	10          	0.01839     	4.049e-05   	0.0002462   	0.0002182   
2655        	10          	0.01443     	6.081e-05   	0.0003464   	0.0003212   
2660        	10          	0.01501     	0.0001905   	0.0004571   	6.813e-05   
2665        	10          	0.01714     	9.007e-05   	0.0003887   	0.0001251   
2670        	10          	0.01393     	0.0001548   	0.0006315   	0.0001629   
2675        	10          	0.02227     	0.000104    	0.0001346   	8.063e-05   
2680        	10          	0.0138      	9.413e-05   	0.0002861   	0.0001027   
2685        	10          	0.02044     	0.000247    	0.0003794   	0.0001323   
2690        	10          	0.01011     	0.0001591   	0.0005017   	9.782e-05   
2695        	10          	0.02277     	0.0001679   	0.0002499   	0.0001288   
2700        	10          	0.01782     	5.389e-05   	0.0003303   	0.0001032   
2705        	10          	0.02358     	0.0002192   	0.0002893   	8.532e-05   
2710        	10          	0.02517     	9.85e-05    	0.0003457   	0.000174    
2715        	10          	0.03766     	0.000117    	0.0004562   	0.000111    
2720        	10          	0.03106     	0.0001788   	0.0003311   	5.623e-05   
2725        	10          	0.03604     	8.198e-05   	0.0003468   	0.0001059   
2730        	10          	0.03228     	0.000101    	0.0003316   	4.074e-05   
2735        	10          	0.04388     	7.871e-05   	0.0002459   	0.0001482   
2740        	10          	0.02845     	0.0001424   	0.0004523   	0.0001094   
2745        	10          	0.02345     	0.000128    	0.0004532   	0.0001121   
2750        	10          	0.01924     	0.000183    	0.0002152   	0.0001348   
2755        	10          	0.0258      	0.0003887   	0.0007601   	0.0001176   
2760        	10          	0.02057     	0.0001296   	0.0004722   	8.5e-05     
2765        	10          	0.01649     	0.0001064   	0.0002179   	7.821e-05   
2770        	10          	0.01735     	0.0001372   	0.0002109   	0.0002163   
2775        	10          	0.01411     	0.0001314   	0.0001233   	6.816e-05   
2780        	10          	0.01316     	0.0002762   	0.0005136   	0.0001133   
2785        	10          	0.02799     	0.0001955   	0.0002284   	3.69e-05    
2790        	10          	0.01973     	0.0001325   	0.0003648   	4.304e-05   
2795        	10          	0.01077     	0.0001186   	0.0002832   	6.96e-05    
2800        	10          	0.009414    	0.0001494   	0.0002309   	0.0001546   
2805        	10          	0.005156    	9.496e-05   	0.0001541   	5.779e-05   
2810        	10          	0.005458    	0.0001052   	0.0002564   	7.82e-05    
2815        	10          	0.005456    	0.0001614   	0.0004892   	0.0002441   
2820        	10          	0.009344    	5.841e-05   	0.0003182   	9.72e-05    
2825        	10          	0.009681    	0.0001676   	0.000274    	0.0001112   
2830        	10          	0.009489    	7.824e-05   	0.0002106   	0.0002289   
2835        	10          	0.007956    	8.976e-05   	0.0004396   	8.733e-05   
2840        	10          	0.007725    	0.0003871   	0.0004283   	0.0002137   
2845        	10          	0.01019     	8.475e-05   	0.000231    	4.24e-05    
2850        	10          	0.01034     	9.819e-05   	0.0003625   	8.033e-05   
2855        	10          	0.005781    	0.0001125   	0.0002837   	0.0003193   
2860        	10          	0.01241     	0.0002006   	0.000167    	0.0001125   
2865        	10          	0.009211    	0.0001517   	0.0001255   	7.475e-05   
2870        	10          	0.01151     	6.281e-05   	0.0003385   	0.0002671   
2875        	10          	0.009722    	2.926e-05   	0.0002391   	7.801e-05   
2880        	10          	0.01022     	8.668e-05   	0.0002383   	0.0001191   
2885        	10          	0.01423     	9.59e-05    	0.0001245   	6.384e-05   
2890        	10          	0.01329     	0.0001509   	0.0003485   	6.859e-05   
2895        	10          	0.006669    	0.0001853   	0.0003392   	0.0001249   
2900        	10          	0.01317     	0.0002668   	0.000494    	6.262e-05   
2905        	10          	0.01254     	0.000102    	0.0002589   	7.143e-05   
2910        	10          	0.02557     	7.275e-05   	0.0002475   	6.219e-05   
2915        	10          	0.02582     	0.0001593   	0.000333    	0.0001337   
2920        	10          	0.0153      	7.093e-05   	0.0001602   	9.806e-05   
2925        	10          	0.01225     	0.0001684   	0.0003242   	0.0001396   
2930        	10          	0.01017     	0.0001625   	0.0003151   	8.407e-05   
2935        	10          	0.01761     	3.175e-05   	0.0005315   	0.0003169   
2940        	10          	0.009511    	0.0001212   	0.0002665   	0.0002277   
2945        	10          	0.01088     	0.000127    	0.000229    	0.0001007   
2950        	10          	0.0116      	0.0001643   	0.0001215   	0.000232    
2955        	10          	0.01886     	0.000128    	0.0002219   	0.0001699   
2960        	10          	0.01295     	0.0001852   	0.0001185   	5.844e-05   
2965        	10          	0.01516     	0.0002128   	0.0001078   	0.0001599   
2970        	10          	0.01754     	0.00011     	0.0002921   	0.0002196   
2975        	10          	0.01473     	0.0002155   	0.0004111   	0.0001129   
2980        	10          	0.01711     	0.0001909   	0.0002204   	0.0002568   
2985        	10          	0.02008     	8.222e-05   	0.0003408   	0.000386    
2990        	10          	0.01456     	0.0002937   	0.00048     	0.0002202   
2995        	10          	0.02114     	0.0001532   	0.0003465   	8.383e-05   
3000        	10          	0.03328     	0.0001735   	0.0006925   	7.277e-05   
3005        	10          	0.01818     	0.0001276   	0.0003394   	0.000123    
3010        	10          	0.02097     	0.0001626   	0.0002989   	0.000237    
3015        	10          	0.02386     	0.0001976   	0.0001436   	0.0001298   
3020        	10          	0.02861     	0.0001976   	0.0001681   	0.0001717   
3025        	10          	0.03739     	0.0002369   	0.0002844   	0.0001659   
3030        	10          	0.02854     	0.0003974   	0.0005111   	5.506e-05   
3035        	10          	0.02885     	0.0001976   	0.0004837   	7.393e-05   
3040        	10          	0.02912     	0.0001483   	0.0001198   	9.26e-05    
3045        	10          	0.02467     	0.0001089   	0.0001087   	8.623e-05   
3050        	10          	0.0296      	0.0002207   	0.0004199   	0.0001088   
3055        	10          	0.03649     	0.0003449   	0.0004726   	0.0001232   
3060        	10          	0.02751     	0.0001213   	0.0002122   	8.434e-05   
3065        	10          	0.01689     	0.0001268   	0.0002985   	9.967e-05   
3070        	10          	0.01971     	5.537e-05   	0.0002332   	0.0001752   
3075        	10          	0.02227     	0.0002176   	0.0001868   	9.893e-05   
3080        	10          	0.01324     	8.85e-05    	0.0002058   	0.0001677   
3085        	10          	0.01143     	0.0001138   	0.0001649   	6.567e-05   
3090        	10          	0.01018     	5.741e-05   	0.0002247   	4.82e-05    
3095        	10          	0.01719     	9.987e-05   	0.0002555   	6.562e-05   
3100        	10          	0.01567     	9.216e-05   	0.0001115   	0.0001706   
3105        	10          	0.01507     	2.61e-05    	7.209e-05   	9.878e-05   
3110        	10          	0.02106     	0.0001298   	0.000248    	0.0002292   
3115        	10          	0.02041     	9.355e-05   	0.0003081   	0.000445    
3120        	10          	0.01939     	0.0001586   	0.0004629   	0.0002537   
3125        	10          	0.01557     	0.0003456   	0.0002728   	7.946e-05   
3130        	10          	0.01684     	8.943e-05   	0.0004126   	0.0001798   
3135        	10          	0.024       	6.64e-05    	0.0002586   	0.0001878   
3140        	10          	0.01469     	0.0001739   	0.0002346   	0.000203    
3145        	10          	0.0186      	0.0001461   	0.0002344   	6.059e-05   
3150        	10          	0.022       	0.0001001   	0.000402    	7.044e-05   
3155        	10          	0.008181    	3.287e-05   	0.0003533   	0.0001531   
3160        	10          	0.008333    	4.828e-05   	0.0005745   	0.0002672   
3165        	10          	0.007414    	4.988e-05   	0.0002064   	0.0002143   
3170        	10          	0.01445     	0.0002346   	6.246e-05   	0.0002486   
3175        	10          	0.01875     	0.0001867   	0.0002084   	5.517e-05   
3180        	10          	0.02094     	0.0003214   	0.001068    	0.0001267   
3185        	10          	0.01568     	7.946e-05   	0.0005441   	0.0001256   
3190        	10          	0.01638     	0.0001822   	0.0003778   	0.0001644   
3195        	10          	0.01649     	0.0002566   	0.0004684   	0.0002869   
3200        	10          	0.009511    	5.672e-05   	0.000188    	0.0001651   
3205        	10          	0.01279     	7.521e-05   	0.000216    	0.0001912   
3210        	10          	0.01168     	0.000174    	0.0002731   	0.0001507   
3215        	10          	0.01139     	0.0001896   	0.0006375   	0.000101    
3220        	10          	0.01473     	0.0001439   	0.000548    	0.0001985   
3225        	10          	0.01441     	0.000102    	0.0004442   	9.898e-05   
3230        	10          	0.01283     	0.0001065   	0.0003653   	0.0001898   
3235        	10          	0.01991     	0.0001963   	0.0005401   	8.552e-05   
3240        	10          	0.01193     	9.47e-05    	9.063e-05   	0.0001665   
3245        	10          	0.01769     	3.679e-05   	0.0002081   	5.356e-05   
3250        	10          	0.02485     	0.0003395   	0.0002333   	0.0001398   
3255        	10          	0.01228     	0.0003307   	0.0003663   	7.427e-05   
3260        	10          	0.01813     	9.41e-05    	0.00042     	7.435e-05   
3265        	10          	0.01839     	8.211e-05   	0.0005252   	0.0001679   
3270        	10          	0.01114     	9.252e-05   	0.0004947   	0.0001351   
3275        	10          	0.01856     	9.835e-05   	0.0003139   	0.0001883   
3280        	10          	0.02278     	0.0001795   	0.0003083   	0.0001074   
3285        	10          	0.01734     	5.72e-05    	0.000179    	0.0001348   
3290        	10          	0.01745     	0.0001743   	0.0002374   	0.0001484   
3295        	10          	0.02349     	7.888e-05   	0.0002929   	4.591e-05   
3300        	10          	0.01932     	0.0001378   	0.0006534   	9.571e-05   
3305        	10          	0.01586     	0.0002382   	0.0004423   	0.000218    
3310        	10          	0.01538     	8.547e-05   	0.0002164   	0.000121    
3315        	10          	0.01341     	0.0001405   	0.0002796   	4.925e-05   
3320        	10          	0.01301     	0.0001363   	0.0006034   	0.0001268   
3325        	10          	0.01901     	0.0001187   	0.0005358   	0.000433    
3330        	10          	0.02816     	0.0002301   	0.0009183   	8.474e-05   
3335        	10          	0.01864     	0.0001798   	0.0002685   	6.423e-05   
3340        	10          	0.01718     	0.0001202   	0.0004809   	0.0001503   
3345        	10          	0.01701     	8.218e-05   	0.0001869   	7.074e-05   
3350        	10          	0.01954     	4.245e-05   	0.0003256   	0.0001136   
3355        	10          	0.0193      	0.0001625   	0.0003226   	0.0001599   
3360        	10          	0.02119     	0.0001026   	0.0003001   	0.0001414   
3365        	10          	0.03385     	0.0001847   	0.001127    	0.0002511   
3370        	10          	0.01677     	0.0002425   	0.0004324   	0.0001489   
3375        	10          	0.01929     	8.449e-05   	0.000159    	0.0001791   
3380        	10          	0.01716     	0.000159    	0.0005819   	0.0002365   
3385        	10          	0.01279     	0.0001409   	0.0001978   	0.0001349   
3390        	10          	0.01011     	6.947e-05   	0.000359    	0.0001335   
3395        	10          	0.01439     	0.0001146   	0.0005384   	0.0001207   
3400        	10          	0.01372     	3.343e-05   	0.0001478   	9.122e-05   
3405        	10          	0.01996     	0.0002037   	0.0004088   	0.0001423   
3410        	10          	0.02372     	0.0002318   	9.883e-05   	0.0001577   
3415        	10          	0.0214      	0.0001031   	0.0004331   	0.0001936   
3420        	10          	0.01749     	0.0001953   	0.0001645   	0.0002391   
3425        	10          	0.02086     	8.282e-05   	0.0003432   	0.0001442   
3430        	10          	0.0229      	0.0001085   	0.0003355   	0.0001651   
3435        	10          	0.02173     	0.0002154   	0.0004327   	0.0001172   
3440        	10          	0.02425     	0.0001524   	0.0004305   	0.0001742   
3445        	10          	0.01351     	0.000227    	0.001002    	0.0001555   
3450        	10          	0.02784     	0.000125    	9.126e-05   	5.947e-05   
3455        	10          	0.01679     	7.944e-05   	0.0003201   	0.0001527   
3460        	10          	0.01791     	4.647e-05   	0.0001557   	7.594e-05   
3465        	10          	0.01317     	0.0002454   	0.0003784   	4.663e-05   
3470        	10          	0.01434     	0.0001566   	0.0003637   	0.0003297   
3475        	10          	0.0118      	0.0001061   	9.984e-05   	0.0001371   
3480        	10          	0.01214     	5.342e-05   	0.0005772   	0.0001894   
3485        	10          	0.01738     	7.285e-05   	0.0004939   	7.41e-05    
3490        	10          	0.02306     	7.391e-05   	0.000207    	0.0001062   
3495        	10          	0.02941     	8.184e-05   	0.0002208   	6.343e-05   
3500        	10          	0.01756     	0.0001484   	0.0001921   	0.0001305   
3505        	10          	0.02323     	0.0001948   	0.0004001   	0.0001212   
3510        	10          	0.02539     	9.823e-05   	0.0004494   	0.0003491   
3515        	10          	0.02222     	8.212e-05   	6.24e-05    	7.61e-05    
3520        	10          	0.03123     	0.0002179   	0.0002228   	0.0002923   
3525        	10          	0.02901     	0.0002763   	0.0002924   	0.0002209   
3530        	10          	0.02638     	0.0001479   	0.0005094   	0.000221    
3535        	10          	0.0233      	9.07e-05    	0.0001113   	0.0001433   
3540        	10          	0.01752     	0.0001362   	0.0003189   	0.0003708   
3545        	10          	0.0218      	0.0001295   	0.0001329   	0.0001276   
3550        	10          	0.0293      	9.856e-05   	0.0003513   	4.116e-05   
3555        	10          	0.05207     	0.000216    	0.0006152   	0.0001668   
3560        	10          	0.03861     	0.0001896   	0.0003964   	0.0001512   
3565        	10          	0.01991     	0.0001178   	0.0002523   	0.0001132   
3570        	10          	0.03058     	0.0001438   	0.0005115   	0.0001532   
3575        	10          	0.02689     	7.569e-05   	0.0003853   	0.0001072   
3580        	10          	0.01979     	9.334e-05   	0.0003286   	9.697e-05   
3585        	10          	0.02719     	0.0001508   	0.0002456   	0.0002469   
3590        	10          	0.01688     	7.275e-05   	0.0001724   	7.504e-05   
3595        	10          	0.02212     	0.0002438   	0.0004711   	0.0001838   
3600        	10          	0.01891     	0.0004237   	0.0004521   	0.0001377   
3605        	10          	0.01571     	0.0001633   	0.0003495   	8.903e-05   
3610        	10          	0.01161     	0.0002865   	0.0002914   	6.531e-05   
3615        	10          	0.01444     	4.835e-05   	0.0001819   	0.0002246   
3620        	10          	0.01375     	0.0001533   	0.00048     	0.0002112   
3625        	10          	0.01568     	0.0001556   	0.0002686   	0.0001812   
3630        	10          	0.01769     	0.0001342   	0.0003213   	0.0003132   
3635        	10          	0.01511     	0.0001694   	0.0005956   	0.0002186   
3640        	10          	0.01789     	0.0003263   	0.0003836   	0.0001264   
3645        	10          	0.02869     	0.0001788   	0.0005142   	0.0001449   
3650        	10          	0.01268     	0.0001929   	0.0006923   	8.882e-05   
3655        	10          	0.01479     	0.0001174   	0.0005971   	9.286e-05   
3660        	10          	0.02506     	0.0001081   	0.0002575   	0.0002365   
3665        	10          	0.01662     	6.826e-05   	0.0004141   	0.0001838   
3670        	10          	0.01974     	8.233e-05   	0.0003905   	0.0001214   
3675        	10          	0.0226      	0.0001908   	0.0001735   	3.721e-05   
3680        	10          	0.03169     	0.0002248   	0.0003578   	0.0002805   
3685        	10          	0.02423     	0.000136    	9.425e-05   	3.614e-05   
3690        	10          	0.01519     	0.0002317   	0.0003121   	0.0006662   
3695        	10          	0.01196     	0.0001047   	0.0003383   	0.0002771   
3700        	10          	0.01068     	0.0001995   	0.0004834   	0.0002429   
3705        	10          	0.01908     	7.395e-05   	0.0001223   	0.0001591   
3710        	10          	0.01501     	0.0003287   	0.0005061   	0.0001707   
3715        	10          	0.01806     	3.086e-05   	0.0003319   	0.0001962   
3720        	10          	0.01182     	5.597e-05   	0.0004399   	0.000207    
3725        	10          	0.01649     	8.557e-05   	0.0003273   	0.0002822   
3730        	10          	0.01061     	0.0001401   	0.0006671   	7.047e-05   
3735        	10          	0.01822     	7.987e-05   	0.0004044   	0.0001895   
3740        	10          	0.01704     	0.0001313   	0.0005649   	0.0002691   
3745        	10          	0.01414     	0.0002272   	0.0005414   	0.0001893   
3750        	10          	0.0113      	0.0001117   	0.0003261   	0.0001926   
3755        	10          	0.01128     	0.0002034   	0.0002242   	0.0002683   
3760        	10          	0.009767    	0.0001435   	0.0003035   	0.0002364   
3765        	10          	0.02179     	9.683e-05   	0.0002057   	6.875e-05   
3770        	10          	0.02021     	7.322e-05   	0.0002587   	8.298e-05   
3775        	10          	0.02332     	0.0001912   	0.0007338   	7.871e-05   
3780        	10          	0.021       	0.0001776   	0.0005443   	8.112e-05   
3785        	10          	0.01191     	3.768e-05   	0.0004084   	8.039e-05   
3790        	10          	0.01358     	9.641e-05   	0.0007773   	0.0001607   
3795        	10          	0.0059      	3.976e-05   	0.0004796   	0.0002353   
3800        	10          	0.0056      	0.0001823   	0.0004107   	0.0002786   
3805        	10          	0.009511    	0.0001372   	0.0001784   	6.778e-05   
3810        	10          	0.01636     	9.854e-05   	0.0002606   	0.000169    
3815        	10          	0.007781    	0.0001034   	0.0006774   	0.0001157   
3820        	10          	0.01062     	7.43e-05    	0.0003253   	0.0001227   
3825        	10          	0.009614    	7.925e-05   	0.000219    	3.262e-05   
3830        	10          	0.01445     	0.0001158   	0.0003819   	5.651e-05   
3835        	10          	0.008069    	0.0001447   	9.761e-05   	0.0001419   
3840        	10          	0.01275     	0.0001132   	0.0001659   	0.0001159   
3845        	10          	0.01612     	9.607e-05   	0.0001382   	9.882e-05   
3850        	10          	0.008736    	0.000198    	0.0001371   	0.0001363   
3855        	10          	0.004969    	0.0001476   	0.0003018   	0.0001343   
3860        	10          	0.0096      	0.0001725   	0.0001695   	0.0001271   
3865        	10          	0.01496     	9.666e-05   	0.0001525   	7.242e-05   
3870        	10          	0.01934     	0.0001001   	0.0001184   	4.766e-05   
3875        	10          	0.01417     	0.0001365   	0.0001675   	9.882e-05   
3880        	10          	0.01951     	0.0001432   	0.0001777   	0.0002104   
3885        	10          	0.01629     	0.0001387   	0.000121    	8.991e-05   
3890        	10          	0.01421     	3.133e-05   	0.0002986   	3.669e-05   
3895        	10          	0.009469    	8.454e-05   	0.0001169   	6.685e-05   
3900        	10          	0.01328     	8.768e-05   	0.0001377   	0.0001796   
3905        	10          	0.002878    	0.0001836   	0.0005296   	0.0001014   
3910        	10          	0.006444    	5.409e-05   	0.0004156   	0.0001173   
3915        	10          	0.01067     	0.0001321   	0.0002669   	6.099e-05   
3920        	10          	0.006581    	0.0002325   	0.0002747   	5.269e-05   
3925        	10          	0.004011    	0.0001365   	0.0004957   	0.0001874   
3930        	10          	0.005669    	0.000124    	0.0004701   	0.0002195   
3935        	10          	0.005544    	0.0001364   	0.0002333   	0.0001909   
3940        	10          	0.004156    	0.0001981   	0.0002194   	0.0001092   
3945        	10          	0.009836    	4.958e-05   	8.763e-05   	0.0001122   
3950        	10          	0.008322    	4.98e-05    	0.00011     	0.000154    
3955        	10          	0.006611    	0.0001273   	0.0003723   	0.0001076   
3960        	10          	0.006558    	5.398e-05   	0.0001057   	0.0001357   
3965        	10          	0.01164     	0.0001434   	0.000201    	0.0001012   
3970        	10          	0.006544    	0.0001657   	0.0002154   	0.0001207   
3975        	10          	0.01004     	7.018e-05   	0.0002429   	0.0001482   
3980        	10          	0.01411     	0.0002092   	0.0003131   	0.0001087   
3985        	10          	0.01107     	8.705e-05   	0.0002391   	6.148e-05   
3990        	10          	0.01166     	0.0001083   	0.0001103   	0.0001745   
3995        	10          	0.01085     	7.55e-05    	0.0004204   	0.0001323   
4000        	10          	0.01434     	9.281e-05   	0.0003478   	0.0002455   
4005        	10          	0.01484     	0.0003739   	0.0001644   	0.0001019   
4010        	10          	0.01334     	0.0008383   	0.0002881   	0.0002521   
4015        	10          	0.009489    	0.0003985   	0.0009303   	0.000125    
4020        	10          	0.007447    	0.0009863   	0.0006536   	9.018e-05   
4025        	10          	0.01029     	0.001865    	0.002066    	0.0002048   
4030        	10          	0.006711    	0.002692    	0.004908    	0.0001283   
4035        	10          	0.007969    	0.004463    	0.00276     	0.0001382   
4040        	10          	0.006447    	0.003797    	0.001914    	6.175e-05   
4045        	10          	0.01004     	0.003475    	0.001946    	9.717e-05   
4050        	10          	0.01106     	0.003024    	0.002492    	4.519e-05   
4055        	10          	0.003903    	0.003812    	0.003116    	6.209e-05   
4060        	10          	0.008058    	0.003462    	0.003614    	9.868e-05   
4065        	10          	0.007778    	0.003412    	0.003493    	7.658e-05   
4070        	10          	0.0065      	0.004723    	0.004115    	0.0001477   
4075        	10          	0.006933    	0.004744    	0.005558    	0.0001      
4080        	10          	0.0039      	0.004227    	0.00439     	0.0001251   
4085        	10          	0.01146     	0.004552    	0.004571    	0.0001199   
4090        	10          	0.008025    	0.004191    	0.004313    	0.0003608   
4095        	10          	0.005292    	0.004078    	0.003749    	0.0001394   
4100        	10          	0.004556    	0.003601    	0.003244    	0.000234    
4105        	10          	0.007914    	0.003867    	0.002928    	0.0002211   
4110        	10          	0.007747    	0.004055    	0.003825    	9.451e-05   
4115        	10          	0.01118     	0.004728    	0.004736    	4.463e-05   
4120        	10          	0.008778    	0.004002    	0.003438    	0.0001433   
4125        	10          	0.01069     	0.003771    	0.004158    	0.0001909   
4130        	10          	0.009489    	0.00539     	0.00408     	0.0001125   
4135        	10          	0.01008     	0.003539    	0.003204    	0.0001047   
4140        	10          	0.004392    	0.004771    	0.004779    	0.000116    
4145        	10          	0.01034     	0.004908    	0.004906    	0.0002628   
4150        	10          	0.01323     	0.006017    	0.006635    	0.0001994   
4155        	10          	0.009303    	0.005432    	0.008463    	0.0002392   
4160        	10          	0.01307     	0.005716    	0.005898    	0.0002124   
4165        	10          	0.007344    	0.005525    	0.00662     	0.0001228   
4170        	10          	0.01273     	0.005846    	0.006797    	0.0002162   
4175        	10          	0.01254     	0.004802    	0.005907    	0.0009682   
4180        	10          	0.009169    	0.005281    	0.005837    	0.0002626   
4185        	10          	0.0139      	0.008801    	0.01067     	0.000199    
4190        	10          	0.01141     	0.005628    	0.007313    	9.287e-05   
4195        	10          	0.01071     	0.004585    	0.00383     	0.0001208   
4200        	10          	0.008014    	0.003858    	0.006332    	0.0001752   
4205        	10          	0.0099      	0.004835    	0.005193    	7.933e-05   
4210        	10          	0.01612     	0.005199    	0.006156    	6.888e-05   
4215        	10          	0.007544    	0.006181    	0.005348    	0.0001237   
4220        	10          	0.006414    	0.004655    	0.006468    	0.0002282   
4225        	10          	0.007636    	0.005229    	0.00661     	0.000167    
4230        	10          	0.01146     	0.003613    	0.005024    	0.0002753   
4235        	10          	0.01173     	0.004835    	0.005655    	0.0002208   
4240        	10          	0.009247    	0.004018    	0.004179    	9.597e-05   
4245        	10          	0.009011    	0.002733    	0.002274    	0.0002147   
4250        	10          	0.01027     	0.003953    	0.003474    	0.0003545   
4255        	10          	0.0094      	0.003198    	0.002554    	0.0001441   
4260        	10          	0.008781    	0.004249    	0.003948    	9.518e-05   
4265        	10          	0.01161     	0.002231    	0.002754    	9.705e-05   
4270        	10          	0.004358    	0.00324     	0.003094    	0.0002707   
4275        	10          	0.003622    	0.00406     	0.00365     	0.0005105   
4280        	10          	0.004344    	0.003044    	0.002619    	0.0001589   
4285        	10          	0.006414    	0.003746    	0.003602    	0.0001772   
4290        	10          	0.001792    	0.004034    	0.003666    	0.0002446   
4295        	10          	0.002447    	0.003217    	0.005241    	9.21e-05    
4300        	10          	0.003169    	0.003381    	0.003465    	0.000121    
4305        	10          	0.003767    	0.005515    	0.004941    	0.0001396   
4310        	10          	0.004789    	0.006063    	0.00449     	9.655e-05   
4315        	10          	0.006622    	0.006841    	0.00562     	8.408e-05   
4320        	10          	0.005789    	0.004883    	0.005668    	0.0001303   
4325        	10          	0.008011    	0.005134    	0.008305    	0.0002288   
4330        	10          	0.007469    	0.006853    	0.009517    	7.161e-05   
4335        	10          	0.0065      	0.008186    	0.01011     	0.0001137   
4340        	10          	0.01111     	0.009868    	0.01241     	0.0001064   
4345        	10          	0.009069    	0.01009     	0.01028     	0.0003166   
4350        	10          	0.006914    	0.009688    	0.01089     	0.000326    
4355        	10          	0.009789    	0.008714    	0.01179     	0.0001566   
4360        	10          	0.005767    	0.0101      	0.0102      	0.0001179   
4365        	10          	0.005192    	0.01242     	0.01147     	0.0001684   
4370        	10          	0.005178    	0.01102     	0.009694    	0.0001974   
4375        	10          	0.004789    	0.01366     	0.01044     	0.00019     
4380        	10          	0.01158     	0.009174    	0.008623    	0.0003742   
4385        	10          	0.004169    	0.009195    	0.007995    	0.0004828   
4390        	10          	0.005178    	0.008048    	0.008167    	0.0002109   
4395        	10          	0.006289    	0.00893     	0.008345    	0.0003269   
4400        	10          	0.01428     	0.007506    	0.006145    	0.0001789   
4405        	10          	0.01225     	0.01097     	0.008013    	0.0001601   
4410        	10          	0.006822    	0.008552    	0.007523    	0.0001861   
4415        	10          	0.007544    	0.007268    	0.007432    	0.0001819   
4420        	10          	0.005692    	0.005657    	0.006118    	0.0002969   
4425        	10          	0.009247    	0.005711    	0.005834    	0.0001611   
4430        	10          	0.01179     	0.006927    	0.007382    	0.000163    
4435        	10          	0.01029     	0.007389    	0.007615    	6.255e-05   
4440        	10          	0.01158     	0.006042    	0.006302    	8.909e-05   
4445        	10          	0.007456    	0.007533    	0.00692     	0.000211    
4450        	10          	0.009781    	0.008779    	0.006898    	0.0001583   
4455        	10          	0.01097     	0.0069      	0.006952    	0.0002001   
4460        	10          	0.009903    	0.007147    	0.006326    	0.0001726   
4465        	10          	0.01346     	0.006775    	0.006124    	9.622e-05   
4470        	10          	0.01261     	0.005294    	0.005505    	0.0002368   
4475        	10          	0.007525    	0.006705    	0.004288    	0.000175    
4480        	10          	0.0189      	0.007564    	0.006693    	0.0001286   
4485        	10          	0.01817     	0.008253    	0.00662     	0.0001429   
4490        	10          	0.01662     	0.009741    	0.007545    	9.322e-05   
4495        	10          	0.0121      	0.006967    	0.006628    	8.008e-05   
4500        	10          	0.01332     	0.004789    	0.004704    	0.0001853   
4505        	10          	0.008822    	0.00428     	0.005359    	0.0002232   
4510        	10          	0.008044    	0.00554     	0.006652    	0.0002808   
4515        	10          	0.009447    	0.005684    	0.004349    	0.0002267   
4520        	10          	0.01079     	0.005068    	0.004129    	4.545e-05   
4525        	10          	0.01029     	0.004373    	0.005036    	0.0002392   
4530        	10          	0.007081    	0.006308    	0.005092    	0.0001355   
4535        	10          	0.004192    	0.00706     	0.004762    	0.0001895   
4540        	10          	0.01102     	0.007117    	0.004802    	0.000237    
4545        	10          	0.01027     	0.007752    	0.004855    	0.000222    
4550        	10          	0.01778     	0.005052    	0.005565    	0.0001348   
4555        	10          	0.01761     	0.006125    	0.009641    	0.0002619   
4560        	10          	0.01018     	0.008055    	0.009095    	0.0001966   
4565        	10          	0.009878    	0.009478    	0.007316    	0.0001379   
4570        	10          	0.01633     	0.01118     	0.007672    	0.0001005   
4575        	10          	0.013       	0.009694    	0.00906     	0.0001412   
4580        	10          	0.01573     	0.01114     	0.01185     	0.0002006   
4585        	10          	0.008281    	0.00736     	0.01012     	0.0001835   
4590        	10          	0.01828     	0.008793    	0.01101     	0.0001128   
4595        	10          	0.0153      	0.006951    	0.008273    	0.0001983   
4600        	10          	0.008656    	0.006785    	0.007347    	0.0002027   
4605        	10          	0.008414    	0.006894    	0.008435    	0.0003696   
4610        	10          	0.007747    	0.00835     	0.009414    	0.0001664   
4615        	10          	0.01156     	0.006762    	0.00879     	9.335e-05   
4620        	10          	0.007044    	0.005456    	0.007039    	6.586e-05   
4625        	10          	0.01043     	0.004903    	0.00605     	0.0001654   
4630        	10          	0.01638     	0.005312    	0.006619    	0.0001823   
4635        	10          	0.01279     	0.002674    	0.005003    	0.0001146   
4640        	10          	0.008767    	0.004782    	0.006153    	0.0002578   
4645        	10          	0.009225    	0.004969    	0.003832    	0.0001351   
4650        	10          	0.005003    	0.005308    	0.006207    	0.0001162   
4655        	10          	0.006122    	0.005699    	0.004447    	0.0002066   
4660        	10          	0.01072     	0.004457    	0.004965    	0.000131    
4665        	10          	0.008403    	0.00455     	0.004976    	0.0002904   
4670        	10          	0.008447    	0.004056    	0.004313    	0.000241    
4675        	10          	0.01264     	0.003794    	0.004553    	0.0001187   
4680        	10          	0.01483     	0.002876    	0.003135    	0.0001912   
4685        	10          	0.009569    	0.003765    	0.003046    	0.0001917   
4690        	10          	0.01994     	0.003794    	0.004299    	0.0001791   
4695        	10          	0.009678    	0.003769    	0.003947    	0.0001035   
4700        	10          	0.006678    	0.003277    	0.002686    	0.0003436   
4705        	10          	0.01507     	0.00381     	0.004873    	0.0002153   
4710        	10          	0.009011    	0.002878    	0.004281    	0.0002315   
4715        	10          	0.01596     	0.003123    	0.004469    	0.0001765   
4720        	10          	0.01297     	0.004728    	0.004467    	0.0001691   
4725        	10          	0.01119     	0.004427    	0.005299    	0.0001514   
4730        	10          	0.01085     	0.004232    	0.004653    	6.302e-05   
4735        	10          	0.008836    	0.004913    	0.005354    	0.0001951   
4740        	10          	0.01177     	0.005632    	0.006186    	0.000101    
4745        	10          	0.01089     	0.00597     	0.006512    	0.0002952   
4750        	10          	0.01118     	0.006474    	0.006466    	0.0001588   
4755        	10          	0.01958     	0.00615     	0.006185    	0.0001789   
4760        	10          	0.01504     	0.005832    	0.007992    	0.0001841   
4765        	10          	0.01634     	0.005818    	0.006125    	0.0002439   
4770        	10          	0.01134     	0.004628    	0.004184    	4.876e-05   
4775        	10          	0.01064     	0.003975    	0.00519     	0.0001319   
4780        	10          	0.01036     	0.003774    	0.004749    	9.521e-05   
4785        	10          	0.01816     	0.005624    	0.005266    	6.162e-05   
4790        	10          	0.01351     	0.006142    	0.00611     	0.0002798   
4795        	10          	0.021       	0.005734    	0.005262    	0.0001154   
4800        	10          	0.02557     	0.00482     	0.003638    	0.0001795   
4805        	10          	0.01791     	0.004071    	0.004161    	0.0002833   
4810        	10          	0.01693     	0.002297    	0.004699    	0.0002084   
4815        	10          	0.008725    	0.002569    	0.004393    	7.567e-05   
4820        	10          	0.007511    	0.002832    	0.002846    	0.0001664   
4825        	10          	0.017       	0.003055    	0.002813    	6.042e-05   
4830        	10          	0.01573     	0.002814    	0.002499    	0.0001109   
4835        	10          	0.01347     	0.002735    	0.002571    	0.0001329   
4840        	10          	0.01174     	0.002439    	0.003378    	0.0003584   
4845        	10          	0.01044     	0.003888    	0.003567    	0.0001917   
4850        	10          	0.009836    	0.002848    	0.003139    	0.0001068   
4855        	10          	0.01235     	0.003504    	0.002747    	0.0001096   
4860        	10          	0.01451     	0.002841    	0.002699    	0.000169    
4865        	10          	0.009136    	0.002858    	0.003016    	0.0001704   
4870        	10          	0.01295     	0.004069    	0.003403    	0.000128    
4875        	10          	0.01243     	0.002765    	0.003057    	0.0001183   
4880        	10          	0.01254     	0.003037    	0.003404    	0.000157    
4885        	10          	0.01172     	0.003467    	0.003283    	0.0001755   
4890        	10          	0.01304     	0.003327    	0.003299    	0.0001234   
4895        	10          	0.01077     	0.00355     	0.002891    	0.0001637   
4900        	10          	0.009681    	0.003346    	0.003142    	0.0005143   
4905        	10          	0.01328     	0.003034    	0.003014    	0.000159    
4910        	10          	0.01184     	0.002983    	0.002252    	0.0002039   
4915        	10          	0.02046     	0.003075    	0.002481    	0.000341    
4920        	10          	0.01335     	0.00357     	0.002866    	0.0002213   
4925        	10          	0.01134     	0.002896    	0.003849    	0.0003646   
4930        	10          	0.01146     	0.003805    	0.004261    	6.684e-05   
4935        	10          	0.009525    	0.00405     	0.003706    	0.00028     
4940        	10          	0.01222     	0.004006    	0.00421     	6.877e-05   
4945        	10          	0.01769     	0.003298    	0.004415    	0.0002624   
4950        	10          	0.023       	0.003117    	0.003442    	0.0001545   
4955        	10          	0.01875     	0.00245     	0.003512    	9.356e-05   
4960        	10          	0.02001     	0.003305    	0.003029    	0.0003354   
4965        	10          	0.017       	0.003384    	0.003594    	9.422e-05   
4970        	10          	0.01186     	0.002698    	0.003001    	0.0002171   
4975        	10          	0.007956    	0.002396    	0.004268    	0.0002867   
4980        	10          	0.01413     	0.002918    	0.005451    	0.0001531   
4985        	10          	0.01125     	0.002851    	0.003973    	0.0001052   
4990        	10          	0.01411     	0.002447    	0.002785    	0.0001066   
4995        	10          	0.01928     	0.002651    	0.004008    	9.926e-05   
5000        	10          	0.005656    	0.003432    	0.004163    	0.0002355   
