generation  	alive.rpl   	n.adlt.rs   	n.adlt.fst.wc_p1-2	n.adlt.fst.wc_p1-3	n.adlt.fst.wc_p2-3
4           	10          	17.93       	0.007929    	0.01286     	0.01036     
8           	10          	16.66       	0.0159      	0.02559     	0.01503     
12          	10          	15.71       	0.02095     	0.03271     	0.01661     
16          	10          	14.98       	0.02025     	0.03826     	0.02185     
20          	10          	14.28       	0.02621     	0.04306     	0.0179      
24          	10          	13.71       	0.02185     	0.04075     	0.01897     
28          	10          	13.34       	0.01881     	0.0465      	0.02314     
32          	10          	12.75       	0.02117     	0.04518     	0.02381     
36          	10          	12.29       	0.02205     	0.04642     	0.02159     
40          	10          	11.81       	0.02056     	0.04986     	0.02478     
44          	10          	11.52       	0.01676     	0.04301     	0.02226     
48          	10          	11          	0.021       	0.04456     	0.02261     
52          	10          	10.77       	0.01922     	0.0458      	0.01777     
56          	10          	10.43       	0.02202     	0.04692     	0.01996     
60          	10          	10.27       	0.01961     	0.04493     	0.02547     
64          	10          	9.917       	0.02159     	0.04814     	0.02217     
68          	10          	9.673       	0.0207      	0.04811     	0.02519     
72          	10          	9.457       	0.02256     	0.04924     	0.02347     
76          	10          	9.205       	0.02177     	0.05147     	0.02254     
80          	10          	8.915       	0.02851     	0.05267     	0.02338     
84          	10          	8.752       	0.03055     	0.05096     	0.02085     
88          	10          	8.563       	0.02493     	0.04943     	0.02248     
92          	10          	8.323       	0.02171     	0.04644     	0.01995     
96          	10          	8.148       	0.02053     	0.05008     	0.02497     
100         	10          	7.935       	0.02151     	0.0462      	0.02345     
104         	10          	7.873       	0.02114     	0.04065     	0.02091     
108         	10          	7.635       	0.02349     	0.04392     	0.01843     
112         	10          	7.483       	0.02081     	0.04886     	0.027       
116         	10          	7.32        	0.02478     	0.0499      	0.02058     
120         	10          	7.173       	0.02399     	0.04243     	0.01783     
124         	10          	7.092       	0.02323     	0.04647     	0.02023     
128         	10          	6.882       	0.02438     	0.04857     	0.0223      
132         	10          	6.817       	0.02057     	0.04824     	0.02138     
136         	10          	6.71        	0.02175     	0.04576     	0.01571     
140         	10          	6.555       	0.02262     	0.04589     	0.01998     
144         	10          	6.448       	0.02436     	0.04908     	0.02075     
148         	10          	6.355       	0.02363     	0.04755     	0.02284     
152         	10          	6.307       	0.02414     	0.05042     	0.02162     
156         	10          	6.21        	0.02424     	0.04606     	0.02279     
160         	10          	6.133       	0.01896     	0.04214     	0.01932     
164         	10          	6.04        	0.02255     	0.04574     	0.02226     
168         	10          	5.993       	0.02379     	0.04755     	0.0251      
172         	10          	5.905       	0.02003     	0.04199     	0.02208     
176         	10          	5.84        	0.01876     	0.03789     	0.02197     
180         	10          	5.815       	0.01939     	0.04169     	0.01964     
184         	10          	5.76        	0.01985     	0.04442     	0.02268     
188         	10          	5.67        	0.02205     	0.04334     	0.02347     
192         	10          	5.608       	0.02386     	0.04442     	0.02003     
196         	10          	5.583       	0.02306     	0.04607     	0.02093     
200         	10          	5.497       	0.02622     	0.04881     	0.02365     
204         	10          	5.452       	0.02243     	0.0439      	0.02215     
208         	10          	5.407       	0.02477     	0.04875     	0.02838     
212         	10          	5.333       	0.02115     	0.05022     	0.02536     
216         	10          	5.278       	0.02388     	0.04362     	0.01942     
220         	10          	5.262       	0.02464     	0.04425     	0.02077     
224         	10          	5.227       	0.02272     	0.04447     	0.02235     
228         	10          	5.13        	0.02277     	0.0474      	0.02267     
232         	10          	5.057       	0.02781     	0.05391     	0.02816     
236         	10          	5.055       	0.02461     	0.04748     	0.02443     
240         	10          	4.948       	0.02196     	0.05245     	0.02611     
244         	10          	4.877       	0.02417     	0.05549     	0.02672     
248         	10          	4.827       	0.02306     	0.04593     	0.02706     
252         	10          	4.783       	0.02142     	0.05552     	0.02359     
256         	10          	4.738       	0.02458     	0.04852     	0.02533     
260         	10          	4.757       	0.0222      	0.0463      	0.02218     
264         	10          	4.64        	0.02484     	0.04503     	0.01887     
268         	10          	4.633       	0.02741     	0.0523      	0.02399     
272         	10          	4.677       	0.02128     	0.04308     	0.02155     
276         	10          	4.625       	0.01835     	0.04012     	0.01928     
280         	10          	4.623       	0.02318     	0.04731     	0.02284     
284         	10          	4.562       	0.02718     	0.0475      	0.01929     
288         	10          	4.533       	0.02215     	0.04526     	0.01618     
292         	10          	4.528       	0.02422     	0.04609     	0.01745     
296         	10          	4.445       	0.02328     	0.04623     	0.02063     
300         	10          	4.433       	0.02469     	0.05502     	0.02004     
304         	10          	4.37        	0.02654     	0.05527     	0.01804     
308         	10          	4.338       	0.02615     	0.05455     	0.01851     
312         	10          	4.373       	0.02339     	0.05205     	0.02164     
316         	10          	4.292       	0.02189     	0.04656     	0.02477     
320         	10          	4.26        	0.02231     	0.04667     	0.02397     
324         	10          	4.235       	0.01899     	0.04693     	0.02081     
328         	10          	4.245       	0.02917     	0.05231     	0.0189      
332         	10          	4.192       	0.02506     	0.05115     	0.02624     
336         	10          	4.178       	0.01942     	0.04347     	0.02358     
340         	10          	4.128       	0.02059     	0.04816     	0.02591     
344         	10          	4.102       	0.02139     	0.04432     	0.02068     
348         	10          	4.052       	0.02318     	0.04271     	0.0198      
352         	10          	4.105       	0.02381     	0.04714     	0.01828     
356         	10          	4.04        	0.02359     	0.04657     	0.01605     
360         	10          	3.987       	0.02257     	0.04968     	0.02297     
364         	10          	4.015       	0.02143     	0.04643     	0.02052     
368         	10          	3.973       	0.02449     	0.05235     	0.0227      
372         	10          	3.938       	0.02211     	0.04971     	0.02056     
376         	10          	3.932       	0.02566     	0.05326     	0.01916     
380         	10          	3.927       	0.02478     	0.0442      	0.01837     
384         	10          	3.873       	0.02328     	0.04348     	0.02054     
388         	10          	3.852       	0.02531     	0.05005     	0.02585     
392         	10          	3.847       	0.02574     	0.05304     	0.01863     
396         	10          	3.78        	0.02267     	0.05587     	0.02303     
400         	10          	3.758       	0.02631     	0.04858     	0.02191     
404         	10          	3.773       	0.01683     	0.04519     	0.01916     
408         	10          	3.823       	0.02477     	0.05424     	0.0302      
412         	10          	3.782       	0.01929     	0.05034     	0.02191     
416         	10          	3.777       	0.01854     	0.04304     	0.01883     
420         	10          	3.755       	0.01886     	0.04191     	0.02317     
424         	10          	3.75        	0.01495     	0.03911     	0.02255     
428         	10          	3.753       	0.01232     	0.03992     	0.01946     
432         	10          	3.735       	0.01978     	0.04623     	0.02506     
436         	10          	3.717       	0.02159     	0.04418     	0.02296     
440         	10          	3.655       	0.02102     	0.0403      	0.01818     
444         	10          	3.602       	0.02073     	0.0446      	0.01911     
448         	10          	3.607       	0.02612     	0.05658     	0.02322     
452         	10          	3.613       	0.02459     	0.04688     	0.02316     
456         	10          	3.647       	0.02032     	0.04428     	0.02293     
460         	10          	3.63        	0.0176      	0.04587     	0.01922     
464         	10          	3.603       	0.02159     	0.04559     	0.02467     
468         	10          	3.605       	0.02872     	0.05202     	0.0265      
472         	10          	3.593       	0.02717     	0.04961     	0.02197     
476         	10          	3.545       	0.02809     	0.05676     	0.02469     
480         	10          	3.523       	0.0255      	0.05108     	0.02005     
484         	10          	3.51        	0.0225      	0.05089     	0.02083     
488         	10          	3.507       	0.02077     	0.04793     	0.0207      
492         	10          	3.51        	0.02219     	0.04797     	0.02763     
496         	10          	3.445       	0.02679     	0.05715     	0.02598     
500         	10          	3.453       	0.02054     	0.04833     	0.02182     
504         	10          	3.422       	0.02231     	0.05208     	0.02343     
508         	10          	3.457       	0.02218     	0.04889     	0.0234      
512         	10          	3.437       	0.02498     	0.05251     	0.0207      
516         	10          	3.39        	0.02492     	0.04843     	0.02034     
520         	10          	3.42        	0.02543     	0.04832     	0.02212     
524         	10          	3.382       	0.02678     	0.04287     	0.0209      
528         	10          	3.352       	0.02145     	0.04733     	0.02606     
532         	10          	3.377       	0.02276     	0.03973     	0.01661     
536         	10          	3.312       	0.02368     	0.05037     	0.02602     
540         	10          	3.285       	0.02672     	0.04656     	0.0172      
544         	10          	3.245       	0.02172     	0.044       	0.02105     
548         	10          	3.247       	0.02184     	0.04689     	0.02788     
552         	10          	3.215       	0.03033     	0.05282     	0.02731     
556         	10          	3.202       	0.02556     	0.05613     	0.02395     
560         	10          	3.202       	0.01912     	0.04302     	0.02851     
564         	10          	3.182       	0.02352     	0.04545     	0.01934     
568         	10          	3.185       	0.01969     	0.05002     	0.0269      
572         	10          	3.19        	0.02128     	0.03923     	0.02146     
576         	10          	3.183       	0.01928     	0.04078     	0.02226     
580         	10          	3.19        	0.01324     	0.04215     	0.01785     
584         	10          	3.225       	0.02338     	0.04393     	0.0175      
588         	10          	3.198       	0.01987     	0.04017     	0.02074     
592         	10          	3.183       	0.02512     	0.04966     	0.02621     
596         	10          	3.193       	0.01992     	0.04349     	0.02233     
600         	10          	3.122       	0.02067     	0.04637     	0.02089     
604         	10          	3.16        	0.02931     	0.05099     	0.02317     
608         	10          	3.11        	0.02735     	0.05126     	0.02283     
612         	10          	3.135       	0.02594     	0.04446     	0.02211     
616         	10          	3.117       	0.02858     	0.05185     	0.02212     
620         	10          	3.18        	0.0205      	0.04774     	0.022       
624         	10          	3.125       	0.02058     	0.05602     	0.02698     
628         	10          	3.115       	0.0171      	0.05482     	0.02228     
632         	10          	3.157       	0.01476     	0.04308     	0.0242      
636         	10          	3.075       	0.01915     	0.04214     	0.02091     
640         	10          	3.117       	0.02012     	0.04072     	0.01586     
644         	10          	3.105       	0.02406     	0.04805     	0.01487     
648         	10          	3.088       	0.02468     	0.05113     	0.02482     
652         	10          	3.062       	0.02229     	0.05188     	0.02295     
656         	10          	3.037       	0.01783     	0.04751     	0.02236     
660         	10          	3.03        	0.02424     	0.05074     	0.02061     
664         	10          	2.998       	0.02271     	0.04594     	0.01791     
668         	10          	3.047       	0.01822     	0.0432      	0.01552     
672         	10          	3.045       	0.02335     	0.04437     	0.02187     
676         	10          	3.11        	0.02406     	0.04501     	0.02275     
680         	10          	3.087       	0.02409     	0.04367     	0.01811     
684         	10          	3.033       	0.02323     	0.05288     	0.0211      
688         	10          	3.023       	0.02648     	0.05126     	0.02135     
692         	10          	3.033       	0.01906     	0.0468      	0.02177     
696         	10          	3.04        	0.02282     	0.04589     	0.02507     
700         	10          	3.055       	0.01696     	0.04307     	0.02014     
704         	10          	3.018       	0.02314     	0.05056     	0.02434     
708         	10          	3.032       	0.02056     	0.04727     	0.02098     
712         	10          	3.025       	0.02358     	0.05441     	0.02556     
716         	10          	3.008       	0.02194     	0.04956     	0.02277     
720         	10          	3.013       	0.01642     	0.03977     	0.02257     
724         	10          	2.973       	0.02454     	0.05733     	0.0271      
728         	10          	2.987       	0.01869     	0.04592     	0.01971     
732         	10          	3.005       	0.02187     	0.04446     	0.0229      
736         	10          	2.978       	0.023       	0.03829     	0.01834     
740         	10          	2.988       	0.02493     	0.04493     	0.01959     
744         	10          	2.96        	0.02189     	0.04351     	0.01806     
748         	10          	2.975       	0.02442     	0.05226     	0.02119     
752         	10          	2.968       	0.02234     	0.04801     	0.02249     
756         	10          	2.98        	0.02004     	0.05325     	0.02675     
760         	10          	2.988       	0.02576     	0.04018     	0.02404     
764         	10          	2.978       	0.01703     	0.03733     	0.02445     
768         	10          	2.98        	0.01232     	0.0379      	0.02172     
772         	10          	2.955       	0.02376     	0.04586     	0.02768     
776         	10          	2.948       	0.01786     	0.04586     	0.02017     
780         	10          	2.933       	0.01855     	0.04564     	0.02658     
784         	10          	2.952       	0.01765     	0.03926     	0.01832     
788         	10          	2.92        	0.02521     	0.04011     	0.01881     
792         	10          	2.902       	0.01797     	0.04471     	0.02548     
796         	10          	2.875       	0.01992     	0.04151     	0.01775     
800         	10          	2.865       	0.02649     	0.04486     	0.01572     
804         	10          	2.865       	0.01786     	0.03972     	0.01908     
808         	10          	2.832       	0.01883     	0.03495     	0.01984     
812         	10          	2.823       	0.02794     	0.04353     	0.01831     
816         	10          	2.798       	0.01809     	0.03918     	0.01739     
820         	10          	2.823       	0.02267     	0.04631     	0.0231      
824         	10          	2.823       	0.02702     	0.05048     	0.0249      
828         	10          	2.845       	0.01896     	0.04338     	0.01686     
832         	10          	2.835       	0.02465     	0.04385     	0.02468     
836         	10          	2.84        	0.02505     	0.04445     	0.01781     
840         	10          	2.832       	0.02344     	0.04801     	0.0237      
844         	10          	2.832       	0.02068     	0.04122     	0.01713     
848         	10          	2.8         	0.0185      	0.0443      	0.02548     
852         	10          	2.845       	0.01952     	0.04412     	0.02641     
856         	10          	2.842       	0.02025     	0.03716     	0.02237     
860         	10          	2.83        	0.01438     	0.04051     	0.0224      
864         	10          	2.852       	0.02511     	0.04365     	0.02606     
868         	10          	2.863       	0.02137     	0.04302     	0.02127     
872         	10          	2.843       	0.02246     	0.03736     	0.01656     
876         	10          	2.833       	0.0216      	0.0427      	0.01873     
880         	10          	2.778       	0.0184      	0.04402     	0.02227     
884         	10          	2.772       	0.02485     	0.05048     	0.02159     
888         	10          	2.782       	0.01924     	0.04157     	0.02287     
892         	10          	2.745       	0.02572     	0.04396     	0.02002     
896         	10          	2.768       	0.02374     	0.04399     	0.02495     
900         	10          	2.787       	0.02704     	0.04447     	0.02092     
904         	10          	2.805       	0.02216     	0.04111     	0.01626     
908         	10          	2.805       	0.02151     	0.04131     	0.01777     
912         	10          	2.818       	0.02191     	0.04654     	0.01819     
916         	10          	2.793       	0.02406     	0.04624     	0.02069     
920         	10          	2.743       	0.0212      	0.03745     	0.01724     
924         	10          	2.792       	0.02824     	0.04816     	0.03242     
928         	10          	2.797       	0.0239      	0.04918     	0.0235      
932         	10          	2.837       	0.02087     	0.0487      	0.02712     
936         	10          	2.802       	0.03042     	0.04584     	0.01729     
940         	10          	2.808       	0.0275      	0.04508     	0.02264     
944         	10          	2.8         	0.02474     	0.05065     	0.0292      
948         	10          	2.8         	0.02548     	0.04735     	0.02003     
952         	10          	2.82        	0.02001     	0.04201     	0.01988     
956         	10          	2.842       	0.02757     	0.04324     	0.02608     
960         	10          	2.812       	0.01853     	0.04148     	0.02269     
964         	10          	2.813       	0.02431     	0.04562     	0.02123     
968         	10          	2.792       	0.01789     	0.04592     	0.02288     
972         	10          	2.807       	0.02492     	0.05242     	0.03026     
976         	10          	2.832       	0.02081     	0.05433     	0.0286      
980         	10          	2.797       	0.02746     	0.05778     	0.02947     
984         	10          	2.797       	0.02548     	0.05495     	0.02491     
988         	10          	2.777       	0.02287     	0.05112     	0.02685     
992         	10          	2.793       	0.0247      	0.04915     	0.02196     
996         	10          	2.783       	0.01967     	0.05078     	0.02398     
1000        	10          	2.797       	0.02264     	0.04207     	0.01809     
1004        	10          	2.758       	0.0266      	0.04568     	0.02145     
1008        	10          	2.778       	0.0163      	0.04042     	0.01758     
1012        	10          	2.758       	0.02067     	0.04117     	0.01565     
1016        	10          	2.755       	0.02316     	0.05287     	0.02187     
1020        	10          	2.757       	0.02374     	0.05436     	0.02377     
1024        	10          	2.757       	0.02482     	0.0537      	0.02535     
1028        	10          	2.765       	0.0261      	0.06067     	0.02837     
1032        	10          	2.778       	0.02997     	0.05908     	0.02659     
1036        	10          	2.777       	0.01877     	0.04846     	0.01921     
1040        	10          	2.763       	0.02044     	0.05037     	0.02116     
1044        	10          	2.79        	0.01944     	0.05182     	0.02037     
1048        	10          	2.76        	0.01556     	0.04772     	0.02574     
1052        	10          	2.757       	0.02555     	0.0463      	0.02211     
1056        	10          	2.758       	0.02005     	0.04742     	0.02162     
1060        	10          	2.755       	0.02303     	0.05351     	0.02404     
1064        	10          	2.735       	0.01644     	0.04833     	0.02716     
1068        	10          	2.707       	0.01709     	0.0487      	0.02598     
1072        	10          	2.72        	0.02301     	0.04805     	0.02251     
1076        	10          	2.723       	0.02597     	0.05147     	0.01975     
1080        	10          	2.698       	0.02173     	0.0466      	0.02284     
1084        	10          	2.703       	0.02214     	0.04845     	0.02254     
1088        	10          	2.677       	0.02626     	0.04259     	0.01808     
1092        	10          	2.69        	0.0249      	0.04696     	0.0178      
1096        	10          	2.702       	0.02058     	0.04376     	0.01519     
1100        	10          	2.693       	0.01991     	0.04016     	0.01683     
1104        	10          	2.703       	0.02136     	0.04217     	0.01716     
1108        	10          	2.695       	0.02334     	0.04438     	0.01897     
1112        	10          	2.72        	0.02539     	0.04663     	0.01714     
1116        	10          	2.698       	0.02002     	0.04044     	0.01825     
1120        	10          	2.745       	0.02715     	0.04493     	0.02344     
1124        	10          	2.702       	0.01513     	0.03668     	0.019       
1128        	10          	2.697       	0.0227      	0.04888     	0.02004     
1132        	10          	2.737       	0.02447     	0.04558     	0.02323     
1136        	10          	2.698       	0.02613     	0.04272     	0.0204      
1140        	10          	2.685       	0.02425     	0.0391      	0.02295     
1144        	10          	2.67        	0.02685     	0.04307     	0.01946     
1148        	10          	2.688       	0.01899     	0.04354     	0.01931     
1152        	10          	2.648       	0.01597     	0.044       	0.02196     
1156        	10          	2.648       	0.02251     	0.04678     	0.01699     
1160        	10          	2.655       	0.02379     	0.04509     	0.01827     
1164        	10          	2.683       	0.02047     	0.04095     	0.01973     
1168        	10          	2.672       	0.03136     	0.05005     	0.02061     
1172        	10          	2.668       	0.01534     	0.03569     	0.02        
1176        	10          	2.638       	0.02149     	0.03678     	0.0213      
1180        	10          	2.662       	0.02127     	0.03595     	0.02079     
1184        	10          	2.638       	0.01636     	0.03654     	0.02081     
1188        	10          	2.625       	0.01091     	0.03851     	0.02428     
1192        	10          	2.607       	0.02146     	0.0378      	0.02238     
1196        	10          	2.61        	0.02032     	0.04183     	0.01594     
1200        	10          	2.598       	0.022       	0.04464     	0.02408     
1204        	10          	2.607       	0.02062     	0.04138     	0.01709     
1208        	10          	2.607       	0.01659     	0.03934     	0.02618     
1212        	10          	2.6         	0.02542     	0.04182     	0.0196      
1216        	10          	2.637       	0.02167     	0.04368     	0.0159      
1220        	10          	2.627       	0.01503     	0.04645     	0.01798     
1224        	10          	2.587       	0.02123     	0.04125     	0.01887     
1228        	10          	2.598       	0.02644     	0.04812     	0.02416     
1232        	10          	2.638       	0.02197     	0.04752     	0.02494     
1236        	10          	2.633       	0.02045     	0.0483      	0.02573     
1240        	10          	2.61        	0.01941     	0.04875     	0.02542     
1244        	10          	2.63        	0.03251     	0.06595     	0.02941     
1248        	10          	2.655       	0.02609     	0.0465      	0.02403     
1252        	10          	2.643       	0.02573     	0.0436      	0.0235      
1256        	10          	2.632       	0.02344     	0.04728     	0.02726     
1260        	10          	2.658       	0.03086     	0.05187     	0.02406     
1264        	10          	2.633       	0.01669     	0.04243     	0.0245      
1268        	10          	2.677       	0.02137     	0.05054     	0.01938     
1272        	10          	2.675       	0.02417     	0.04852     	0.02189     
1276        	10          	2.663       	0.02192     	0.03949     	0.02277     
1280        	10          	2.64        	0.01608     	0.04091     	0.01732     
1284        	10          	2.645       	0.02022     	0.03868     	0.02371     
1288        	10          	2.635       	0.02056     	0.04785     	0.02269     
1292        	10          	2.64        	0.02684     	0.05824     	0.02188     
1296        	10          	2.653       	0.02051     	0.04208     	0.01954     
1300        	10          	2.602       	0.01836     	0.05441     	0.03113     
1304        	10          	2.615       	0.0213      	0.05028     	0.02985     
1308        	10          	2.613       	0.02025     	0.05458     	0.02254     
1312        	10          	2.615       	0.02663     	0.05415     	0.02127     
1316        	10          	2.657       	0.01754     	0.04013     	0.0175      
1320        	10          	2.64        	0.01929     	0.04818     	0.0231      
1324        	10          	2.673       	0.01714     	0.03774     	0.02052     
1328        	10          	2.655       	0.02762     	0.04543     	0.02038     
1332        	10          	2.658       	0.02584     	0.04874     	0.0173      
1336        	10          	2.655       	0.02641     	0.04502     	0.02143     
1340        	10          	2.673       	0.02413     	0.04046     	0.02237     
1344        	10          	2.635       	0.01945     	0.03908     	0.01934     
1348        	10          	2.637       	0.02778     	0.03845     	0.01968     
1352        	10          	2.632       	0.02064     	0.03521     	0.02275     
1356        	10          	2.653       	0.01401     	0.04363     	0.02307     
1360        	10          	2.61        	0.02061     	0.03989     	0.01693     
1364        	10          	2.605       	0.01784     	0.04437     	0.02334     
1368        	10          	2.642       	0.02031     	0.03962     	0.02343     
1372        	10          	2.592       	0.02673     	0.0505      	0.01837     
1376        	10          	2.582       	0.03133     	0.0562      	0.02317     
1380        	10          	2.632       	0.01984     	0.03711     	0.02667     
1384        	10          	2.592       	0.02324     	0.04901     	0.01962     
1388        	10          	2.525       	0.02043     	0.04045     	0.01657     
1392        	10          	2.572       	0.02112     	0.04536     	0.01651     
1396        	10          	2.583       	0.0235      	0.03455     	0.01971     
1400        	10          	2.562       	0.01949     	0.03974     	0.01686     
1404        	10          	2.557       	0.02903     	0.05775     	0.03496     
1408        	10          	2.59        	0.02023     	0.04995     	0.02967     
1412        	10          	2.563       	0.02233     	0.05477     	0.02882     
1416        	10          	2.553       	0.02843     	0.05074     	0.02357     
1420        	10          	2.573       	0.01997     	0.04848     	0.0253      
1424        	10          	2.568       	0.02777     	0.05107     	0.02779     
1428        	10          	2.578       	0.02552     	0.05152     	0.02149     
1432        	10          	2.572       	0.01945     	0.0415      	0.01965     
1436        	10          	2.573       	0.02101     	0.04186     	0.02092     
1440        	10          	2.575       	0.02033     	0.04262     	0.02038     
1444        	10          	2.54        	0.0278      	0.05974     	0.0224      
1448        	10          	2.548       	0.02325     	0.05319     	0.02732     
1452        	10          	2.552       	0.02004     	0.04375     	0.02139     
1456        	10          	2.563       	0.01641     	0.04676     	0.0232      
1460        	10          	2.543       	0.01227     	0.05002     	0.02826     
1464        	10          	2.538       	0.02186     	0.05128     	0.02812     
1468        	10          	2.52        	0.01949     	0.04559     	0.02227     
1472        	10          	2.565       	0.01891     	0.04276     	0.02299     
1476        	10          	2.515       	0.02194     	0.04919     	0.02166     
1480        	10          	2.535       	0.01652     	0.05505     	0.02781     
1484        	10          	2.485       	0.01711     	0.03644     	0.01491     
1488        	10          	2.515       	0.01916     	0.03551     	0.01496     
1492        	10          	2.503       	0.02618     	0.0383      	0.01367     
1496        	10          	2.523       	0.02224     	0.054       	0.01906     
1500        	10          	2.517       	0.02522     	0.04836     	0.02463     
1504        	10          	2.533       	0.0253      	0.04252     	0.02339     
1508        	10          	2.513       	0.01898     	0.03666     	0.01646     
1512        	10          	2.492       	0.02008     	0.04536     	0.02239     
1516        	10          	2.5         	0.01521     	0.04072     	0.01707     
1520        	10          	2.473       	0.02044     	0.03963     	0.01576     
1524        	10          	2.5         	0.02438     	0.03748     	0.01081     
1528        	10          	2.502       	0.02038     	0.04311     	0.0189      
1532        	10          	2.483       	0.02172     	0.04145     	0.01543     
1536        	10          	2.485       	0.01866     	0.04103     	0.02326     
1540        	10          	2.48        	0.01849     	0.04618     	0.0238      
1544        	10          	2.48        	0.02273     	0.04487     	0.02168     
1548        	10          	2.5         	0.02656     	0.04365     	0.01921     
1552        	10          	2.488       	0.01143     	0.03533     	0.01647     
1556        	10          	2.503       	0.01632     	0.03248     	0.01588     
1560        	10          	2.47        	0.02359     	0.04194     	0.02248     
1564        	10          	2.46        	0.02104     	0.0454      	0.03213     
1568        	10          	2.482       	0.01992     	0.04061     	0.0199      
1572        	10          	2.503       	0.01711     	0.04137     	0.02415     
1576        	10          	2.497       	0.01989     	0.04128     	0.02009     
1580        	10          	2.495       	0.02001     	0.04603     	0.0239      
1584        	10          	2.47        	0.0184      	0.05738     	0.02869     
1588        	10          	2.447       	0.02461     	0.05664     	0.02472     
1592        	10          	2.475       	0.0287      	0.05998     	0.02046     
1596        	10          	2.477       	0.0206      	0.04886     	0.02265     
1600        	10          	2.473       	0.02245     	0.04694     	0.01786     
1604        	10          	2.462       	0.02003     	0.04721     	0.01671     
1608        	10          	2.487       	0.02405     	0.04429     	0.01518     
1612        	10          	2.51        	0.01865     	0.04342     	0.01133     
1616        	10          	2.52        	0.01853     	0.04149     	0.02462     
1620        	10          	2.493       	0.02152     	0.04238     	0.01914     
1624        	10          	2.518       	0.02241     	0.04078     	0.01652     
1628        	10          	2.477       	0.02292     	0.03679     	0.01651     
1632        	10          	2.497       	0.02242     	0.03802     	0.02129     
1636        	10          	2.457       	0.02756     	0.05382     	0.0167      
1640        	10          	2.447       	0.02896     	0.04784     	0.01637     
1644        	10          	2.442       	0.02509     	0.05019     	0.0235      
1648        	10          	2.438       	0.02414     	0.04961     	0.02187     
1652        	10          	2.445       	0.0252      	0.04683     	0.02504     
1656        	10          	2.5         	0.01814     	0.04902     	0.02484     
1660        	10          	2.497       	0.02838     	0.05672     	0.02146     
1664        	10          	2.507       	0.01933     	0.0539      	0.01952     
1668        	10          	2.475       	0.02462     	0.04637     	0.02485     
1672        	10          	2.472       	0.0315      	0.061       	0.0248      
1676        	10          	2.435       	0.02596     	0.05548     	0.02342     
1680        	10          	2.422       	0.0214      	0.0619      	0.03368     
1684        	10          	2.423       	0.02082     	0.06144     	0.02822     
1688        	10          	2.465       	0.0232      	0.056       	0.02665     
1692        	10          	2.42        	0.02998     	0.05865     	0.02365     
1696        	10          	2.445       	0.03423     	0.05995     	0.02298     
1700        	10          	2.425       	0.0197      	0.05192     	0.0238      
1704        	10          	2.468       	0.01726     	0.04318     	0.0236      
1708        	10          	2.435       	0.02557     	0.05031     	0.02313     
1712        	10          	2.432       	0.0179      	0.04984     	0.01942     
1716        	10          	2.398       	0.01929     	0.04776     	0.02274     
1720        	10          	2.402       	0.01847     	0.04363     	0.01794     
1724        	10          	2.387       	0.01607     	0.04035     	0.01646     
1728        	10          	2.423       	0.02541     	0.0417      	0.0231      
1732        	10          	2.448       	0.01867     	0.04281     	0.01818     
1736        	10          	2.448       	0.02435     	0.0428      	0.01976     
1740        	10          	2.433       	0.02038     	0.04137     	0.01949     
1744        	10          	2.472       	0.019       	0.03874     	0.01588     
1748        	10          	2.447       	0.02306     	0.05327     	0.02169     
1752        	10          	2.488       	0.02027     	0.04053     	0.01548     
1756        	10          	2.49        	0.01839     	0.03716     	0.01897     
1760        	10          	2.497       	0.01469     	0.04295     	0.02232     
1764        	10          	2.443       	0.01842     	0.05246     	0.02629     
1768        	10          	2.445       	0.01911     	0.04997     	0.02514     
1772        	10          	2.435       	0.02082     	0.04473     	0.0235      
1776        	10          	2.442       	0.02483     	0.04952     	0.02341     
1780        	10          	2.428       	0.01622     	0.04847     	0.02417     
1784        	10          	2.433       	0.02014     	0.04945     	0.0337      
1788        	10          	2.442       	0.01755     	0.04516     	0.03138     
1792        	10          	2.378       	0.01896     	0.03999     	0.02009     
1796        	10          	2.413       	0.02267     	0.04112     	0.02144     
1800        	10          	2.41        	0.02572     	0.04442     	0.01771     
1804        	10          	2.408       	0.02032     	0.04357     	0.02377     
1808        	10          	2.38        	0.02247     	0.04357     	0.02909     
1812        	10          	2.417       	0.02626     	0.04558     	0.02238     
1816        	10          	2.413       	0.02638     	0.04985     	0.01917     
1820        	10          	2.393       	0.02383     	0.04566     	0.018       
1824        	10          	2.423       	0.02966     	0.04682     	0.01844     
1828        	10          	2.462       	0.02363     	0.04585     	0.01943     
1832        	10          	2.455       	0.02268     	0.03958     	0.02034     
1836        	10          	2.467       	0.01943     	0.04052     	0.02072     
1840        	10          	2.462       	0.01873     	0.04499     	0.02096     
1844        	10          	2.46        	0.0181      	0.04057     	0.02245     
1848        	10          	2.468       	0.02194     	0.04962     	0.0195      
1852        	10          	2.458       	0.02858     	0.05168     	0.02313     
1856        	10          	2.462       	0.02062     	0.04751     	0.02066     
1860        	10          	2.447       	0.02586     	0.04797     	0.02521     
1864        	10          	2.433       	0.02564     	0.04154     	0.02383     
1868        	10          	2.455       	0.02956     	0.04526     	0.02205     
1872        	10          	2.438       	0.01884     	0.04609     	0.02277     
1876        	10          	2.438       	0.01693     	0.04612     	0.02366     
1880        	10          	2.432       	0.02058     	0.03733     	0.02081     
1884        	10          	2.442       	0.02195     	0.03988     	0.0186      
1888        	10          	2.393       	0.02297     	0.04909     	0.01679     
1892        	10          	2.417       	0.02554     	0.04133     	0.0208      
1896        	10          	2.393       	0.02512     	0.0526      	0.02854     
1900        	10          	2.358       	0.01975     	0.04304     	0.02403     
1904        	10          	2.37        	0.01759     	0.0401      	0.0288      
1908        	10          	2.388       	0.02104     	0.0458      	0.02457     
1912        	10          	2.392       	0.01952     	0.04956     	0.02543     
1916        	10          	2.377       	0.02089     	0.04751     	0.02269     
1920        	10          	2.335       	0.02127     	0.05048     	0.02575     
1924        	10          	2.388       	0.02278     	0.04812     	0.0242      
1928        	10          	2.387       	0.01808     	0.03953     	0.02465     
1932        	10          	2.42        	0.01444     	0.03769     	0.02322     
1936        	10          	2.422       	0.01417     	0.03846     	0.02117     
1940        	10          	2.368       	0.01608     	0.03818     	0.02317     
1944        	10          	2.365       	0.02278     	0.04105     	0.019       
1948        	10          	2.385       	0.01736     	0.03788     	0.01978     
1952        	10          	2.38        	0.02118     	0.04069     	0.01799     
1956        	10          	2.368       	0.02395     	0.04301     	0.02105     
1960        	10          	2.397       	0.02524     	0.04824     	0.02049     
1964        	10          	2.378       	0.02239     	0.04627     	0.02432     
1968        	10          	2.375       	0.02166     	0.04213     	0.02109     
1972        	10          	2.363       	0.02468     	0.04938     	0.0184      
1976        	10          	2.38        	0.01182     	0.04108     	0.02        
1980        	10          	2.388       	0.0209      	0.04604     	0.02236     
1984        	10          	2.385       	0.02388     	0.054       	0.021       
1988        	10          	2.387       	0.02108     	0.0521      	0.02192     
1992        	10          	2.385       	0.0299      	0.04048     	0.02083     
1996        	10          	2.375       	0.02349     	0.04922     	0.02135     
2000        	10          	2.367       	0.02256     	0.05475     	0.02145     
2004        	10          	2.345       	0.02182     	0.04814     	0.01907     
2008        	10          	2.358       	0.01838     	0.05271     	0.01813     
2012        	10          	2.343       	0.02087     	0.05249     	0.02349     
2016        	10          	2.338       	0.02971     	0.04529     	0.01805     
2020        	10          	2.363       	0.02357     	0.04841     	0.02696     
2024        	10          	2.383       	0.01946     	0.04975     	0.02643     
2028        	10          	2.342       	0.02096     	0.05538     	0.03011     
2032        	10          	2.382       	0.01899     	0.04829     	0.0251      
2036        	10          	2.38        	0.02607     	0.04781     	0.01875     
2040        	10          	2.365       	0.02165     	0.05634     	0.03007     
2044        	10          	2.397       	0.02453     	0.06228     	0.02158     
2048        	10          	2.408       	0.0241      	0.0574      	0.02456     
2052        	10          	2.372       	0.02915     	0.05102     	0.02476     
2056        	10          	2.408       	0.02203     	0.04665     	0.01364     
2060        	10          	2.413       	0.0251      	0.04827     	0.01918     
2064        	10          	2.38        	0.02095     	0.05267     	0.02348     
2068        	10          	2.403       	0.02252     	0.05091     	0.02516     
2072        	10          	2.383       	0.0168      	0.05275     	0.03004     
2076        	10          	2.388       	0.02453     	0.05077     	0.03058     
2080        	10          	2.383       	0.02061     	0.05333     	0.03088     
2084        	10          	2.368       	0.02476     	0.04811     	0.02216     
2088        	10          	2.388       	0.01901     	0.03583     	0.02361     
2092        	10          	2.408       	0.02227     	0.03872     	0.0226      
2096        	10          	2.44        	0.02308     	0.0436      	0.01541     
2100        	10          	2.458       	0.01638     	0.04219     	0.01672     
2104        	10          	2.462       	0.02614     	0.04667     	0.02352     
2108        	10          	2.432       	0.0168      	0.0492      	0.02754     
2112        	10          	2.402       	0.02173     	0.04709     	0.01656     
2116        	10          	2.432       	0.03057     	0.05481     	0.0177      
2120        	10          	2.425       	0.01701     	0.05039     	0.02333     
2124        	10          	2.398       	0.02069     	0.06683     	0.03494     
2128        	10          	2.4         	0.02453     	0.0552      	0.02502     
2132        	10          	2.417       	0.02421     	0.05239     	0.03415     
2136        	10          	2.358       	0.02249     	0.05816     	0.02302     
2140        	10          	2.395       	0.02166     	0.05145     	0.02625     
2144        	10          	2.367       	0.02139     	0.05098     	0.02863     
2148        	10          	2.39        	0.01998     	0.04287     	0.0217      
2152        	10          	2.38        	0.02414     	0.05124     	0.01979     
2156        	10          	2.363       	0.02202     	0.04472     	0.01798     
2160        	10          	2.422       	0.01937     	0.04461     	0.02748     
2164        	10          	2.357       	0.01934     	0.04003     	0.01773     
2168        	10          	2.403       	0.01876     	0.04481     	0.02282     
2172        	10          	2.375       	0.01873     	0.04833     	0.02176     
2176        	10          	2.407       	0.02381     	0.05217     	0.02329     
2180        	10          	2.383       	0.01664     	0.05173     	0.02198     
2184        	10          	2.373       	0.02782     	0.06005     	0.02204     
2188        	10          	2.39        	0.01895     	0.04938     	0.02465     
2192        	10          	2.367       	0.0242      	0.05143     	0.02068     
2196        	10          	2.397       	0.01673     	0.05196     	0.03696     
2200        	10          	2.39        	0.01944     	0.04805     	0.02284     
2204        	10          	2.38        	0.022       	0.03809     	0.01305     
2208        	10          	2.377       	0.01898     	0.0474      	0.02739     
2212        	10          	2.402       	0.02569     	0.05149     	0.02652     
2216        	10          	2.367       	0.03063     	0.04468     	0.02153     
2220        	10          	2.388       	0.01573     	0.04253     	0.01819     
2224        	10          	2.377       	0.02478     	0.05821     	0.0217      
2228        	10          	2.395       	0.02169     	0.04156     	0.01381     
2232        	10          	2.397       	0.02403     	0.04541     	0.01875     
2236        	10          	2.37        	0.01752     	0.04824     	0.02267     
2240        	10          	2.375       	0.02139     	0.05876     	0.02479     
2244        	10          	2.382       	0.02194     	0.05006     	0.02188     
2248        	10          	2.403       	0.0155      	0.04142     	0.0238      
2252        	10          	2.385       	0.01807     	0.04759     	0.02117     
2256        	10          	2.365       	0.01861     	0.04592     	0.02922     
2260        	10          	2.397       	0.0189      	0.04683     	0.0224      
2264        	10          	2.382       	0.01996     	0.05077     	0.02254     
2268        	10          	2.392       	0.01747     	0.04439     	0.02022     
2272        	10          	2.403       	0.02217     	0.04947     	0.02148     
2276        	10          	2.417       	0.022       	0.04148     	0.02195     
2280        	10          	2.422       	0.0245      	0.03654     	0.01306     
2284        	10          	2.408       	0.01831     	0.0454      	0.02215     
2288        	10          	2.393       	0.02161     	0.05125     	0.02712     
2292        	10          	2.348       	0.01912     	0.03358     	0.02255     
2296        	10          	2.362       	0.01867     	0.04943     	0.02228     
2300        	10          	2.36        	0.02308     	0.04901     	0.02121     
2304        	10          	2.355       	0.02204     	0.04188     	0.02438     
2308        	10          	2.357       	0.01988     	0.04151     	0.0247      
2312        	10          	2.335       	0.02418     	0.05812     	0.01972     
2316        	10          	2.337       	0.01676     	0.04522     	0.02595     
2320        	10          	2.313       	0.03165     	0.04908     	0.02384     
2324        	10          	2.298       	0.02049     	0.04225     	0.02004     
2328        	10          	2.258       	0.0243      	0.04978     	0.01937     
2332        	10          	2.27        	0.02296     	0.04023     	0.0143      
2336        	10          	2.27        	0.01829     	0.03609     	0.01528     
2340        	10          	2.277       	0.01767     	0.03488     	0.02016     
2344        	10          	2.313       	0.01477     	0.03988     	0.0192      
2348        	10          	2.29        	0.02223     	0.05161     	0.02167     
2352        	10          	2.31        	0.02261     	0.04556     	0.01696     
2356        	10          	2.342       	0.02162     	0.04244     	0.02133     
2360        	10          	2.307       	0.01734     	0.03496     	0.01908     
2364        	10          	2.312       	0.01746     	0.04484     	0.01905     
2368        	10          	2.36        	0.02635     	0.05575     	0.0247      
2372        	10          	2.343       	0.0223      	0.04988     	0.02241     
2376        	10          	2.318       	0.01596     	0.04471     	0.02182     
2380        	10          	2.333       	0.02036     	0.05092     	0.02019     
2384        	10          	2.333       	0.0235      	0.04817     	0.01473     
2388        	10          	2.312       	0.01605     	0.04372     	0.02766     
2392        	10          	2.312       	0.01363     	0.04252     	0.02315     
2396        	10          	2.358       	0.01832     	0.03887     	0.0252      
2400        	10          	2.332       	0.0292      	0.05098     	0.02682     
2404        	10          	2.348       	0.01947     	0.05921     	0.02562     
2408        	10          	2.315       	0.02862     	0.0614      	0.02593     
2412        	10          	2.342       	0.0214      	0.05801     	0.02075     
2416        	10          	2.328       	0.01933     	0.047       	0.018       
2420        	10          	2.362       	0.02755     	0.05113     	0.01871     
2424        	10          	2.308       	0.02965     	0.05053     	0.02501     
2428        	10          	2.35        	0.02964     	0.0475      	0.02558     
2432        	10          	2.333       	0.02544     	0.04698     	0.01958     
2436        	10          	2.352       	0.01841     	0.04552     	0.02604     
2440        	10          	2.353       	0.0155      	0.04481     	0.02139     
2444        	10          	2.345       	0.02664     	0.05792     	0.03144     
2448        	10          	2.368       	0.01579     	0.04773     	0.01683     
2452        	10          	2.348       	0.02348     	0.06058     	0.02147     
2456        	10          	2.335       	0.02403     	0.05768     	0.01825     
2460        	10          	2.39        	0.02084     	0.04801     	0.01418     
2464        	10          	2.36        	0.02706     	0.05765     	0.01645     
2468        	10          	2.383       	0.0169      	0.04576     	0.01998     
2472        	10          	2.367       	0.02014     	0.03975     	0.02198     
2476        	10          	2.387       	0.02499     	0.04829     	0.01012     
2480        	10          	2.377       	0.02901     	0.04503     	0.02226     
2484        	10          	2.402       	0.01995     	0.04098     	0.0224      
2488        	10          	2.375       	0.02607     	0.04836     	0.02831     
2492        	10          	2.385       	0.0207      	0.0497      	0.02978     
2496        	10          	2.423       	0.02101     	0.0538      	0.02586     
2500        	10          	2.438       	0.02609     	0.05755     	0.0202      
2504        	10          	2.45        	0.03112     	0.05872     	0.02828     
2508        	10          	2.423       	0.02799     	0.0615      	0.02186     
2512        	10          	2.4         	0.02021     	0.04842     	0.02683     
2516        	10          	2.387       	0.02447     	0.04448     	0.01779     
2520        	10          	2.422       	0.02324     	0.0336      	0.0171      
2524        	10          	2.407       	0.01819     	0.04265     	0.0201      
2528        	10          	2.402       	0.01685     	0.04193     	0.01804     
2532        	10          	2.382       	0.02491     	0.04838     	0.01462     
2536        	10          	2.362       	0.02242     	0.04498     	0.02222     
2540        	10          	2.345       	0.019       	0.03686     	0.02387     
2544        	10          	2.358       	0.02324     	0.03569     	0.02348     
2548        	10          	2.352       	0.01745     	0.03786     	0.01602     
2552        	10          	2.352       	0.01845     	0.03004     	0.01635     
2556        	10          	2.338       	0.01439     	0.04023     	0.02411     
2560        	10          	2.303       	0.01861     	0.0386      	0.02743     
2564        	10          	2.34        	0.01848     	0.0404      	0.026       
2568        	10          	2.355       	0.01954     	0.03334     	0.01765     
2572        	10          	2.367       	0.01601     	0.03982     	0.02125     
2576        	10          	2.307       	0.01524     	0.03731     	0.023       
2580        	10          	2.337       	0.01981     	0.04474     	0.02264     
2584        	10          	2.302       	0.01996     	0.04586     	0.02061     
2588        	10          	2.295       	0.02401     	0.04483     	0.01699     
2592        	10          	2.34        	0.02266     	0.04033     	0.01789     
2596        	10          	2.357       	0.01796     	0.03356     	0.01272     
2600        	10          	2.332       	0.0235      	0.03925     	0.01936     
2604        	10          	2.318       	0.01675     	0.04096     	0.02158     
2608        	10          	2.313       	0.0225      	0.05014     	0.02852     
2612        	10          	2.292       	0.02268     	0.05015     	0.02647     
2616        	10          	2.252       	0.02522     	0.0457      	0.01716     
2620        	10          	2.31        	0.02278     	0.04752     	0.02918     
2624        	10          	2.277       	0.02415     	0.04247     	0.02158     
2628        	10          	2.323       	0.02335     	0.04295     	0.01898     
2632        	10          	2.318       	0.02128     	0.04357     	0.01869     
2636        	10          	2.292       	0.01973     	0.04394     	0.02383     
2640        	10          	2.292       	0.02216     	0.0381      	0.01732     
2644        	10          	2.308       	0.02319     	0.04563     	0.02306     
2648        	10          	2.288       	0.01769     	0.03911     	0.0203      
2652        	10          	2.28        	0.01829     	0.03722     	0.01672     
2656        	10          	2.285       	0.02011     	0.04277     	0.02375     
2660        	10          	2.293       	0.01708     	0.04689     	0.03069     
2664        	10          	2.295       	0.0214      	0.05485     	0.02576     
2668        	10          	2.305       	0.02751     	0.05013     	0.02149     
2672        	10          	2.328       	0.02406     	0.047       	0.02454     
2676        	10          	2.295       	0.02337     	0.04354     	0.02162     
2680        	10          	2.3         	0.02008     	0.04738     	0.02665     
2684        	10          	2.28        	0.0286      	0.05382     	0.02115     
2688        	10          	2.3         	0.02681     	0.05362     	0.01875     
2692        	10          	2.303       	0.02402     	0.04638     	0.02641     
2696        	10          	2.308       	0.03059     	0.05735     	0.03274     
2700        	10          	2.305       	0.02353     	0.04596     	0.02005     
2704        	10          	2.298       	0.01745     	0.04486     	0.02256     
2708        	10          	2.315       	0.01787     	0.04199     	0.01586     
2712        	10          	2.318       	0.01686     	0.03971     	0.01864     
2716        	10          	2.33        	0.02478     	0.04511     	0.0203      
2720        	10          	2.315       	0.02294     	0.04282     	0.02457     
2724        	10          	2.36        	0.02195     	0.04051     	0.01961     
2728        	10          	2.338       	0.01805     	0.04332     	0.0198      
2732        	10          	2.32        	0.01546     	0.05161     	0.02345     
2736        	10          	2.348       	0.02667     	0.05575     	0.02938     
2740        	10          	2.298       	0.02741     	0.05052     	0.01635     
2744        	10          	2.287       	0.02825     	0.04815     	0.02548     
2748        	10          	2.322       	0.01768     	0.03294     	0.0177      
2752        	10          	2.318       	0.02827     	0.04204     	0.02046     
2756        	10          	2.298       	0.02184     	0.03419     	0.01981     
2760        	10          	2.317       	0.02414     	0.04709     	0.01991     
2764        	10          	2.335       	0.02425     	0.04705     	0.02462     
2768        	10          	2.325       	0.02761     	0.05111     	0.02093     
2772        	10          	2.352       	0.01822     	0.04129     	0.02538     
2776        	10          	2.34        	0.02278     	0.03843     	0.01932     
2780        	10          	2.352       	0.02619     	0.04098     	0.01738     
2784        	10          	2.335       	0.02241     	0.03742     	0.02009     
2788        	10          	2.333       	0.01997     	0.04429     	0.01407     
2792        	10          	2.367       	0.01929     	0.03714     	0.01626     
2796        	10          	2.372       	0.02059     	0.04545     	0.01909     
2800        	10          	2.39        	0.01846     	0.04148     	0.02326     
2804        	10          	2.372       	0.01393     	0.0391      	0.02215     
2808        	10          	2.352       	0.02026     	0.0384      	0.01669     
2812        	10          	2.355       	0.02326     	0.03879     	0.01281     
2816        	10          	2.37        	0.0274      	0.04906     	0.02114     
2820        	10          	2.403       	0.03333     	0.04971     	0.01949     
2824        	10          	2.39        	0.02389     	0.05241     	0.0173      
2828        	10          	2.375       	0.0196      	0.04093     	0.02337     
2832        	10          	2.408       	0.01967     	0.03783     	0.0185      
2836        	10          	2.387       	0.0204      	0.03984     	0.02305     
2840        	10          	2.367       	0.02154     	0.04575     	0.02917     
2844        	10          	2.402       	0.0199      	0.04116     	0.01939     
2848        	10          	2.43        	0.01921     	0.0437      	0.02199     
2852        	10          	2.437       	0.02189     	0.0473      	0.02439     
2856        	10          	2.435       	0.02025     	0.04328     	0.02177     
2860        	10          	2.452       	0.02028     	0.04596     	0.01856     
2864        	10          	2.427       	0.02461     	0.05454     	0.03147     
2868        	10          	2.47        	0.01484     	0.03867     	0.01714     
2872        	10          	2.472       	0.02571     	0.03773     	0.01745     
2876        	10          	2.442       	0.02671     	0.04089     	0.02621     
2880        	10          	2.447       	0.02328     	0.03197     	0.01839     
2884        	10          	2.435       	0.02145     	0.04136     	0.0245      
2888        	10          	2.41        	0.02176     	0.04025     	0.02128     
2892        	10          	2.428       	0.01917     	0.03257     	0.01934     
2896        	10          	2.435       	0.0212      	0.04356     	0.02171     
2900        	10          	2.443       	0.02641     	0.04545     	0.01729     
2904        	10          	2.403       	0.02402     	0.04567     	0.01551     
2908        	10          	2.438       	0.01999     	0.04699     	0.02339     
2912        	10          	2.403       	0.01963     	0.04931     	0.02072     
2916        	10          	2.45        	0.0251      	0.04136     	0.02211     
2920        	10          	2.418       	0.03067     	0.04457     	0.01423     
2924        	10          	2.428       	0.02611     	0.04674     	0.01956     
2928        	10          	2.42        	0.01971     	0.03553     	0.01741     
2932        	10          	2.405       	0.0136      	0.03587     	0.01613     
2936        	10          	2.373       	0.01976     	0.03266     	0.01537     
2940        	10          	2.37        	0.02699     	0.04378     	0.02642     
2944        	10          	2.38        	0.02096     	0.04571     	0.02858     
2948        	10          	2.41        	0.02189     	0.04987     	0.01849     
2952        	10          	2.377       	0.02303     	0.04334     	0.02096     
2956        	10          	2.398       	0.02637     	0.04829     	0.02252     
2960        	10          	2.428       	0.01757     	0.05058     	0.02872     
2964        	10          	2.433       	0.01673     	0.03587     	0.0228      
2968        	10          	2.44        	0.02611     	0.03792     	0.01682     
2972        	10          	2.42        	0.01533     	0.0338      	0.01843     
2976        	10          	2.422       	0.02048     	0.03211     	0.01432     
2980        	10          	2.407       	0.01278     	0.03519     	0.01701     
2984        	10          	2.407       	0.01433     	0.04126     	0.01789     
2988        	10          	2.39        	0.01763     	0.03616     	0.01669     
2992        	10          	2.452       	0.01301     	0.04039     	0.01951     
2996        	10          	2.417       	0.02154     	0.04278     	0.01996     
3000        	10          	2.435       	0.02445     	0.05238     	0.02386     
3004        	10          	2.428       	0.01328     	0.0394      	0.02144     
3008        	10          	2.427       	0.02045     	0.04949     	0.02041     
3012        	10          	2.445       	0.02426     	0.04657     	0.02428     
3016        	10          	2.438       	0.01456     	0.03785     	0.0213      
3020        	10          	2.43        	0.02309     	0.05162     	0.03301     
3024        	10          	2.47        	0.02094     	0.05557     	0.02923     
3028        	10          	2.485       	0.01961     	0.04286     	0.02283     
3032        	10          	2.497       	0.01441     	0.03955     	0.02375     
3036        	10          	2.465       	0.01674     	0.04381     	0.02351     
3040        	10          	2.522       	0.01618     	0.04145     	0.02435     
3044        	10          	2.497       	0.02283     	0.04719     	0.01565     
3048        	10          	2.513       	0.01575     	0.0296      	0.01703     
3052        	10          	2.508       	0.0235      	0.04717     	0.0199      
3056        	10          	2.513       	0.01388     	0.03564     	0.01724     
3060        	10          	2.547       	0.01814     	0.03446     	0.01447     
3064        	10          	2.52        	0.01892     	0.0328      	0.02123     
3068        	10          	2.547       	0.01693     	0.03566     	0.01804     
3072        	10          	2.528       	0.01805     	0.04092     	0.02247     
3076        	10          	2.537       	0.02407     	0.0472      	0.02021     
3080        	10          	2.53        	0.01887     	0.0424      	0.02073     
3084        	10          	2.528       	0.0189      	0.03405     	0.01603     
3088        	10          	2.523       	0.02081     	0.03826     	0.01972     
3092        	10          	2.453       	0.0227      	0.03679     	0.02302     
3096        	10          	2.49        	0.02428     	0.04694     	0.0212      
3100        	10          	2.508       	0.01571     	0.04302     	0.02688     
3104        	10          	2.5         	0.01638     	0.05203     	0.02352     
3108        	10          	2.515       	0.02191     	0.05649     	0.0254      
3112        	10          	2.515       	0.02176     	0.04411     	0.02051     
3116        	10          	2.493       	0.01776     	0.04099     	0.02105     
3120        	10          	2.447       	0.0166      	0.04293     	0.02569     
3124        	10          	2.473       	0.01826     	0.047       	0.01798     
3128        	10          	2.51        	0.02876     	0.04624     	0.02041     
3132        	10          	2.462       	0.0266      	0.05265     	0.02356     
3136        	10          	2.487       	0.01921     	0.04199     	0.01859     
3140        	10          	2.467       	0.01758     	0.03709     	0.02172     
3144        	10          	2.47        	0.02529     	0.05091     	0.02228     
3148        	10          	2.468       	0.02053     	0.04978     	0.02014     
3152        	10          	2.477       	0.02932     	0.04598     	0.01934     
3156        	10          	2.477       	0.03125     	0.04604     	0.01937     
3160        	10          	2.518       	0.01997     	0.03463     	0.01618     
3164        	10          	2.493       	0.02134     	0.04325     	0.01818     
3168        	10          	2.492       	0.02163     	0.04139     	0.01532     
3172        	10          	2.467       	0.01646     	0.04371     	0.02256     
3176        	10          	2.487       	0.02018     	0.04609     	0.02297     
3180        	10          	2.477       	0.02313     	0.05002     	0.01997     
3184        	10          	2.437       	0.02453     	0.06068     	0.02628     
3188        	10          	2.46        	0.02177     	0.04816     	0.02827     
3192        	10          	2.435       	0.0222      	0.04475     	0.02274     
3196        	10          	2.443       	0.02066     	0.04717     	0.0232      
3200        	10          	2.465       	0.0202      	0.0392      	0.02401     
3204        	10          	2.435       	0.01778     	0.04354     	0.02722     
3208        	10          	2.423       	0.02036     	0.04278     	0.02262     
3212        	10          	2.443       	0.01949     	0.04269     	0.02047     
3216        	10          	2.433       	0.0184      	0.04176     	0.01911     
3220        	10          	2.442       	0.0236      	0.04389     	0.01456     
3224        	10          	2.412       	0.02882     	0.04941     	0.02238     
3228        	10          	2.433       	0.02657     	0.04355     	0.01656     
3232        	10          	2.415       	0.02019     	0.03696     	0.01592     
3236        	10          	2.393       	0.02227     	0.0476      	0.01942     
3240        	10          	2.422       	0.0225      	0.04913     	0.02362     
3244        	10          	2.445       	0.01876     	0.04647     	0.02172     
3248        	10          	2.41        	0.02038     	0.04635     	0.02632     
3252        	10          	2.403       	0.02105     	0.04905     	0.0301      
3256        	10          	2.418       	0.01746     	0.03848     	0.01161     
3260        	10          	2.38        	0.02318     	0.04985     	0.01717     
3264        	10          	2.432       	0.02058     	0.0477      	0.0222      
3268        	10          	2.423       	0.02184     	0.05419     	0.02101     
3272        	10          	2.4         	0.02431     	0.05152     	0.02416     
3276        	10          	2.418       	0.02242     	0.04702     	0.01802     
3280        	10          	2.413       	0.01943     	0.06125     	0.0269      
3284        	10          	2.432       	0.02033     	0.05591     	0.02569     
3288        	10          	2.43        	0.02711     	0.0505      	0.01598     
3292        	10          	2.435       	0.01925     	0.05606     	0.02453     
3296        	10          	2.393       	0.01888     	0.05373     	0.0198      
3300        	10          	2.425       	0.01647     	0.05168     	0.02725     
3304        	10          	2.408       	0.01811     	0.04911     	0.02631     
3308        	10          	2.433       	0.01875     	0.05093     	0.02765     
3312        	10          	2.413       	0.01828     	0.04187     	0.02659     
3316        	10          	2.443       	0.0277      	0.03703     	0.01885     
3320        	10          	2.427       	0.02224     	0.04253     	0.01908     
3324        	10          	2.403       	0.02404     	0.0502      	0.02196     
3328        	10          	2.432       	0.02701     	0.0484      	0.02348     
3332        	10          	2.405       	0.0239      	0.04356     	0.02444     
3336        	10          	2.415       	0.0224      	0.03938     	0.01606     
3340        	10          	2.382       	0.02227     	0.05301     	0.0229      
3344        	10          	2.41        	0.02406     	0.04983     	0.02468     
3348        	10          	2.423       	0.033       	0.05176     	0.02065     
3352        	10          	2.417       	0.02638     	0.05505     	0.02552     
3356        	10          	2.402       	0.02704     	0.05237     	0.02168     
3360        	10          	2.415       	0.0289      	0.05034     	0.02302     
3364        	10          	2.388       	0.02176     	0.05484     	0.02884     
3368        	10          	2.398       	0.0262      	0.0525      	0.02975     
3372        	10          	2.382       	0.01887     	0.04784     	0.02102     
3376        	10          	2.428       	0.01896     	0.04564     	0.02035     
3380        	10          	2.438       	0.02556     	0.04907     	0.02129     
3384        	10          	2.405       	0.02109     	0.04388     	0.01742     
3388        	10          	2.418       	0.0225      	0.04997     	0.01661     
3392        	10          	2.413       	0.02337     	0.04622     	0.0199      
3396        	10          	2.425       	0.0193      	0.04403     	0.02356     
3400        	10          	2.432       	0.02047     	0.05055     	0.02307     
3404        	10          	2.437       	0.02033     	0.0553      	0.02829     
3408        	10          	2.432       	0.022       	0.04758     	0.02453     
3412        	10          	2.427       	0.02683     	0.04921     	0.02469     
3416        	10          	2.403       	0.01923     	0.04971     	0.02445     
3420        	10          	2.413       	0.02078     	0.04524     	0.02265     
3424        	10          	2.392       	0.02223     	0.03816     	0.01583     
3428        	10          	2.41        	0.02084     	0.04696     	0.01572     
3432        	10          	2.395       	0.02485     	0.05335     	0.01976     
3436        	10          	2.438       	0.02619     	0.04504     	0.02113     
3440        	10          	2.422       	0.01772     	0.05012     	0.02685     
3444        	10          	2.415       	0.02057     	0.04048     	0.01556     
3448        	10          	2.425       	0.01705     	0.04299     	0.01906     
3452        	10          	2.42        	0.01749     	0.04836     	0.01998     
3456        	10          	2.463       	0.02211     	0.04791     	0.02736     
3460        	10          	2.418       	0.02307     	0.04807     	0.02709     
3464        	10          	2.463       	0.02069     	0.04611     	0.02236     
3468        	10          	2.44        	0.01919     	0.04776     	0.0285      
3472        	10          	2.445       	0.02606     	0.03962     	0.02175     
3476        	10          	2.422       	0.02456     	0.04302     	0.02527     
3480        	10          	2.443       	0.01749     	0.03821     	0.02212     
3484        	10          	2.472       	0.01784     	0.04852     	0.0219      
3488        	10          	2.458       	0.02492     	0.0434      	0.02147     
3492        	10          	2.447       	0.01932     	0.04442     	0.01522     
3496        	10          	2.432       	0.01608     	0.04488     	0.02323     
3500        	10          	2.42        	0.02222     	0.03465     	0.01941     
3504        	10          	2.452       	0.0218      	0.0437      	0.01228     
3508        	10          	2.425       	0.02344     	0.05338     	0.02375     
3512        	10          	2.442       	0.02593     	0.04985     	0.02028     
3516        	10          	2.44        	0.02301     	0.04455     	0.02609     
3520        	10          	2.418       	0.01982     	0.05246     	0.0227      
3524        	10          	2.425       	0.0223      	0.05214     	0.02799     
3528        	10          	2.408       	0.01347     	0.03536     	0.01697     
3532        	10          	2.438       	0.02177     	0.04425     	0.0243      
3536        	10          	2.447       	0.01383     	0.0461      	0.02227     
3540        	10          	2.49        	0.02305     	0.0442      	0.01863     
3544        	10          	2.455       	0.02255     	0.04207     	0.01557     
3548        	10          	2.48        	0.02704     	0.04585     	0.01618     
3552        	10          	2.49        	0.02264     	0.03715     	0.02073     
3556        	10          	2.49        	0.02384     	0.04137     	0.01791     
3560        	10          	2.47        	0.02081     	0.04433     	0.02245     
3564        	10          	2.485       	0.02469     	0.05191     	0.02507     
3568        	10          	2.498       	0.01935     	0.04249     	0.0152      
3572        	10          	2.515       	0.01818     	0.03965     	0.0171      
3576        	10          	2.472       	0.01649     	0.03796     	0.01556     
3580        	10          	2.47        	0.01633     	0.03759     	0.01958     
3584        	10          	2.497       	0.01651     	0.03841     	0.01761     
3588        	10          	2.48        	0.01811     	0.04721     	0.0223      
3592        	10          	2.433       	0.02074     	0.05158     	0.02626     
3596        	10          	2.433       	0.02278     	0.04939     	0.03552     
3600        	10          	2.44        	0.01752     	0.04659     	0.02196     
3604        	10          	2.422       	0.02359     	0.04591     	0.02684     
3608        	10          	2.437       	0.0249      	0.0477      	0.02738     
3612        	10          	2.408       	0.02835     	0.05208     	0.02263     
3616        	10          	2.402       	0.02365     	0.04715     	0.01782     
3620        	10          	2.402       	0.01857     	0.03936     	0.01282     
3624        	10          	2.408       	0.0246      	0.04488     	0.02533     
3628        	10          	2.438       	0.01977     	0.04379     	0.02174     
3632        	10          	2.417       	0.02458     	0.03998     	0.02223     
3636        	10          	2.433       	0.02457     	0.03782     	0.01926     
3640        	10          	2.417       	0.02733     	0.04241     	0.02086     
3644        	10          	2.402       	0.02147     	0.04173     	0.02199     
3648        	10          	2.358       	0.01475     	0.03843     	0.01806     
3652        	10          	2.395       	0.0179      	0.04016     	0.01885     
3656        	10          	2.4         	0.02345     	0.03791     	0.01255     
3660        	10          	2.415       	0.02031     	0.04169     	0.02293     
3664        	10          	2.417       	0.02278     	0.04904     	0.02747     
3668        	10          	2.435       	0.02191     	0.04818     	0.01759     
3672        	10          	2.418       	0.02754     	0.05001     	0.02079     
3676        	10          	2.387       	0.02036     	0.03733     	0.01295     
3680        	10          	2.37        	0.02022     	0.03758     	0.01325     
3684        	10          	2.393       	0.01526     	0.04352     	0.01682     
3688        	10          	2.378       	0.01971     	0.04834     	0.023       
3692        	10          	2.403       	0.02549     	0.04756     	0.02314     
3696        	10          	2.352       	0.02193     	0.04896     	0.02307     
3700        	10          	2.373       	0.0218      	0.04639     	0.01952     
3704        	10          	2.382       	0.02013     	0.04756     	0.0189      
3708        	10          	2.39        	0.02561     	0.05218     	0.02073     
3712        	10          	2.393       	0.02341     	0.049       	0.02437     
3716        	10          	2.428       	0.01863     	0.04201     	0.02359     
3720        	10          	2.417       	0.02549     	0.04428     	0.0268      
3724        	10          	2.442       	0.02729     	0.05535     	0.0261      
3728        	10          	2.443       	0.0196      	0.05171     	0.02676     
3732        	10          	2.44        	0.02209     	0.06058     	0.02699     
3736        	10          	2.412       	0.0278      	0.05924     	0.02558     
3740        	10          	2.412       	0.01764     	0.05823     	0.03146     
3744        	10          	2.393       	0.02378     	0.05705     	0.03014     
3748        	10          	2.413       	0.01734     	0.05388     	0.02887     
3752        	10          	2.407       	0.01923     	0.05088     	0.02762     
3756        	10          	2.417       	0.02138     	0.05854     	0.02599     
3760        	10          	2.435       	0.02674     	0.0539      	0.02245     
3764        	10          	2.405       	0.01821     	0.05273     	0.01993     
3768        	10          	2.418       	0.01935     	0.04016     	0.01917     
3772        	10          	2.423       	0.02784     	0.05116     	0.02036     
3776        	10          	2.38        	0.01699     	0.04608     	0.02491     
3780        	10          	2.435       	0.01791     	0.04464     	0.02259     
3784        	10          	2.428       	0.02101     	0.0509      	0.01877     
3788        	10          	2.432       	0.01598     	0.04171     	0.02049     
3792        	10          	2.443       	0.01697     	0.03866     	0.01841     
3796        	10          	2.455       	0.0167      	0.03995     	0.02226     
3800        	10          	2.443       	0.02282     	0.04552     	0.03424     
3804        	10          	2.447       	0.025       	0.04036     	0.01987     
3808        	10          	2.402       	0.02367     	0.04728     	0.02236     
3812        	10          	2.408       	0.02426     	0.04602     	0.01873     
3816        	10          	2.41        	0.02676     	0.04681     	0.02067     
3820        	10          	2.393       	0.02257     	0.05009     	0.02106     
3824        	10          	2.362       	0.02337     	0.04253     	0.02567     
3828        	10          	2.382       	0.01539     	0.04409     	0.02103     
3832        	10          	2.372       	0.02188     	0.04171     	0.02218     
3836        	10          	2.395       	0.01889     	0.0479      	0.02288     
3840        	10          	2.367       	0.01664     	0.04844     	0.03243     
3844        	10          	2.362       	0.01974     	0.0535      	0.02135     
3848        	10          	2.383       	0.02417     	0.04622     	0.02197     
3852        	10          	2.333       	0.02371     	0.04907     	0.02038     
3856        	10          	2.358       	0.0223      	0.0409      	0.01631     
3860        	10          	2.358       	0.02166     	0.04509     	0.02484     
3864        	10          	2.377       	0.01505     	0.03997     	0.02097     
3868        	10          	2.345       	0.0312      	0.03676     	0.01968     
3872        	10          	2.342       	0.01803     	0.0436      	0.02125     
3876        	10          	2.335       	0.02521     	0.03906     	0.02088     
3880        	10          	2.28        	0.01956     	0.04437     	0.01933     
3884        	10          	2.322       	0.02041     	0.04859     	0.02134     
3888        	10          	2.33        	0.01948     	0.05849     	0.02425     
3892        	10          	2.328       	0.02593     	0.04312     	0.01897     
3896        	10          	2.308       	0.02655     	0.04115     	0.0187      
3900        	10          	2.332       	0.02844     	0.03583     	0.01636     
3904        	10          	2.287       	0.01938     	0.03411     	0.01861     
3908        	10          	2.307       	0.02147     	0.03779     	0.01742     
3912        	10          	2.32        	0.01721     	0.04271     	0.02802     
3916        	10          	2.328       	0.01933     	0.03807     	0.02485     
3920        	10          	2.333       	0.01329     	0.04614     	0.03408     
3924        	10          	2.303       	0.01849     	0.04837     	0.02633     
3928        	10          	2.31        	0.02725     	0.05032     	0.02075     
3932        	10          	2.333       	0.02349     	0.04979     	0.01478     
3936        	10          	2.307       	0.01644     	0.04099     	0.02446     
3940        	10          	2.297       	0.02309     	0.04486     	0.02161     
3944        	10          	2.317       	0.01962     	0.05526     	0.02544     
3948        	10          	2.305       	0.0201      	0.04882     	0.02214     
3952        	10          	2.305       	0.01698     	0.04607     	0.02389     
3956        	10          	2.312       	0.02426     	0.04552     	0.01988     
3960        	10          	2.282       	0.01706     	0.03962     	0.01973     
3964        	10          	2.26        	0.02268     	0.04843     	0.02574     
3968        	10          	2.248       	0.02728     	0.0589      	0.02117     
3972        	10          	2.277       	0.02087     	0.05373     	0.02079     
3976        	10          	2.303       	0.02207     	0.04481     	0.02469     
3980        	10          	2.29        	0.01879     	0.04548     	0.03188     
3984        	10          	2.275       	0.01734     	0.04599     	0.02638     
3988        	10          	2.273       	0.02303     	0.04277     	0.02595     
3992        	10          	2.327       	0.02976     	0.04182     	0.01649     
3996        	10          	2.3         	0.02341     	0.03918     	0.01601     
4000        	10          	2.3         	0.02762     	0.04299     	0.01867     
4004        	10          	2.258       	0.04931     	0.06453     	0.02009     
4008        	10          	2.247       	0.06484     	0.07527     	0.02419     
4012        	10          	2.242       	0.07545     	0.08585     	0.02071     
4016        	10          	2.222       	0.07544     	0.08084     	0.0158      
4020        	10          	2.218       	0.1088      	0.0959      	0.01307     
4024        	10          	2.203       	0.121       	0.1277      	0.02678     
4028        	10          	2.173       	0.1268      	0.1321      	0.04628     
4032        	10          	2.153       	0.141       	0.1408      	0.0602      
4036        	10          	2.16        	0.1518      	0.1483      	0.07567     
4040        	10          	2.148       	0.1576      	0.1656      	0.1063      
4044        	10          	2.088       	0.1735      	0.1731      	0.1151      
4048        	10          	2.095       	0.1847      	0.1757      	0.1347      
4052        	10          	2.077       	0.2082      	0.1956      	0.1666      
4056        	10          	2.09        	0.2102      	0.2024      	0.1696      
4060        	10          	2.058       	0.2296      	0.2162      	0.1831      
4064        	10          	2.033       	0.2428      	0.2434      	0.2127      
4068        	10          	2.017       	0.2666      	0.2553      	0.2161      
4072        	10          	2.037       	0.2701      	0.2785      	0.2206      
4076        	10          	2.015       	0.2746      	0.2867      	0.2404      
4080        	10          	2.017       	0.3015      	0.3034      	0.2572      
4084        	10          	2.005       	0.3161      	0.3069      	0.2524      
4088        	10          	1.99        	0.3166      	0.3082      	0.2817      
4092        	10          	1.963       	0.3257      	0.3288      	0.2774      
4096        	10          	1.958       	0.3316      	0.3347      	0.2929      
4100        	10          	1.953       	0.3448      	0.3479      	0.2973      
4104        	10          	1.978       	0.3453      	0.3373      	0.2981      
4108        	10          	1.978       	0.3555      	0.3466      	0.2905      
4112        	10          	1.958       	0.3511      	0.355       	0.303       
4116        	10          	1.93        	0.3725      	0.366       	0.3264      
4120        	10          	1.907       	0.3891      	0.3834      	0.3281      
4124        	10          	1.907       	0.4023      	0.3937      	0.3438      
4128        	10          	1.907       	0.4081      	0.4122      	0.362       
4132        	10          	1.887       	0.4248      	0.4163      	0.3606      
4136        	10          	1.86        	0.4337      	0.4281      	0.3877      
4140        	10          	1.852       	0.4393      	0.4301      	0.4021      
4144        	10          	1.877       	0.4549      	0.4396      	0.4102      
4148        	10          	1.843       	0.4465      	0.4565      	0.4103      
4152        	10          	1.867       	0.4563      	0.444       	0.4214      
4156        	10          	1.875       	0.4703      	0.4535      	0.4417      
4160        	10          	1.847       	0.4658      	0.449       	0.4418      
4164        	10          	1.855       	0.4616      	0.4563      	0.4444      
4168        	10          	1.867       	0.4678      	0.4534      	0.4646      
4172        	10          	1.83        	0.4834      	0.4669      	0.4666      
4176        	10          	1.828       	0.4854      	0.4761      	0.4883      
4180        	10          	1.835       	0.4834      	0.4635      	0.4884      
4184        	10          	1.853       	0.4893      	0.4741      	0.4851      
4188        	10          	1.83        	0.4857      	0.4788      	0.4796      
4192        	10          	1.848       	0.5031      	0.4873      	0.4952      
4196        	10          	1.835       	0.5144      	0.4935      	0.5124      
4200        	10          	1.825       	0.531       	0.5017      	0.5212      
4204        	10          	1.843       	0.5287      	0.4967      	0.5029      
4208        	10          	1.853       	0.5217      	0.4917      	0.5106      
4212        	10          	1.83        	0.526       	0.4991      	0.5181      
4216        	10          	1.82        	0.5342      	0.5095      	0.5242      
4220        	10          	1.815       	0.5373      	0.5333      	0.5341      
4224        	10          	1.79        	0.5341      	0.5159      	0.5267      
4228        	10          	1.787       	0.5445      	0.52        	0.5328      
4232        	10          	1.8         	0.5453      	0.513       	0.5318      
4236        	10          	1.788       	0.5605      	0.5414      	0.5428      
4240        	10          	1.79        	0.5766      	0.5518      	0.5585      
4244        	10          	1.817       	0.5829      	0.5413      	0.5436      
4248        	10          	1.803       	0.5957      	0.553       	0.5555      
4252        	10          	1.812       	0.5974      	0.5588      	0.5516      
4256        	10          	1.78        	0.6045      	0.5681      	0.5575      
4260        	10          	1.793       	0.6072      	0.5746      	0.5598      
4264        	10          	1.76        	0.6191      	0.576       	0.5651      
4268        	10          	1.78        	0.6041      	0.5699      	0.5577      
4272        	10          	1.792       	0.6134      	0.5713      	0.5564      
4276        	10          	1.833       	0.6115      	0.5758      	0.5582      
4280        	10          	1.808       	0.6206      	0.5883      	0.5555      
4284        	10          	1.792       	0.6063      	0.5837      	0.5576      
4288        	10          	1.767       	0.6173      	0.5916      	0.5577      
4292        	10          	1.81        	0.6126      	0.5856      	0.5577      
4296        	10          	1.773       	0.6081      	0.5951      	0.5565      
4300        	10          	1.787       	0.6181      	0.5961      	0.5636      
4304        	10          	1.782       	0.6093      	0.5981      	0.5692      
4308        	10          	1.785       	0.6175      	0.5978      	0.5631      
4312        	10          	1.802       	0.6187      	0.6057      	0.5773      
4316        	10          	1.78        	0.6254      	0.6164      	0.5863      
4320        	10          	1.78        	0.6267      	0.6187      	0.5806      
4324        	10          	1.775       	0.6359      	0.6332      	0.592       
4328        	10          	1.768       	0.6302      	0.6254      	0.5859      
4332        	10          	1.795       	0.6284      	0.6291      	0.5862      
4336        	10          	1.792       	0.6202      	0.6215      	0.5683      
4340        	10          	1.812       	0.6302      	0.6283      	0.5821      
4344        	10          	1.778       	0.6394      	0.6377      	0.5944      
4348        	10          	1.76        	0.6366      	0.6354      	0.5935      
4352        	10          	1.777       	0.6394      	0.6431      	0.5996      
4356        	10          	1.767       	0.653       	0.654       	0.6039      
4360        	10          	1.775       	0.6491      	0.6548      	0.6125      
4364        	10          	1.758       	0.6484      	0.6532      	0.6153      
4368        	10          	1.738       	0.6509      	0.6525      	0.6166      
4372        	10          	1.758       	0.6538      	0.6438      	0.6162      
4376        	10          	1.768       	0.6514      	0.6464      	0.6213      
4380        	10          	1.748       	0.6473      	0.6391      	0.62        
4384        	10          	1.765       	0.6441      	0.6431      	0.6206      
4388        	10          	1.765       	0.6481      	0.6418      	0.6206      
4392        	10          	1.75        	0.6589      	0.633       	0.627       
4396        	10          	1.738       	0.6552      	0.6403      	0.6274      
4400        	10          	1.727       	0.6542      	0.6446      	0.6198      
4404        	10          	1.738       	0.6489      	0.6349      	0.6213      
4408        	10          	1.748       	0.6541      	0.6421      	0.6263      
4412        	10          	1.753       	0.6603      	0.6406      	0.6303      
4416        	10          	1.76        	0.6665      	0.6437      	0.6328      
4420        	10          	1.752       	0.6715      	0.6516      	0.6345      
4424        	10          	1.73        	0.6742      	0.6433      	0.6202      
4428        	10          	1.743       	0.6752      	0.6402      	0.6157      
4432        	10          	1.73        	0.6839      	0.6468      	0.6397      
4436        	10          	1.745       	0.6873      	0.6418      	0.6359      
4440        	10          	1.725       	0.6931      	0.655       	0.6417      
4444        	10          	1.723       	0.7027      	0.6578      	0.6475      
4448        	10          	1.695       	0.6978      	0.6593      	0.6522      
4452        	10          	1.75        	0.687       	0.6461      	0.6389      
4456        	10          	1.745       	0.6912      	0.6521      	0.6385      
4460        	10          	1.727       	0.6924      	0.656       	0.6403      
4464        	10          	1.738       	0.6966      	0.6625      	0.6434      
4468        	10          	1.743       	0.6974      	0.6679      	0.647       
4472        	10          	1.723       	0.6995      	0.6796      	0.6437      
4476        	10          	1.735       	0.6907      	0.6717      	0.6396      
4480        	10          	1.722       	0.7013      	0.6764      	0.6484      
4484        	10          	1.735       	0.6978      	0.6772      	0.6498      
4488        	10          	1.735       	0.6998      	0.685       	0.6474      
4492        	10          	1.725       	0.7034      	0.6885      	0.6453      
4496        	10          	1.745       	0.7142      	0.6876      	0.6498      
4500        	10          	1.718       	0.7155      	0.6881      	0.6599      
4504        	10          	1.723       	0.714       	0.6996      	0.6577      
4508        	10          	1.718       	0.7176      	0.7062      	0.6574      
4512        	10          	1.743       	0.7167      	0.7112      	0.6552      
4516        	10          	1.762       	0.703       	0.6885      	0.6334      
4520        	10          	1.732       	0.7109      	0.6908      	0.6423      
4524        	10          	1.755       	0.71        	0.702       	0.6509      
4528        	10          	1.73        	0.7099      	0.6992      	0.6443      
4532        	10          	1.733       	0.7028      	0.7         	0.6561      
4536        	10          	1.732       	0.6973      	0.7023      	0.655       
4540        	10          	1.733       	0.6957      	0.6991      	0.6559      
4544        	10          	1.748       	0.699       	0.7102      	0.6686      
4548        	10          	1.733       	0.6974      	0.7129      	0.6638      
4552        	10          	1.718       	0.7007      	0.7147      	0.6637      
4556        	10          	1.722       	0.7088      	0.7122      	0.6558      
4560        	10          	1.73        	0.7108      	0.7151      	0.6598      
4564        	10          	1.728       	0.7057      	0.7189      	0.6623      
4568        	10          	1.732       	0.7123      	0.7157      	0.6611      
4572        	10          	1.727       	0.7214      	0.7242      	0.6642      
4576        	10          	1.722       	0.7208      	0.7224      	0.6707      
4580        	10          	1.747       	0.7228      	0.7159      	0.6707      
4584        	10          	1.715       	0.7268      	0.7186      	0.6868      
4588        	10          	1.73        	0.7317      	0.7246      	0.6795      
4592        	10          	1.715       	0.7297      	0.7232      	0.677       
4596        	10          	1.733       	0.7279      	0.7203      	0.683       
4600        	10          	1.688       	0.7339      	0.7211      	0.6822      
4604        	10          	1.695       	0.7328      	0.722       	0.6852      
4608        	10          	1.678       	0.7362      	0.7247      	0.6889      
4612        	10          	1.69        	0.7332      	0.7234      	0.6902      
4616        	10          	1.697       	0.7369      	0.7212      	0.6922      
4620        	10          	1.71        	0.7268      	0.7088      	0.6785      
4624        	10          	1.725       	0.7284      	0.7079      	0.6807      
4628        	10          	1.723       	0.729       	0.7039      	0.6887      
4632        	10          	1.707       	0.7288      	0.7096      	0.6877      
4636        	10          	1.725       	0.7298      	0.7084      	0.6874      
4640        	10          	1.685       	0.7392      	0.7132      	0.6983      
4644        	10          	1.703       	0.7377      	0.7042      	0.692       
4648        	10          	1.707       	0.7373      	0.7088      	0.7015      
4652        	10          	1.708       	0.7383      	0.7111      	0.7007      
4656        	10          	1.725       	0.7309      	0.7008      	0.6929      
4660        	10          	1.728       	0.742       	0.7046      	0.697       
4664        	10          	1.728       	0.7423      	0.6991      	0.6921      
4668        	10          	1.703       	0.7387      	0.7063      	0.6926      
4672        	10          	1.703       	0.7375      	0.7033      	0.6961      
4676        	10          	1.713       	0.726       	0.6969      	0.6807      
4680        	10          	1.677       	0.73        	0.7064      	0.6808      
4684        	10          	1.695       	0.7334      	0.707       	0.685       
4688        	10          	1.693       	0.7315      	0.7091      	0.6879      
4692        	10          	1.712       	0.7297      	0.7064      	0.6876      
4696        	10          	1.683       	0.7316      	0.7055      	0.6926      
4700        	10          	1.688       	0.7436      	0.7132      	0.7029      
4704        	10          	1.707       	0.7357      	0.7043      	0.6955      
4708        	10          	1.717       	0.7373      	0.7055      	0.6993      
4712        	10          	1.732       	0.7299      	0.7039      	0.6928      
4716        	10          	1.705       	0.7394      	0.711       	0.6986      
4720        	10          	1.682       	0.7439      	0.7202      	0.6942      
4724        	10          	1.668       	0.7399      	0.7153      	0.6957      
4728        	10          	1.707       	0.7386      	0.7059      	0.698       
4732        	10          	1.703       	0.7323      	0.7067      	0.6922      
4736        	10          	1.717       	0.7309      	0.7096      	0.6914      
4740        	10          	1.712       	0.7292      	0.7236      	0.6939      
4744        	10          	1.718       	0.7288      	0.7227      	0.6983      
4748        	10          	1.703       	0.7317      	0.7159      	0.6995      
4752        	10          	1.717       	0.7285      	0.7173      	0.7007      
4756        	10          	1.752       	0.7284      	0.7146      	0.6984      
4760        	10          	1.72        	0.7286      	0.7195      	0.6946      
4764        	10          	1.712       	0.7258      	0.7172      	0.6924      
4768        	10          	1.745       	0.7326      	0.7177      	0.6973      
4772        	10          	1.715       	0.7431      	0.7237      	0.7053      
4776        	10          	1.737       	0.7361      	0.7205      	0.6942      
4780        	10          	1.732       	0.7363      	0.7227      	0.689       
4784        	10          	1.728       	0.7398      	0.7244      	0.6964      
4788        	10          	1.735       	0.733       	0.7215      	0.692       
4792        	10          	1.713       	0.7384      	0.7242      	0.6972      
4796        	10          	1.718       	0.7379      	0.7296      	0.6985      
4800        	10          	1.695       	0.7394      	0.7296      	0.7022      
4804        	10          	1.692       	0.734       	0.7217      	0.698       
4808        	10          	1.7         	0.736       	0.7248      	0.7095      
4812        	10          	1.678       	0.7413      	0.7346      	0.7164      
4816        	10          	1.688       	0.7403      	0.7253      	0.7162      
4820        	10          	1.695       	0.7517      	0.736       	0.7266      
4824        	10          	1.685       	0.7574      	0.732       	0.7295      
4828        	10          	1.663       	0.7507      	0.7345      	0.7347      
4832        	10          	1.673       	0.7538      	0.7347      	0.7295      
4836        	10          	1.683       	0.7514      	0.7224      	0.7265      
4840        	10          	1.698       	0.7516      	0.711       	0.7304      
4844        	10          	1.705       	0.7426      	0.7035      	0.7285      
4848        	10          	1.688       	0.7494      	0.7138      	0.7341      
4852        	10          	1.687       	0.741       	0.7086      	0.7267      
4856        	10          	1.687       	0.7467      	0.7129      	0.7214      
4860        	10          	1.68        	0.7555      	0.7197      	0.7382      
4864        	10          	1.685       	0.7615      	0.724       	0.7417      
4868        	10          	1.672       	0.7631      	0.721       	0.7488      
4872        	10          	1.67        	0.7619      	0.7239      	0.7483      
4876        	10          	1.67        	0.7617      	0.7239      	0.7508      
4880        	10          	1.675       	0.758       	0.721       	0.7432      
4884        	10          	1.673       	0.7577      	0.7236      	0.7555      
4888        	10          	1.675       	0.7565      	0.7351      	0.7585      
4892        	10          	1.7         	0.7568      	0.7305      	0.7533      
4896        	10          	1.658       	0.7647      	0.7365      	0.7506      
4900        	10          	1.648       	0.7671      	0.7333      	0.7531      
4904        	10          	1.672       	0.7756      	0.7425      	0.7533      
4908        	10          	1.668       	0.7778      	0.743       	0.7516      
4912        	10          	1.675       	0.7763      	0.7487      	0.7559      
4916        	10          	1.662       	0.7699      	0.7508      	0.7543      
4920        	10          	1.665       	0.7732      	0.7517      	0.7566      
4924        	10          	1.66        	0.7662      	0.7549      	0.7553      
4928        	10          	1.678       	0.7624      	0.7508      	0.7453      
4932        	10          	1.66        	0.7613      	0.7511      	0.7464      
4936        	10          	1.632       	0.7693      	0.7627      	0.7554      
4940        	10          	1.588       	0.7632      	0.7529      	0.755       
4944        	10          	1.648       	0.769       	0.7581      	0.7586      
4948        	10          	1.668       	0.7556      	0.7449      	0.7523      
4952        	10          	1.678       	0.7597      	0.7465      	0.757       
4956        	10          	1.702       	0.7587      	0.7361      	0.7575      
4960        	10          	1.688       	0.7566      	0.7309      	0.7486      
4964        	10          	1.68        	0.76        	0.7352      	0.7576      
4968        	10          	1.682       	0.7523      	0.7345      	0.7516      
4972        	10          	1.675       	0.7551      	0.7392      	0.7544      
4976        	10          	1.68        	0.7501      	0.7306      	0.749       
4980        	10          	1.662       	0.7492      	0.739       	0.7406      
4984        	10          	1.675       	0.7505      	0.7346      	0.7338      
4988        	10          	1.682       	0.7472      	0.7309      	0.7386      
4992        	10          	1.695       	0.7455      	0.7331      	0.739       
4996        	10          	1.675       	0.7518      	0.7381      	0.7417      
5000        	10          	1.678       	0.7618      	0.7413      	0.7492      
