generation  	alive.rpl   	n.adlt.rs   	n.adlt.fst.wc_p1-2	n.adlt.fst.wc_p1-3	n.adlt.fst.wc_p2-3
4           	10          	0.04078     	8.846e-06   	5.312e-06   	1.472e-05   
8           	10          	0.02461     	1.9e-05     	8.914e-06   	1.207e-05   
12          	10          	0.1114      	2.685e-05   	9.08e-06    	1.036e-05   
16          	10          	0.02686     	2.221e-05   	3.918e-05   	2.596e-05   
20          	10          	0.1608      	9.707e-05   	5.84e-05    	1.55e-05    
24          	10          	0.1403      	5.166e-05   	4.509e-05   	2.861e-05   
28          	10          	0.05772     	1.539e-05   	2.908e-05   	3.834e-05   
32          	10          	0.06099     	2.392e-05   	9.936e-05   	2.969e-05   
36          	10          	0.1308      	2.614e-05   	6.65e-05    	2.667e-05   
40          	10          	0.115       	2.673e-05   	8.072e-05   	3.918e-05   
44          	10          	0.1122      	1.367e-05   	5.432e-05   	3.69e-05    
48          	10          	0.03425     	5.226e-05   	6.795e-05   	2.808e-05   
52          	10          	0.05046     	7.31e-05    	0.0001246   	5.054e-05   
56          	10          	0.0734      	5.134e-05   	0.0001184   	4.224e-05   
60          	10          	0.03593     	1.18e-05    	0.0001356   	3.769e-05   
64          	10          	0.04561     	2.913e-05   	0.0001065   	4.904e-05   
68          	10          	0.04779     	2.391e-05   	0.0001083   	2.778e-05   
72          	10          	0.1092      	2.291e-05   	0.0001373   	3.801e-05   
76          	10          	0.1         	3.506e-05   	0.0001764   	5.916e-05   
80          	10          	0.1156      	5.639e-05   	0.0002151   	3.781e-05   
84          	10          	0.1094      	7.411e-05   	0.0001998   	3.591e-05   
88          	10          	0.1083      	0.000187    	0.0001143   	4.849e-05   
92          	10          	0.08884     	8.533e-05   	5.09e-05    	3.889e-05   
96          	10          	0.07791     	3.635e-05   	0.0001124   	5.941e-05   
100         	10          	0.08086     	4.513e-05   	9.925e-05   	7.5e-05     
104         	10          	0.07879     	2.086e-05   	3.939e-05   	5.534e-05   
108         	10          	0.07853     	5.951e-05   	7.274e-05   	2.167e-05   
112         	10          	0.06061     	5.395e-05   	9.292e-05   	9.153e-05   
116         	10          	0.0496      	4.464e-05   	6.627e-05   	6.541e-05   
120         	10          	0.0744      	7.634e-05   	9.092e-05   	7.41e-05    
124         	10          	0.06318     	5.949e-05   	0.0001283   	4.137e-05   
128         	10          	0.06747     	4.111e-05   	0.0001221   	6.826e-05   
132         	10          	0.05178     	1.923e-05   	4.537e-05   	4.413e-05   
136         	10          	0.06212     	4.516e-05   	9.121e-05   	4.967e-05   
140         	10          	0.09684     	3.237e-05   	8.882e-05   	2.576e-05   
144         	10          	0.1022      	2.489e-05   	7.317e-05   	7.408e-05   
148         	10          	0.08728     	3.852e-05   	0.0001584   	6.999e-05   
152         	10          	0.07979     	3.449e-05   	6.372e-05   	4.853e-05   
156         	10          	0.1247      	7.14e-05    	5.107e-05   	6.692e-05   
160         	10          	0.09411     	5.039e-05   	9.701e-05   	5.626e-05   
164         	10          	0.0624      	5.873e-05   	0.0001041   	3.303e-05   
168         	10          	0.03196     	5.781e-05   	0.0001347   	3.228e-05   
172         	10          	0.05111     	2.474e-05   	7.623e-05   	5.416e-05   
176         	10          	0.05601     	9.091e-05   	4.866e-05   	4.887e-05   
180         	10          	0.05297     	2.878e-05   	0.0001149   	2.782e-05   
184         	10          	0.05729     	5.773e-05   	0.0001278   	6.845e-05   
188         	10          	0.0631      	5.272e-05   	9.718e-05   	7.027e-05   
192         	10          	0.1079      	4.229e-05   	8.777e-05   	3.778e-05   
196         	10          	0.07572     	4.339e-05   	7.179e-05   	6.676e-05   
200         	10          	0.0831      	7.615e-05   	0.0001346   	4.639e-05   
204         	10          	0.07897     	5.42e-05    	4.092e-05   	5.629e-05   
208         	10          	0.08073     	4.968e-05   	0.0001076   	8.855e-05   
212         	10          	0.05572     	3.546e-05   	0.0001428   	5.354e-05   
216         	10          	0.06472     	6.566e-05   	0.000107    	3.156e-05   
220         	10          	0.1027      	6.675e-05   	0.0001279   	5.184e-05   
224         	10          	0.09023     	0.0001274   	0.0001604   	5.226e-05   
228         	10          	0.09354     	5.085e-05   	8.448e-05   	3.783e-05   
232         	10          	0.1103      	7.06e-05    	0.0001256   	0.0001094   
236         	10          	0.08645     	0.0002226   	0.0001588   	7.471e-05   
240         	10          	0.08475     	0.0001026   	9.593e-05   	0.0001144   
244         	10          	0.05812     	9.461e-05   	0.0001159   	3.955e-05   
248         	10          	0.07134     	2.176e-05   	8.423e-05   	7.29e-05    
252         	10          	0.05589     	3.62e-05    	0.0003092   	4.165e-05   
256         	10          	0.04317     	0.0001537   	0.0001579   	3.484e-05   
260         	10          	0.06812     	9.288e-05   	0.0001301   	5.77e-05    
264         	10          	0.04912     	7.481e-05   	0.0002041   	4.692e-05   
268         	10          	0.04089     	9.808e-05   	5.653e-05   	3.955e-05   
272         	10          	0.07157     	5.728e-05   	0.0001014   	4.08e-05    
276         	10          	0.09029     	4.659e-05   	0.0002028   	6.041e-05   
280         	10          	0.108       	8.106e-05   	0.0001575   	6.877e-05   
284         	10          	0.09045     	0.0001137   	0.0001243   	3.173e-05   
288         	10          	0.1186      	3.253e-05   	0.0002558   	5.551e-05   
292         	10          	0.1145      	7.285e-05   	0.0002135   	7.536e-05   
296         	10          	0.078       	7.477e-05   	0.0001549   	9.754e-05   
300         	10          	0.07278     	6.851e-05   	0.0003577   	4.07e-05    
304         	10          	0.05838     	0.0001315   	9.829e-05   	5.564e-05   
308         	10          	0.07706     	3.584e-05   	0.0001445   	4.694e-05   
312         	10          	0.04262     	3.959e-05   	0.0001188   	3.594e-05   
316         	10          	0.04674     	5.504e-05   	0.0002945   	0.0001174   
320         	10          	0.03951     	5.127e-05   	0.0001944   	3.834e-05   
324         	10          	0.05802     	6.13e-05    	0.000151    	4.06e-05    
328         	10          	0.03345     	6.462e-05   	0.0001552   	0.0001195   
332         	10          	0.02524     	7.583e-05   	0.0001943   	3.215e-05   
336         	10          	0.05417     	3.331e-05   	0.0001681   	5.444e-05   
340         	10          	0.04872     	6.591e-05   	0.0002811   	9.365e-05   
344         	10          	0.06525     	0.000107    	0.0002388   	5.884e-05   
348         	10          	0.04497     	0.0001545   	0.0003106   	0.0001298   
352         	10          	0.05495     	0.000198    	0.0003585   	3.977e-05   
356         	10          	0.05329     	0.0001072   	0.0001906   	5.461e-05   
360         	10          	0.07443     	0.0002257   	0.0004442   	8.552e-05   
364         	10          	0.1064      	3.023e-05   	0.0004062   	0.0001221   
368         	10          	0.06946     	5.2e-05     	0.000177    	6.109e-05   
372         	10          	0.07084     	8.067e-05   	0.0001178   	7.639e-05   
376         	10          	0.07602     	0.0001074   	0.0001612   	5.631e-05   
380         	10          	0.07957     	4.118e-05   	8.692e-05   	0.0001648   
384         	10          	0.1171      	7.843e-05   	0.0002798   	7.737e-05   
388         	10          	0.1073      	9.508e-05   	0.000179    	4.329e-05   
392         	10          	0.09293     	0.0001025   	0.0003501   	5.441e-05   
396         	10          	0.08416     	3.975e-05   	0.0003542   	0.0001204   
400         	10          	0.1276      	8.185e-05   	0.0002567   	0.0001621   
404         	10          	0.1135      	7.176e-05   	0.0002982   	5.044e-05   
408         	10          	0.1141      	0.0001295   	0.0001579   	0.0001286   
412         	10          	0.1182      	0.0001117   	0.0002095   	0.000128    
416         	10          	0.1041      	7.456e-05   	0.0002079   	4.729e-05   
420         	10          	0.1394      	2.672e-05   	0.0001423   	0.0001091   
424         	10          	0.1127      	6.544e-05   	0.0001117   	6.632e-05   
428         	10          	0.07266     	6.861e-05   	0.0001558   	9.176e-05   
432         	10          	0.07897     	0.0001176   	9.805e-05   	9.705e-05   
436         	10          	0.06144     	0.0001407   	0.0001985   	7.535e-05   
440         	10          	0.05939     	0.000103    	0.0001337   	2.282e-05   
444         	10          	0.0588      	3.182e-05   	9.869e-05   	5.642e-05   
448         	10          	0.0534      	0.0001027   	0.0001974   	7.499e-05   
452         	10          	0.05788     	7.67e-05    	0.0003413   	0.0001046   
456         	10          	0.06421     	4.38e-05    	0.0001761   	5.858e-05   
460         	10          	0.06327     	9.661e-05   	0.0003306   	4.956e-05   
464         	10          	0.06766     	6.402e-05   	0.0001307   	0.0001374   
468         	10          	0.08122     	5.19e-05    	0.0001016   	8.336e-05   
472         	10          	0.08534     	8.135e-05   	0.0001617   	0.0001026   
476         	10          	0.073       	0.0002288   	0.0003191   	5.359e-05   
480         	10          	0.06451     	0.0002492   	0.0002482   	8.589e-05   
484         	10          	0.06973     	7.014e-05   	0.0002212   	4.888e-05   
488         	10          	0.07301     	2.553e-05   	0.000269    	4.072e-05   
492         	10          	0.04934     	3.392e-05   	0.0001366   	6.698e-05   
496         	10          	0.06139     	7.559e-05   	0.000372    	0.0001507   
500         	10          	0.07182     	8.615e-05   	0.0001817   	8.861e-05   
504         	10          	0.08211     	8.597e-05   	0.0003192   	4.589e-05   
508         	10          	0.06923     	0.0002608   	0.0003815   	9.437e-05   
512         	10          	0.07727     	0.0001509   	0.0003309   	6.618e-05   
516         	10          	0.08373     	9.542e-05   	0.0005237   	5.818e-05   
520         	10          	0.08193     	0.0001232   	0.0002759   	0.0001004   
524         	10          	0.08158     	7.425e-05   	0.0002875   	6.368e-05   
528         	10          	0.0753      	8.777e-05   	0.0001593   	0.0002603   
532         	10          	0.06651     	5.652e-05   	0.0001259   	3.887e-05   
536         	10          	0.08467     	5.894e-05   	0.0002946   	7.119e-05   
540         	10          	0.05291     	9.947e-05   	0.0002394   	2.311e-05   
544         	10          	0.04395     	5.829e-05   	0.0001586   	5.088e-05   
548         	10          	0.07671     	0.0001013   	0.0003711   	0.0001763   
552         	10          	0.07158     	6.182e-05   	0.0002982   	7.903e-05   
556         	10          	0.07491     	0.0001148   	0.0002151   	0.000145    
560         	10          	0.09975     	9.67e-05    	0.0001246   	0.0001204   
564         	10          	0.07719     	0.000123    	0.0001772   	8.967e-05   
568         	10          	0.08069     	0.0002162   	0.0003946   	0.0001475   
572         	10          	0.1043      	0.0004891   	0.0003532   	0.0001815   
576         	10          	0.1018      	0.0001311   	0.000266    	2.631e-05   
580         	10          	0.1151      	7.867e-05   	0.0001933   	9.469e-05   
584         	10          	0.1053      	0.0001152   	0.0001398   	5.372e-05   
588         	10          	0.08947     	7.245e-05   	0.0001131   	6.795e-05   
592         	10          	0.07961     	0.0001097   	0.0002914   	0.0001193   
596         	10          	0.1077      	3.053e-05   	0.0001486   	0.0001284   
600         	10          	0.09884     	0.0001105   	0.000135    	3.397e-05   
604         	10          	0.1         	8.905e-05   	0.00017     	0.000142    
608         	10          	0.09568     	7.113e-05   	0.00032     	0.0001698   
612         	10          	0.1013      	0.0001089   	0.0001379   	0.0001313   
616         	10          	0.1057      	7.651e-05   	0.0002347   	0.0001295   
620         	10          	0.1477      	8.775e-05   	0.0002156   	0.0001093   
624         	10          	0.09029     	0.0001215   	0.0001838   	0.0001422   
628         	10          	0.1234      	4.394e-05   	0.0003811   	0.0001463   
632         	10          	0.08657     	0.0001208   	0.000186    	5.076e-05   
636         	10          	0.08107     	3.79e-05    	0.0001903   	0.0001192   
640         	10          	0.05317     	6.176e-05   	0.0002609   	3.673e-05   
644         	10          	0.1052      	0.0001238   	0.0002532   	9.48e-05    
648         	10          	0.08722     	8.088e-05   	0.0001337   	3.651e-05   
652         	10          	0.09023     	0.0001116   	0.000317    	4.19e-05    
656         	10          	0.06643     	8.201e-05   	0.0002502   	4.562e-05   
660         	10          	0.06527     	5.584e-05   	0.0004055   	0.0001687   
664         	10          	0.05475     	6.845e-05   	0.0002535   	7.994e-05   
668         	10          	0.07188     	0.0001274   	0.0001595   	4.851e-05   
672         	10          	0.0605      	7.874e-05   	0.0002597   	3.566e-05   
676         	10          	0.06429     	0.0001271   	0.0003445   	7.017e-05   
680         	10          	0.0356      	0.0003104   	0.0002003   	0.0001189   
684         	10          	0.04656     	0.0001517   	0.0004162   	1.114e-05   
688         	10          	0.03823     	0.0003732   	0.000771    	9.614e-05   
692         	10          	0.02956     	0.0001486   	8.406e-05   	8.242e-05   
696         	10          	0.01673     	8.781e-05   	0.0002607   	0.0001745   
700         	10          	0.03273     	5.437e-05   	0.0001414   	0.000135    
704         	10          	0.04252     	0.0001903   	0.0007569   	0.0001683   
708         	10          	0.04325     	0.0001514   	0.0001764   	0.0001075   
712         	10          	0.03346     	0.0001659   	0.0003245   	0.0001183   
716         	10          	0.03474     	5.014e-05   	0.0004366   	0.0001472   
720         	10          	0.0341      	5.466e-05   	0.0003043   	0.0002149   
724         	10          	0.02957     	0.0001487   	0.0003141   	0.0002231   
728         	10          	0.05054     	7.723e-05   	0.0002131   	0.0001125   
732         	10          	0.03545     	7.965e-05   	0.0002173   	8.93e-05    
736         	10          	0.04767     	0.0001027   	0.0002309   	1.211e-05   
740         	10          	0.034       	0.0001895   	0.0004016   	0.0001404   
744         	10          	0.03429     	0.0001581   	0.0002961   	7.888e-05   
748         	10          	0.04146     	6.034e-05   	0.0001803   	6.49e-05    
752         	10          	0.03741     	0.0001305   	0.0002124   	9.709e-05   
756         	10          	0.04104     	4.151e-05   	0.0002834   	9.248e-05   
760         	10          	0.03922     	2.178e-05   	0.0001157   	7.305e-05   
764         	10          	0.033       	6.368e-05   	0.0003502   	9.001e-05   
768         	10          	0.03116     	4.448e-05   	0.0001034   	8.298e-05   
772         	10          	0.03239     	0.0001986   	0.0003195   	0.0001282   
776         	10          	0.04797     	0.0002377   	0.0004274   	0.0001346   
780         	10          	0.06039     	0.0001174   	0.0003136   	0.000134    
784         	10          	0.08391     	7.394e-05   	0.0002031   	7.312e-05   
788         	10          	0.05821     	0.0001272   	8.73e-05    	9.112e-05   
792         	10          	0.05702     	0.000131    	0.0002712   	0.000219    
796         	10          	0.03924     	0.0001669   	0.0002403   	4.788e-05   
800         	10          	0.05119     	9.154e-05   	0.0001853   	6.935e-05   
804         	10          	0.03747     	4.871e-05   	5.015e-05   	2.075e-05   
808         	10          	0.04836     	0.0001292   	5.828e-05   	0.0001121   
812         	10          	0.04273     	9.55e-05    	0.0002356   	0.0001159   
816         	10          	0.04975     	5.524e-05   	0.0002478   	0.000101    
820         	10          	0.06629     	4.162e-05   	9.973e-05   	5.433e-05   
824         	10          	0.05551     	0.0001352   	0.0002167   	0.0001474   
828         	10          	0.05989     	0.0001924   	0.0003551   	8.863e-05   
832         	10          	0.03325     	0.0001613   	0.0002653   	0.0002281   
836         	10          	0.04562     	9.86e-05    	0.0001715   	6.898e-05   
840         	10          	0.04558     	0.0001155   	0.0001483   	6.422e-05   
844         	10          	0.03086     	9.272e-05   	0.0002168   	0.0001006   
848         	10          	0.04478     	0.0001129   	0.0003459   	0.0001068   
852         	10          	0.04734     	5.911e-05   	0.0002024   	0.0001153   
856         	10          	0.03829     	8.932e-05   	0.0003137   	5.592e-05   
860         	10          	0.05638     	9.584e-05   	0.0002468   	8.481e-05   
864         	10          	0.03241     	0.0001154   	0.0001285   	0.0001427   
868         	10          	0.03849     	0.0001748   	0.0002381   	6.959e-05   
872         	10          	0.03696     	0.0001105   	0.0002285   	9.514e-05   
876         	10          	0.0475      	0.0001716   	0.0002161   	0.0001739   
880         	10          	0.03711     	3.632e-05   	0.0001944   	0.000134    
884         	10          	0.03856     	0.0001091   	0.0003495   	0.0001731   
888         	10          	0.05075     	2.17e-05    	0.0002615   	0.000103    
892         	10          	0.05456     	0.0001066   	0.0001522   	8.296e-05   
896         	10          	0.04564     	0.0002232   	0.0004392   	8.992e-05   
900         	10          	0.04482     	0.0001274   	0.0001122   	0.0001058   
904         	10          	0.06678     	0.0001132   	7.173e-05   	0.0001579   
908         	10          	0.0745      	9.395e-05   	0.0001979   	0.0001335   
912         	10          	0.05686     	4.738e-05   	0.0007125   	0.0001766   
916         	10          	0.06079     	0.0001705   	0.0002717   	0.0001285   
920         	10          	0.06557     	6.547e-05   	0.0001493   	6.546e-05   
924         	10          	0.04985     	0.0001772   	0.0001887   	0.0002417   
928         	10          	0.04949     	0.0001867   	0.0002814   	0.0002071   
932         	10          	0.05227     	8.733e-05   	0.0003063   	0.0001973   
936         	10          	0.03786     	0.0002483   	0.0001418   	6.123e-05   
940         	10          	0.0314      	0.0002956   	0.0002828   	0.0001481   
944         	10          	0.05039     	0.0003174   	0.0001103   	0.000148    
948         	10          	0.03678     	0.0001438   	0.0002562   	7.83e-05    
952         	10          	0.03799     	8.302e-05   	0.000308    	4.888e-05   
956         	10          	0.03979     	0.0001385   	0.0002069   	0.00014     
960         	10          	0.02739     	0.0001159   	0.0004029   	0.0001071   
964         	10          	0.03243     	0.0001808   	0.0002512   	0.0001318   
968         	10          	0.02096     	5.313e-05   	0.0005618   	0.0001282   
972         	10          	0.01834     	0.0001077   	0.0004638   	0.0001503   
976         	10          	0.01652     	0.0001208   	0.0004186   	0.0001276   
980         	10          	0.02566     	0.000235    	0.0003893   	0.0002028   
984         	10          	0.02554     	6.704e-05   	0.0003398   	8.805e-05   
988         	10          	0.0334      	4.16e-05    	0.0002644   	0.0002505   
992         	10          	0.02712     	0.0002374   	0.0004499   	0.0001351   
996         	10          	0.01811     	0.0002598   	0.00022     	4.435e-05   
1000        	10          	0.01321     	6.154e-05   	0.0001556   	0.0001099   
1004        	10          	0.01329     	7.929e-05   	0.0001715   	6.094e-05   
1008        	10          	0.023       	7.694e-05   	0.0001002   	8.149e-05   
1012        	10          	0.01946     	0.0001609   	0.0001686   	0.000112    
1016        	10          	0.02845     	9.72e-05    	0.0003119   	6.48e-05    
1020        	10          	0.01707     	9.166e-05   	0.0002533   	0.0001317   
1024        	10          	0.03734     	8.165e-05   	0.0002261   	0.0001995   
1028        	10          	0.02914     	0.0001511   	0.000357    	0.0003128   
1032        	10          	0.03928     	0.0001633   	0.0003447   	0.0001051   
1036        	10          	0.03418     	3.169e-05   	0.0001818   	0.0001584   
1040        	10          	0.02999     	0.0001463   	0.0004361   	0.0001946   
1044        	10          	0.0324      	8.237e-05   	0.0003202   	0.0001213   
1048        	10          	0.03807     	7.389e-05   	0.0004036   	0.0001641   
1052        	10          	0.0479      	0.0001244   	0.000252    	3.223e-05   
1056        	10          	0.06057     	0.0001857   	0.0005494   	0.0001451   
1060        	10          	0.04778     	0.000122    	0.0004879   	0.000229    
1064        	10          	0.05814     	6.138e-05   	0.0003063   	0.000275    
1068        	10          	0.06929     	8.525e-05   	0.0002306   	6.243e-05   
1072        	10          	0.06554     	0.00017     	0.0002338   	0.0001091   
1076        	10          	0.05946     	0.0003439   	0.0002965   	9.449e-05   
1080        	10          	0.04686     	0.0001345   	0.0002266   	6.158e-05   
1084        	10          	0.05382     	2.992e-05   	0.0004535   	0.0001535   
1088        	10          	0.05234     	0.0001521   	0.0004235   	5.713e-05   
1092        	10          	0.05596     	0.0001337   	0.0003574   	8.414e-05   
1096        	10          	0.0453      	0.0001327   	0.0001834   	6.431e-05   
1100        	10          	0.04446     	0.0001303   	0.0001244   	6.908e-05   
1104        	10          	0.04599     	6.85e-05    	6.734e-05   	6.791e-05   
1108        	10          	0.04589     	0.0001387   	0.0001626   	0.0001574   
1112        	10          	0.03782     	0.0001524   	0.0001441   	0.0001402   
1116        	10          	0.05908     	0.0001262   	0.0001615   	7.413e-05   
1120        	10          	0.04639     	0.0002813   	0.0004071   	0.0001654   
1124        	10          	0.03775     	6.099e-05   	0.000246    	2.96e-05    
1128        	10          	0.04643     	9.72e-05    	0.0005717   	0.0001399   
1132        	10          	0.0406      	8.615e-05   	0.0003721   	7.73e-05    
1136        	10          	0.04352     	0.0002078   	0.0001488   	0.0001199   
1140        	10          	0.04686     	0.00017     	0.0002385   	0.0001341   
1144        	10          	0.04732     	0.0001174   	0.0001538   	0.000123    
1148        	10          	0.04645     	0.0001078   	0.0001587   	0.0001049   
1152        	10          	0.03447     	6.103e-05   	0.0001196   	7.213e-05   
1156        	10          	0.06008     	0.0001045   	0.0002386   	5.359e-05   
1160        	10          	0.04417     	5.255e-05   	0.000297    	4.576e-05   
1164        	10          	0.04778     	0.0001159   	0.0002      	0.0001125   
1168        	10          	0.04978     	0.0001816   	0.0003539   	3.512e-05   
1172        	10          	0.05536     	6.411e-05   	0.0001112   	7.022e-05   
1176        	10          	0.05522     	0.0001019   	6.883e-05   	5.819e-05   
1180        	10          	0.0565      	0.0001388   	8.198e-05   	7.351e-05   
1184        	10          	0.05222     	0.0001509   	0.0001206   	0.0001358   
1188        	10          	0.05235     	4.306e-05   	0.0003221   	8.932e-05   
1192        	10          	0.04112     	0.000131    	0.0002358   	0.0002227   
1196        	10          	0.03912     	9.966e-05   	0.0001182   	9.75e-05    
1200        	10          	0.04103     	0.0002808   	0.000686    	0.0001417   
1204        	10          	0.05001     	0.0001411   	0.0002395   	6.012e-05   
1208        	10          	0.04779     	6.59e-05    	0.0001335   	0.000182    
1212        	10          	0.04267     	0.0002153   	7.869e-05   	9.271e-05   
1216        	10          	0.06566     	0.0001165   	0.0001763   	0.0001197   
1220        	10          	0.06123     	0.0001917   	0.0002263   	0.0001515   
1224        	10          	0.06149     	0.0001899   	0.0002014   	0.0001239   
1228        	10          	0.05241     	0.0001258   	0.0003857   	8.071e-05   
1232        	10          	0.06506     	6.198e-05   	0.0003073   	0.0001879   
1236        	10          	0.04417     	0.00011     	0.0003966   	0.0001835   
1240        	10          	0.04973     	3.9e-05     	0.0004063   	0.000209    
1244        	10          	0.03749     	0.0005109   	0.0005075   	0.0002027   
1248        	10          	0.05189     	0.0004142   	0.0005148   	8.116e-05   
1252        	10          	0.05046     	0.0002711   	0.0002621   	0.0002171   
1256        	10          	0.05714     	0.0001633   	0.000261    	0.0001921   
1260        	10          	0.06412     	0.0003411   	0.0007176   	9.872e-05   
1264        	10          	0.06283     	0.0001143   	0.0003323   	9.313e-05   
1268        	10          	0.06329     	7.223e-05   	0.0003139   	8.012e-05   
1272        	10          	0.05968     	0.0001321   	0.000358    	0.0001501   
1276        	10          	0.06082     	0.0001389   	0.0003886   	9.993e-05   
1280        	10          	0.07712     	4.056e-05   	0.000176    	6.852e-05   
1284        	10          	0.06239     	4.267e-05   	0.0002696   	0.0001481   
1288        	10          	0.04353     	2.465e-05   	0.0003303   	0.0001695   
1292        	10          	0.05373     	0.0001982   	0.0002979   	0.0002022   
1296        	10          	0.05127     	8.396e-05   	0.000182    	6.234e-05   
1300        	10          	0.0573      	9.154e-05   	0.0002895   	0.0002051   
1304        	10          	0.06947     	7.73e-05    	0.0001578   	0.0001452   
1308        	10          	0.05243     	0.0001561   	0.0002967   	0.0002023   
1312        	10          	0.05819     	9.878e-05   	0.0002513   	0.0001545   
1316        	10          	0.05168     	6.234e-05   	8.304e-05   	7.615e-05   
1320        	10          	0.05218     	7.243e-05   	0.0002414   	0.0002542   
1324        	10          	0.04768     	8.403e-05   	0.0002166   	0.0001355   
1328        	10          	0.04061     	0.0002413   	0.0003427   	0.0001529   
1332        	10          	0.03435     	0.0001851   	0.0002724   	0.0001337   
1336        	10          	0.03556     	0.0002566   	9.249e-05   	0.0001262   
1340        	10          	0.04579     	8.769e-05   	0.0001816   	0.0001733   
1344        	10          	0.03453     	0.0002363   	0.0001925   	0.0001505   
1348        	10          	0.03582     	0.0001148   	0.0002038   	6.423e-05   
1352        	10          	0.04464     	5.216e-05   	0.0001358   	0.0001951   
1356        	10          	0.05449     	7.624e-05   	0.0001435   	0.0001478   
1360        	10          	0.03968     	4.745e-05   	9.363e-05   	4.166e-05   
1364        	10          	0.04595     	0.0001015   	0.0003466   	0.0001314   
1368        	10          	0.03229     	0.0001177   	0.0001091   	0.000121    
1372        	10          	0.04429     	9.049e-05   	0.0002741   	7.515e-05   
1376        	10          	0.04536     	0.0002559   	0.0003762   	0.0001246   
1380        	10          	0.05014     	0.0001612   	0.0002458   	0.0001269   
1384        	10          	0.04335     	0.0001708   	0.0001833   	0.0001049   
1388        	10          	0.04357     	0.0001178   	0.0002883   	7.848e-05   
1392        	10          	0.05106     	8.153e-05   	0.0001446   	3.502e-05   
1396        	10          	0.06328     	0.0001527   	0.0001498   	0.000266    
1400        	10          	0.06439     	4.991e-05   	0.0001628   	4.127e-05   
1404        	10          	0.05179     	0.0001317   	0.0003481   	0.0003028   
1408        	10          	0.05812     	0.0001352   	0.000364    	0.0001979   
1412        	10          	0.04538     	6.496e-05   	0.0002893   	0.0001579   
1416        	10          	0.06232     	0.000117    	0.000455    	9.387e-05   
1420        	10          	0.05479     	0.0001193   	7.221e-05   	0.0001418   
1424        	10          	0.04191     	0.0001413   	0.0004378   	0.0002301   
1428        	10          	0.05395     	0.0001894   	0.0005878   	0.0001077   
1432        	10          	0.05606     	0.0001166   	0.0001938   	0.0003102   
1436        	10          	0.0504      	4.381e-05   	0.0001562   	0.0001322   
1440        	10          	0.05785     	8.59e-05    	0.0003812   	8.887e-05   
1444        	10          	0.05696     	8.891e-05   	0.0005514   	0.0002323   
1448        	10          	0.04719     	9.061e-05   	0.0005629   	0.0002215   
1452        	10          	0.04341     	0.0002473   	0.0002138   	7.162e-05   
1456        	10          	0.05177     	7.717e-05   	0.0004155   	0.00025     
1460        	10          	0.05207     	7.655e-05   	0.0002588   	0.0001472   
1464        	10          	0.04961     	7.836e-05   	0.0006417   	0.0002599   
1468        	10          	0.06466     	0.0002783   	0.0003894   	4.994e-05   
1472        	10          	0.05458     	7.096e-05   	0.0002101   	0.0001097   
1476        	10          	0.05419     	0.0001428   	0.0003336   	0.0001103   
1480        	10          	0.05986     	0.0002311   	0.0005527   	0.0002835   
1484        	10          	0.04347     	0.0001327   	0.0001261   	0.0001934   
1488        	10          	0.04708     	0.0001105   	0.0002593   	4.464e-05   
1492        	10          	0.04954     	0.0001414   	0.0001224   	9.38e-05    
1496        	10          	0.04951     	4.761e-05   	6.384e-05   	0.0001123   
1500        	10          	0.04878     	0.0002336   	0.0001907   	0.0001541   
1504        	10          	0.047       	6.295e-05   	0.0002078   	0.0001381   
1508        	10          	0.04693     	0.0001264   	0.0002954   	6.866e-05   
1512        	10          	0.04179     	8.896e-05   	0.000236    	0.0001591   
1516        	10          	0.04694     	2.288e-05   	0.0001353   	8.792e-05   
1520        	10          	0.03634     	4.957e-05   	0.0003047   	0.0001155   
1524        	10          	0.03528     	0.0001287   	0.0002785   	5.538e-05   
1528        	10          	0.05447     	0.000138    	0.0004013   	0.0001032   
1532        	10          	0.05528     	0.0001054   	0.0002181   	8.7e-05     
1536        	10          	0.04886     	0.0001053   	0.0001714   	6.581e-05   
1540        	10          	0.03893     	0.0001189   	0.0003016   	3.998e-05   
1544        	10          	0.05688     	0.0001403   	0.0002148   	0.0001579   
1548        	10          	0.0555      	6.439e-05   	0.0001585   	0.0001265   
1552        	10          	0.04334     	0.0001147   	0.0002564   	9.201e-05   
1556        	10          	0.0306      	7.819e-05   	0.000197    	0.0001016   
1560        	10          	0.04038     	3.993e-05   	0.0002086   	9.258e-05   
1564        	10          	0.03484     	8.999e-05   	0.0003483   	0.0001572   
1568        	10          	0.03675     	6.997e-05   	0.0001271   	7.445e-05   
1572        	10          	0.03638     	0.0001359   	0.0003109   	8.999e-05   
1576        	10          	0.0401      	0.0001184   	0.0004915   	0.0002312   
1580        	10          	0.02334     	0.0002844   	0.001035    	0.0001576   
1584        	10          	0.02016     	0.0001191   	0.0008805   	0.0005037   
1588        	10          	0.02482     	0.0001711   	0.0002354   	0.0002148   
1592        	10          	0.02946     	0.0004964   	0.0006484   	0.0002984   
1596        	10          	0.01962     	0.0001768   	0.000461    	0.000206    
1600        	10          	0.01657     	0.0001419   	0.0009047   	0.0001359   
1604        	10          	0.039       	9.485e-05   	0.0003743   	8.135e-05   
1608        	10          	0.04249     	0.0001616   	0.0001811   	0.0001313   
1612        	10          	0.03551     	6.403e-05   	0.0004222   	3.51e-05    
1616        	10          	0.04788     	0.0001257   	0.0001491   	0.000123    
1620        	10          	0.04368     	3.827e-05   	0.0001726   	0.0001423   
1624        	10          	0.04669     	9.766e-05   	0.0003714   	9.07e-05    
1628        	10          	0.02551     	6.412e-05   	0.0001977   	6.012e-05   
1632        	10          	0.01488     	0.000152    	0.0001485   	9.077e-05   
1636        	10          	0.01607     	0.0001385   	0.0004636   	5.152e-05   
1640        	10          	0.0266      	0.0001076   	0.000174    	0.0001235   
1644        	10          	0.02707     	0.0001669   	0.0002817   	0.0001197   
1648        	10          	0.028       	7.127e-05   	0.0004423   	0.0003361   
1652        	10          	0.0225      	0.0001903   	0.0002299   	0.0001765   
1656        	10          	0.03361     	0.0001657   	0.0002188   	0.0001306   
1660        	10          	0.02393     	0.0002474   	0.0005986   	0.0001824   
1664        	10          	0.02234     	2.988e-05   	0.0003399   	0.0001026   
1668        	10          	0.02446     	0.0002224   	0.0004067   	0.0003709   
1672        	10          	0.02545     	0.000156    	0.0004165   	0.0001433   
1676        	10          	0.02919     	0.0001006   	0.000301    	0.0002489   
1680        	10          	0.03628     	8.949e-05   	0.0002464   	0.0003203   
1684        	10          	0.01957     	0.0002085   	0.0008992   	0.000255    
1688        	10          	0.02991     	0.0001109   	0.0006139   	0.0002841   
1692        	10          	0.02693     	0.0001353   	0.0004982   	0.000121    
1696        	10          	0.02889     	0.0003176   	0.0006648   	0.000142    
1700        	10          	0.01712     	5.267e-05   	0.0005012   	0.0001372   
1704        	10          	0.02275     	9.76e-05    	0.0003189   	0.0004715   
1708        	10          	0.02614     	0.0001103   	0.000324    	0.0001543   
1712        	10          	0.02791     	8.963e-05   	0.0004167   	0.0003687   
1716        	10          	0.03225     	0.0001563   	0.0003598   	0.0002006   
1720        	10          	0.01925     	0.0001286   	0.0005912   	0.0001442   
1724        	10          	0.01993     	8.126e-05   	0.0001533   	8.432e-05   
1728        	10          	0.04034     	0.0001683   	0.0001405   	0.00011     
1732        	10          	0.02253     	0.0002904   	0.000277    	5.807e-05   
1736        	10          	0.02597     	0.0001716   	0.0006145   	4.958e-05   
1740        	10          	0.03361     	0.0002231   	0.0004381   	0.0001175   
1744        	10          	0.03045     	8.987e-05   	0.0003465   	8.8e-05     
1748        	10          	0.02966     	0.000191    	0.0004764   	0.0002034   
1752        	10          	0.02656     	0.000246    	0.0003545   	7.143e-05   
1756        	10          	0.02223     	0.0002088   	0.000489    	0.0001364   
1760        	10          	0.02099     	5.994e-05   	0.0007953   	0.0002715   
1764        	10          	0.01696     	5.451e-05   	0.0009223   	0.0002944   
1768        	10          	0.02022     	0.0001261   	0.001146    	0.0001336   
1772        	10          	0.0238      	9.563e-05   	0.0004409   	0.000202    
1776        	10          	0.0224      	0.0002416   	0.000235    	0.0001589   
1780        	10          	0.02367     	0.0001878   	0.0002695   	0.0001203   
1784        	10          	0.03289     	9.559e-05   	0.0005295   	0.0001664   
1788        	10          	0.02085     	4.923e-05   	0.0002925   	0.0001108   
1792        	10          	0.01767     	8.384e-05   	0.0007397   	0.0001163   
1796        	10          	0.0196      	0.0001328   	0.0001622   	0.0001186   
1800        	10          	0.03007     	0.000178    	0.0001984   	7.378e-05   
1804        	10          	0.03551     	0.0001063   	0.0003403   	0.0001136   
1808        	10          	0.0281      	9.741e-05   	0.001007    	0.0003102   
1812        	10          	0.03322     	0.0001152   	0.0006593   	9.905e-05   
1816        	10          	0.02671     	0.0001163   	0.0006095   	0.0001633   
1820        	10          	0.02246     	0.0001016   	0.0001765   	0.0001103   
1824        	10          	0.02862     	0.0001326   	8.883e-05   	0.0001598   
1828        	10          	0.0485      	0.0001031   	0.0001685   	0.0001232   
1832        	10          	0.0435      	0.0001571   	0.0002752   	0.0001357   
1836        	10          	0.04994     	5.517e-05   	0.0003567   	0.0001111   
1840        	10          	0.04234     	0.0001166   	0.0004627   	0.0001943   
1844        	10          	0.04018     	4.047e-05   	0.0001985   	0.0001337   
1848        	10          	0.03447     	0.0003528   	0.0006089   	8.6e-05     
1852        	10          	0.02451     	0.0001813   	0.0001899   	0.0001589   
1856        	10          	0.03617     	0.0001806   	0.0002104   	0.0001759   
1860        	10          	0.02516     	9.924e-05   	0.0002699   	0.000124    
1864        	10          	0.03383     	0.0001303   	0.0001954   	6.955e-05   
1868        	10          	0.03584     	0.0001479   	0.0001987   	0.0002016   
1872        	10          	0.04228     	2.756e-05   	0.0001408   	0.0001514   
1876        	10          	0.03156     	7.586e-05   	0.0004488   	0.000226    
1880        	10          	0.01819     	0.0001236   	0.0002668   	0.0002098   
1884        	10          	0.02396     	5.089e-05   	0.0005816   	0.0002402   
1888        	10          	0.02107     	4.342e-05   	0.0006503   	0.0001481   
1892        	10          	0.02672     	0.0001528   	0.0002942   	0.0001922   
1896        	10          	0.03612     	0.0001065   	0.0002204   	0.0002126   
1900        	10          	0.02846     	0.0001967   	0.0007209   	0.0001241   
1904        	10          	0.03221     	0.0001037   	0.0004211   	0.0001151   
1908        	10          	0.04306     	9.776e-05   	0.0006248   	0.0001484   
1912        	10          	0.04507     	0.0001104   	0.0004292   	0.0001382   
1916        	10          	0.03057     	0.0001274   	0.0003348   	0.0001557   
1920        	10          	0.03603     	0.0001143   	0.0005154   	0.0002697   
1924        	10          	0.03189     	8.521e-05   	0.0001768   	7.333e-05   
1928        	10          	0.03504     	0.0001161   	0.0001783   	0.0002097   
1932        	10          	0.03243     	7.505e-05   	0.0005136   	0.000143    
1936        	10          	0.03756     	0.0001115   	0.0001613   	9.855e-05   
1940        	10          	0.04208     	0.0001079   	0.000325    	0.0001778   
1944        	10          	0.04225     	0.0001426   	0.0001519   	8.466e-05   
1948        	10          	0.03414     	0.0001086   	0.0001719   	8.095e-05   
1952        	10          	0.02754     	0.0002219   	0.0005925   	0.000205    
1956        	10          	0.02725     	0.0001375   	0.0005014   	0.0001666   
1960        	10          	0.03471     	0.0003044   	0.0009194   	0.0002217   
1964        	10          	0.02367     	0.0001309   	0.0007703   	0.0003115   
1968        	10          	0.02351     	0.0001066   	0.0005483   	0.0001753   
1972        	10          	0.02549     	0.0001006   	0.0006693   	8.067e-05   
1976        	10          	0.03071     	6.434e-05   	0.0001548   	7.095e-05   
1980        	10          	0.027       	0.0002089   	0.0003385   	0.0001793   
1984        	10          	0.02591     	0.0001025   	0.0004515   	0.0001429   
1988        	10          	0.02588     	0.0001735   	0.0002809   	7.236e-05   
1992        	10          	0.02936     	0.0001799   	0.0002039   	0.0001142   
1996        	10          	0.02374     	9.359e-05   	0.0001613   	0.0002209   
2000        	10          	0.03028     	9.313e-05   	0.0001854   	7.818e-05   
2004        	10          	0.02306     	3.701e-05   	0.0001017   	0.0001078   
2008        	10          	0.02996     	0.0001106   	0.0004261   	0.000153    
2012        	10          	0.02862     	0.000104    	0.0002017   	0.0001872   
2016        	10          	0.02634     	0.0001794   	0.0004681   	9.393e-05   
2020        	10          	0.02254     	0.000131    	0.0004728   	0.0002109   
2024        	10          	0.02611     	0.0001656   	0.0003452   	0.0001517   
2028        	10          	0.02551     	0.0001783   	0.0002295   	0.0004183   
2032        	10          	0.02464     	0.0001299   	0.0002747   	0.0001706   
2036        	10          	0.02621     	6.36e-05    	7.71e-05    	0.0002235   
2040        	10          	0.02453     	0.000167    	0.000638    	0.0001765   
2044        	10          	0.03043     	0.0002018   	0.0006621   	0.0001061   
2048        	10          	0.0249      	0.0001383   	0.0006128   	0.0001885   
2052        	10          	0.03145     	0.0002366   	0.0004234   	0.0001333   
2056        	10          	0.02779     	0.0001934   	0.000653    	9.256e-05   
2060        	10          	0.02182     	0.0002906   	0.0001849   	0.0001192   
2064        	10          	0.01599     	0.0002562   	0.0006027   	0.0001128   
2068        	10          	0.03327     	0.0003152   	0.0004453   	9.976e-05   
2072        	10          	0.02267     	0.000124    	0.000435    	0.0003298   
2076        	10          	0.0145      	0.0001086   	0.0003669   	0.0003705   
2080        	10          	0.01944     	0.0001221   	0.000815    	0.0004941   
2084        	10          	0.02036     	0.0002259   	0.0007339   	7.761e-05   
2088        	10          	0.02106     	0.0001289   	0.0002092   	0.0001459   
2092        	10          	0.02029     	0.0001421   	0.0002831   	0.0001242   
2096        	10          	0.02212     	0.0002078   	0.0002012   	0.0001372   
2100        	10          	0.01918     	4.091e-05   	0.0001875   	0.0001056   
2104        	10          	0.03906     	0.0001784   	0.0001867   	9.822e-05   
2108        	10          	0.02652     	0.0001057   	0.0003008   	0.0002167   
2112        	10          	0.02686     	0.0003233   	0.0004038   	6.549e-05   
2116        	10          	0.02019     	9.797e-05   	0.001023    	0.000201    
2120        	10          	0.02779     	8.519e-05   	0.0004548   	0.0001833   
2124        	10          	0.02797     	0.0001243   	0.0004308   	0.0003757   
2128        	10          	0.02656     	4.166e-05   	0.0004573   	0.0004365   
2132        	10          	0.01633     	0.0001087   	0.0001758   	0.0004447   
2136        	10          	0.01868     	7.056e-05   	0.0002453   	0.0001125   
2140        	10          	0.02811     	0.0001342   	0.0005718   	0.0001716   
2144        	10          	0.02433     	8.962e-05   	0.0002598   	0.0001702   
2148        	10          	0.02479     	0.0002649   	0.0004474   	0.0002523   
2152        	10          	0.02827     	0.0002883   	0.0004998   	0.0001341   
2156        	10          	0.02966     	0.000188    	0.0004405   	6.041e-05   
2160        	10          	0.03345     	0.0002196   	0.0004215   	0.0001345   
2164        	10          	0.02412     	0.0001393   	0.0001441   	0.0001248   
2168        	10          	0.01988     	0.0001836   	0.000437    	0.0001003   
2172        	10          	0.01212     	0.0002771   	0.0004034   	0.0001895   
2176        	10          	0.01862     	0.0002519   	0.0005931   	0.0003254   
2180        	10          	0.03061     	0.0001368   	0.0009212   	0.000353    
2184        	10          	0.01851     	0.0001848   	0.0005809   	4.827e-05   
2188        	10          	0.02046     	0.0001048   	0.0005168   	0.0001614   
2192        	10          	0.01739     	0.0001303   	0.0001612   	0.0001034   
2196        	10          	0.0176      	8.829e-05   	0.0002526   	0.0002877   
2200        	10          	0.01451     	0.0001109   	0.00017     	0.0001648   
2204        	10          	0.02454     	0.0002531   	0.0002801   	5.531e-05   
2208        	10          	0.01984     	0.0001311   	0.0002466   	9.142e-05   
2212        	10          	0.02475     	0.0001927   	0.0003407   	8.387e-05   
2216        	10          	0.01694     	0.0001696   	0.0002041   	0.0003311   
2220        	10          	0.02139     	5.41e-05    	7.078e-05   	2.778e-05   
2224        	10          	0.02807     	0.0001831   	0.000709    	4.449e-05   
2228        	10          	0.03095     	0.0001562   	0.0003446   	0.0001253   
2232        	10          	0.01788     	8.623e-05   	0.0006648   	0.0001486   
2236        	10          	0.02804     	0.0001604   	0.0006602   	0.0001697   
2240        	10          	0.03774     	0.000233    	0.0006559   	0.0001319   
2244        	10          	0.01714     	0.0002246   	0.0001201   	5.975e-05   
2248        	10          	0.02427     	0.0001038   	0.0002853   	0.0001146   
2252        	10          	0.01925     	3.912e-05   	0.0002756   	0.0001267   
2256        	10          	0.02108     	0.0001409   	0.0002333   	0.0002689   
2260        	10          	0.01627     	8.863e-05   	0.0002611   	0.0001225   
2264        	10          	0.01864     	9.106e-05   	0.0002601   	7.009e-05   
2268        	10          	0.02001     	6.323e-05   	0.0001654   	0.000126    
2272        	10          	0.02166     	0.000173    	0.0003175   	0.0001499   
2276        	10          	0.02456     	0.0001349   	0.000224    	8.25e-05    
2280        	10          	0.01717     	0.0001561   	0.000237    	0.0001202   
2284        	10          	0.0249      	0.0001928   	0.0002504   	0.0001722   
2288        	10          	0.01979     	4.865e-05   	0.0006289   	0.0002862   
2292        	10          	0.02697     	4.234e-05   	0.0001785   	7.442e-05   
2296        	10          	0.01839     	0.0001518   	0.0002426   	7.149e-05   
2300        	10          	0.02101     	0.0001213   	0.0002985   	9.608e-05   
2304        	10          	0.01923     	0.0001518   	9.861e-05   	0.0001338   
2308        	10          	0.0259      	0.0003504   	0.0003432   	0.0002044   
2312        	10          	0.02691     	0.0002288   	0.0004309   	0.0001209   
2316        	10          	0.02493     	0.0001245   	0.0001304   	0.000141    
2320        	10          	0.03938     	0.0001511   	0.000235    	0.000159    
2324        	10          	0.03564     	0.0002008   	0.0002497   	0.0001448   
2328        	10          	0.02629     	0.0001333   	0.0004522   	0.0001984   
2332        	10          	0.0331      	0.0002104   	0.0002014   	7.524e-05   
2336        	10          	0.03443     	0.0001632   	0.0004403   	0.0001415   
2340        	10          	0.03134     	9.652e-05   	0.0002607   	0.0001477   
2344        	10          	0.04116     	8.859e-05   	0.0003319   	0.0001426   
2348        	10          	0.03112     	6.76e-05    	0.0006673   	6.972e-05   
2352        	10          	0.03446     	7.006e-05   	0.0003677   	5.491e-05   
2356        	10          	0.03918     	9.06e-05    	0.0002019   	8.05e-05    
2360        	10          	0.04001     	9.598e-05   	0.0001849   	6.552e-05   
2364        	10          	0.04711     	0.0001164   	0.000146    	8.886e-05   
2368        	10          	0.05301     	0.0001759   	0.0003256   	0.0001174   
2372        	10          	0.04246     	6.932e-05   	0.0002637   	0.0001385   
2376        	10          	0.04569     	9.011e-05   	0.0004056   	0.0001953   
2380        	10          	0.04561     	0.0002505   	0.0004471   	0.0001166   
2384        	10          	0.04161     	0.0003258   	0.0004874   	0.0001606   
2388        	10          	0.04556     	0.0002005   	0.0002519   	0.000371    
2392        	10          	0.04867     	7.07e-05    	0.0003569   	9.055e-05   
2396        	10          	0.04574     	8.951e-05   	0.000168    	0.0001559   
2400        	10          	0.05825     	0.0002926   	0.0003168   	8.938e-05   
2404        	10          	0.02908     	0.0005307   	0.0006191   	0.0001928   
2408        	10          	0.04497     	6.739e-05   	0.0005296   	0.0001681   
2412        	10          	0.03824     	0.0001005   	0.0005969   	0.0001479   
2416        	10          	0.03911     	0.0001109   	0.0004909   	7.055e-05   
2420        	10          	0.04306     	0.0002419   	0.0001131   	0.0001421   
2424        	10          	0.03013     	0.000236    	0.0001581   	0.0001649   
2428        	10          	0.04528     	0.0001813   	0.0002718   	0.0001276   
2432        	10          	0.04894     	0.0001012   	0.0004693   	0.0001654   
2436        	10          	0.05058     	0.0001578   	0.0002275   	0.0001438   
2440        	10          	0.03354     	0.0001571   	0.0002301   	7.785e-05   
2444        	10          	0.05273     	0.0004124   	0.0004362   	0.0003799   
2448        	10          	0.05586     	0.0001911   	0.0002795   	0.0002506   
2452        	10          	0.05686     	0.0003419   	0.00055     	0.0002827   
2456        	10          	0.04597     	0.0002438   	0.0003651   	3.646e-05   
2460        	10          	0.04557     	0.0001788   	0.0003053   	4.959e-05   
2464        	10          	0.03773     	9.636e-05   	0.0001135   	7.369e-05   
2468        	10          	0.04261     	0.000119    	0.0002302   	6.403e-05   
2472        	10          	0.05328     	4.688e-05   	0.0002027   	0.0002396   
2476        	10          	0.0396      	0.0005915   	0.0005775   	6.241e-05   
2480        	10          	0.04601     	0.0001343   	0.0002369   	0.0001078   
2484        	10          	0.04286     	0.0001536   	0.0001926   	0.0001108   
2488        	10          	0.03229     	0.0001213   	0.0003932   	0.0001147   
2492        	10          	0.03858     	8.521e-05   	0.0005133   	0.0003129   
2496        	10          	0.04346     	0.0001154   	0.0005655   	0.000191    
2500        	10          	0.03517     	0.0001376   	0.0007561   	0.0001615   
2504        	10          	0.03789     	0.0002719   	0.0002775   	0.0001508   
2508        	10          	0.02851     	0.0001793   	0.0004848   	0.0001259   
2512        	10          	0.03122     	5.004e-05   	0.000519    	0.0001688   
2516        	10          	0.0291      	0.0002407   	0.0004725   	7.686e-05   
2520        	10          	0.02856     	0.0001666   	0.0001203   	4.52e-05    
2524        	10          	0.03451     	0.0001114   	0.0004596   	8.027e-05   
2528        	10          	0.02991     	5.591e-05   	0.0004533   	0.0002174   
2532        	10          	0.04119     	0.0002679   	0.001605    	0.0001214   
2536        	10          	0.05767     	7.056e-05   	0.0003553   	9.065e-05   
2540        	10          	0.04545     	7.198e-05   	0.0003309   	0.0001824   
2544        	10          	0.04901     	6.055e-05   	0.0004859   	7.064e-05   
2548        	10          	0.04247     	8.47e-05    	0.000382    	0.0001782   
2552        	10          	0.05041     	0.0001141   	0.000319    	0.0001073   
2556        	10          	0.04617     	5.595e-05   	0.0004213   	0.0003203   
2560        	10          	0.04788     	0.0001093   	0.0001876   	9.318e-05   
2564        	10          	0.05884     	0.0001102   	0.0001519   	0.0002083   
2568        	10          	0.05706     	0.0001028   	0.0001477   	5.21e-05    
2572        	10          	0.04994     	3.05e-05    	0.000259    	0.0001787   
2576        	10          	0.0414      	4.05e-05    	0.000269    	0.0002897   
2580        	10          	0.04316     	2.983e-05   	0.0003623   	0.0001975   
2584        	10          	0.04147     	0.0002383   	0.0002205   	0.0001845   
2588        	10          	0.03739     	0.0001581   	0.0005161   	7.445e-05   
2592        	10          	0.03318     	0.0001497   	0.0003249   	0.0001361   
2596        	10          	0.03573     	7.587e-05   	0.0001064   	8.126e-05   
2600        	10          	0.03247     	0.0005537   	0.0002679   	8.13e-05    
2604        	10          	0.03297     	2.346e-05   	0.0003162   	0.0001799   
2608        	10          	0.03616     	0.0002717   	0.0003017   	0.0004311   
2612        	10          	0.03446     	0.0001063   	0.0001284   	0.0002837   
2616        	10          	0.02975     	0.0001234   	0.0002239   	0.0002098   
2620        	10          	0.02618     	0.000142    	0.0003005   	0.0002416   
2624        	10          	0.0179      	8.781e-05   	0.0005227   	0.0002842   
2628        	10          	0.02646     	0.0001543   	0.0004674   	0.000178    
2632        	10          	0.02175     	0.0001901   	0.0003645   	0.0001851   
2636        	10          	0.02796     	0.0001734   	0.0003178   	0.0001293   
2640        	10          	0.0289      	0.0002426   	0.0002029   	0.0001603   
2644        	10          	0.01501     	0.0002931   	0.0006671   	0.0002304   
2648        	10          	0.02395     	0.0001709   	0.0003571   	0.0003111   
2652        	10          	0.01488     	0.0001216   	0.0004361   	8.847e-05   
2656        	10          	0.009525    	0.0002126   	0.0004366   	5.214e-05   
2660        	10          	0.01218     	8.372e-05   	0.0004175   	0.0002566   
2664        	10          	0.01395     	8.126e-05   	0.0002967   	0.0002427   
2668        	10          	0.009558    	0.0001044   	0.0002959   	0.0001396   
2672        	10          	0.02028     	0.0001051   	0.000236    	0.0001533   
2676        	10          	0.02234     	7.559e-05   	0.0001672   	9.598e-05   
2680        	10          	0.02289     	0.0002184   	0.0003187   	7.983e-05   
2684        	10          	0.01988     	0.0002965   	0.0005395   	0.0001531   
2688        	10          	0.02089     	0.0002378   	0.0002075   	0.0001739   
2692        	10          	0.02449     	0.0001622   	0.0002694   	0.0003301   
2696        	10          	0.02307     	0.0004123   	0.0002854   	0.000293    
2700        	10          	0.02084     	0.0001596   	0.000394    	0.0001295   
2704        	10          	0.01864     	0.0002071   	0.0004652   	0.0002467   
2708        	10          	0.01902     	9.258e-05   	0.0001037   	6.131e-05   
2712        	10          	0.01808     	0.0002517   	0.0005425   	0.0001498   
2716        	10          	0.01516     	0.0003112   	0.0001818   	6.067e-05   
2720        	10          	0.01269     	0.0002034   	0.0002093   	0.000235    
2724        	10          	0.01107     	0.0001008   	0.0004113   	0.0002584   
2728        	10          	0.01522     	0.0001164   	0.0002742   	0.0001751   
2732        	10          	0.01554     	0.0001919   	0.0002581   	0.0002031   
2736        	10          	0.03086     	0.0001556   	0.0003462   	0.0003501   
2740        	10          	0.01936     	0.0001617   	0.000156    	0.0001879   
2744        	10          	0.0161      	0.0002759   	0.000431    	0.0002873   
2748        	10          	0.01578     	0.0001397   	0.000297    	0.00015     
2752        	10          	0.02253     	0.0001198   	0.0005339   	0.0002553   
2756        	10          	0.0323      	0.0001546   	0.0001464   	0.0001283   
2760        	10          	0.02722     	0.0001418   	0.0004688   	7.165e-05   
2764        	10          	0.01986     	0.0001453   	0.0001606   	0.000148    
2768        	10          	0.02846     	0.0001178   	0.0004408   	0.0001415   
2772        	10          	0.04025     	0.0001106   	5.573e-05   	0.0001494   
2776        	10          	0.03423     	0.0001107   	0.0001437   	0.0001016   
2780        	10          	0.02347     	6.805e-05   	0.0003419   	6.409e-05   
2784        	10          	0.02591     	0.0001223   	0.0001451   	5.957e-05   
2788        	10          	0.02333     	0.0001199   	0.0004043   	0.0001745   
2792        	10          	0.01867     	0.000253    	0.0001831   	0.0002146   
2796        	10          	0.03373     	0.0001504   	0.0004602   	0.0001361   
2800        	10          	0.03601     	0.0001869   	0.0001421   	8.423e-05   
2804        	10          	0.03495     	7.681e-05   	0.0004651   	0.000101    
2808        	10          	0.0278      	0.0002691   	0.000469    	8.423e-05   
2812        	10          	0.02684     	5.427e-05   	0.000182    	6.394e-05   
2816        	10          	0.02354     	0.0003115   	0.0003741   	0.0001803   
2820        	10          	0.03649     	0.0003022   	0.0003818   	0.0002611   
2824        	10          	0.03251     	0.0001502   	0.0004797   	5.138e-05   
2828        	10          	0.03363     	0.0001451   	0.0002514   	0.0002981   
2832        	10          	0.04246     	7.751e-05   	0.0001705   	0.0001575   
2836        	10          	0.02654     	0.0001635   	0.0004545   	0.0001512   
2840        	10          	0.0325      	0.000195    	0.000382    	0.0001851   
2844        	10          	0.04086     	5.79e-05    	0.0002928   	0.0001034   
2848        	10          	0.03682     	9.393e-05   	0.0001514   	3.393e-05   
2852        	10          	0.0541      	0.0001538   	0.0002019   	7.973e-05   
2856        	10          	0.04758     	0.0001133   	0.0001938   	0.0001449   
2860        	10          	0.0413      	0.0001148   	0.0004486   	4.629e-05   
2864        	10          	0.04068     	0.0001005   	0.000145    	0.000182    
2868        	10          	0.03188     	0.0001153   	0.0003863   	9.468e-05   
2872        	10          	0.03389     	2.864e-05   	0.0001353   	9.24e-05    
2876        	10          	0.04774     	0.0001536   	0.0004244   	0.0003409   
2880        	10          	0.0481      	0.0001414   	0.000271    	0.0001318   
2884        	10          	0.03069     	0.000302    	0.0002543   	0.0003338   
2888        	10          	0.03301     	8.868e-05   	0.0002494   	9.12e-05    
2892        	10          	0.03923     	0.0001053   	0.0002445   	7.569e-05   
2896        	10          	0.03691     	0.000125    	0.0002956   	0.0001436   
2900        	10          	0.03373     	0.0002128   	0.0005565   	6.781e-05   
2904        	10          	0.02616     	0.0001217   	0.0004684   	0.0001394   
2908        	10          	0.03028     	0.0001099   	0.0003654   	0.0003009   
2912        	10          	0.02732     	0.0002177   	0.0003465   	6.159e-05   
2916        	10          	0.03494     	0.000313    	0.0003676   	8.602e-05   
2920        	10          	0.03619     	0.0004026   	0.0004195   	0.0001365   
2924        	10          	0.02889     	0.0001588   	0.0004043   	0.0003285   
2928        	10          	0.02227     	6.04e-05    	0.0002833   	0.0001186   
2932        	10          	0.03567     	7.05e-05    	0.0001075   	0.0001186   
2936        	10          	0.0254      	0.0002722   	0.0001596   	0.0001251   
2940        	10          	0.04093     	3.921e-05   	0.0001774   	9.905e-05   
2944        	10          	0.03299     	0.0001976   	0.0002371   	0.0001217   
2948        	10          	0.05412     	0.000176    	0.0006364   	8.341e-05   
2952        	10          	0.04079     	0.000179    	0.0003291   	0.0001089   
2956        	10          	0.03952     	0.0001191   	0.0004244   	0.0002149   
2960        	10          	0.03534     	0.0001744   	0.0004989   	0.0001679   
2964        	10          	0.02767     	1.642e-05   	0.000143    	0.000112    
2968        	10          	0.02768     	0.0001834   	0.0001192   	0.0001885   
2972        	10          	0.02938     	1.932e-05   	0.0002116   	9.174e-05   
2976        	10          	0.03106     	0.0001177   	0.0002869   	0.0001467   
2980        	10          	0.02084     	0.0001011   	0.0002244   	9.353e-05   
2984        	10          	0.02262     	0.0001826   	0.0001415   	0.0001172   
2988        	10          	0.02301     	0.0001166   	0.0001322   	7.085e-05   
2992        	10          	0.01719     	3.9e-05     	0.0002117   	9.099e-05   
2996        	10          	0.02139     	6.302e-05   	0.0001535   	0.0003085   
3000        	10          	0.02641     	6.645e-05   	0.0005539   	6.775e-05   
3004        	10          	0.02795     	0.0001281   	0.000177    	7.848e-05   
3008        	10          	0.03734     	0.0001106   	0.0001889   	6.383e-05   
3012        	10          	0.03061     	0.0001654   	0.0003136   	0.0001049   
3016        	10          	0.03173     	0.0001562   	0.0003102   	9.15e-05    
3020        	10          	0.02804     	8.449e-05   	0.0002584   	0.0003844   
3024        	10          	0.02327     	0.0003329   	0.0007544   	0.0001892   
3028        	10          	0.02786     	0.0001728   	0.000301    	0.0002034   
3032        	10          	0.02727     	0.0001118   	5.559e-05   	3.133e-05   
3036        	10          	0.02747     	0.0001008   	0.0003152   	7.708e-05   
3040        	10          	0.02661     	4.367e-05   	6.308e-05   	4.669e-05   
3044        	10          	0.02538     	8.342e-05   	8.437e-05   	0.0001592   
3048        	10          	0.01154     	0.0001236   	8.379e-05   	0.0001249   
3052        	10          	0.01946     	9.513e-05   	0.0004015   	0.0001377   
3056        	10          	0.01299     	7.455e-05   	0.0001935   	0.0001508   
3060        	10          	0.01716     	4.299e-05   	0.0001107   	7.207e-05   
3064        	10          	0.02327     	3.752e-05   	0.0002019   	0.0001107   
3068        	10          	0.02088     	8.216e-05   	0.0001187   	0.0001189   
3072        	10          	0.02311     	3.95e-05    	0.0001634   	0.0001457   
3076        	10          	0.02504     	9.303e-05   	0.0001533   	8.586e-05   
3080        	10          	0.02682     	0.000117    	0.0001917   	0.0001576   
3084        	10          	0.01411     	8.77e-05    	0.0002011   	6.081e-05   
3088        	10          	0.02096     	0.0001909   	0.0001409   	7.593e-05   
3092        	10          	0.03527     	0.0001099   	0.0002498   	0.0002834   
3096        	10          	0.03184     	9.518e-05   	0.0003494   	0.000105    
3100        	10          	0.02279     	8.58e-05    	0.0005922   	0.0001858   
3104        	10          	0.03106     	6.552e-05   	0.000447    	0.0001909   
3108        	10          	0.0278      	5.065e-05   	0.0004708   	0.0001755   
3112        	10          	0.02147     	0.0001435   	0.0001948   	0.0001842   
3116        	10          	0.02207     	0.0001317   	0.0006035   	0.0003676   
3120        	10          	0.02171     	5.477e-05   	0.0002937   	0.0002391   
3124        	10          	0.01712     	0.0001906   	0.0003627   	0.0001382   
3128        	10          	0.01429     	0.0003327   	0.0001155   	9.149e-05   
3132        	10          	0.01839     	0.0001034   	5.447e-05   	0.0001456   
3136        	10          	0.02288     	0.0001044   	0.0004441   	9.207e-05   
3140        	10          	0.009       	0.0001024   	0.0004805   	7.941e-05   
3144        	10          	0.02432     	0.0005933   	0.0008703   	0.000127    
3148        	10          	0.02764     	0.0001474   	0.0003161   	0.0001034   
3152        	10          	0.0214      	0.0004888   	0.000419    	9.673e-05   
3156        	10          	0.01084     	0.0004533   	0.0003495   	3.349e-05   
3160        	10          	0.01258     	0.0002458   	0.000185    	5.603e-05   
3164        	10          	0.01634     	8.318e-05   	0.0004212   	0.0001979   
3168        	10          	0.01124     	9.826e-05   	0.000421    	4.465e-05   
3172        	10          	0.01256     	0.0001514   	0.0003496   	0.0001297   
3176        	10          	0.01566     	8.262e-05   	0.0005674   	0.0001498   
3180        	10          	0.01296     	6.172e-05   	0.0002845   	8.487e-05   
3184        	10          	0.01849     	0.0003414   	0.0004513   	0.0001818   
3188        	10          	0.01746     	0.0001528   	0.0002355   	0.0002128   
3192        	10          	0.01647     	0.0001223   	0.0002006   	7.455e-05   
3196        	10          	0.01618     	0.0001409   	0.0003229   	0.0002439   
3200        	10          	0.0153      	5.886e-05   	0.0001232   	5.834e-05   
3204        	10          	0.01919     	0.0001484   	0.0003161   	0.0001913   
3208        	10          	0.02351     	0.0001231   	0.0001675   	6.174e-05   
3212        	10          	0.01651     	0.000101    	0.0001909   	9.504e-05   
3216        	10          	0.01461     	7.656e-05   	0.000215    	0.0002067   
3220        	10          	0.01124     	0.0002254   	0.0001736   	5.399e-05   
3224        	10          	0.01006     	0.0001351   	0.0001568   	9.93e-05    
3228        	10          	0.009611    	0.0001105   	0.0002788   	8.48e-05    
3232        	10          	0.01008     	7.242e-05   	0.0004092   	7.486e-05   
3236        	10          	0.01129     	9.062e-05   	0.0003011   	0.0001442   
3240        	10          	0.01795     	8.572e-05   	0.0003051   	0.0001069   
3244        	10          	0.01306     	0.0001022   	0.0003321   	0.0002011   
3248        	10          	0.01496     	9.132e-05   	0.0001311   	0.0002424   
3252        	10          	0.02504     	0.0002686   	0.0004097   	6.836e-05   
3256        	10          	0.01564     	7.527e-05   	0.0001857   	6.972e-05   
3260        	10          	0.01777     	0.000115    	0.0005445   	8.045e-05   
3264        	10          	0.0148      	0.0001315   	0.0004759   	0.0001448   
3268        	10          	0.0154      	0.0002573   	0.0006093   	0.0001786   
3272        	10          	0.01756     	8.043e-05   	0.0002419   	0.000195    
3276        	10          	0.01925     	8e-05       	0.0002744   	6.61e-05    
3280        	10          	0.0176      	9.882e-05   	0.0002868   	0.0002847   
3284        	10          	0.01486     	0.0001206   	0.0001439   	0.0001825   
3288        	10          	0.02404     	0.0001258   	0.000438    	8.095e-05   
3292        	10          	0.0283      	4.552e-05   	0.0002171   	0.0001563   
3296        	10          	0.02118     	6.474e-05   	0.0003759   	0.0001049   
3300        	10          	0.009958    	2.373e-05   	0.0001264   	8.921e-05   
3304        	10          	0.02185     	5.261e-05   	0.0001706   	0.0001427   
3308        	10          	0.01717     	0.0001077   	0.0004325   	0.0001527   
3312        	10          	0.0206      	0.0001267   	0.0002094   	0.0001979   
3316        	10          	0.01479     	0.0002517   	0.0001369   	0.0001328   
3320        	10          	0.02646     	0.0002582   	0.0004419   	8.111e-05   
3324        	10          	0.01382     	3.106e-05   	0.0004445   	6.397e-05   
3328        	10          	0.01014     	0.0001639   	0.0002899   	0.0001212   
3332        	10          	0.009669    	0.0001577   	0.0003734   	0.0001871   
3336        	10          	0.01019     	0.0001095   	0.0002944   	6.745e-05   
3340        	10          	0.01236     	0.0001498   	0.0005023   	0.0001525   
3344        	10          	0.01846     	0.0001707   	0.0003067   	0.0001822   
3348        	10          	0.01401     	0.000363    	0.0005989   	0.0002601   
3352        	10          	0.03017     	0.0001987   	0.001011    	0.0001541   
3356        	10          	0.01803     	0.0001712   	0.0004592   	0.0002019   
3360        	10          	0.03047     	8.986e-05   	0.0001878   	4.543e-05   
3364        	10          	0.02406     	6.33e-05    	0.000481    	0.00031     
3368        	10          	0.02141     	0.000151    	0.0003306   	0.0001671   
3372        	10          	0.02764     	0.0001546   	0.0001978   	0.000116    
3376        	10          	0.02239     	9.122e-05   	0.0004171   	0.0001389   
3380        	10          	0.01528     	0.0002691   	0.000828    	0.000108    
3384        	10          	0.01523     	0.0001711   	0.0004548   	7.68e-05    
3388        	10          	0.01741     	0.0001213   	0.0005805   	0.0001105   
3392        	10          	0.02088     	0.0001202   	0.0002465   	7.406e-05   
3396        	10          	0.02529     	9.265e-05   	0.0002679   	0.0001089   
3400        	10          	0.03219     	2.934e-05   	0.0002924   	0.0001224   
3404        	10          	0.02338     	9.269e-05   	0.0003064   	0.0002336   
3408        	10          	0.03386     	8.668e-05   	0.0001483   	0.0001059   
3412        	10          	0.02201     	0.0003782   	0.0003192   	0.0003912   
3416        	10          	0.03854     	0.0001377   	0.0003775   	0.0001969   
3420        	10          	0.02827     	6.774e-05   	0.0002783   	0.0003765   
3424        	10          	0.03762     	5.175e-05   	0.0003623   	5.982e-05   
3428        	10          	0.03157     	0.0001686   	0.0002349   	0.0001254   
3432        	10          	0.034       	0.0001477   	0.0004649   	0.0001612   
3436        	10          	0.03473     	0.0003127   	0.0009153   	0.0001349   
3440        	10          	0.01989     	0.0001292   	0.0002288   	0.0001289   
3444        	10          	0.0278      	8.328e-05   	7.865e-05   	0.0001358   
3448        	10          	0.01979     	4.533e-05   	0.0002088   	9.599e-05   
3452        	10          	0.0186      	2.167e-05   	0.0001901   	7.713e-05   
3456        	10          	0.01554     	8.013e-05   	0.0002361   	0.000278    
3460        	10          	0.01653     	8.36e-05    	0.0003176   	0.0002577   
3464        	10          	0.02743     	5.826e-05   	0.000265    	0.0001694   
3468        	10          	0.01984     	8.767e-05   	0.0002413   	0.0001015   
3472        	10          	0.03211     	0.0002241   	0.0001877   	9.3e-05     
3476        	10          	0.0255      	0.000107    	0.0002496   	0.0001104   
3480        	10          	0.02129     	0.0001895   	0.0002829   	0.0001201   
3484        	10          	0.02389     	0.0001556   	0.0003663   	9.945e-05   
3488        	10          	0.01812     	0.000136    	0.0003486   	0.0001321   
3492        	10          	0.01916     	0.0001037   	0.0002675   	6.218e-05   
3496        	10          	0.02325     	8.14e-05    	0.0002026   	8.033e-05   
3500        	10          	0.01838     	0.0001106   	0.0002997   	7.71e-05    
3504        	10          	0.0138      	6.58e-05    	0.0001914   	9.509e-05   
3508        	10          	0.01229     	7.849e-05   	0.0004657   	0.0001485   
3512        	10          	0.01718     	0.0001428   	0.0006681   	0.000197    
3516        	10          	0.02268     	0.0002164   	0.0002325   	0.0002126   
3520        	10          	0.02025     	0.0001398   	0.0003009   	0.0001423   
3524        	10          	0.01262     	0.0002373   	0.0003351   	0.0002268   
3528        	10          	0.007792    	8.825e-05   	0.000182    	7.862e-05   
3532        	10          	0.0145      	7.261e-05   	0.0001775   	7.574e-05   
3536        	10          	0.01743     	2.377e-05   	9.994e-05   	7.822e-05   
3540        	10          	0.02046     	0.0001323   	0.000236    	0.0001153   
3544        	10          	0.02345     	8.928e-05   	0.00019     	7.641e-05   
3548        	10          	0.01704     	0.0002686   	0.0002925   	0.0001484   
3552        	10          	0.01496     	0.0001412   	0.0001056   	8.599e-05   
3556        	10          	0.01807     	0.0001902   	0.0002094   	0.0001133   
3560        	10          	0.01432     	0.0001794   	0.0004214   	0.0001512   
3564        	10          	0.02003     	6.165e-05   	0.0002795   	6.182e-05   
3568        	10          	0.01825     	9.691e-05   	0.0002758   	9.526e-05   
3572        	10          	0.01964     	8.868e-05   	0.0001102   	9.557e-05   
3576        	10          	0.02584     	9.098e-05   	0.0003278   	4.981e-05   
3580        	10          	0.01599     	0.0001165   	0.000109    	6.86e-05    
3584        	10          	0.01877     	7.801e-05   	0.0001658   	0.0001218   
3588        	10          	0.02854     	9.522e-05   	0.0001267   	0.0001609   
3592        	10          	0.02211     	0.000114    	0.0002467   	0.000147    
3596        	10          	0.02083     	4.337e-05   	0.0002607   	0.0003378   
3600        	10          	0.01868     	0.0001186   	0.0002008   	0.0003524   
3604        	10          	0.01728     	0.0002135   	0.0003392   	0.0001921   
3608        	10          	0.0236      	0.000153    	0.000236    	0.0001619   
3612        	10          	0.02218     	0.0001393   	0.0005016   	0.0002215   
3616        	10          	0.0163      	7.837e-05   	0.0002049   	9.592e-05   
3620        	10          	0.01364     	0.0001608   	0.0003075   	7.254e-05   
3624        	10          	0.0174      	0.0002727   	0.0001561   	7.052e-05   
3628        	10          	0.01523     	0.000151    	0.0004944   	0.0002173   
3632        	10          	0.01428     	0.0001495   	0.0001443   	0.0001107   
3636        	10          	0.01028     	0.0001202   	0.0003149   	0.0001088   
3640        	10          	0.01144     	0.0001457   	0.000171    	9.51e-05    
3644        	10          	0.01291     	9.545e-05   	0.0004095   	0.0002143   
3648        	10          	0.01907     	8.94e-05    	0.0001317   	0.0003208   
3652        	10          	0.01117     	0.0001054   	0.0001457   	4.191e-05   
3656        	10          	0.01011     	0.0001877   	0.000369    	2.231e-05   
3660        	10          	0.01108     	7.123e-05   	0.0001294   	9.794e-05   
3664        	10          	0.013       	7.794e-05   	0.0003213   	4.759e-05   
3668        	10          	0.009858    	6.667e-05   	0.00013     	9.917e-05   
3672        	10          	0.01914     	0.0002461   	0.0001301   	6.747e-05   
3676        	10          	0.0206      	0.0001513   	0.0002494   	6.812e-05   
3680        	10          	0.0146      	8.634e-05   	0.0001075   	6.486e-05   
3684        	10          	0.01673     	7.767e-05   	0.0002719   	0.000113    
3688        	10          	0.01556     	0.0001412   	0.0001828   	0.0002794   
3692        	10          	0.01554     	0.0001925   	7.982e-05   	5.195e-05   
3696        	10          	0.01486     	0.0001198   	0.0001594   	0.0001019   
3700        	10          	0.01407     	0.0001027   	0.0005214   	0.000279    
3704        	10          	0.01625     	0.0001551   	0.0005079   	0.0001787   
3708        	10          	0.01329     	0.0001844   	0.0005215   	0.0001651   
3712        	10          	0.0084      	0.0001977   	0.0004798   	0.0002403   
3716        	10          	0.01645     	0.0002042   	0.0004889   	0.000386    
3720        	10          	0.0105      	8.329e-05   	0.0003438   	0.0002729   
3724        	10          	0.01029     	0.0001095   	0.0003158   	0.0003442   
3728        	10          	0.02057     	0.0001207   	0.0002848   	0.0001581   
3732        	10          	0.01618     	7.285e-05   	0.0005448   	0.0002884   
3736        	10          	0.007725    	0.0002611   	0.0004285   	0.0002518   
3740        	10          	0.01061     	0.0001098   	0.0003954   	0.0003102   
3744        	10          	0.01068     	0.0001372   	0.0006632   	0.0002403   
3748        	10          	0.01416     	9.946e-05   	0.0003003   	0.00011     
3752        	10          	0.01657     	0.0002854   	0.0003225   	0.0001476   
3756        	10          	0.01683     	0.0001176   	0.0005849   	9.334e-05   
3760        	10          	0.02708     	0.0001284   	0.0007998   	4.176e-05   
3764        	10          	0.01956     	0.000206    	0.0007649   	0.0001207   
3768        	10          	0.01458     	0.0001705   	0.0004204   	0.000167    
3772        	10          	0.02084     	0.0003219   	0.0005153   	6.078e-05   
3776        	10          	0.02138     	0.0001312   	0.0003637   	0.0001267   
3780        	10          	0.01464     	0.0001404   	0.0002018   	0.0001818   
3784        	10          	0.0195      	0.0001106   	0.0001342   	5.985e-05   
3788        	10          	0.01352     	8.545e-05   	0.0002502   	0.0001269   
3792        	10          	0.0124      	0.0001394   	0.0001908   	0.0003015   
3796        	10          	0.017       	6.525e-05   	0.0001702   	0.0001315   
3800        	10          	0.02234     	0.000158    	0.0003384   	0.0002041   
3804        	10          	0.0246      	0.0001502   	0.0002132   	0.0001206   
3808        	10          	0.02647     	0.0001068   	0.0003319   	0.0001787   
3812        	10          	0.01979     	7.358e-05   	0.0001717   	0.0001052   
3816        	10          	0.02334     	0.0001784   	0.0003957   	0.0002139   
3820        	10          	0.02118     	0.0001447   	0.000263    	9.4e-05     
3824        	10          	0.02311     	0.0002016   	0.0003628   	0.0002775   
3828        	10          	0.02497     	0.0001928   	0.0005007   	0.0002138   
3832        	10          	0.01739     	0.000129    	0.0001924   	0.0002793   
3836        	10          	0.02384     	7.946e-05   	0.0002985   	0.000119    
3840        	10          	0.02328     	0.0001185   	0.0003267   	0.0002241   
3844        	10          	0.02456     	4.161e-05   	0.0002847   	0.00014     
3848        	10          	0.02483     	8.594e-05   	0.0004254   	0.0001912   
3852        	10          	0.01128     	0.0001016   	0.0002709   	0.0001133   
3856        	10          	0.02851     	0.000113    	0.0002666   	0.0001106   
3860        	10          	0.01607     	0.0001093   	0.0003931   	0.000149    
3864        	10          	0.0224      	9.726e-05   	0.0004572   	0.0001398   
3868        	10          	0.01528     	0.00023     	0.0003667   	0.0002208   
3872        	10          	0.009792    	8.192e-05   	0.0002602   	0.0001919   
3876        	10          	0.01903     	0.0003253   	0.0003256   	8.858e-05   
3880        	10          	0.01971     	0.0001007   	0.0003448   	0.0001164   
3884        	10          	0.02095     	0.0001395   	0.0004842   	7.668e-05   
3888        	10          	0.0221      	0.0001231   	0.001315    	0.0002614   
3892        	10          	0.01856     	0.0001748   	0.0005086   	0.0001143   
3896        	10          	0.01679     	0.0001062   	0.0003204   	0.0001635   
3900        	10          	0.01847     	0.0002122   	0.0002618   	8.158e-05   
3904        	10          	0.01577     	0.000436    	0.0007324   	0.0003231   
3908        	10          	0.01068     	0.0002961   	0.0001626   	0.0001514   
3912        	10          	0.009767    	0.0001033   	0.0003515   	0.0003484   
3916        	10          	0.01456     	0.000177    	0.0003661   	0.000156    
3920        	10          	0.01956     	5.715e-05   	0.000141    	0.0001629   
3924        	10          	0.01216     	9.121e-05   	0.0001733   	0.0002081   
3928        	10          	0.01851     	0.0001937   	0.0005804   	0.0002141   
3932        	10          	0.01539     	0.0001272   	0.0005036   	4.985e-05   
3936        	10          	0.02362     	5.642e-05   	0.0003596   	7.563e-05   
3940        	10          	0.02849     	0.0002423   	0.0003545   	0.0001777   
3944        	10          	0.03494     	0.0001089   	0.000279    	0.0001229   
3948        	10          	0.03573     	6.972e-05   	0.0003047   	0.0003158   
3952        	10          	0.02917     	1.421e-05   	0.0004223   	0.0001222   
3956        	10          	0.02328     	0.0002328   	0.0002802   	0.0002266   
3960        	10          	0.02319     	0.0001329   	0.0005196   	0.000179    
3964        	10          	0.01679     	9.922e-05   	0.0004783   	0.0003603   
3968        	10          	0.01947     	9.755e-05   	0.0003791   	5.329e-05   
3972        	10          	0.01646     	0.0001947   	0.0001936   	0.000107    
3976        	10          	0.01093     	0.0001699   	0.0001322   	0.0001727   
3980        	10          	0.01151     	0.0001076   	0.0003978   	0.0002701   
3984        	10          	0.01685     	0.0001094   	0.0003863   	8.921e-05   
3988        	10          	0.01623     	0.0001922   	0.0003381   	0.000136    
3992        	10          	0.02146     	0.0002151   	0.0003049   	0.0001459   
3996        	10          	0.01944     	0.0001826   	0.0001872   	0.0001056   
4000        	10          	0.02311     	0.0001174   	0.0003003   	0.0002021   
4004        	10          	0.02485     	0.0002513   	0.0003402   	0.0001628   
4008        	10          	0.02816     	0.0004425   	0.0002222   	0.0003989   
4012        	10          	0.02046     	0.0003042   	0.0005491   	0.000186    
4016        	10          	0.01767     	0.0003962   	0.0006004   	8.845e-05   
4020        	10          	0.02591     	0.001635    	0.001842    	6.115e-05   
4024        	10          	0.01671     	0.001432    	0.001728    	0.0002977   
4028        	10          	0.01107     	0.002012    	0.001379    	0.0007991   
4032        	10          	0.0131      	0.002795    	0.00188     	0.0004006   
4036        	10          	0.0199      	0.001807    	0.001662    	0.0006402   
4040        	10          	0.01197     	0.002139    	0.001352    	0.0006714   
4044        	10          	0.01028     	0.001505    	0.001584    	0.001136    
4048        	10          	0.0115      	0.003252    	0.00346     	0.001784    
4052        	10          	0.01346     	0.003773    	0.003963    	0.00329     
4056        	10          	0.01073     	0.00415     	0.002547    	0.002306    
4060        	10          	0.01251     	0.002397    	0.003277    	0.003599    
4064        	10          	0.01022     	0.004588    	0.002402    	0.004902    
4068        	10          	0.006944    	0.003918    	0.004345    	0.002592    
4072        	10          	0.009322    	0.007932    	0.005165    	0.00304     
4076        	10          	0.009858    	0.00592     	0.003866    	0.004169    
4080        	10          	0.01256     	0.00704     	0.005907    	0.008156    
4084        	10          	0.01011     	0.005544    	0.005934    	0.00665     
4088        	10          	0.006622    	0.007098    	0.006845    	0.006474    
4092        	10          	0.009822    	0.00714     	0.006676    	0.006553    
4096        	10          	0.01079     	0.005219    	0.005314    	0.005947    
4100        	10          	0.005933    	0.005694    	0.007086    	0.006475    
4104        	10          	0.005892    	0.005397    	0.005467    	0.006414    
4108        	10          	0.007558    	0.006121    	0.007762    	0.007285    
4112        	10          	0.008569    	0.006226    	0.005174    	0.004678    
4116        	10          	0.006544    	0.004682    	0.008137    	0.003601    
4120        	10          	0.01107     	0.005561    	0.006858    	0.005744    
4124        	10          	0.008844    	0.006448    	0.008894    	0.003916    
4128        	10          	0.01251     	0.00927     	0.006484    	0.005586    
4132        	10          	0.01132     	0.007306    	0.006228    	0.007344    
4136        	10          	0.009956    	0.008915    	0.006493    	0.006178    
4140        	10          	0.01208     	0.009127    	0.005761    	0.006354    
4144        	10          	0.01151     	0.009565    	0.006531    	0.00929     
4148        	10          	0.01268     	0.009532    	0.006821    	0.00764     
4152        	10          	0.005833    	0.00673     	0.007829    	0.006859    
4156        	10          	0.007514    	0.007582    	0.008389    	0.00614     
4160        	10          	0.008878    	0.008076    	0.009512    	0.007129    
4164        	10          	0.005725    	0.00936     	0.007754    	0.005404    
4168        	10          	0.008778    	0.01105     	0.009629    	0.006617    
4172        	10          	0.009544    	0.008701    	0.007501    	0.00673     
4176        	10          	0.005781    	0.009252    	0.005832    	0.007594    
4180        	10          	0.01586     	0.007259    	0.007403    	0.005747    
4184        	10          	0.01743     	0.007879    	0.007124    	0.005878    
4188        	10          	0.0121      	0.008015    	0.009216    	0.00593     
4192        	10          	0.007581    	0.006401    	0.007142    	0.005229    
4196        	10          	0.007414    	0.006522    	0.007556    	0.007416    
4200        	10          	0.007625    	0.005437    	0.007975    	0.005634    
4204        	10          	0.005733    	0.00507     	0.008017    	0.007224    
4208        	10          	0.01127     	0.006592    	0.008078    	0.00845     
4212        	10          	0.003322    	0.007623    	0.00581     	0.008768    
4216        	10          	0.004211    	0.007412    	0.005708    	0.006       
4220        	10          	0.003414    	0.006695    	0.006261    	0.005331    
4224        	10          	0.01051     	0.005371    	0.008458    	0.00713     
4228        	10          	0.004489    	0.004504    	0.007118    	0.006473    
4232        	10          	0.008278    	0.004563    	0.007263    	0.005675    
4236        	10          	0.01317     	0.003586    	0.006798    	0.005266    
4240        	10          	0.01368     	0.003034    	0.005808    	0.006802    
4244        	10          	0.01406     	0.003287    	0.005757    	0.007998    
4248        	10          	0.01416     	0.003205    	0.006644    	0.007739    
4252        	10          	0.01545     	0.004543    	0.004014    	0.008608    
4256        	10          	0.02088     	0.002797    	0.003649    	0.005941    
4260        	10          	0.01773     	0.003348    	0.00637     	0.006328    
4264        	10          	0.01407     	0.004217    	0.007891    	0.006001    
4268        	10          	0.01838     	0.003985    	0.007099    	0.006951    
4272        	10          	0.01374     	0.003856    	0.004954    	0.00731     
4276        	10          	0.009833    	0.003604    	0.004566    	0.00751     
4280        	10          	0.01957     	0.00359     	0.005061    	0.007487    
4284        	10          	0.01163     	0.003095    	0.005293    	0.006865    
4288        	10          	0.01872     	0.004222    	0.004295    	0.006398    
4292        	10          	0.01623     	0.003811    	0.0025      	0.005045    
4296        	10          	0.01007     	0.004675    	0.003002    	0.005551    
4300        	10          	0.01049     	0.005197    	0.00329     	0.005726    
4304        	10          	0.006303    	0.004289    	0.002386    	0.005177    
4308        	10          	0.006914    	0.004193    	0.00323     	0.005089    
4312        	10          	0.01075     	0.005317    	0.004125    	0.005056    
4316        	10          	0.0061      	0.005631    	0.003114    	0.004968    
4320        	10          	0.0126      	0.004863    	0.003403    	0.003414    
4324        	10          	0.003236    	0.003448    	0.002245    	0.003708    
4328        	10          	0.005747    	0.004618    	0.003686    	0.005438    
4332        	10          	0.005447    	0.00451     	0.004116    	0.004371    
4336        	10          	0.002181    	0.004006    	0.004145    	0.004557    
4340        	10          	0.003669    	0.003713    	0.003157    	0.003478    
4344        	10          	0.008669    	0.004421    	0.003387    	0.004404    
4348        	10          	0.008344    	0.003499    	0.003373    	0.002861    
4352        	10          	0.005456    	0.00393     	0.003181    	0.003103    
4356        	10          	0.007       	0.003219    	0.003806    	0.005203    
4360        	10          	0.005014    	0.002775    	0.00334     	0.003652    
4364        	10          	0.003847    	0.004211    	0.002356    	0.004376    
4368        	10          	0.004281    	0.002697    	0.001642    	0.003547    
4372        	10          	0.003014    	0.002384    	0.001518    	0.002427    
4376        	10          	0.004247    	0.00328     	0.002387    	0.002848    
4380        	10          	0.001636    	0.004724    	0.001881    	0.002695    
4384        	10          	0.005747    	0.004445    	0.003282    	0.002883    
4388        	10          	0.007136    	0.004661    	0.004666    	0.003808    
4392        	10          	0.006833    	0.003577    	0.004203    	0.002939    
4396        	10          	0.004781    	0.002328    	0.003269    	0.002456    
4400        	10          	0.0044      	0.002973    	0.003617    	0.003125    
4404        	10          	0.006781    	0.003588    	0.002929    	0.003162    
4408        	10          	0.01147     	0.002425    	0.00314     	0.003925    
4412        	10          	0.01077     	0.003226    	0.003293    	0.004759    
4416        	10          	0.009789    	0.003086    	0.00332     	0.002668    
4420        	10          	0.009192    	0.003066    	0.004246    	0.003311    
4424        	10          	0.01099     	0.002619    	0.003448    	0.002484    
4428        	10          	0.01179     	0.002661    	0.003349    	0.002769    
4432        	10          	0.009822    	0.002647    	0.00499     	0.002907    
4436        	10          	0.007447    	0.001655    	0.002957    	0.00233     
4440        	10          	0.0109      	0.002073    	0.003327    	0.00163     
4444        	10          	0.01018     	0.001803    	0.003501    	0.001832    
4448        	10          	0.01045     	0.001431    	0.003557    	0.001799    
4452        	10          	0.008444    	0.001519    	0.00504     	0.001546    
4456        	10          	0.01322     	0.002278    	0.005153    	0.002615    
4460        	10          	0.01846     	0.002524    	0.003543    	0.002502    
4464        	10          	0.01928     	0.002725    	0.003919    	0.002982    
4468        	10          	0.01251     	0.002858    	0.00408     	0.003367    
4472        	10          	0.01284     	0.002912    	0.003357    	0.003798    
4476        	10          	0.01114     	0.002666    	0.003834    	0.002551    
4480        	10          	0.007003    	0.002568    	0.00358     	0.003493    
4484        	10          	0.009581    	0.002511    	0.00345     	0.00287     
4488        	10          	0.009747    	0.002655    	0.003047    	0.001915    
4492        	10          	0.01274     	0.003864    	0.003827    	0.004306    
4496        	10          	0.01011     	0.00272     	0.003904    	0.003623    
4500        	10          	0.009469    	0.002667    	0.004205    	0.003912    
4504        	10          	0.009789    	0.002331    	0.003849    	0.003384    
4508        	10          	0.01108     	0.002636    	0.003731    	0.004532    
4512        	10          	0.0129      	0.003163    	0.00489     	0.002838    
4516        	10          	0.007781    	0.003199    	0.004905    	0.002991    
4520        	10          	0.007192    	0.002399    	0.004766    	0.003385    
4524        	10          	0.006003    	0.002804    	0.004217    	0.002617    
4528        	10          	0.007322    	0.00366     	0.004581    	0.003075    
4532        	10          	0.008222    	0.003831    	0.004364    	0.002435    
4536        	10          	0.006636    	0.002808    	0.003085    	0.003605    
4540        	10          	0.005833    	0.003061    	0.004967    	0.004299    
4544        	10          	0.008081    	0.003573    	0.004754    	0.003828    
4548        	10          	0.006944    	0.002853    	0.003627    	0.003508    
4552        	10          	0.009747    	0.004808    	0.003574    	0.003935    
4556        	10          	0.007114    	0.003349    	0.003198    	0.0041      
4560        	10          	0.01093     	0.003756    	0.003145    	0.004562    
4564        	10          	0.005892    	0.004416    	0.002716    	0.004681    
4568        	10          	0.004858    	0.003698    	0.003395    	0.00485     
4572        	10          	0.003567    	0.002664    	0.003183    	0.004337    
4576        	10          	0.005947    	0.003451    	0.003856    	0.004729    
4580        	10          	0.01104     	0.002953    	0.003336    	0.005818    
4584        	10          	0.009858    	0.002984    	0.003342    	0.00519     
4588        	10          	0.006489    	0.001889    	0.002504    	0.006955    
4592        	10          	0.005469    	0.001696    	0.003638    	0.005675    
4596        	10          	0.007444    	0.00263     	0.003481    	0.006385    
4600        	10          	0.01139     	0.002487    	0.004395    	0.005895    
4604        	10          	0.01273     	0.001804    	0.00379     	0.005881    
4608        	10          	0.01278     	0.001819    	0.004035    	0.004733    
4612        	10          	0.01446     	0.002045    	0.004332    	0.005201    
4616        	10          	0.01216     	0.001912    	0.005008    	0.005694    
4620        	10          	0.0179      	0.002564    	0.004612    	0.004248    
4624        	10          	0.01718     	0.002283    	0.003555    	0.004457    
4628        	10          	0.01918     	0.002819    	0.00398     	0.003753    
4632        	10          	0.01407     	0.002173    	0.003081    	0.004093    
4636        	10          	0.01935     	0.002153    	0.00297     	0.003517    
4640        	10          	0.01186     	0.001724    	0.002741    	0.003678    
4644        	10          	0.01104     	0.001965    	0.002673    	0.00425     
4648        	10          	0.008233    	0.002308    	0.002335    	0.003482    
4652        	10          	0.01724     	0.001735    	0.003674    	0.003328    
4656        	10          	0.01707     	0.001704    	0.003468    	0.00518     
4660        	10          	0.006336    	0.001826    	0.004594    	0.004085    
4664        	10          	0.01478     	0.002016    	0.003476    	0.003269    
4668        	10          	0.01543     	0.001708    	0.003248    	0.003629    
4672        	10          	0.0131      	0.002449    	0.004047    	0.00361     
4676        	10          	0.01638     	0.002836    	0.003934    	0.00262     
4680        	10          	0.01401     	0.002072    	0.004349    	0.003971    
4684        	10          	0.01        	0.001867    	0.005105    	0.0045      
4688        	10          	0.0109      	0.002267    	0.00454     	0.004365    
4692        	10          	0.01928     	0.002335    	0.004281    	0.003937    
4696        	10          	0.01056     	0.00254     	0.005074    	0.003718    
4700        	10          	0.01061     	0.001755    	0.004569    	0.00334     
4704        	10          	0.01123     	0.002525    	0.003897    	0.003665    
4708        	10          	0.01833     	0.002698    	0.004081    	0.003148    
4712        	10          	0.01091     	0.003       	0.004733    	0.004653    
4716        	10          	0.007336    	0.002894    	0.004044    	0.004234    
4720        	10          	0.005692    	0.001845    	0.005089    	0.004658    
4724        	10          	0.005414    	0.002185    	0.00385     	0.0062      
4728        	10          	0.01012     	0.002304    	0.004015    	0.006062    
4732        	10          	0.005711    	0.001726    	0.00272     	0.007144    
4736        	10          	0.007222    	0.001658    	0.002738    	0.006822    
4740        	10          	0.004892    	0.002459    	0.001876    	0.006315    
4744        	10          	0.007025    	0.001976    	0.001247    	0.005758    
4748        	10          	0.003378    	0.003188    	0.001517    	0.005631    
4752        	10          	0.009278    	0.003238    	0.001639    	0.006406    
4756        	10          	0.01514     	0.003987    	0.001035    	0.005552    
4760        	10          	0.007378    	0.003171    	0.0008685   	0.007319    
4764        	10          	0.007225    	0.004125    	0.001041    	0.00888     
4768        	10          	0.0115      	0.003315    	0.001358    	0.008331    
4772        	10          	0.004469    	0.002365    	0.001618    	0.008152    
4776        	10          	0.01021     	0.002623    	0.001026    	0.006612    
4780        	10          	0.009525    	0.00342     	0.001378    	0.008481    
4784        	10          	0.007058    	0.002787    	0.001522    	0.006631    
4788        	10          	0.005525    	0.002694    	0.001588    	0.005039    
4792        	10          	0.004933    	0.002442    	0.0009901   	0.005966    
4796        	10          	0.003969    	0.003639    	0.001186    	0.006905    
4800        	10          	0.003281    	0.002815    	0.001142    	0.003996    
4804        	10          	0.001736    	0.003709    	0.001483    	0.004828    
4808        	10          	0.006889    	0.003194    	0.001609    	0.004396    
4812        	10          	0.001892    	0.003143    	0.001247    	0.002365    
4816        	10          	0.002336    	0.002339    	0.002182    	0.003001    
4820        	10          	0.003392    	0.002833    	0.002844    	0.00267     
4824        	10          	0.003247    	0.002746    	0.003402    	0.002647    
4828        	10          	0.002489    	0.003021    	0.003155    	0.002653    
4832        	10          	0.001956    	0.002629    	0.004246    	0.003718    
4836        	10          	0.002722    	0.003101    	0.004486    	0.003434    
4840        	10          	0.003247    	0.002835    	0.004716    	0.002852    
4844        	10          	0.003503    	0.003223    	0.005034    	0.002595    
4848        	10          	0.001114    	0.00208     	0.005229    	0.003152    
4852        	10          	0.003767    	0.002886    	0.005689    	0.002336    
4856        	10          	0.006378    	0.002743    	0.005329    	0.002324    
4860        	10          	0.0066      	0.002388    	0.005522    	0.001919    
4864        	10          	0.005081    	0.002277    	0.00415     	0.001958    
4868        	10          	0.004558    	0.002796    	0.005219    	0.002165    
4872        	10          	0.007433    	0.002709    	0.005526    	0.002011    
4876        	10          	0.009767    	0.003245    	0.005849    	0.002082    
4880        	10          	0.005236    	0.003674    	0.005749    	0.001742    
4884        	10          	0.006511    	0.004561    	0.005604    	0.001739    
4888        	10          	0.004014    	0.003573    	0.005639    	0.001967    
4892        	10          	0.001778    	0.004142    	0.004018    	0.001961    
4896        	10          	0.005347    	0.004881    	0.005472    	0.003201    
4900        	10          	0.005969    	0.003625    	0.00501     	0.002717    
4904        	10          	0.008281    	0.004731    	0.007146    	0.003303    
4908        	10          	0.007581    	0.004031    	0.006382    	0.003254    
4912        	10          	0.01168     	0.003179    	0.005671    	0.003116    
4916        	10          	0.01173     	0.00377     	0.006671    	0.003495    
4920        	10          	0.007692    	0.003124    	0.006117    	0.003023    
4924        	10          	0.004733    	0.003688    	0.006637    	0.003607    
4928        	10          	0.007558    	0.004289    	0.005482    	0.004749    
4932        	10          	0.01057     	0.004441    	0.006404    	0.004177    
4936        	10          	0.008747    	0.0026      	0.004835    	0.003322    
4940        	10          	0.008114    	0.00405     	0.004612    	0.00363     
4944        	10          	0.009136    	0.003721    	0.00396     	0.004294    
4948        	10          	0.01003     	0.003512    	0.0042      	0.003566    
4952        	10          	0.009003    	0.003586    	0.004218    	0.003236    
4956        	10          	0.01158     	0.003665    	0.004583    	0.003005    
4960        	10          	0.004614    	0.003197    	0.003915    	0.002666    
4964        	10          	0.004656    	0.003083    	0.004191    	0.002657    
4968        	10          	0.007469    	0.002886    	0.004003    	0.00226     
4972        	10          	0.008292    	0.002926    	0.004465    	0.002712    
4976        	10          	0.008822    	0.003205    	0.004737    	0.002576    
4980        	10          	0.008558    	0.003766    	0.003374    	0.003125    
4984        	10          	0.003792    	0.004045    	0.003651    	0.003217    
4988        	10          	0.01186     	0.004347    	0.003819    	0.003009    
4992        	10          	0.01089     	0.003145    	0.003966    	0.002833    
4996        	10          	0.007736    	0.002711    	0.004556    	0.003037    
5000        	10          	0.007892    	0.002392    	0.004445    	0.002455    
