generation  	alive.rpl   	n.adlt.rs   	n.adlt.fst.wc_p1-2	n.adlt.fst.wc_p1-3	n.adlt.fst.wc_p2-3
5           	10          	0.03188     	1.976e-06   	4.242e-06   	2.486e-06   
10          	10          	0.04189     	9.859e-06   	7.394e-06   	8.303e-06   
15          	10          	0.04371     	9.242e-06   	7.358e-06   	7.696e-06   
20          	10          	0.1208      	2.149e-05   	1.561e-05   	8.6e-06     
25          	10          	0.1242      	2.53e-05    	2.782e-05   	2.191e-05   
30          	10          	0.07456     	2.015e-05   	2.951e-05   	4.239e-05   
35          	10          	0.1407      	2.169e-05   	7.186e-06   	1.599e-05   
40          	10          	0.05069     	2.034e-05   	2.273e-05   	2.112e-05   
45          	10          	0.1006      	1.835e-05   	9.08e-06    	1.75e-05    
50          	10          	0.1288      	2.957e-05   	3.754e-05   	2.663e-05   
55          	10          	0.09688     	5.664e-05   	6.377e-05   	2.013e-05   
60          	10          	0.05934     	2.353e-05   	6.747e-05   	1.222e-05   
65          	10          	0.04958     	2.021e-05   	4.883e-05   	2.592e-05   
70          	10          	0.1032      	4.086e-05   	0.0001176   	2.596e-05   
75          	10          	0.04134     	3.129e-05   	7.637e-05   	2.457e-05   
80          	10          	0.06986     	3.717e-05   	4.821e-05   	3.239e-05   
85          	10          	0.09804     	2.967e-05   	5.147e-05   	1.343e-05   
90          	10          	0.1159      	3.676e-05   	4.35e-05    	5.531e-05   
95          	10          	0.05889     	1.996e-05   	3.355e-05   	2.108e-05   
100         	10          	0.04267     	1.86e-05    	4.635e-05   	1.026e-05   
105         	10          	0.09496     	3.488e-05   	5.09e-05    	4.581e-05   
110         	10          	0.05118     	0.0001012   	0.0001136   	2.045e-05   
115         	10          	0.05047     	4.572e-05   	3.656e-05   	9.498e-06   
120         	10          	0.05779     	6.798e-05   	5.945e-05   	2.863e-05   
125         	10          	0.02853     	3.947e-05   	4.81e-05    	2.93e-05    
130         	10          	0.06508     	2.928e-05   	6.313e-05   	4.379e-05   
135         	10          	0.1048      	1.988e-05   	5.892e-05   	1.98e-05    
140         	10          	0.04314     	2.969e-05   	3.374e-05   	2.4e-05     
145         	10          	0.0365      	3.497e-05   	4.369e-05   	1.397e-05   
150         	10          	0.02569     	2.549e-05   	7.249e-05   	1.546e-05   
155         	10          	0.03149     	3.025e-05   	5.919e-05   	4.638e-05   
160         	10          	0.03884     	4.471e-05   	7.613e-05   	3.119e-05   
165         	10          	0.04347     	4.592e-05   	7.949e-05   	5.698e-05   
170         	10          	0.02201     	2.259e-05   	6.643e-05   	6.283e-05   
175         	10          	0.03257     	2.304e-05   	6.688e-05   	3.585e-05   
180         	10          	0.01664     	2.436e-05   	2.098e-05   	1.235e-05   
185         	10          	0.04728     	3.399e-05   	6.136e-05   	2.015e-05   
190         	10          	0.06561     	4.346e-05   	8.693e-05   	3.598e-05   
195         	10          	0.07166     	3.592e-05   	5.793e-05   	2.728e-05   
200         	10          	0.02904     	2.235e-05   	0.0001259   	4.37e-05    
205         	10          	0.0288      	3.816e-05   	7.003e-05   	3.64e-05    
210         	10          	0.03084     	5.535e-05   	7.556e-05   	3.071e-05   
215         	10          	0.02378     	3.92e-05    	0.0001492   	1.142e-05   
220         	10          	0.05783     	8.672e-05   	5.364e-05   	0.0001019   
225         	10          	0.04223     	3.752e-05   	8.195e-05   	4.275e-05   
230         	10          	0.04116     	4.536e-05   	0.0001166   	3.294e-05   
235         	10          	0.03512     	2.526e-05   	0.0002222   	8.234e-05   
240         	10          	0.0421      	1.821e-05   	0.0001052   	7.886e-05   
245         	10          	0.08668     	3.157e-05   	7.047e-05   	0.0001125   
250         	10          	0.03707     	3.168e-05   	6.95e-05    	5.137e-05   
255         	10          	0.03906     	4.629e-05   	0.0001113   	3.588e-05   
260         	10          	0.02599     	8.367e-05   	0.0001212   	4.086e-05   
265         	10          	0.02739     	3.4e-05     	4.845e-05   	9.542e-06   
270         	10          	0.05758     	9.668e-05   	8.488e-05   	6.096e-05   
275         	10          	0.05011     	7.568e-05   	0.0001007   	3.041e-05   
280         	10          	0.06402     	2.105e-05   	7.487e-05   	3.447e-05   
285         	10          	0.07957     	7.532e-05   	0.0002238   	3.913e-05   
290         	10          	0.07128     	6.744e-05   	0.0002069   	4.016e-05   
295         	10          	0.08429     	5.201e-05   	0.0001745   	2.433e-05   
300         	10          	0.1075      	0.0001044   	7.473e-05   	4.07e-05    
305         	10          	0.06239     	2.962e-05   	5.819e-05   	3.706e-05   
310         	10          	0.08151     	6.007e-05   	6.462e-05   	4.205e-05   
315         	10          	0.06121     	4.104e-05   	7.523e-05   	7.417e-05   
320         	10          	0.04473     	3.973e-05   	0.0001262   	4.156e-05   
325         	10          	0.1095      	2.726e-05   	0.0001503   	4.2e-05     
330         	10          	0.08458     	8.552e-05   	0.00015     	8.25e-05    
335         	10          	0.09896     	9.69e-05    	0.000149    	8.058e-05   
340         	10          	0.06727     	8.668e-05   	0.0001495   	4.581e-05   
345         	10          	0.07817     	0.0001266   	0.0003421   	8.546e-05   
350         	10          	0.06075     	3.984e-05   	0.0002428   	0.0001168   
355         	10          	0.05875     	8.13e-05    	0.0001904   	0.0001066   
360         	10          	0.05923     	6.9e-05     	0.0001745   	7.231e-05   
365         	10          	0.05706     	7.878e-05   	0.0001583   	2.654e-05   
370         	10          	0.1238      	0.0001257   	0.0001478   	7.503e-05   
375         	10          	0.08314     	7.199e-05   	0.0001307   	2.867e-05   
380         	10          	0.04546     	6.952e-06   	0.0001455   	2.872e-05   
385         	10          	0.05928     	3.027e-05   	0.000114    	4.094e-05   
390         	10          	0.07595     	9.7e-05     	5.978e-05   	6.249e-05   
395         	10          	0.08227     	5.253e-05   	7.728e-05   	6.283e-05   
400         	10          	0.06239     	1.433e-05   	9.736e-05   	6.033e-05   
405         	10          	0.0618      	3.574e-05   	2.365e-05   	3.668e-05   
410         	10          	0.05843     	3.494e-05   	6.572e-05   	7.659e-05   
415         	10          	0.07979     	0.0001213   	8.281e-05   	4.234e-05   
420         	10          	0.09606     	7.311e-05   	0.0001753   	5.32e-05    
425         	10          	0.09358     	4.454e-05   	2.198e-05   	7.213e-05   
430         	10          	0.1051      	6.207e-05   	5.054e-05   	0.0001875   
435         	10          	0.09319     	3.651e-05   	2.526e-05   	7.825e-05   
440         	10          	0.07579     	0.0001081   	3.692e-05   	0.0001265   
445         	10          	0.09979     	1.201e-05   	0.0001468   	4.174e-05   
450         	10          	0.1114      	8.685e-05   	0.0002067   	8.773e-05   
455         	10          	0.09723     	7.041e-05   	0.0001677   	8.63e-05    
460         	10          	0.08947     	4.095e-05   	0.0001434   	6.945e-06   
465         	10          	0.0805      	3.644e-05   	0.0002099   	9.308e-05   
470         	10          	0.0974      	2.441e-05   	0.0001358   	3.726e-05   
475         	10          	0.09468     	4.304e-05   	0.0001292   	7.019e-05   
480         	10          	0.1097      	3.651e-05   	6.085e-05   	2.469e-05   
485         	10          	0.1275      	2.257e-05   	0.0001406   	3.367e-05   
490         	10          	0.09901     	1.495e-05   	0.0001435   	3.257e-05   
495         	10          	0.1337      	6.022e-05   	0.0001064   	7.698e-05   
500         	10          	0.1133      	4.27e-05    	0.0001329   	7.111e-05   
505         	10          	0.1255      	4.258e-05   	0.0001859   	9.238e-05   
510         	10          	0.126       	0.0001001   	0.0001157   	6.343e-05   
515         	10          	0.1326      	9.297e-05   	0.0001742   	7.896e-05   
520         	10          	0.1322      	3.902e-05   	0.0001338   	5.364e-05   
525         	10          	0.1589      	0.0001178   	0.0001773   	2.733e-05   
530         	10          	0.1557      	9.811e-05   	0.0002602   	5.386e-05   
535         	10          	0.1757      	9.573e-05   	0.0003584   	4.037e-05   
540         	10          	0.1374      	9.027e-05   	9.813e-05   	7.788e-05   
545         	10          	0.1791      	7.603e-05   	0.0003275   	7.587e-05   
550         	10          	0.1948      	0.0001092   	0.0002825   	0.0001139   
555         	10          	0.1363      	6.197e-05   	0.0002942   	9.833e-05   
560         	10          	0.2086      	4.496e-05   	0.0002131   	0.0001195   
565         	10          	0.1611      	0.000101    	7.609e-05   	6.411e-05   
570         	10          	0.1478      	0.0001042   	0.0002811   	5.816e-05   
575         	10          	0.1812      	0.0001054   	0.0001917   	3.327e-05   
580         	10          	0.1303      	3.185e-05   	0.0002372   	4.705e-05   
585         	10          	0.129       	5.076e-05   	0.000157    	0.0001406   
590         	10          	0.09729     	6.448e-05   	0.0003136   	6.229e-05   
595         	10          	0.1691      	9.647e-05   	0.0001572   	0.0001281   
600         	10          	0.1291      	3.571e-05   	0.0002647   	7.331e-05   
605         	10          	0.09874     	9.372e-05   	0.0001702   	6.331e-05   
610         	10          	0.1245      	8.501e-05   	0.0002858   	7.888e-05   
615         	10          	0.1419      	0.0001203   	0.0002788   	9.98e-05    
620         	10          	0.1221      	7.028e-05   	0.0001188   	6.4e-05     
625         	10          	0.1302      	4.538e-05   	0.0003009   	4.414e-05   
630         	10          	0.1255      	5.318e-05   	0.0001852   	6.246e-05   
635         	10          	0.1472      	6.627e-05   	9.133e-05   	4.22e-05    
640         	10          	0.1327      	7.927e-05   	0.0002511   	8.018e-05   
645         	10          	0.1241      	0.0001033   	0.0001547   	5.47e-05    
650         	10          	0.09806     	4.944e-05   	0.0001436   	6.146e-05   
655         	10          	0.1026      	6.704e-05   	0.0002187   	6.713e-05   
660         	10          	0.09036     	1.995e-05   	0.0001872   	4.596e-05   
665         	10          	0.0738      	6.925e-05   	0.0002132   	5.714e-05   
670         	10          	0.08756     	7.423e-05   	0.0001098   	4.563e-05   
675         	10          	0.08589     	0.0001203   	0.0001203   	6.531e-05   
680         	10          	0.1558      	5.297e-05   	0.0001807   	6.987e-05   
685         	10          	0.1054      	4.656e-05   	0.0002384   	7.226e-05   
690         	10          	0.09022     	8.054e-05   	0.0005258   	0.0001348   
695         	10          	0.08073     	6.175e-05   	0.0003797   	7.792e-05   
700         	10          	0.09538     	5.219e-05   	0.0002017   	9.155e-05   
705         	10          	0.1026      	8.43e-05    	0.0001529   	8.211e-05   
710         	10          	0.0819      	7.735e-05   	0.0001607   	7.402e-05   
715         	10          	0.06058     	6.195e-05   	0.0001871   	0.0001479   
720         	10          	0.0575      	8.464e-05   	0.0001259   	4.366e-05   
725         	10          	0.0786      	0.0001468   	0.0002483   	0.0001087   
730         	10          	0.07051     	6.086e-05   	0.0001226   	9.757e-05   
735         	10          	0.1098      	8.685e-05   	0.0001447   	8.044e-05   
740         	10          	0.09006     	0.0001265   	0.0002585   	0.0002295   
745         	10          	0.07317     	0.0001013   	0.0002623   	2.218e-05   
750         	10          	0.05427     	5.448e-05   	0.0002288   	0.0001376   
755         	10          	0.03329     	9.073e-05   	0.0002186   	3.68e-05    
760         	10          	0.0646      	3.172e-05   	4.323e-05   	0.0001574   
765         	10          	0.0575      	4.787e-05   	7.591e-05   	0.0001221   
770         	10          	0.06914     	2.944e-05   	4.163e-05   	7.639e-05   
775         	10          	0.08508     	6.224e-05   	0.0001213   	0.000185    
780         	10          	0.06451     	0.0001153   	5.431e-05   	7.988e-05   
785         	10          	0.06034     	6.877e-05   	5.717e-05   	0.000103    
790         	10          	0.08318     	0.0001152   	0.0001755   	9.844e-05   
795         	10          	0.06512     	7.067e-05   	0.0001457   	8.39e-05    
800         	10          	0.06112     	7.402e-05   	0.0002525   	5.188e-05   
805         	10          	0.07182     	9.649e-05   	0.00026     	8.659e-05   
810         	10          	0.05335     	0.0001499   	0.0002843   	9.688e-05   
815         	10          	0.03944     	6.026e-05   	0.0001454   	5.431e-05   
820         	10          	0.05927     	3.341e-05   	0.0001885   	5.187e-05   
825         	10          	0.04394     	9.167e-05   	0.000421    	0.0001143   
830         	10          	0.04819     	5.27e-05    	0.0003302   	0.0001308   
835         	10          	0.03357     	8.208e-05   	0.0003295   	4.345e-05   
840         	10          	0.04997     	6.826e-05   	0.0001371   	6.435e-05   
845         	10          	0.04202     	9.763e-05   	0.0002299   	5.426e-05   
850         	10          	0.04043     	7.616e-05   	0.0002113   	5.57e-05    
855         	10          	0.04862     	4.693e-05   	0.0001744   	7.093e-05   
860         	10          	0.06558     	5.267e-05   	9.734e-05   	4.879e-05   
865         	10          	0.0698      	3.481e-05   	8.65e-05    	9.621e-05   
870         	10          	0.1092      	5.598e-05   	0.0001071   	0.000104    
875         	10          	0.06801     	8.725e-05   	0.0001483   	6.8e-05     
880         	10          	0.08843     	2.611e-05   	1.334e-05   	6.753e-05   
885         	10          	0.08636     	0.0001649   	0.0001691   	0.0001191   
890         	10          	0.09719     	9.219e-05   	0.0002024   	0.000221    
895         	10          	0.06367     	0.0001024   	0.0001734   	3.773e-05   
900         	10          	0.07734     	5.09e-05    	6.067e-05   	0.0002396   
905         	10          	0.07825     	8.972e-05   	0.0003022   	0.0001648   
910         	10          	0.05656     	0.0001379   	0.0002028   	5.03e-05    
915         	10          	0.07243     	0.0001004   	0.0001615   	0.0001112   
920         	10          	0.06118     	3.995e-05   	0.0003204   	8.771e-05   
925         	10          	0.08317     	2.635e-05   	0.0001282   	8.894e-05   
930         	10          	0.07723     	6.168e-05   	0.0001496   	1.855e-05   
935         	10          	0.08927     	7.209e-05   	0.0001046   	6.359e-05   
940         	10          	0.06723     	4.337e-05   	0.0001411   	7.933e-05   
945         	10          	0.07696     	9.927e-05   	0.0002197   	4.945e-05   
950         	10          	0.08018     	3.515e-05   	0.0002037   	0.0001943   
955         	10          	0.07443     	8.708e-05   	0.0001409   	0.0001122   
960         	10          	0.07991     	8.536e-05   	0.0001249   	4.379e-05   
965         	10          	0.08188     	0.0001213   	0.0001956   	5.152e-05   
970         	10          	0.07271     	4.325e-05   	0.0002439   	0.0001539   
975         	10          	0.06914     	4.555e-05   	0.0001866   	5.513e-05   
980         	10          	0.08136     	3.728e-05   	0.0003073   	4.929e-05   
985         	10          	0.05661     	7.063e-05   	7.342e-05   	6.402e-05   
990         	10          	0.0963      	9.038e-05   	0.0002749   	0.000124    
995         	10          	0.07479     	6.164e-05   	4.714e-05   	7.027e-05   
1000        	10          	0.08719     	8.656e-05   	0.0001092   	8.575e-05   
1005        	10          	0.08222     	0.0001537   	0.0002261   	0.0001854   
1010        	10          	0.0593      	0.0001335   	0.0001389   	8.715e-05   
1015        	10          	0.05008     	4.882e-05   	0.0001193   	4.891e-05   
1020        	10          	0.06146     	0.0001238   	0.0001969   	6.226e-05   
1025        	10          	0.06856     	4.014e-05   	6.583e-05   	0.000158    
1030        	10          	0.06429     	7.725e-05   	0.0001066   	6.47e-05    
1035        	10          	0.07216     	6.385e-05   	0.0001198   	4.146e-05   
1040        	10          	0.08097     	7.649e-05   	0.0004342   	9.523e-05   
1045        	10          	0.06175     	5.382e-05   	0.0002559   	0.0001707   
1050        	10          	0.07451     	4.29e-05    	0.000179    	0.000183    
1055        	10          	0.07661     	0.0001326   	0.000313    	0.0001418   
1060        	10          	0.04911     	8.199e-05   	0.0001975   	7.524e-05   
1065        	10          	0.04729     	0.0001096   	0.0002383   	7.791e-05   
1070        	10          	0.03696     	0.0001926   	0.0001801   	3.221e-05   
1075        	10          	0.03017     	0.0001277   	0.000171    	7.535e-05   
1080        	10          	0.03649     	0.0002113   	0.0003485   	7.403e-05   
1085        	10          	0.04589     	7.359e-05   	0.0002232   	3.766e-05   
1090        	10          	0.03528     	0.000233    	0.0002422   	5.229e-05   
1095        	10          	0.03562     	6.607e-05   	0.00018     	5.446e-05   
1100        	10          	0.03751     	0.0001507   	0.0001519   	7.189e-05   
1105        	10          	0.02525     	0.0001666   	0.0002351   	0.0001052   
1110        	10          	0.03334     	0.0001036   	0.0001349   	5.212e-05   
1115        	10          	0.01278     	5.155e-05   	0.0002381   	9.044e-05   
1120        	10          	0.02219     	6.393e-05   	0.0002697   	4.359e-05   
1125        	10          	0.03322     	0.0001545   	0.0003456   	0.0001231   
1130        	10          	0.02914     	9.849e-05   	0.0003921   	3.674e-05   
1135        	10          	0.02675     	3.242e-05   	0.0002583   	0.0001085   
1140        	10          	0.02121     	1.481e-05   	0.0001576   	0.0001886   
1145        	10          	0.0398      	5.212e-05   	0.0003029   	0.000113    
1150        	10          	0.0321      	7.204e-05   	0.000477    	7.894e-05   
1155        	10          	0.02639     	0.0001062   	0.0002397   	0.000122    
1160        	10          	0.03411     	9.529e-05   	0.0002034   	9.081e-05   
1165        	10          	0.04127     	0.0001917   	0.0005994   	8.932e-05   
1170        	10          	0.03075     	5.19e-05    	0.0002458   	0.0001172   
1175        	10          	0.03608     	0.0001516   	0.0001171   	5.732e-05   
1180        	10          	0.03368     	4.603e-05   	0.0002501   	0.0001201   
1185        	10          	0.02596     	7.013e-05   	0.0001383   	6.247e-05   
1190        	10          	0.03922     	0.0001144   	0.0003232   	9.845e-05   
1195        	10          	0.0291      	0.0001122   	0.0003578   	8.081e-05   
1200        	10          	0.03451     	7.579e-05   	7.515e-05   	7.487e-05   
1205        	10          	0.03772     	0.0001372   	0.0002811   	0.0001413   
1210        	10          	0.04193     	0.0001011   	0.0001994   	4.792e-05   
1215        	10          	0.03599     	0.0002822   	0.0004035   	0.0001363   
1220        	10          	0.03928     	6.697e-05   	0.0003418   	0.0001484   
1225        	10          	0.02004     	5.642e-05   	0.0002323   	0.0001229   
1230        	10          	0.05854     	0.0002507   	0.0002362   	0.0001701   
1235        	10          	0.04336     	0.000134    	0.0001718   	0.0001365   
1240        	10          	0.03599     	0.0001002   	6.485e-05   	0.0001085   
1245        	10          	0.02796     	2.553e-05   	0.0002182   	0.0001176   
1250        	10          	0.04195     	0.0001507   	0.0001521   	0.0001921   
1255        	10          	0.03001     	5.49e-05    	0.0001161   	0.0001685   
1260        	10          	0.02316     	4.622e-05   	0.0002162   	0.0001754   
1265        	10          	0.01884     	7.101e-05   	0.0002448   	0.0001348   
1270        	10          	0.02234     	9.045e-05   	0.0002764   	0.000156    
1275        	10          	0.04795     	6.454e-05   	0.0005398   	0.0001114   
1280        	10          	0.03957     	8.188e-05   	0.0003216   	7.786e-05   
1285        	10          	0.03108     	5.287e-05   	0.0002167   	0.0001168   
1290        	10          	0.04518     	0.0001019   	0.0002438   	0.0001213   
1295        	10          	0.03456     	5.236e-05   	0.0001321   	4.802e-05   
1300        	10          	0.03445     	8.113e-05   	0.0003915   	7.779e-05   
1305        	10          	0.04517     	0.0001657   	0.0002487   	0.0001113   
1310        	10          	0.04734     	8.596e-05   	0.0005416   	4.624e-05   
1315        	10          	0.0459      	0.0002137   	0.0002683   	9.46e-05    
1320        	10          	0.04001     	0.0001619   	0.0004465   	0.0001046   
1325        	10          	0.03652     	9.201e-05   	0.0001891   	5.369e-05   
1330        	10          	0.03828     	7.364e-05   	0.0001111   	8.552e-05   
1335        	10          	0.03054     	6.112e-05   	0.0001425   	6.851e-05   
1340        	10          	0.02961     	0.0001456   	0.0001435   	0.0001168   
1345        	10          	0.03403     	0.0001305   	8.31e-05    	0.0001168   
1350        	10          	0.025       	0.0001525   	9.994e-05   	5.845e-05   
1355        	10          	0.04625     	0.0001721   	0.0002278   	0.0001284   
1360        	10          	0.04022     	0.0001469   	0.0003013   	0.0001956   
1365        	10          	0.05482     	5.915e-05   	0.0002147   	3.09e-05    
1370        	10          	0.05825     	7.433e-05   	0.000112    	3.995e-05   
1375        	10          	0.0521      	0.0001072   	0.0002173   	7.4e-05     
1380        	10          	0.04702     	0.0001573   	0.000236    	3.858e-05   
1385        	10          	0.07022     	0.0001476   	0.0002391   	7.597e-05   
1390        	10          	0.05134     	7.866e-05   	0.0003495   	6.694e-05   
1395        	10          	0.04906     	0.0001249   	0.000205    	0.0001685   
1400        	10          	0.05644     	4.722e-05   	0.0002937   	0.0001202   
1405        	10          	0.06762     	2.01e-05    	0.0001797   	4.557e-05   
1410        	10          	0.04584     	5.512e-05   	0.0001311   	4.561e-05   
1415        	10          	0.05518     	4.738e-05   	0.0002921   	3.334e-05   
1420        	10          	0.06946     	4.705e-05   	0.0001217   	3.451e-05   
1425        	10          	0.05412     	8.271e-05   	0.0001816   	7.179e-05   
1430        	10          	0.04116     	3.556e-05   	0.0001774   	8.492e-05   
1435        	10          	0.05166     	0.0001081   	0.000425    	0.0001155   
1440        	10          	0.03094     	7.366e-05   	0.0002612   	6.2e-05     
1445        	10          	0.04464     	9.914e-05   	0.0003084   	0.0002308   
1450        	10          	0.03785     	0.0001707   	0.0006755   	0.0001306   
1455        	10          	0.04691     	0.0001641   	0.0003798   	0.0001815   
1460        	10          	0.03812     	0.0001928   	0.0003786   	0.0001154   
1465        	10          	0.03045     	0.0001296   	0.0005264   	0.0001494   
1470        	10          	0.04336     	0.0001359   	0.0005268   	0.0002441   
1475        	10          	0.02891     	9.057e-05   	0.0001829   	6.935e-05   
1480        	10          	0.02388     	8.271e-05   	0.000303    	0.0001031   
1485        	10          	0.01746     	1.679e-05   	0.0001538   	6.193e-05   
1490        	10          	0.01182     	5.35e-05    	0.0001601   	8.915e-05   
1495        	10          	0.009447    	0.0001174   	0.0003132   	0.0001346   
1500        	10          	0.01701     	8.238e-05   	0.0003158   	0.0001106   
1505        	10          	0.01821     	7.088e-05   	0.0001433   	5.06e-05    
1510        	10          	0.02036     	4.018e-05   	0.0002418   	4.255e-05   
1515        	10          	0.0166      	8.782e-05   	0.0001021   	0.0001285   
1520        	10          	0.02707     	8.749e-05   	0.0002289   	4.991e-05   
1525        	10          	0.01997     	5.504e-05   	0.0003033   	7.513e-05   
1530        	10          	0.02671     	8.502e-05   	0.0002975   	2.695e-05   
1535        	10          	0.03317     	0.0001167   	0.0001464   	3.584e-05   
1540        	10          	0.02456     	0.0001883   	0.0001054   	2.518e-05   
1545        	10          	0.02438     	0.0001524   	0.0003379   	0.0001404   
1550        	10          	0.01874     	0.0001405   	0.0004421   	9.57e-05    
1555        	10          	0.02647     	8.965e-05   	0.0002102   	7.506e-05   
1560        	10          	0.01884     	0.0001585   	0.0003404   	5.877e-05   
1565        	10          	0.0304      	6.086e-05   	0.0002116   	0.0001194   
1570        	10          	0.01363     	6.812e-05   	8.713e-05   	5.325e-05   
1575        	10          	0.01944     	0.0001621   	6.613e-05   	5.293e-05   
1580        	10          	0.01777     	9.958e-05   	5.939e-05   	0.0001066   
1585        	10          	0.01757     	8.738e-05   	0.0002601   	9.351e-05   
1590        	10          	0.01567     	0.000201    	8.113e-05   	5.864e-05   
1595        	10          	0.0281      	7.258e-05   	0.0002242   	5.066e-05   
1600        	10          	0.02099     	3.189e-05   	6.777e-05   	2.525e-05   
1605        	10          	0.04511     	6.603e-05   	0.0002528   	0.0001427   
1610        	10          	0.0381      	9.664e-05   	0.0001206   	8.858e-05   
1615        	10          	0.03656     	0.0001455   	0.0001716   	0.0001643   
1620        	10          	0.02619     	0.0001003   	7.324e-05   	0.0002249   
1625        	10          	0.01778     	1.94e-05    	0.000196    	0.0001383   
1630        	10          	0.02222     	5.791e-05   	0.0002343   	0.0001743   
1635        	10          	0.02462     	5.683e-05   	0.0002913   	0.0001454   
1640        	10          	0.03091     	0.0001194   	0.0001931   	7.369e-05   
1645        	10          	0.01629     	9.343e-05   	0.0001025   	9.923e-05   
1650        	10          	0.01666     	0.0001104   	0.0002155   	0.000133    
1655        	10          	0.01917     	0.0001687   	0.0003637   	6.446e-05   
1660        	10          	0.01446     	0.0001454   	0.0005385   	0.0001523   
1665        	10          	0.03212     	8.647e-05   	0.0001171   	7.763e-05   
1670        	10          	0.0201      	0.0001863   	0.0004911   	9.633e-05   
1675        	10          	0.01723     	4.583e-05   	0.0002449   	0.0002063   
1680        	10          	0.01879     	7.376e-05   	0.00016     	0.0001393   
1685        	10          	0.03117     	0.0001038   	0.0002651   	2.768e-05   
1690        	10          	0.02004     	0.0002542   	0.0002904   	5.571e-05   
1695        	10          	0.02138     	6.74e-05    	0.0001604   	0.0001239   
1700        	10          	0.01561     	0.0001154   	0.0002679   	2.969e-05   
1705        	10          	0.028       	0.0001863   	0.0001922   	0.0001521   
1710        	10          	0.01658     	8.471e-05   	0.0003138   	5.014e-05   
1715        	10          	0.02368     	0.0001237   	0.0002037   	0.0001426   
1720        	10          	0.01588     	8.089e-05   	0.0002661   	0.0001016   
1725        	10          	0.0143      	2.221e-05   	0.0001298   	0.0001198   
1730        	10          	0.01882     	4.185e-05   	0.0002597   	3.426e-05   
1735        	10          	0.02253     	5.763e-05   	0.0002755   	7.346e-05   
1740        	10          	0.02294     	6.296e-05   	0.0001686   	0.0001346   
1745        	10          	0.01941     	5.992e-05   	5.479e-05   	2.472e-05   
1750        	10          	0.01635     	9.369e-05   	0.000126    	0.0001077   
1755        	10          	0.01899     	7.947e-05   	0.0001997   	4.676e-05   
1760        	10          	0.03299     	0.0002669   	0.0006444   	5.015e-05   
1765        	10          	0.02945     	0.0002129   	0.0002811   	7.114e-05   
1770        	10          	0.03068     	0.0001198   	0.0003363   	6.722e-05   
1775        	10          	0.02983     	8.201e-05   	0.0001842   	0.000106    
1780        	10          	0.03516     	0.0001706   	0.0003697   	3.415e-05   
1785        	10          	0.0275      	0.0002622   	0.0002887   	0.0001466   
1790        	10          	0.0175      	9.257e-05   	0.0002632   	3.066e-05   
1795        	10          	0.02417     	0.0001056   	0.0001669   	4.6e-05     
1800        	10          	0.02233     	0.0001359   	0.0002611   	0.0001273   
1805        	10          	0.022       	5.785e-05   	0.0001837   	6.453e-05   
1810        	10          	0.01908     	7.65e-05    	0.0001196   	8.519e-05   
1815        	10          	0.02034     	9.135e-05   	5.674e-05   	0.0001352   
1820        	10          	0.02083     	0.0001652   	0.000195    	0.0001126   
1825        	10          	0.02196     	0.0002004   	0.000212    	8.364e-05   
1830        	10          	0.02821     	0.0001561   	0.0001619   	8.954e-05   
1835        	10          	0.02306     	0.0001655   	0.0002191   	5.274e-05   
1840        	10          	0.03464     	7.969e-05   	0.0001401   	3.888e-05   
1845        	10          	0.01978     	9.317e-05   	0.0002488   	8.211e-05   
1850        	10          	0.02028     	0.0001272   	0.000238    	0.0001823   
1855        	10          	0.02644     	0.0001048   	0.0003118   	0.0001163   
1860        	10          	0.01375     	0.0002061   	0.000534    	9.328e-05   
1865        	10          	0.02004     	6.699e-05   	0.0001997   	0.0001874   
1870        	10          	0.02529     	5.644e-05   	0.0001209   	8.048e-05   
1875        	10          	0.0129      	0.0001066   	0.0005602   	0.0002301   
1880        	10          	0.01675     	7.475e-05   	0.0003738   	0.0001287   
1885        	10          	0.01677     	8.197e-05   	0.000315    	0.0001719   
1890        	10          	0.01323     	0.0001765   	0.0003348   	0.0001567   
1895        	10          	0.0184      	0.0001446   	0.0001871   	3.597e-05   
1900        	10          	0.01647     	9.173e-05   	0.000333    	7.871e-05   
1905        	10          	0.04379     	0.0001858   	0.0001586   	2.276e-05   
1910        	10          	0.03106     	8.665e-05   	0.0001354   	5.787e-05   
1915        	10          	0.04874     	0.0001731   	9.773e-05   	6.493e-05   
1920        	10          	0.03819     	0.0001036   	0.0002802   	0.0001341   
1925        	10          	0.02083     	9.761e-05   	0.0001891   	5.844e-05   
1930        	10          	0.0375      	3.789e-05   	0.0001199   	5.382e-05   
1935        	10          	0.03118     	0.0003213   	0.0004228   	5.475e-05   
1940        	10          	0.05246     	0.0002242   	0.0002294   	0.000119    
1945        	10          	0.029       	0.0004083   	0.0003366   	0.0001463   
1950        	10          	0.03027     	6.679e-05   	6.188e-05   	0.0001263   
1955        	10          	0.04306     	8.986e-05   	9.746e-05   	0.000127    
1960        	10          	0.04434     	0.0002215   	0.0003474   	0.0001077   
1965        	10          	0.03373     	0.0001143   	0.0002376   	0.0001915   
1970        	10          	0.05325     	0.0002254   	0.0002186   	7.668e-05   
1975        	10          	0.04471     	0.0001447   	0.0003972   	0.000215    
1980        	10          	0.04018     	0.0001564   	0.00023     	0.0001861   
1985        	10          	0.06211     	0.0001428   	0.0002207   	9.415e-05   
1990        	10          	0.0406      	6.867e-05   	0.0001763   	8.28e-05    
1995        	10          	0.03454     	9.437e-05   	0.0003466   	8.108e-05   
2000        	10          	0.03895     	7.643e-05   	0.0003728   	4.107e-05   
2005        	10          	0.0564      	2.377e-05   	0.0001245   	5.775e-05   
2010        	10          	0.05852     	9.973e-05   	0.0001709   	3.139e-05   
2015        	10          	0.04175     	0.0001424   	0.000169    	1.241e-05   
2020        	10          	0.04269     	4.908e-05   	0.0003839   	0.0001293   
2025        	10          	0.05975     	7.837e-05   	0.0003104   	7.973e-05   
2030        	10          	0.05427     	7.254e-05   	0.0001761   	8.266e-05   
2035        	10          	0.04903     	0.0002231   	0.0003402   	7.877e-05   
2040        	10          	0.05454     	0.0001124   	0.0002214   	0.0001056   
2045        	10          	0.03339     	8.926e-05   	0.0002856   	0.000124    
2050        	10          	0.03372     	0.0002334   	0.0003242   	6.24e-05    
2055        	10          	0.03418     	8.359e-05   	0.0003393   	2.998e-05   
2060        	10          	0.04768     	0.0001532   	0.0003033   	0.0001289   
2065        	10          	0.03919     	5.458e-05   	0.0001701   	0.0001028   
2070        	10          	0.02962     	0.0001692   	0.0001736   	0.0001281   
2075        	10          	0.04911     	4.102e-05   	0.0001695   	9.004e-05   
2080        	10          	0.04002     	8.312e-05   	0.0006189   	0.0001767   
2085        	10          	0.04979     	6.355e-05   	0.0004841   	3.075e-05   
2090        	10          	0.05793     	0.0001191   	0.000215    	0.0001546   
2095        	10          	0.06302     	8.511e-05   	0.0004199   	0.0002083   
2100        	10          	0.06764     	7.993e-05   	0.0002395   	7.323e-05   
2105        	10          	0.06228     	0.0001531   	0.0002739   	0.0001307   
2110        	10          	0.04541     	9.535e-05   	0.0001651   	8.123e-05   
2115        	10          	0.06746     	7.543e-05   	0.0001762   	6.326e-05   
2120        	10          	0.05768     	0.0001255   	0.0001178   	7.526e-05   
2125        	10          	0.06422     	8.543e-05   	0.0002497   	5.137e-05   
2130        	10          	0.0646      	8.639e-05   	0.0002434   	9.741e-05   
2135        	10          	0.07384     	0.0002286   	0.0002404   	8.25e-05    
2140        	10          	0.06982     	0.0002374   	0.0005418   	0.0002281   
2145        	10          	0.06584     	6.102e-05   	0.0002312   	0.0002218   
2150        	10          	0.05454     	0.0002103   	0.0002139   	9.648e-05   
2155        	10          	0.06054     	0.0001798   	0.0004469   	8.121e-05   
2160        	10          	0.05689     	0.0001913   	0.0004684   	0.0001528   
2165        	10          	0.07574     	0.0001015   	0.0003572   	0.000202    
2170        	10          	0.04662     	7.097e-05   	0.000306    	0.0001412   
2175        	10          	0.05949     	6.852e-05   	0.0004752   	0.0002138   
2180        	10          	0.07496     	0.0001723   	0.0003236   	7.066e-05   
2185        	10          	0.06738     	9.288e-05   	0.0002954   	7.547e-05   
2190        	10          	0.05782     	0.0001802   	0.0003419   	0.0001251   
2195        	10          	0.06461     	8.136e-05   	0.0001802   	0.0001457   
2200        	10          	0.05888     	5.985e-05   	0.0001382   	0.0001312   
2205        	10          	0.05304     	0.0002131   	0.0002801   	0.0002155   
2210        	10          	0.04473     	0.0001056   	8.723e-05   	9.914e-05   
2215        	10          	0.05861     	9.95e-05    	0.0002313   	2.035e-05   
2220        	10          	0.05653     	6.798e-05   	0.0002743   	0.0001955   
2225        	10          	0.03924     	5.367e-05   	0.0001312   	6.974e-05   
2230        	10          	0.06019     	9.292e-05   	0.0002788   	8.731e-05   
2235        	10          	0.03389     	0.0002228   	0.0002243   	9.893e-05   
2240        	10          	0.04343     	0.0001083   	0.000124    	8.427e-05   
2245        	10          	0.02768     	0.0002441   	5.619e-05   	9.638e-05   
2250        	10          	0.02968     	4.673e-05   	0.0001622   	3.904e-05   
2255        	10          	0.03482     	5.811e-05   	0.0002078   	7.341e-05   
2260        	10          	0.05549     	0.0001406   	0.0004304   	0.000251    
2265        	10          	0.02325     	9.973e-05   	0.0002369   	7.468e-05   
2270        	10          	0.02734     	7.122e-05   	0.0002168   	7.607e-05   
2275        	10          	0.03047     	0.0001371   	0.0005157   	0.0001997   
2280        	10          	0.03117     	4.878e-05   	0.0001385   	0.0001491   
2285        	10          	0.0311      	2.416e-05   	0.0002923   	0.0001062   
2290        	10          	0.02847     	0.0001218   	0.0002733   	0.0001249   
2295        	10          	0.05186     	9.946e-05   	0.0001214   	0.0001068   
2300        	10          	0.03699     	0.0001305   	0.0002401   	0.000115    
2305        	10          	0.04522     	7.252e-05   	0.0004794   	8.685e-05   
2310        	10          	0.0413      	5.289e-05   	0.000211    	5.689e-05   
2315        	10          	0.03446     	7.604e-05   	0.0002494   	0.0001066   
2320        	10          	0.04095     	0.0001106   	0.0002478   	0.0001679   
2325        	10          	0.05566     	0.0001255   	0.000328    	0.0001157   
2330        	10          	0.04401     	0.0001577   	0.0002059   	8.46e-05    
2335        	10          	0.05368     	0.000226    	0.0001628   	0.0001003   
2340        	10          	0.03496     	0.0001227   	0.0002632   	0.0001006   
2345        	10          	0.05025     	0.0001105   	0.0002744   	0.0002384   
2350        	10          	0.07482     	7.455e-05   	0.0002336   	0.0002396   
2355        	10          	0.04241     	0.0002079   	0.0004344   	0.0001112   
2360        	10          	0.06001     	0.0001218   	0.0002687   	0.0001531   
2365        	10          	0.03996     	8.86e-05    	0.000371    	0.0001612   
2370        	10          	0.04025     	0.0001302   	0.0001547   	0.000258    
2375        	10          	0.03228     	0.0001625   	0.0001667   	9.705e-05   
2380        	10          	0.03938     	0.0001107   	0.0002685   	0.0001501   
2385        	10          	0.03338     	0.0001821   	0.0003117   	0.0001481   
2390        	10          	0.031       	6.772e-05   	0.0002422   	3.571e-05   
2395        	10          	0.03834     	0.0002188   	0.0004382   	0.0001955   
2400        	10          	0.04014     	9.645e-05   	0.0001384   	8.73e-05    
2405        	10          	0.04584     	0.0001221   	0.0002763   	0.0001197   
2410        	10          	0.04422     	0.0001575   	0.0003994   	0.0001681   
2415        	10          	0.04414     	8.977e-05   	0.0002922   	0.0001119   
2420        	10          	0.03272     	0.000137    	0.0004952   	0.0001257   
2425        	10          	0.03767     	0.0001011   	0.0003309   	0.000218    
2430        	10          	0.03097     	0.000122    	0.0001316   	0.0001052   
2435        	10          	0.03458     	0.0001705   	0.0003001   	0.0001258   
2440        	10          	0.01902     	0.0002044   	0.0002137   	8.449e-05   
2445        	10          	0.01447     	8.62e-05    	0.0004155   	0.0001881   
2450        	10          	0.01957     	0.0001226   	0.000418    	0.0001559   
2455        	10          	0.01778     	0.000174    	7.424e-05   	0.0001009   
2460        	10          	0.02284     	0.0001506   	0.0008973   	8.095e-05   
2465        	10          	0.02622     	9.838e-05   	0.0002471   	0.0001832   
2470        	10          	0.01873     	9.237e-05   	7.677e-05   	0.0001101   
2475        	10          	0.02617     	0.0002478   	0.0002867   	0.000157    
2480        	10          	0.01796     	0.0001519   	0.0003302   	0.0001153   
2485        	10          	0.01893     	0.0001831   	0.0003128   	0.0001902   
2490        	10          	0.03228     	0.0001503   	0.0003375   	4.838e-05   
2495        	10          	0.02829     	6.15e-05    	0.0004539   	6.219e-05   
2500        	10          	0.016       	5.964e-05   	0.000371    	4.851e-05   
2505        	10          	0.03396     	5.851e-05   	0.0007443   	0.0001257   
2510        	10          	0.03417     	0.0001143   	0.0004432   	0.0001982   
2515        	10          	0.02373     	0.0001062   	0.0004704   	8.748e-05   
2520        	10          	0.03988     	0.0001351   	0.0002735   	9.319e-05   
2525        	10          	0.01956     	0.0001755   	0.0002577   	0.0001651   
2530        	10          	0.03138     	0.0001168   	0.0002527   	0.0001327   
2535        	10          	0.0225      	0.0002593   	0.0002748   	0.000151    
2540        	10          	0.03524     	0.0001177   	0.0001815   	0.0001324   
2545        	10          	0.03384     	0.0001154   	7.384e-05   	7.946e-05   
2550        	10          	0.02468     	7.527e-05   	0.0002047   	9.434e-05   
2555        	10          	0.03275     	8.202e-05   	0.0001732   	5.86e-05    
2560        	10          	0.04504     	0.0001752   	0.0002229   	8.028e-05   
2565        	10          	0.03406     	0.0001101   	0.0002064   	4.038e-05   
2570        	10          	0.04072     	0.0001077   	0.000235    	0.0001108   
2575        	10          	0.03428     	5.195e-05   	0.0002449   	7.684e-05   
2580        	10          	0.03732     	0.0001434   	0.0003264   	0.0003933   
2585        	10          	0.03452     	0.0001218   	0.0003134   	9.288e-05   
2590        	10          	0.03682     	6.703e-05   	0.0003768   	0.0002403   
2595        	10          	0.0479      	0.0001128   	0.0002174   	0.0001484   
2600        	10          	0.05774     	0.0001458   	0.0003279   	0.0001651   
2605        	10          	0.05984     	0.0001641   	0.0004693   	0.0001716   
2610        	10          	0.03934     	0.0001298   	0.0005567   	1.884e-05   
2615        	10          	0.06194     	0.0003829   	0.001278    	0.0001456   
2620        	10          	0.04684     	0.0002122   	0.0005802   	0.000157    
2625        	10          	0.05156     	9.548e-05   	0.0001033   	8.161e-05   
2630        	10          	0.03746     	0.0001169   	0.000399    	0.0001467   
2635        	10          	0.0364      	0.000191    	0.0002929   	0.0002019   
2640        	10          	0.05797     	0.0001043   	0.0002705   	9.128e-05   
2645        	10          	0.03674     	7.933e-05   	0.0004155   	3.911e-05   
2650        	10          	0.05793     	4.702e-05   	9.828e-05   	0.0001179   
2655        	10          	0.04467     	8.125e-05   	8.205e-05   	0.0001184   
2660        	10          	0.04668     	5.018e-05   	0.0003333   	0.0001488   
2665        	10          	0.04347     	0.0001452   	0.0003854   	3.984e-05   
2670        	10          	0.0509      	0.0002204   	0.0002043   	7.88e-05    
2675        	10          	0.03477     	0.0001076   	0.0002359   	7.14e-05    
2680        	10          	0.05723     	9.425e-05   	0.0001964   	0.0001299   
2685        	10          	0.04422     	0.0002812   	0.0003663   	8.274e-05   
2690        	10          	0.05814     	0.0001448   	0.0003302   	0.0001715   
2695        	10          	0.03617     	0.0001698   	0.0001264   	0.0001895   
2700        	10          	0.04163     	0.0001643   	9.911e-05   	5.472e-05   
2705        	10          	0.04171     	4.368e-05   	0.0002575   	0.0002352   
2710        	10          	0.06695     	8.498e-05   	0.0002003   	6.33e-05    
2715        	10          	0.03928     	8.585e-05   	5.641e-05   	0.0001887   
2720        	10          	0.04466     	0.0001589   	0.0001343   	0.0001192   
2725        	10          	0.0286      	0.0001874   	0.0001649   	0.0001084   
2730        	10          	0.03346     	8.269e-05   	0.000232    	0.0001236   
2735        	10          	0.03064     	0.0001265   	0.000342    	0.0001271   
2740        	10          	0.03623     	0.0001907   	0.0002331   	0.0001875   
2745        	10          	0.02862     	8.567e-05   	0.0002206   	6.984e-05   
2750        	10          	0.02416     	0.0002312   	0.0004269   	0.0001539   
2755        	10          	0.02758     	0.0002334   	0.0003298   	0.0001016   
2760        	10          	0.04117     	0.0001932   	0.0004159   	0.0001032   
2765        	10          	0.01989     	0.0001619   	0.0006275   	0.0001279   
2770        	10          	0.03829     	0.0001879   	0.0006346   	0.0002466   
2775        	10          	0.02645     	0.0002234   	0.0004019   	0.000568    
2780        	10          	0.02797     	0.0001325   	0.0003906   	9.947e-05   
2785        	10          	0.04612     	0.0001974   	0.0001464   	0.0001944   
2790        	10          	0.03634     	0.0001922   	0.0001807   	6.277e-05   
2795        	10          	0.05062     	8.605e-05   	0.0001183   	0.0002039   
2800        	10          	0.05634     	7.699e-05   	0.0001978   	0.0003477   
2805        	10          	0.03661     	9.927e-05   	0.0001408   	0.0002367   
2810        	10          	0.03588     	0.0001637   	0.0005028   	0.0003408   
2815        	10          	0.04791     	4.032e-05   	0.0002909   	0.0001685   
2820        	10          	0.06256     	8.689e-05   	0.0001272   	6.203e-05   
2825        	10          	0.05657     	0.0001105   	0.000175    	0.0001067   
2830        	10          	0.051       	0.0001021   	0.0004049   	0.0003034   
2835        	10          	0.06057     	0.0003018   	0.0003445   	0.000148    
2840        	10          	0.0375      	7.001e-05   	0.0001633   	8.587e-05   
2845        	10          	0.05897     	8.585e-05   	0.0002784   	5.356e-05   
2850        	10          	0.03712     	7.271e-05   	0.0003513   	4.492e-05   
2855        	10          	0.02996     	6.409e-05   	0.0002683   	7.473e-05   
2860        	10          	0.02314     	0.0002424   	0.0005008   	7.533e-05   
2865        	10          	0.02921     	0.0001063   	0.0002343   	0.0001416   
2870        	10          	0.03495     	5.604e-05   	0.0002543   	6.009e-05   
2875        	10          	0.02846     	9.707e-05   	0.0001559   	0.0001015   
2880        	10          	0.04134     	0.0001827   	0.0001205   	0.0001656   
2885        	10          	0.03906     	0.0001251   	0.0002049   	3.469e-05   
2890        	10          	0.05085     	0.0001223   	0.000298    	7.572e-05   
2895        	10          	0.02466     	8.465e-05   	0.000609    	0.0002556   
2900        	10          	0.03914     	9.156e-05   	0.0003067   	0.0001343   
2905        	10          	0.03125     	0.0001275   	0.0001898   	8.176e-05   
2910        	10          	0.03691     	0.0001599   	0.0001244   	6.039e-05   
2915        	10          	0.02984     	0.0002381   	0.000139    	7.401e-05   
2920        	10          	0.05794     	0.0001764   	0.0002395   	0.0001146   
2925        	10          	0.02725     	0.0001295   	8.373e-05   	0.0001378   
2930        	10          	0.03612     	0.0001236   	0.0002943   	0.0001643   
2935        	10          	0.0294      	8.263e-05   	0.0002066   	0.0001437   
2940        	10          	0.02368     	7.632e-05   	0.0002729   	0.0001505   
2945        	10          	0.02784     	0.0002074   	0.0001562   	0.000123    
2950        	10          	0.03495     	0.0002811   	0.0004072   	0.0001552   
2955        	10          	0.02594     	0.0002425   	0.0002081   	7.301e-05   
2960        	10          	0.02764     	8.311e-05   	0.0001842   	0.0001226   
2965        	10          	0.02236     	9.104e-05   	0.0002655   	0.0001197   
2970        	10          	0.02469     	0.0001007   	0.0001291   	6.604e-05   
2975        	10          	0.02296     	0.0002136   	0.0001854   	8.028e-05   
2980        	10          	0.02263     	0.0002168   	0.0001775   	0.0002747   
2985        	10          	0.02347     	9.471e-05   	0.0003408   	0.0001095   
2990        	10          	0.02725     	0.0001015   	0.0002623   	0.0001655   
2995        	10          	0.02743     	0.0001938   	0.0004913   	0.0002956   
3000        	10          	0.0289      	8.895e-05   	0.0004152   	0.0001629   
3005        	10          	0.03541     	0.0001719   	0.0004258   	0.0001315   
3010        	10          	0.02346     	8.412e-05   	0.0002677   	8.388e-05   
3015        	10          	0.03278     	0.0001864   	0.00052     	0.0001197   
3020        	10          	0.0271      	0.0001576   	0.0004237   	5.337e-05   
3025        	10          	0.01323     	0.0001772   	0.000251    	5.402e-05   
3030        	10          	0.02858     	0.0003689   	0.0005389   	6.669e-05   
3035        	10          	0.03634     	6.221e-05   	0.000253    	9.816e-05   
3040        	10          	0.03725     	0.0001538   	0.0002991   	0.0003503   
3045        	10          	0.03264     	0.0001156   	0.0003464   	0.0001935   
3050        	10          	0.02752     	0.0001176   	0.0003019   	0.0002089   
3055        	10          	0.0229      	0.0002403   	0.000424    	9.795e-05   
3060        	10          	0.02685     	7.968e-05   	0.0001634   	0.0001667   
3065        	10          	0.02271     	0.0001872   	0.0002153   	3.235e-05   
3070        	10          	0.02732     	0.0001343   	0.0003706   	7.367e-05   
3075        	10          	0.03446     	5.86e-05    	0.0002265   	8.069e-05   
3080        	10          	0.01578     	0.0001397   	0.0002171   	7.731e-05   
3085        	10          	0.01653     	7.397e-05   	0.0001326   	7.918e-05   
3090        	10          	0.0275      	0.0001563   	0.0001342   	0.0001117   
3095        	10          	0.01989     	0.000122    	8.03e-05    	0.0001523   
3100        	10          	0.01664     	0.0001123   	0.0001987   	0.0001267   
3105        	10          	0.01625     	0.0001428   	0.0002935   	7.251e-05   
3110        	10          	0.02132     	0.0001116   	0.0003111   	0.0001134   
3115        	10          	0.01901     	0.000164    	0.000159    	0.0001311   
3120        	10          	0.02734     	0.0003355   	7.04e-05    	9.612e-05   
3125        	10          	0.03063     	6.938e-05   	9.674e-05   	7.411e-05   
3130        	10          	0.02489     	0.0002102   	0.0003929   	0.0001375   
3135        	10          	0.01884     	0.0001507   	0.0003017   	0.0001542   
3140        	10          	0.03761     	0.0002413   	0.0005164   	0.0001726   
3145        	10          	0.02862     	3.917e-05   	0.0004204   	0.0001532   
3150        	10          	0.025       	4.576e-05   	0.0006929   	0.0001794   
3155        	10          	0.02758     	0.000147    	0.0004543   	0.0001493   
3160        	10          	0.02747     	0.0001221   	0.0005992   	9.255e-05   
3165        	10          	0.02243     	0.0001359   	0.0005183   	0.0001178   
3170        	10          	0.0231      	0.0002126   	0.0003633   	8.659e-05   
3175        	10          	0.02125     	0.0002666   	0.0002661   	0.0001168   
3180        	10          	0.02221     	8.164e-05   	0.0002265   	0.0001694   
3185        	10          	0.0244      	0.0002759   	0.0002132   	9.799e-05   
3190        	10          	0.03007     	0.0001055   	0.0002207   	8.988e-05   
3195        	10          	0.03206     	0.0001665   	0.0003526   	2.28e-05    
3200        	10          	0.02334     	0.0001697   	0.0003144   	9.981e-05   
3205        	10          	0.032       	0.0001343   	0.0003345   	0.0002508   
3210        	10          	0.03438     	7.567e-05   	0.0002432   	0.0001106   
3215        	10          	0.04129     	4.007e-05   	0.0001419   	6.612e-05   
3220        	10          	0.03774     	7.59e-05    	0.0001478   	0.0001842   
3225        	10          	0.0266      	0.0001334   	0.0002917   	8.82e-05    
3230        	10          	0.03418     	0.0001292   	0.0001948   	5.313e-05   
3235        	10          	0.03447     	0.0002258   	0.0002727   	0.0001503   
3240        	10          	0.03857     	0.0001138   	0.0002292   	8.789e-05   
3245        	10          	0.03546     	6.73e-05    	0.0004367   	0.0001472   
3250        	10          	0.02789     	6.905e-05   	0.0003862   	0.0001129   
3255        	10          	0.02622     	0.0001894   	0.0003175   	7.591e-05   
3260        	10          	0.02404     	0.000201    	0.0001386   	9.047e-05   
3265        	10          	0.01901     	0.0001101   	0.0002607   	0.0001043   
3270        	10          	0.02346     	0.0002025   	0.000163    	4.817e-05   
3275        	10          	0.01773     	0.0003567   	0.0003148   	0.0001891   
3280        	10          	0.0409      	0.0001193   	0.0002423   	6.688e-05   
3285        	10          	0.03868     	7.825e-05   	0.0001863   	5.24e-05    
3290        	10          	0.02708     	0.0001663   	0.0002223   	8.038e-05   
3295        	10          	0.03151     	9.493e-05   	0.000172    	0.0001455   
3300        	10          	0.02573     	0.000119    	0.0002396   	0.0001069   
3305        	10          	0.02241     	0.0001622   	0.0001992   	5.524e-05   
3310        	10          	0.01717     	2.544e-05   	0.0001751   	0.0001337   
3315        	10          	0.02427     	0.0001543   	0.0002622   	7.931e-05   
3320        	10          	0.0231      	0.0002123   	0.0002741   	6.248e-05   
3325        	10          	0.02384     	5.447e-05   	0.0001985   	0.0001576   
3330        	10          	0.01839     	0.0001483   	0.0001794   	0.0001209   
3335        	10          	0.02417     	5.849e-05   	0.0002921   	0.0001588   
3340        	10          	0.03275     	0.0001998   	0.0003734   	0.0001139   
3345        	10          	0.03438     	0.0001121   	0.0002628   	0.0002269   
3350        	10          	0.03317     	4.317e-05   	0.0001173   	0.0001093   
3355        	10          	0.03077     	8.504e-05   	0.0002994   	0.0001357   
3360        	10          	0.03762     	4.293e-05   	0.0001691   	0.0001264   
3365        	10          	0.03856     	0.0001541   	0.001049    	0.0003785   
3370        	10          	0.05843     	0.0001107   	0.0006463   	8.209e-05   
3375        	10          	0.04712     	8.181e-05   	0.0003317   	0.0002936   
3380        	10          	0.0484      	0.0001227   	0.0005268   	0.0001247   
3385        	10          	0.03862     	0.0001249   	0.001031    	0.0003742   
3390        	10          	0.03314     	4.432e-05   	0.0009109   	0.0002311   
3395        	10          	0.0389      	0.0001095   	0.0004998   	9.724e-05   
3400        	10          	0.03802     	5.838e-05   	0.0004311   	0.0001297   
3405        	10          	0.04536     	0.000196    	0.0008051   	6.033e-05   
3410        	10          	0.05264     	6.981e-05   	0.0001708   	0.0001061   
3415        	10          	0.04775     	0.0001605   	0.0007585   	7.801e-05   
3420        	10          	0.0419      	0.0001643   	0.0006253   	8.141e-05   
3425        	10          	0.05779     	0.0002776   	0.0004177   	0.0002228   
3430        	10          	0.05819     	0.0001958   	0.0003258   	7.095e-05   
3435        	10          	0.05834     	0.0001266   	0.0002108   	7.771e-05   
3440        	10          	0.04458     	0.0001201   	0.0004158   	0.0002057   
3445        	10          	0.0509      	0.0001744   	0.0003522   	2.185e-05   
3450        	10          	0.04839     	0.0001964   	0.0002501   	0.0001666   
3455        	10          	0.04654     	3.869e-05   	0.0003242   	8.982e-05   
3460        	10          	0.0364      	6.047e-05   	0.000273    	7.369e-05   
3465        	10          	0.04499     	0.00011     	0.0002197   	0.0001073   
3470        	10          	0.04616     	0.0001851   	0.0003917   	4.53e-05    
3475        	10          	0.04829     	0.0001658   	0.0005789   	0.0001189   
3480        	10          	0.06169     	3.238e-05   	0.0001814   	7.434e-05   
3485        	10          	0.0525      	0.0002247   	0.0001257   	0.0001423   
3490        	10          	0.05399     	8.51e-05    	0.0002355   	0.0002063   
3495        	10          	0.037       	0.0001667   	0.0001324   	0.0001383   
3500        	10          	0.04538     	0.000283    	0.0006192   	0.0002341   
3505        	10          	0.02784     	3.445e-05   	0.0002215   	0.0001416   
3510        	10          	0.03888     	1.44e-05    	0.0001373   	0.0001278   
3515        	10          	0.0288      	0.0001711   	0.0003929   	9.773e-05   
3520        	10          	0.03645     	3.618e-05   	0.0001727   	0.0001932   
3525        	10          	0.02378     	0.0001568   	0.0002305   	0.0001081   
3530        	10          	0.01947     	8.222e-05   	0.0001498   	0.000112    
3535        	10          	0.05191     	0.0001041   	0.000383    	4.645e-05   
3540        	10          	0.02033     	9.501e-05   	5.861e-05   	6.016e-05   
3545        	10          	0.02295     	7.967e-05   	0.0001573   	5.676e-05   
3550        	10          	0.04188     	0.0001203   	0.0004161   	0.0001438   
3555        	10          	0.03117     	5.897e-05   	0.0002105   	0.0001193   
3560        	10          	0.0294      	0.000139    	0.0004113   	0.0001235   
3565        	10          	0.0465      	7.792e-05   	0.0002672   	0.0001464   
3570        	10          	0.03321     	0.0001559   	0.000207    	0.000145    
3575        	10          	0.04344     	9.278e-05   	0.0003329   	0.0001309   
3580        	10          	0.05249     	9.326e-05   	0.0001152   	6.549e-05   
3585        	10          	0.02978     	0.0001583   	0.0001995   	0.0001445   
3590        	10          	0.0329      	0.0001269   	0.0002392   	0.0001094   
3595        	10          	0.03        	0.0001002   	0.000426    	0.0001264   
3600        	10          	0.03118     	0.0001524   	0.000295    	0.000155    
3605        	10          	0.03671     	0.0003007   	0.0004463   	0.0001459   
3610        	10          	0.03289     	8.806e-05   	0.0002133   	0.000104    
3615        	10          	0.02845     	0.000133    	0.0002537   	0.0001952   
3620        	10          	0.03434     	0.0001112   	0.0005749   	0.0001029   
3625        	10          	0.01884     	9.985e-05   	0.0002997   	0.0002333   
3630        	10          	0.01557     	4.373e-05   	0.000161    	0.0001803   
3635        	10          	0.01678     	0.0001625   	0.0002186   	0.0001901   
3640        	10          	0.01508     	0.0001695   	0.0001828   	0.0001289   
3645        	10          	0.01454     	6.25e-05    	0.0002037   	0.0001007   
3650        	10          	0.0135      	0.0001079   	0.0001404   	3.943e-05   
3655        	10          	0.04389     	0.000152    	0.0001442   	8.45e-05    
3660        	10          	0.03067     	0.0002493   	0.0005947   	0.0002352   
3665        	10          	0.03564     	0.0001046   	0.0005196   	0.0001886   
3670        	10          	0.05602     	4.381e-05   	0.0003067   	0.0002488   
3675        	10          	0.04407     	6.137e-05   	0.0003039   	9.898e-05   
3680        	10          	0.02751     	0.0001496   	0.0002422   	0.000159    
3685        	10          	0.0408      	9.125e-05   	0.0002944   	9.679e-05   
3690        	10          	0.03575     	0.0001121   	0.000165    	7.725e-05   
3695        	10          	0.05822     	4.202e-05   	0.0002696   	0.0001222   
3700        	10          	0.03378     	5.74e-05    	0.0001658   	0.0001297   
3705        	10          	0.02456     	0.0001007   	0.0001972   	0.0001294   
3710        	10          	0.0369      	0.0001534   	0.0003593   	6.654e-05   
3715        	10          	0.03546     	0.0001151   	0.0003592   	0.000111    
3720        	10          	0.02657     	0.0001864   	0.0004492   	0.0003297   
3725        	10          	0.02721     	0.0001539   	0.0003277   	0.0001224   
3730        	10          	0.03151     	0.0001332   	0.0003595   	0.0001245   
3735        	10          	0.03284     	5.798e-05   	0.0003569   	3.772e-05   
3740        	10          	0.03223     	9.548e-06   	0.000166    	0.0001481   
3745        	10          	0.02901     	8.783e-05   	0.0002467   	8.85e-05    
3750        	10          	0.02367     	0.0001448   	0.000286    	7.597e-05   
3755        	10          	0.01385     	0.000122    	0.0003577   	8.474e-05   
3760        	10          	0.03757     	0.000116    	0.0004128   	0.0001664   
3765        	10          	0.02128     	4.197e-05   	0.0008041   	0.0001318   
3770        	10          	0.03318     	0.0001707   	0.0007285   	9.311e-05   
3775        	10          	0.02927     	0.0001344   	0.0005035   	0.0002083   
3780        	10          	0.01632     	0.0001224   	0.0002301   	6.696e-05   
3785        	10          	0.03388     	0.0001798   	0.0002684   	8.03e-05    
3790        	10          	0.02144     	0.0001068   	0.0004854   	0.0002477   
3795        	10          	0.02473     	0.0001429   	0.0003161   	0.0001456   
3800        	10          	0.01578     	8.178e-05   	0.0001822   	9.513e-05   
3805        	10          	0.0306      	0.0001063   	0.0004097   	0.000101    
3810        	10          	0.02446     	0.000113    	0.0001461   	8.494e-05   
3815        	10          	0.03095     	6.564e-05   	0.0004452   	5.505e-05   
3820        	10          	0.03123     	7.998e-05   	0.0002466   	7.2e-05     
3825        	10          	0.04211     	0.0001189   	7.533e-05   	0.0001464   
3830        	10          	0.03725     	0.0001101   	0.0001143   	0.0001432   
3835        	10          	0.02508     	0.0002067   	0.0004811   	9.651e-05   
3840        	10          	0.05318     	0.0001246   	0.0002767   	0.0001212   
3845        	10          	0.03304     	0.0001359   	0.0004333   	5.462e-05   
3850        	10          	0.0334      	0.0001077   	0.000157    	0.0002511   
3855        	10          	0.03535     	0.0002469   	0.0003496   	0.0001989   
3860        	10          	0.03177     	0.0001045   	0.0003461   	0.0001555   
3865        	10          	0.03929     	0.0001427   	0.0002112   	0.0001519   
3870        	10          	0.0289      	4.558e-05   	0.0002335   	6.746e-05   
3875        	10          	0.05816     	0.0001225   	0.000184    	0.0003194   
3880        	10          	0.02872     	5.283e-05   	0.000284    	7.743e-05   
3885        	10          	0.02057     	0.0001337   	0.0003688   	0.0003724   
3890        	10          	0.02917     	2.879e-05   	0.0004405   	0.0001478   
3895        	10          	0.01927     	7.613e-05   	0.0001844   	0.0001478   
3900        	10          	0.02778     	7.946e-05   	0.0002157   	5.587e-05   
3905        	10          	0.01439     	0.0001004   	0.0003179   	0.0001657   
3910        	10          	0.02714     	0.0001228   	0.000267    	5.854e-05   
3915        	10          	0.03221     	0.0001249   	0.000317    	7.025e-05   
3920        	10          	0.02557     	0.0001768   	0.0001738   	0.0001765   
3925        	10          	0.02799     	5.391e-05   	0.0003675   	0.0002689   
3930        	10          	0.0168      	4.674e-05   	0.0002316   	7.04e-05    
3935        	10          	0.01974     	0.0001864   	0.0004587   	0.0001679   
3940        	10          	0.02743     	4.543e-05   	0.0002568   	5.887e-05   
3945        	10          	0.03361     	0.0001638   	0.0002272   	0.0001469   
3950        	10          	0.03039     	3.774e-05   	0.0001169   	0.0001915   
3955        	10          	0.01478     	0.0001052   	0.0002155   	7.207e-05   
3960        	10          	0.02878     	5.953e-05   	0.0002541   	0.0002019   
3965        	10          	0.02349     	6.804e-05   	0.0001026   	6.258e-05   
3970        	10          	0.02803     	0.0001615   	0.0001996   	0.0002417   
3975        	10          	0.03968     	8.316e-05   	0.0003384   	0.0001575   
3980        	10          	0.03258     	7.658e-05   	0.0003538   	0.0001339   
3985        	10          	0.01088     	0.0001798   	0.0003985   	0.0002956   
3990        	10          	0.01454     	7.994e-05   	0.0003063   	5.38e-05    
3995        	10          	0.02518     	9.98e-05    	0.0004612   	0.0001683   
4000        	10          	0.02474     	7.837e-05   	0.0001926   	0.0001874   
4005        	10          	0.02039     	0.0002078   	0.0003177   	0.0001743   
4010        	10          	0.0143      	0.0003332   	0.0004149   	6.458e-05   
4015        	10          	0.01862     	0.0001994   	0.0004855   	0.0001127   
4020        	10          	0.0149      	0.000395    	0.0006585   	4.271e-05   
4025        	10          	0.02351     	0.0002175   	0.0004898   	2.032e-05   
4030        	10          	0.024       	0.000513    	0.001045    	8.797e-05   
4035        	10          	0.02441     	0.0006768   	0.0007169   	0.0001844   
4040        	10          	0.01282     	0.001675    	0.001422    	9.645e-05   
4045        	10          	0.02268     	0.001373    	0.001643    	0.0002603   
4050        	10          	0.01746     	0.001966    	0.002426    	0.0001558   
4055        	10          	0.02228     	0.001864    	0.002437    	0.0002405   
4060        	10          	0.01463     	0.00204     	0.002025    	0.0003279   
4065        	10          	0.01662     	0.001361    	0.001709    	0.0002947   
4070        	10          	0.0206      	0.001898    	0.002062    	0.001143    
4075        	10          	0.009225    	0.002098    	0.002051    	0.0005725   
4080        	10          	0.009178    	0.003698    	0.001977    	0.0006574   
4085        	10          	0.009736    	0.003157    	0.002482    	0.0006904   
4090        	10          	0.01711     	0.002987    	0.002418    	0.001052    
4095        	10          	0.008722    	0.002524    	0.002435    	0.0004123   
4100        	10          	0.0109      	0.005147    	0.003994    	0.0005931   
4105        	10          	0.01078     	0.002591    	0.002942    	0.0009017   
4110        	10          	0.01068     	0.002726    	0.002508    	0.0009413   
4115        	10          	0.02228     	0.002982    	0.001779    	0.001862    
4120        	10          	0.01578     	0.002107    	0.00308     	0.001975    
4125        	10          	0.01925     	0.002423    	0.002224    	0.001577    
4130        	10          	0.01639     	0.004192    	0.003583    	0.002112    
4135        	10          	0.02593     	0.004399    	0.002659    	0.001464    
4140        	10          	0.02891     	0.003862    	0.002951    	0.001482    
4145        	10          	0.0305      	0.003638    	0.003602    	0.00186     
4150        	10          	0.0229      	0.00466     	0.004301    	0.001768    
4155        	10          	0.03588     	0.003713    	0.004671    	0.003063    
4160        	10          	0.02257     	0.002809    	0.002769    	0.003874    
4165        	10          	0.01545     	0.003993    	0.00328     	0.002859    
4170        	10          	0.01335     	0.005257    	0.003753    	0.002519    
4175        	10          	0.01904     	0.004407    	0.00409     	0.003297    
4180        	10          	0.01562     	0.004603    	0.003614    	0.004089    
4185        	10          	0.01521     	0.005328    	0.004715    	0.00249     
4190        	10          	0.01646     	0.006497    	0.005371    	0.002224    
4195        	10          	0.01714     	0.005255    	0.005318    	0.002408    
4200        	10          	0.01503     	0.005953    	0.006395    	0.002068    
4205        	10          	0.01961     	0.007433    	0.005238    	0.002147    
4210        	10          	0.01886     	0.00449     	0.003048    	0.002657    
4215        	10          	0.02162     	0.004697    	0.003871    	0.004183    
4220        	10          	0.01956     	0.004388    	0.00462     	0.005208    
4225        	10          	0.01807     	0.004428    	0.003039    	0.005381    
4230        	10          	0.01751     	0.005042    	0.002548    	0.004036    
4235        	10          	0.01436     	0.004311    	0.003585    	0.002025    
4240        	10          	0.009125    	0.003397    	0.003714    	0.003056    
4245        	10          	0.008822    	0.003015    	0.003283    	0.001903    
4250        	10          	0.01122     	0.003666    	0.003473    	0.002858    
4255        	10          	0.01106     	0.003059    	0.003377    	0.002229    
4260        	10          	0.0159      	0.001837    	0.002989    	0.001473    
4265        	10          	0.01634     	0.002139    	0.002127    	0.002077    
4270        	10          	0.02384     	0.002193    	0.002248    	0.002397    
4275        	10          	0.01151     	0.002417    	0.00259     	0.003172    
4280        	10          	0.01245     	0.002543    	0.001672    	0.00348     
4285        	10          	0.02321     	0.002881    	0.001845    	0.004241    
4290        	10          	0.01847     	0.002768    	0.001879    	0.003201    
4295        	10          	0.0156      	0.00376     	0.001744    	0.003133    
4300        	10          	0.02262     	0.003277    	0.002357    	0.002789    
4305        	10          	0.01351     	0.001641    	0.002354    	0.00244     
4310        	10          	0.01447     	0.001967    	0.002821    	0.002522    
4315        	10          	0.0221      	0.00231     	0.002946    	0.003862    
4320        	10          	0.01886     	0.001867    	0.002734    	0.004088    
4325        	10          	0.009692    	0.002784    	0.002457    	0.002614    
4330        	10          	0.01073     	0.001635    	0.002219    	0.002656    
4335        	10          	0.01633     	0.002841    	0.002993    	0.003563    
4340        	10          	0.009858    	0.003348    	0.002759    	0.00292     
4345        	10          	0.01077     	0.003389    	0.002381    	0.00234     
4350        	10          	0.01427     	0.003298    	0.002431    	0.002608    
4355        	10          	0.01114     	0.00413     	0.002468    	0.003142    
4360        	10          	0.0095      	0.0033      	0.002342    	0.004393    
4365        	10          	0.008058    	0.002416    	0.003448    	0.004354    
4370        	10          	0.009181    	0.003729    	0.003638    	0.004966    
4375        	10          	0.01289     	0.002475    	0.002155    	0.005551    
4380        	10          	0.009692    	0.001676    	0.002234    	0.004923    
4385        	10          	0.004656    	0.001543    	0.003342    	0.004185    
4390        	10          	0.007681    	0.001986    	0.002305    	0.005701    
4395        	10          	0.005211    	0.002027    	0.001979    	0.00341     
4400        	10          	0.006233    	0.002327    	0.002752    	0.003523    
4405        	10          	0.007781    	0.002331    	0.00261     	0.004446    
4410        	10          	0.01141     	0.00158     	0.002948    	0.004384    
4415        	10          	0.007336    	0.001421    	0.001544    	0.003619    
4420        	10          	0.004514    	0.002861    	0.003007    	0.004596    
4425        	10          	0.004803    	0.001847    	0.002335    	0.004717    
4430        	10          	0.007336    	0.001913    	0.00354     	0.003925    
4435        	10          	0.01183     	0.002601    	0.003241    	0.006433    
4440        	10          	0.01082     	0.003509    	0.003616    	0.004778    
4445        	10          	0.01291     	0.00354     	0.003397    	0.004021    
4450        	10          	0.01095     	0.003297    	0.004258    	0.003946    
4455        	10          	0.01027     	0.002734    	0.00349     	0.00374     
4460        	10          	0.009289    	0.003136    	0.004214    	0.004094    
4465        	10          	0.007414    	0.003059    	0.003859    	0.003203    
4470        	10          	0.008892    	0.003105    	0.003901    	0.003984    
4475        	10          	0.007844    	0.003883    	0.004948    	0.004226    
4480        	10          	0.01384     	0.003193    	0.005037    	0.003188    
4485        	10          	0.01685     	0.002337    	0.003442    	0.00276     
4490        	10          	0.01478     	0.003699    	0.005225    	0.004022    
4495        	10          	0.009322    	0.004186    	0.005647    	0.003569    
4500        	10          	0.0133      	0.002633    	0.00529     	0.003591    
4505        	10          	0.01627     	0.002598    	0.005122    	0.003698    
4510        	10          	0.01386     	0.00304     	0.005501    	0.004224    
4515        	10          	0.01619     	0.003512    	0.005935    	0.004983    
4520        	10          	0.008503    	0.004198    	0.004804    	0.004372    
4525        	10          	0.01002     	0.003794    	0.004788    	0.004143    
4530        	10          	0.0184      	0.003753    	0.004051    	0.003689    
4535        	10          	0.01411     	0.003412    	0.004025    	0.003739    
4540        	10          	0.009378    	0.003239    	0.006154    	0.003146    
4545        	10          	0.006656    	0.002839    	0.006296    	0.003693    
4550        	10          	0.01413     	0.00333     	0.005716    	0.003002    
4555        	10          	0.01067     	0.001567    	0.004687    	0.002919    
4560        	10          	0.01294     	0.001704    	0.005151    	0.002826    
4565        	10          	0.01363     	0.001713    	0.005615    	0.00247     
4570        	10          	0.01789     	0.002414    	0.004784    	0.00274     
4575        	10          	0.01017     	0.001808    	0.005515    	0.002148    
4580        	10          	0.01621     	0.003093    	0.005885    	0.003467    
4585        	10          	0.01493     	0.003229    	0.00544     	0.002778    
4590        	10          	0.01636     	0.003695    	0.004403    	0.002728    
4595        	10          	0.006167    	0.003957    	0.00469     	0.002193    
4600        	10          	0.009514    	0.004409    	0.003852    	0.002467    
4605        	10          	0.008178    	0.0045      	0.004314    	0.002143    
4610        	10          	0.008456    	0.005444    	0.004019    	0.002393    
4615        	10          	0.008278    	0.006456    	0.004306    	0.001563    
4620        	10          	0.01044     	0.008732    	0.004701    	0.001465    
4625        	10          	0.0126      	0.00641     	0.003122    	0.001698    
4630        	10          	0.006322    	0.00631     	0.0036      	0.001531    
4635        	10          	0.007058    	0.004511    	0.004267    	0.001427    
4640        	10          	0.004836    	0.005506    	0.003288    	0.001327    
4645        	10          	0.01101     	0.005324    	0.003646    	0.001196    
4650        	10          	0.009278    	0.004805    	0.004452    	0.0009492   
4655        	10          	0.01193     	0.005273    	0.004487    	0.0008487   
4660        	10          	0.007778    	0.005317    	0.003598    	0.0007658   
4665        	10          	0.008403    	0.004823    	0.003644    	0.0007478   
4670        	10          	0.01373     	0.006123    	0.004103    	0.0008119   
4675        	10          	0.008081    	0.006552    	0.003157    	0.0004786   
4680        	10          	0.006456    	0.005873    	0.002998    	0.0008588   
4685        	10          	0.004169    	0.00399     	0.004003    	0.0005722   
4690        	10          	0.004836    	0.005407    	0.002707    	0.0003224   
4695        	10          	0.006178    	0.00446     	0.002754    	0.0008532   
4700        	10          	0.0051      	0.003928    	0.002798    	0.0005334   
4705        	10          	0.006225    	0.005254    	0.004534    	0.0009713   
4710        	10          	0.007878    	0.005957    	0.002929    	0.0009744   
4715        	10          	0.007225    	0.005778    	0.003489    	0.0005864   
4720        	10          	0.01106     	0.004536    	0.003477    	0.001104    
4725        	10          	0.007       	0.003691    	0.003797    	0.0008359   
4730        	10          	0.005736    	0.003658    	0.00409     	0.0009165   
4735        	10          	0.006169    	0.002164    	0.004036    	0.001098    
4740        	10          	0.01057     	0.00223     	0.002242    	0.0009254   
4745        	10          	0.01477     	0.003727    	0.002782    	0.0008619   
4750        	10          	0.008858    	0.002921    	0.001543    	0.0008653   
4755        	10          	0.01152     	0.002931    	0.003017    	0.0007906   
4760        	10          	0.01232     	0.003988    	0.001714    	0.000881    
4765        	10          	0.01011     	0.002847    	0.002189    	0.001057    
4770        	10          	0.01217     	0.002628    	0.001288    	0.0007704   
4775        	10          	0.009289    	0.003712    	0.001696    	0.001685    
4780        	10          	0.01066     	0.004284    	0.001378    	0.001485    
4785        	10          	0.01211     	0.002979    	0.001455    	0.002247    
4790        	10          	0.01322     	0.002896    	0.001282    	0.001745    
4795        	10          	0.01467     	0.003008    	0.001479    	0.001425    
4800        	10          	0.02251     	0.003378    	0.00181     	0.002581    
4805        	10          	0.02428     	0.002513    	0.001621    	0.001795    
4810        	10          	0.02304     	0.003571    	0.00118     	0.001295    
4815        	10          	0.01817     	0.004123    	0.00168     	0.001634    
4820        	10          	0.01818     	0.003506    	0.001544    	0.0025      
4825        	10          	0.01136     	0.003841    	0.001965    	0.001639    
4830        	10          	0.01899     	0.003154    	0.001553    	0.002015    
4835        	10          	0.007114    	0.004803    	0.002295    	0.001714    
4840        	10          	0.0174      	0.003877    	0.001807    	0.001525    
4845        	10          	0.01189     	0.004153    	0.00227     	0.001525    
4850        	10          	0.01466     	0.003306    	0.0029      	0.001343    
4855        	10          	0.007322    	0.003063    	0.001694    	0.001365    
4860        	10          	0.007678    	0.002403    	0.001957    	0.001903    
4865        	10          	0.01295     	0.002184    	0.00204     	0.001726    
4870        	10          	0.01211     	0.002541    	0.00247     	0.001789    
4875        	10          	0.01147     	0.002981    	0.002035    	0.00188     
4880        	10          	0.01901     	0.003045    	0.002055    	0.002667    
4885        	10          	0.01057     	0.003736    	0.001564    	0.002431    
4890        	10          	0.01438     	0.005216    	0.001326    	0.002261    
4895        	10          	0.009747    	0.004143    	0.001711    	0.002929    
4900        	10          	0.009722    	0.002967    	0.001618    	0.001818    
4905        	10          	0.01191     	0.003825    	0.001674    	0.002199    
4910        	10          	0.0125      	0.003446    	0.002074    	0.001691    
4915        	10          	0.008878    	0.003966    	0.001222    	0.001466    
4920        	10          	0.01029     	0.003071    	0.00133     	0.001299    
4925        	10          	0.009414    	0.00317     	0.001331    	0.001507    
4930        	10          	0.01527     	0.002841    	0.0009065   	0.002137    
4935        	10          	0.01884     	0.002443    	0.001495    	0.001927    
4940        	10          	0.01244     	0.002826    	0.001739    	0.001579    
4945        	10          	0.011       	0.00216     	0.001675    	0.00169     
4950        	10          	0.008525    	0.002479    	0.002319    	0.001561    
4955        	10          	0.01634     	0.002183    	0.001645    	0.001825    
4960        	10          	0.01918     	0.001737    	0.00159     	0.00204     
4965        	10          	0.007767    	0.001096    	0.001453    	0.001614    
4970        	10          	0.004722    	0.001977    	0.0009279   	0.002675    
4975        	10          	0.006667    	0.001825    	0.001166    	0.002159    
4980        	10          	0.01206     	0.002089    	0.001351    	0.002087    
4985        	10          	0.01161     	0.001506    	0.002024    	0.002198    
4990        	10          	0.007444    	0.001378    	0.00152     	0.002362    
4995        	10          	0.008511    	0.001766    	0.001596    	0.002093    
5000        	10          	0.007878    	0.002037    	0.001395    	0.002121    
