generation  	alive.rpl   	n.adlt.rs   	n.adlt.fst.wc_p1-2	n.adlt.fst.wc_p1-3	n.adlt.fst.wc_p2-3
4           	10          	18.42       	0.005562    	0.007274    	0.006013    
8           	10          	17.77       	0.01205     	0.0146      	0.01126     
12          	10          	16.94       	0.01724     	0.02244     	0.01666     
16          	10          	16.28       	0.02117     	0.0297      	0.02062     
20          	10          	15.73       	0.02279     	0.03476     	0.02352     
24          	10          	15.54       	0.02188     	0.03662     	0.0232      
28          	10          	15.18       	0.02423     	0.03895     	0.02475     
32          	10          	14.63       	0.02544     	0.04297     	0.02623     
36          	10          	14.34       	0.02491     	0.04606     	0.02957     
40          	10          	14.09       	0.02641     	0.046       	0.02619     
44          	10          	13.78       	0.02635     	0.04874     	0.02686     
48          	10          	13.49       	0.02738     	0.05032     	0.0266      
52          	10          	13.31       	0.02718     	0.049       	0.02464     
56          	10          	13.06       	0.029       	0.05243     	0.02955     
60          	10          	12.95       	0.02667     	0.05425     	0.02843     
64          	10          	12.59       	0.02902     	0.05787     	0.02997     
68          	10          	12.49       	0.02751     	0.05477     	0.02753     
72          	10          	12.17       	0.03061     	0.0542      	0.02918     
76          	10          	12.09       	0.02866     	0.05697     	0.0306      
80          	10          	11.88       	0.02818     	0.05756     	0.03001     
84          	10          	11.67       	0.02653     	0.05488     	0.02909     
88          	10          	11.45       	0.02725     	0.05995     	0.03029     
92          	10          	11.24       	0.02898     	0.05917     	0.03425     
96          	10          	11.15       	0.02944     	0.05874     	0.0274      
100         	10          	10.99       	0.02698     	0.05675     	0.02985     
104         	10          	10.83       	0.03117     	0.05447     	0.02821     
108         	10          	10.58       	0.03125     	0.05816     	0.02839     
112         	10          	10.45       	0.0302      	0.06104     	0.02833     
116         	10          	10.33       	0.03121     	0.06119     	0.02884     
120         	10          	10.24       	0.03031     	0.05778     	0.02821     
124         	10          	9.983       	0.03089     	0.05898     	0.03018     
128         	10          	9.817       	0.03271     	0.05952     	0.02712     
132         	10          	9.792       	0.03266     	0.05885     	0.03096     
136         	10          	9.645       	0.03189     	0.06377     	0.02995     
140         	10          	9.655       	0.03157     	0.05946     	0.02967     
144         	10          	9.475       	0.02915     	0.05965     	0.03193     
148         	10          	9.358       	0.02752     	0.05577     	0.02898     
152         	10          	9.185       	0.03233     	0.0608      	0.03219     
156         	10          	9.193       	0.02931     	0.05717     	0.02821     
160         	10          	9.12        	0.02866     	0.05442     	0.0283      
164         	10          	8.955       	0.02823     	0.05687     	0.03004     
168         	10          	8.855       	0.02842     	0.05383     	0.0266      
172         	10          	8.788       	0.03062     	0.05391     	0.0273      
176         	10          	8.705       	0.0247      	0.05303     	0.03018     
180         	10          	8.533       	0.02728     	0.05424     	0.02937     
184         	10          	8.435       	0.02826     	0.05721     	0.03104     
188         	10          	8.403       	0.02886     	0.06        	0.03244     
192         	10          	8.305       	0.02919     	0.06094     	0.03245     
196         	10          	8.215       	0.03318     	0.06294     	0.03029     
200         	10          	8.265       	0.0279      	0.06295     	0.03124     
204         	10          	8.093       	0.02736     	0.06136     	0.03052     
208         	10          	8.03        	0.0276      	0.0613      	0.0284      
212         	10          	8.105       	0.02604     	0.06292     	0.03174     
216         	10          	7.965       	0.03033     	0.06763     	0.0339      
220         	10          	7.912       	0.0305      	0.05918     	0.03017     
224         	10          	7.902       	0.02836     	0.05956     	0.03246     
228         	10          	7.84        	0.02798     	0.05279     	0.02976     
232         	10          	7.768       	0.02779     	0.05345     	0.02701     
236         	10          	7.705       	0.02812     	0.05664     	0.02761     
240         	10          	7.595       	0.03072     	0.05788     	0.02892     
244         	10          	7.57        	0.02815     	0.05396     	0.02925     
248         	10          	7.488       	0.02863     	0.05686     	0.02489     
252         	10          	7.452       	0.0285      	0.05542     	0.03016     
256         	10          	7.423       	0.02746     	0.05508     	0.02807     
260         	10          	7.472       	0.02601     	0.05557     	0.02546     
264         	10          	7.322       	0.02958     	0.05622     	0.02548     
268         	10          	7.245       	0.03542     	0.05952     	0.02697     
272         	10          	7.235       	0.02958     	0.0581      	0.03153     
276         	10          	7.215       	0.02961     	0.05363     	0.02711     
280         	10          	7.017       	0.02899     	0.05875     	0.02844     
284         	10          	7.097       	0.02128     	0.05117     	0.02393     
288         	10          	7.087       	0.02995     	0.05889     	0.02541     
292         	10          	7.07        	0.0235      	0.05321     	0.03035     
296         	10          	6.98        	0.02806     	0.05531     	0.02889     
300         	10          	6.987       	0.03033     	0.06025     	0.02926     
304         	10          	6.91        	0.02848     	0.05861     	0.02902     
308         	10          	6.84        	0.02724     	0.05674     	0.02933     
312         	10          	6.855       	0.02516     	0.05236     	0.0261      
316         	10          	6.817       	0.02909     	0.0564      	0.02871     
320         	10          	6.758       	0.02675     	0.05732     	0.02884     
324         	10          	6.77        	0.02711     	0.05823     	0.03223     
328         	10          	6.683       	0.02905     	0.06026     	0.03044     
332         	10          	6.692       	0.02513     	0.05996     	0.03204     
336         	10          	6.672       	0.02741     	0.05232     	0.03017     
340         	10          	6.615       	0.03114     	0.06007     	0.02736     
344         	10          	6.572       	0.02913     	0.05959     	0.03043     
348         	10          	6.507       	0.02965     	0.05534     	0.02534     
352         	10          	6.457       	0.03006     	0.05888     	0.02624     
356         	10          	6.415       	0.0315      	0.06067     	0.02981     
360         	10          	6.487       	0.02494     	0.05321     	0.02543     
364         	10          	6.34        	0.03038     	0.05323     	0.0249      
368         	10          	6.308       	0.02902     	0.06034     	0.02927     
372         	10          	6.263       	0.03025     	0.05725     	0.02672     
376         	10          	6.23        	0.03047     	0.06468     	0.03008     
380         	10          	6.218       	0.03118     	0.06144     	0.03125     
384         	10          	6.175       	0.02958     	0.06339     	0.02691     
388         	10          	6.14        	0.03        	0.05969     	0.03314     
392         	10          	6.097       	0.03211     	0.05994     	0.03248     
396         	10          	6.062       	0.03108     	0.06302     	0.0339      
400         	10          	5.998       	0.02902     	0.06236     	0.03239     
404         	10          	5.992       	0.03328     	0.06684     	0.03452     
408         	10          	5.972       	0.0285      	0.05841     	0.03053     
412         	10          	5.93        	0.0279      	0.06044     	0.03258     
416         	10          	5.998       	0.02523     	0.05574     	0.02521     
420         	10          	5.967       	0.03231     	0.06327     	0.03109     
424         	10          	5.963       	0.02617     	0.05718     	0.03024     
428         	10          	5.89        	0.03271     	0.05542     	0.02917     
432         	10          	5.885       	0.03234     	0.05881     	0.02792     
436         	10          	5.885       	0.0298      	0.05776     	0.02557     
440         	10          	5.793       	0.03093     	0.05963     	0.02931     
444         	10          	5.758       	0.03033     	0.05564     	0.0304      
448         	10          	5.812       	0.03236     	0.05867     	0.03016     
452         	10          	5.827       	0.02944     	0.05391     	0.032       
456         	10          	5.702       	0.03125     	0.05741     	0.02767     
460         	10          	5.705       	0.02729     	0.05901     	0.02913     
464         	10          	5.712       	0.02568     	0.05696     	0.02769     
468         	10          	5.66        	0.02673     	0.05249     	0.02707     
472         	10          	5.62        	0.02764     	0.0592      	0.02847     
476         	10          	5.673       	0.02753     	0.05718     	0.02748     
480         	10          	5.652       	0.03032     	0.05436     	0.02455     
484         	10          	5.612       	0.03105     	0.05844     	0.02908     
488         	10          	5.567       	0.02974     	0.05774     	0.02739     
492         	10          	5.542       	0.03379     	0.05791     	0.02766     
496         	10          	5.563       	0.02511     	0.05283     	0.02489     
500         	10          	5.462       	0.03101     	0.05737     	0.02796     
504         	10          	5.472       	0.02992     	0.05773     	0.03045     
508         	10          	5.465       	0.03254     	0.05743     	0.03236     
512         	10          	5.455       	0.03139     	0.05682     	0.03135     
516         	10          	5.457       	0.02742     	0.05552     	0.03005     
520         	10          	5.495       	0.02613     	0.05604     	0.02776     
524         	10          	5.397       	0.02667     	0.06008     	0.02528     
528         	10          	5.38        	0.02521     	0.05639     	0.02376     
532         	10          	5.323       	0.02698     	0.05819     	0.02943     
536         	10          	5.412       	0.02747     	0.05814     	0.02371     
540         	10          	5.302       	0.03141     	0.06368     	0.03239     
544         	10          	5.333       	0.03014     	0.06741     	0.03094     
548         	10          	5.29        	0.02939     	0.06083     	0.02902     
552         	10          	5.238       	0.03195     	0.068       	0.03157     
556         	10          	5.268       	0.02704     	0.06886     	0.03683     
560         	10          	5.235       	0.02408     	0.06327     	0.02986     
564         	10          	5.193       	0.02856     	0.05976     	0.03148     
568         	10          	5.172       	0.02993     	0.06191     	0.03189     
572         	10          	5.173       	0.02891     	0.06064     	0.03325     
576         	10          	5.147       	0.03127     	0.05311     	0.02932     
580         	10          	5.13        	0.02822     	0.05964     	0.03431     
584         	10          	5.098       	0.02983     	0.05763     	0.02906     
588         	10          	5.093       	0.0246      	0.06037     	0.03125     
592         	10          	5.08        	0.03015     	0.05761     	0.03093     
596         	10          	5.035       	0.03099     	0.05729     	0.02644     
600         	10          	5.052       	0.03146     	0.05668     	0.02794     
604         	10          	5.028       	0.03362     	0.05869     	0.02755     
608         	10          	5.035       	0.03192     	0.05711     	0.02446     
612         	10          	4.96        	0.03097     	0.06263     	0.03069     
616         	10          	5.043       	0.03422     	0.06053     	0.03069     
620         	10          	4.997       	0.03732     	0.06384     	0.02873     
624         	10          	4.937       	0.03222     	0.06197     	0.03103     
628         	10          	4.922       	0.03669     	0.06562     	0.02602     
632         	10          	4.91        	0.03789     	0.07152     	0.02708     
636         	10          	4.93        	0.03202     	0.06257     	0.02742     
640         	10          	4.987       	0.02676     	0.05969     	0.03111     
644         	10          	4.903       	0.0284      	0.06151     	0.02967     
648         	10          	4.932       	0.02534     	0.05347     	0.0248      
652         	10          	4.9         	0.02713     	0.0553      	0.03145     
656         	10          	4.887       	0.02802     	0.05427     	0.02671     
660         	10          	4.925       	0.02952     	0.0544      	0.02563     
664         	10          	4.925       	0.02719     	0.0582      	0.02885     
668         	10          	4.848       	0.03383     	0.06187     	0.0265      
672         	10          	4.815       	0.03181     	0.0593      	0.02884     
676         	10          	4.805       	0.02675     	0.05596     	0.02817     
680         	10          	4.777       	0.03126     	0.06039     	0.02671     
684         	10          	4.742       	0.03263     	0.06374     	0.03284     
688         	10          	4.747       	0.03029     	0.06276     	0.03003     
692         	10          	4.757       	0.02621     	0.05664     	0.02502     
696         	10          	4.728       	0.03145     	0.0645      	0.02905     
700         	10          	4.707       	0.03243     	0.06353     	0.0273      
704         	10          	4.655       	0.03067     	0.06316     	0.03233     
708         	10          	4.673       	0.02746     	0.05957     	0.03177     
712         	10          	4.643       	0.02496     	0.05912     	0.02951     
716         	10          	4.648       	0.0317      	0.06224     	0.0278      
720         	10          	4.69        	0.02682     	0.05408     	0.02568     
724         	10          	4.61        	0.02889     	0.05758     	0.0242      
728         	10          	4.608       	0.02853     	0.05828     	0.03011     
732         	10          	4.635       	0.02688     	0.06004     	0.02987     
736         	10          	4.542       	0.02858     	0.05811     	0.032       
740         	10          	4.573       	0.0271      	0.05666     	0.03243     
744         	10          	4.52        	0.03383     	0.06435     	0.02972     
748         	10          	4.545       	0.03442     	0.06308     	0.02966     
752         	10          	4.553       	0.02895     	0.06549     	0.03333     
756         	10          	4.527       	0.03254     	0.0652      	0.0276      
760         	10          	4.54        	0.02981     	0.06022     	0.03132     
764         	10          	4.505       	0.03465     	0.05852     	0.03165     
768         	10          	4.503       	0.02769     	0.05764     	0.02699     
772         	10          	4.54        	0.02453     	0.05115     	0.02589     
776         	10          	4.532       	0.02845     	0.04967     	0.02542     
780         	10          	4.538       	0.03042     	0.04861     	0.02541     
784         	10          	4.457       	0.0286      	0.0471      	0.02398     
788         	10          	4.465       	0.02849     	0.05644     	0.025       
792         	10          	4.46        	0.0227      	0.04615     	0.02424     
796         	10          	4.492       	0.02985     	0.05368     	0.02322     
800         	10          	4.485       	0.03069     	0.05446     	0.02842     
804         	10          	4.442       	0.03455     	0.05652     	0.02625     
808         	10          	4.45        	0.03201     	0.05554     	0.02803     
812         	10          	4.397       	0.03124     	0.05935     	0.02547     
816         	10          	4.413       	0.03118     	0.05402     	0.0279      
820         	10          	4.333       	0.03415     	0.05779     	0.03276     
824         	10          	4.337       	0.02733     	0.05082     	0.0254      
828         	10          	4.328       	0.02633     	0.05553     	0.02696     
832         	10          	4.353       	0.03223     	0.05943     	0.02719     
836         	10          	4.35        	0.02914     	0.05348     	0.02451     
840         	10          	4.318       	0.02355     	0.05347     	0.02897     
844         	10          	4.348       	0.02656     	0.05662     	0.02342     
848         	10          	4.315       	0.03181     	0.06225     	0.02745     
852         	10          	4.308       	0.02765     	0.05959     	0.02407     
856         	10          	4.293       	0.03545     	0.06162     	0.02523     
860         	10          	4.372       	0.02677     	0.05539     	0.02556     
864         	10          	4.317       	0.02838     	0.05398     	0.02636     
868         	10          	4.367       	0.02999     	0.05292     	0.02448     
872         	10          	4.347       	0.02623     	0.04941     	0.02364     
876         	10          	4.313       	0.02598     	0.04944     	0.02079     
880         	10          	4.3         	0.02552     	0.05137     	0.02235     
884         	10          	4.312       	0.02616     	0.05594     	0.03367     
888         	10          	4.352       	0.02541     	0.0496      	0.02408     
892         	10          	4.253       	0.02892     	0.05191     	0.02835     
896         	10          	4.28        	0.03087     	0.05868     	0.02881     
900         	10          	4.272       	0.02889     	0.0532      	0.02536     
904         	10          	4.228       	0.03354     	0.05551     	0.02686     
908         	10          	4.253       	0.02974     	0.05242     	0.02359     
912         	10          	4.283       	0.03159     	0.05624     	0.02465     
916         	10          	4.213       	0.03125     	0.0543      	0.02704     
920         	10          	4.213       	0.02924     	0.05734     	0.02774     
924         	10          	4.273       	0.02808     	0.06046     	0.02919     
928         	10          	4.233       	0.02638     	0.05282     	0.03257     
932         	10          	4.26        	0.02372     	0.05496     	0.03325     
936         	10          	4.2         	0.0248      	0.05557     	0.03512     
940         	10          	4.253       	0.02086     	0.05434     	0.03024     
944         	10          	4.228       	0.02341     	0.0546      	0.02996     
948         	10          	4.228       	0.03336     	0.05357     	0.0307      
952         	10          	4.227       	0.02545     	0.0451      	0.02906     
956         	10          	4.217       	0.02753     	0.0507      	0.02726     
960         	10          	4.145       	0.02792     	0.05028     	0.02574     
964         	10          	4.18        	0.02479     	0.04797     	0.02388     
968         	10          	4.188       	0.02527     	0.05662     	0.02759     
972         	10          	4.228       	0.03073     	0.05781     	0.02531     
976         	10          	4.112       	0.03349     	0.05811     	0.03168     
980         	10          	4.16        	0.03604     	0.06068     	0.03109     
984         	10          	4.152       	0.03396     	0.0669      	0.03353     
988         	10          	4.185       	0.03468     	0.06241     	0.03479     
992         	10          	4.175       	0.03191     	0.05991     	0.02998     
996         	10          	4.112       	0.02955     	0.05955     	0.02585     
1000        	10          	4.095       	0.03042     	0.06138     	0.02903     
1004        	10          	4.097       	0.02885     	0.0557      	0.03116     
1008        	10          	4.127       	0.03613     	0.05947     	0.0309      
1012        	10          	4.075       	0.04156     	0.05922     	0.03174     
1016        	10          	4.04        	0.03414     	0.06127     	0.03045     
1020        	10          	4.062       	0.02815     	0.05758     	0.02424     
1024        	10          	4.058       	0.03651     	0.06137     	0.02838     
1028        	10          	4.065       	0.02653     	0.05477     	0.02746     
1032        	10          	4.11        	0.02851     	0.05574     	0.029       
1036        	10          	4.08        	0.03527     	0.065       	0.02605     
1040        	10          	4.078       	0.03279     	0.05649     	0.02647     
1044        	10          	4.095       	0.03167     	0.05399     	0.02951     
1048        	10          	4.062       	0.03081     	0.06323     	0.03467     
1052        	10          	4.087       	0.02886     	0.05049     	0.02398     
1056        	10          	4.078       	0.03511     	0.05296     	0.02724     
1060        	10          	4.043       	0.03336     	0.05348     	0.02303     
1064        	10          	4.053       	0.03181     	0.04948     	0.02655     
1068        	10          	4.017       	0.03145     	0.0536      	0.02835     
1072        	10          	4.052       	0.02647     	0.04682     	0.02591     
1076        	10          	4.068       	0.028       	0.04963     	0.02701     
1080        	10          	3.982       	0.03144     	0.05327     	0.02868     
1084        	10          	4.007       	0.03085     	0.05898     	0.02405     
1088        	10          	3.997       	0.03385     	0.06119     	0.03435     
1092        	10          	3.985       	0.02536     	0.05696     	0.02916     
1096        	10          	4.012       	0.03015     	0.0572      	0.03243     
1100        	10          	3.967       	0.03359     	0.05449     	0.02635     
1104        	10          	3.997       	0.02999     	0.05453     	0.02875     
1108        	10          	3.992       	0.03356     	0.05837     	0.02954     
1112        	10          	3.982       	0.02839     	0.06031     	0.03035     
1116        	10          	3.987       	0.02675     	0.05691     	0.02579     
1120        	10          	3.987       	0.02492     	0.0583      	0.02897     
1124        	10          	4.015       	0.02615     	0.05682     	0.0274      
1128        	10          	4.01        	0.02413     	0.06164     	0.0271      
1132        	10          	4.007       	0.02836     	0.05815     	0.02268     
1136        	10          	4.032       	0.02794     	0.05903     	0.02576     
1140        	10          	3.963       	0.02883     	0.06077     	0.03052     
1144        	10          	3.975       	0.03388     	0.06156     	0.02924     
1148        	10          	3.958       	0.02794     	0.05421     	0.0287      
1152        	10          	3.973       	0.03043     	0.06137     	0.03199     
1156        	10          	3.985       	0.02865     	0.0589      	0.02653     
1160        	10          	4.023       	0.02936     	0.06328     	0.02844     
1164        	10          	4.015       	0.03806     	0.06487     	0.03358     
1168        	10          	4.043       	0.02942     	0.05976     	0.02964     
1172        	10          	3.968       	0.03149     	0.06052     	0.02817     
1176        	10          	3.997       	0.03181     	0.05739     	0.02519     
1180        	10          	3.975       	0.02876     	0.05152     	0.02218     
1184        	10          	3.998       	0.0292      	0.04704     	0.02298     
1188        	10          	4.015       	0.03252     	0.05301     	0.02887     
1192        	10          	3.957       	0.0277      	0.04967     	0.02328     
1196        	10          	3.962       	0.03103     	0.05795     	0.02356     
1200        	10          	3.922       	0.03292     	0.06211     	0.02825     
1204        	10          	3.923       	0.03105     	0.06176     	0.02787     
1208        	10          	3.94        	0.0285      	0.05918     	0.02908     
1212        	10          	3.902       	0.02802     	0.06351     	0.03111     
1216        	10          	3.903       	0.02854     	0.06356     	0.02482     
1220        	10          	3.878       	0.03275     	0.07164     	0.03039     
1224        	10          	3.83        	0.03696     	0.07159     	0.03188     
1228        	10          	3.825       	0.03398     	0.06463     	0.03039     
1232        	10          	3.838       	0.03453     	0.06185     	0.02747     
1236        	10          	3.818       	0.03006     	0.0554      	0.02777     
1240        	10          	3.81        	0.03482     	0.0585      	0.02864     
1244        	10          	3.803       	0.02416     	0.05321     	0.02539     
1248        	10          	3.793       	0.03025     	0.05359     	0.02759     
1252        	10          	3.797       	0.02854     	0.05424     	0.02555     
1256        	10          	3.807       	0.03002     	0.05779     	0.0293      
1260        	10          	3.803       	0.02475     	0.04544     	0.02525     
1264        	10          	3.803       	0.02805     	0.05204     	0.02806     
1268        	10          	3.753       	0.03036     	0.05693     	0.03363     
1272        	10          	3.763       	0.02982     	0.06267     	0.03377     
1276        	10          	3.815       	0.03147     	0.06307     	0.02978     
1280        	10          	3.8         	0.0302      	0.06475     	0.03176     
1284        	10          	3.837       	0.03025     	0.06259     	0.03282     
1288        	10          	3.802       	0.02695     	0.05973     	0.03054     
1292        	10          	3.795       	0.02725     	0.0638      	0.02918     
1296        	10          	3.82        	0.03491     	0.06632     	0.0342      
1300        	10          	3.788       	0.04095     	0.07037     	0.03412     
1304        	10          	3.805       	0.03085     	0.06327     	0.02946     
1308        	10          	3.815       	0.03106     	0.05965     	0.02595     
1312        	10          	3.842       	0.02994     	0.06636     	0.03161     
1316        	10          	3.838       	0.0288      	0.06296     	0.03227     
1320        	10          	3.763       	0.0272      	0.06518     	0.03346     
1324        	10          	3.812       	0.02458     	0.06543     	0.03344     
1328        	10          	3.793       	0.03268     	0.06116     	0.02848     
1332        	10          	3.838       	0.0296      	0.06114     	0.02766     
1336        	10          	3.875       	0.03029     	0.06899     	0.03015     
1340        	10          	3.86        	0.02959     	0.06149     	0.02456     
1344        	10          	3.828       	0.02374     	0.05722     	0.02835     
1348        	10          	3.813       	0.02679     	0.05987     	0.03184     
1352        	10          	3.805       	0.03056     	0.06267     	0.02766     
1356        	10          	3.81        	0.03139     	0.05929     	0.02352     
1360        	10          	3.795       	0.02682     	0.05926     	0.02564     
1364        	10          	3.798       	0.02607     	0.0591      	0.0298      
1368        	10          	3.825       	0.02892     	0.05734     	0.02578     
1372        	10          	3.763       	0.03436     	0.06305     	0.02819     
1376        	10          	3.797       	0.02997     	0.05825     	0.03039     
1380        	10          	3.763       	0.03671     	0.05636     	0.02748     
1384        	10          	3.775       	0.02818     	0.06136     	0.03059     
1388        	10          	3.755       	0.03051     	0.05943     	0.02923     
1392        	10          	3.737       	0.02523     	0.05844     	0.02824     
1396        	10          	3.788       	0.02805     	0.05258     	0.02482     
1400        	10          	3.8         	0.0293      	0.05384     	0.03129     
1404        	10          	3.748       	0.0287      	0.06056     	0.03065     
1408        	10          	3.737       	0.03209     	0.06215     	0.03114     
1412        	10          	3.757       	0.02894     	0.06016     	0.02947     
1416        	10          	3.71        	0.025       	0.05527     	0.0253      
1420        	10          	3.725       	0.02528     	0.05603     	0.0307      
1424        	10          	3.708       	0.02942     	0.06113     	0.03159     
1428        	10          	3.677       	0.03155     	0.05991     	0.03231     
1432        	10          	3.662       	0.03085     	0.05457     	0.02531     
1436        	10          	3.62        	0.02471     	0.05718     	0.02738     
1440        	10          	3.69        	0.02064     	0.05198     	0.02771     
1444        	10          	3.698       	0.02533     	0.05495     	0.02685     
1448        	10          	3.657       	0.03016     	0.05985     	0.0297      
1452        	10          	3.73        	0.02699     	0.05382     	0.02685     
1456        	10          	3.7         	0.02602     	0.05435     	0.02915     
1460        	10          	3.747       	0.02357     	0.0532      	0.02791     
1464        	10          	3.738       	0.02551     	0.04752     	0.02298     
1468        	10          	3.74        	0.02457     	0.05007     	0.02728     
1472        	10          	3.722       	0.02074     	0.05291     	0.02983     
1476        	10          	3.682       	0.03033     	0.05887     	0.03362     
1480        	10          	3.683       	0.02564     	0.06733     	0.03557     
1484        	10          	3.707       	0.02748     	0.05852     	0.02982     
1488        	10          	3.683       	0.02986     	0.06365     	0.03023     
1492        	10          	3.677       	0.02791     	0.06735     	0.03786     
1496        	10          	3.73        	0.02988     	0.05839     	0.03144     
1500        	10          	3.705       	0.0306      	0.0599      	0.03318     
1504        	10          	3.668       	0.03012     	0.06825     	0.02977     
1508        	10          	3.642       	0.02897     	0.06283     	0.02913     
1512        	10          	3.717       	0.03193     	0.06471     	0.03118     
1516        	10          	3.658       	0.03128     	0.06456     	0.03485     
1520        	10          	3.68        	0.03195     	0.05704     	0.02697     
1524        	10          	3.628       	0.03018     	0.06359     	0.02714     
1528        	10          	3.655       	0.03352     	0.06679     	0.02925     
1532        	10          	3.635       	0.02942     	0.06982     	0.03345     
1536        	10          	3.612       	0.03175     	0.06456     	0.03415     
1540        	10          	3.625       	0.0255      	0.06072     	0.03021     
1544        	10          	3.622       	0.02852     	0.06219     	0.02518     
1548        	10          	3.62        	0.03033     	0.05766     	0.02836     
1552        	10          	3.567       	0.03357     	0.06931     	0.03356     
1556        	10          	3.592       	0.03029     	0.06818     	0.03153     
1560        	10          	3.61        	0.03394     	0.07279     	0.02816     
1564        	10          	3.635       	0.03147     	0.06877     	0.03271     
1568        	10          	3.63        	0.03649     	0.06647     	0.03624     
1572        	10          	3.588       	0.03641     	0.06751     	0.0257      
1576        	10          	3.642       	0.03194     	0.05916     	0.02885     
1580        	10          	3.577       	0.02963     	0.05718     	0.02752     
1584        	10          	3.633       	0.02801     	0.05126     	0.02902     
1588        	10          	3.603       	0.03125     	0.06272     	0.03036     
1592        	10          	3.638       	0.03049     	0.05051     	0.02845     
1596        	10          	3.59        	0.0291      	0.05635     	0.02917     
1600        	10          	3.612       	0.02779     	0.05196     	0.03102     
1604        	10          	3.572       	0.03487     	0.05992     	0.03105     
1608        	10          	3.592       	0.03984     	0.0647      	0.03181     
1612        	10          	3.615       	0.02978     	0.05725     	0.03154     
1616        	10          	3.595       	0.02503     	0.05593     	0.02876     
1620        	10          	3.615       	0.03062     	0.05754     	0.021       
1624        	10          	3.593       	0.02989     	0.05139     	0.02475     
1628        	10          	3.557       	0.02651     	0.05977     	0.02756     
1632        	10          	3.578       	0.0246      	0.05769     	0.02376     
1636        	10          	3.612       	0.02601     	0.0532      	0.02558     
1640        	10          	3.555       	0.02648     	0.06364     	0.03175     
1644        	10          	3.542       	0.02667     	0.05626     	0.02753     
1648        	10          	3.553       	0.02625     	0.06189     	0.03419     
1652        	10          	3.61        	0.02428     	0.05692     	0.03326     
1656        	10          	3.563       	0.02582     	0.05449     	0.02908     
1660        	10          	3.535       	0.02906     	0.05189     	0.02724     
1664        	10          	3.582       	0.02408     	0.04314     	0.0224      
1668        	10          	3.558       	0.02356     	0.05607     	0.02822     
1672        	10          	3.567       	0.02204     	0.04518     	0.02641     
1676        	10          	3.568       	0.0216      	0.04998     	0.02387     
1680        	10          	3.538       	0.02443     	0.05328     	0.03022     
1684        	10          	3.572       	0.0276      	0.06248     	0.02681     
1688        	10          	3.483       	0.02659     	0.04812     	0.02306     
1692        	10          	3.543       	0.02464     	0.05487     	0.02335     
1696        	10          	3.512       	0.02696     	0.05569     	0.02653     
1700        	10          	3.517       	0.02593     	0.05223     	0.02648     
1704        	10          	3.53        	0.0276      	0.0582      	0.02988     
1708        	10          	3.603       	0.02803     	0.0561      	0.03432     
1712        	10          	3.562       	0.03308     	0.05563     	0.03283     
1716        	10          	3.582       	0.03066     	0.05903     	0.02665     
1720        	10          	3.547       	0.02918     	0.05472     	0.02696     
1724        	10          	3.558       	0.03087     	0.05442     	0.02379     
1728        	10          	3.572       	0.02972     	0.05948     	0.0291      
1732        	10          	3.54        	0.02751     	0.05713     	0.02928     
1736        	10          	3.555       	0.02749     	0.05257     	0.02979     
1740        	10          	3.547       	0.02665     	0.04962     	0.02799     
1744        	10          	3.59        	0.0294      	0.05613     	0.02789     
1748        	10          	3.54        	0.02488     	0.05385     	0.02985     
1752        	10          	3.582       	0.02932     	0.05447     	0.02494     
1756        	10          	3.563       	0.02705     	0.05635     	0.02531     
1760        	10          	3.583       	0.02661     	0.06185     	0.03093     
1764        	10          	3.553       	0.02665     	0.05868     	0.03203     
1768        	10          	3.528       	0.02812     	0.05887     	0.03318     
1772        	10          	3.552       	0.02533     	0.05963     	0.02964     
1776        	10          	3.545       	0.02542     	0.05823     	0.0288      
1780        	10          	3.538       	0.02762     	0.05907     	0.03414     
1784        	10          	3.543       	0.02876     	0.06031     	0.02966     
1788        	10          	3.555       	0.02785     	0.06484     	0.03525     
1792        	10          	3.483       	0.02586     	0.06268     	0.03067     
1796        	10          	3.547       	0.03095     	0.05872     	0.03386     
1800        	10          	3.592       	0.02999     	0.05815     	0.03008     
1804        	10          	3.572       	0.03065     	0.06118     	0.03601     
1808        	10          	3.57        	0.03047     	0.06456     	0.03345     
1812        	10          	3.572       	0.02386     	0.058       	0.03008     
1816        	10          	3.61        	0.0215      	0.0483      	0.02753     
1820        	10          	3.617       	0.0326      	0.05958     	0.03196     
1824        	10          	3.572       	0.02146     	0.05121     	0.02911     
1828        	10          	3.59        	0.02903     	0.05604     	0.02733     
1832        	10          	3.603       	0.03156     	0.05002     	0.02955     
1836        	10          	3.592       	0.02368     	0.05352     	0.02669     
1840        	10          	3.593       	0.03134     	0.05161     	0.02507     
1844        	10          	3.532       	0.03312     	0.05714     	0.03609     
1848        	10          	3.552       	0.03396     	0.0556      	0.0261      
1852        	10          	3.59        	0.0336      	0.05475     	0.02499     
1856        	10          	3.538       	0.03035     	0.05287     	0.02462     
1860        	10          	3.605       	0.03033     	0.05797     	0.02978     
1864        	10          	3.592       	0.03031     	0.0545      	0.02976     
1868        	10          	3.58        	0.02233     	0.04991     	0.02931     
1872        	10          	3.597       	0.02642     	0.05757     	0.02737     
1876        	10          	3.592       	0.02725     	0.05615     	0.02724     
1880        	10          	3.612       	0.03014     	0.05075     	0.02421     
1884        	10          	3.562       	0.02892     	0.05744     	0.03095     
1888        	10          	3.577       	0.0317      	0.06025     	0.02649     
1892        	10          	3.568       	0.03197     	0.05904     	0.03238     
1896        	10          	3.588       	0.02858     	0.05567     	0.03054     
1900        	10          	3.552       	0.03178     	0.05388     	0.02913     
1904        	10          	3.543       	0.02844     	0.05106     	0.02463     
1908        	10          	3.558       	0.03515     	0.05759     	0.02798     
1912        	10          	3.537       	0.0323      	0.05327     	0.02697     
1916        	10          	3.522       	0.03041     	0.06225     	0.03623     
1920        	10          	3.483       	0.03273     	0.05929     	0.02521     
1924        	10          	3.497       	0.03349     	0.06123     	0.02996     
1928        	10          	3.493       	0.02978     	0.06373     	0.03376     
1932        	10          	3.452       	0.03249     	0.06447     	0.02812     
1936        	10          	3.488       	0.03265     	0.0595      	0.0235      
1940        	10          	3.452       	0.03125     	0.05945     	0.02384     
1944        	10          	3.468       	0.02852     	0.05383     	0.03274     
1948        	10          	3.448       	0.03215     	0.06144     	0.03095     
1952        	10          	3.43        	0.03749     	0.05482     	0.0274      
1956        	10          	3.438       	0.0289      	0.05292     	0.02438     
1960        	10          	3.42        	0.03016     	0.05688     	0.0247      
1964        	10          	3.413       	0.02697     	0.05788     	0.02492     
1968        	10          	3.437       	0.03409     	0.06123     	0.02715     
1972        	10          	3.412       	0.03417     	0.06101     	0.0263      
1976        	10          	3.403       	0.02884     	0.0601      	0.0337      
1980        	10          	3.39        	0.02765     	0.06682     	0.03338     
1984        	10          	3.39        	0.02942     	0.06253     	0.0311      
1988        	10          	3.37        	0.0338      	0.06914     	0.03149     
1992        	10          	3.392       	0.03076     	0.06253     	0.02696     
1996        	10          	3.417       	0.03334     	0.0627      	0.0252      
2000        	10          	3.392       	0.03043     	0.05715     	0.02538     
2004        	10          	3.383       	0.03294     	0.06037     	0.0274      
2008        	10          	3.372       	0.02645     	0.06052     	0.02647     
2012        	10          	3.39        	0.02886     	0.05963     	0.02986     
2016        	10          	3.4         	0.02779     	0.05292     	0.02187     
2020        	10          	3.332       	0.02784     	0.05544     	0.02245     
2024        	10          	3.39        	0.02881     	0.0669      	0.03384     
2028        	10          	3.373       	0.03099     	0.06794     	0.02977     
2032        	10          	3.368       	0.03141     	0.06029     	0.02527     
2036        	10          	3.36        	0.02621     	0.0573      	0.02553     
2040        	10          	3.343       	0.02401     	0.05125     	0.02264     
2044        	10          	3.362       	0.03123     	0.05373     	0.02313     
2048        	10          	3.357       	0.03051     	0.05315     	0.02699     
2052        	10          	3.36        	0.02949     	0.0557      	0.03179     
2056        	10          	3.368       	0.03023     	0.05091     	0.02277     
2060        	10          	3.333       	0.02129     	0.0607      	0.0305      
2064        	10          	3.348       	0.02303     	0.05344     	0.02926     
2068        	10          	3.397       	0.03006     	0.05124     	0.02967     
2072        	10          	3.382       	0.02817     	0.05331     	0.02821     
2076        	10          	3.428       	0.02716     	0.05265     	0.02397     
2080        	10          	3.392       	0.02895     	0.0577      	0.03059     
2084        	10          	3.39        	0.02761     	0.05705     	0.02592     
2088        	10          	3.37        	0.02841     	0.05904     	0.02986     
2092        	10          	3.387       	0.02212     	0.05275     	0.02317     
2096        	10          	3.365       	0.0247      	0.04867     	0.0265      
2100        	10          	3.368       	0.0189      	0.04846     	0.02254     
2104        	10          	3.355       	0.02214     	0.04747     	0.02694     
2108        	10          	3.357       	0.02141     	0.04889     	0.03185     
2112        	10          	3.3         	0.02015     	0.04893     	0.02678     
2116        	10          	3.333       	0.02741     	0.05552     	0.03074     
2120        	10          	3.352       	0.02883     	0.05564     	0.03104     
2124        	10          	3.358       	0.02467     	0.05244     	0.02626     
2128        	10          	3.36        	0.02429     	0.04846     	0.02763     
2132        	10          	3.32        	0.02633     	0.05424     	0.03238     
2136        	10          	3.325       	0.02827     	0.05716     	0.03019     
2140        	10          	3.347       	0.02082     	0.04531     	0.02061     
2144        	10          	3.303       	0.02564     	0.05068     	0.03062     
2148        	10          	3.298       	0.0275      	0.04549     	0.02293     
2152        	10          	3.327       	0.02804     	0.05588     	0.02628     
2156        	10          	3.31        	0.02685     	0.05694     	0.02554     
2160        	10          	3.357       	0.02714     	0.06256     	0.02882     
2164        	10          	3.307       	0.02897     	0.05324     	0.02652     
2168        	10          	3.327       	0.03364     	0.06046     	0.02667     
2172        	10          	3.302       	0.03018     	0.05858     	0.02476     
2176        	10          	3.303       	0.03358     	0.05814     	0.024       
2180        	10          	3.282       	0.03679     	0.0635      	0.02782     
2184        	10          	3.285       	0.03973     	0.06531     	0.02703     
2188        	10          	3.293       	0.03326     	0.06441     	0.02574     
2192        	10          	3.283       	0.03182     	0.06267     	0.0252      
2196        	10          	3.335       	0.03164     	0.06403     	0.02882     
2200        	10          	3.278       	0.03725     	0.06255     	0.02816     
2204        	10          	3.273       	0.03361     	0.06362     	0.03153     
2208        	10          	3.262       	0.03096     	0.05978     	0.03287     
2212        	10          	3.28        	0.02668     	0.06022     	0.02674     
2216        	10          	3.28        	0.02448     	0.058       	0.03039     
2220        	10          	3.303       	0.03231     	0.06647     	0.03259     
2224        	10          	3.282       	0.02681     	0.06283     	0.03123     
2228        	10          	3.297       	0.03062     	0.0655      	0.03114     
2232        	10          	3.273       	0.03144     	0.05836     	0.02781     
2236        	10          	3.323       	0.0275      	0.06324     	0.03132     
2240        	10          	3.282       	0.02459     	0.05349     	0.03015     
2244        	10          	3.258       	0.02612     	0.06785     	0.03392     
2248        	10          	3.265       	0.02945     	0.06481     	0.03478     
2252        	10          	3.19        	0.02365     	0.06698     	0.03897     
2256        	10          	3.237       	0.02535     	0.0624      	0.03495     
2260        	10          	3.222       	0.02133     	0.05849     	0.03815     
2264        	10          	3.247       	0.02735     	0.05828     	0.03599     
2268        	10          	3.25        	0.02657     	0.05926     	0.03203     
2272        	10          	3.253       	0.02987     	0.05449     	0.02404     
2276        	10          	3.243       	0.02989     	0.05831     	0.02969     
2280        	10          	3.242       	0.02842     	0.0594      	0.03817     
2284        	10          	3.235       	0.02569     	0.05911     	0.02249     
2288        	10          	3.245       	0.0281      	0.05602     	0.02896     
2292        	10          	3.263       	0.03024     	0.05124     	0.02562     
2296        	10          	3.223       	0.03003     	0.05152     	0.02447     
2300        	10          	3.237       	0.02647     	0.05994     	0.02887     
2304        	10          	3.22        	0.02962     	0.05787     	0.02638     
2308        	10          	3.287       	0.03301     	0.06428     	0.0293      
2312        	10          	3.287       	0.02962     	0.05721     	0.02441     
2316        	10          	3.307       	0.02668     	0.05362     	0.02954     
2320        	10          	3.288       	0.02931     	0.05028     	0.02718     
2324        	10          	3.288       	0.03503     	0.05445     	0.02685     
2328        	10          	3.262       	0.02875     	0.04755     	0.02537     
2332        	10          	3.238       	0.03274     	0.04967     	0.02912     
2336        	10          	3.265       	0.02349     	0.04688     	0.02573     
2340        	10          	3.285       	0.03273     	0.0489      	0.02206     
2344        	10          	3.27        	0.02992     	0.05557     	0.03058     
2348        	10          	3.312       	0.02465     	0.05393     	0.03158     
2352        	10          	3.302       	0.02727     	0.05036     	0.02749     
2356        	10          	3.258       	0.02448     	0.05065     	0.02905     
2360        	10          	3.243       	0.02505     	0.05606     	0.03489     
2364        	10          	3.205       	0.02603     	0.05551     	0.03054     
2368        	10          	3.227       	0.02368     	0.05112     	0.02979     
2372        	10          	3.238       	0.02976     	0.05185     	0.03439     
2376        	10          	3.207       	0.03025     	0.05291     	0.03066     
2380        	10          	3.22        	0.024       	0.05508     	0.03267     
2384        	10          	3.208       	0.02345     	0.05365     	0.02807     
2388        	10          	3.203       	0.03588     	0.05615     	0.0395      
2392        	10          	3.202       	0.03201     	0.06496     	0.03849     
2396        	10          	3.167       	0.02765     	0.05349     	0.02696     
2400        	10          	3.178       	0.02748     	0.05261     	0.02733     
2404        	10          	3.177       	0.02598     	0.0525      	0.02461     
2408        	10          	3.162       	0.02757     	0.05536     	0.02895     
2412        	10          	3.175       	0.02475     	0.04825     	0.02607     
2416        	10          	3.147       	0.02356     	0.05141     	0.02404     
2420        	10          	3.157       	0.02139     	0.04137     	0.02258     
2424        	10          	3.163       	0.0266      	0.04873     	0.02703     
2428        	10          	3.175       	0.02916     	0.0535      	0.02848     
2432        	10          	3.202       	0.02754     	0.04617     	0.02227     
2436        	10          	3.147       	0.02976     	0.04747     	0.02379     
2440        	10          	3.163       	0.02754     	0.05336     	0.02121     
2444        	10          	3.197       	0.02998     	0.06238     	0.02427     
2448        	10          	3.145       	0.02542     	0.05675     	0.02976     
2452        	10          	3.162       	0.02919     	0.06429     	0.03043     
2456        	10          	3.162       	0.03086     	0.05916     	0.03168     
2460        	10          	3.16        	0.02879     	0.06268     	0.03072     
2464        	10          	3.168       	0.02421     	0.05664     	0.03027     
2468        	10          	3.178       	0.0264      	0.05778     	0.02868     
2472        	10          	3.192       	0.03044     	0.0641      	0.03325     
2476        	10          	3.177       	0.03021     	0.06717     	0.03273     
2480        	10          	3.175       	0.03045     	0.06157     	0.03526     
2484        	10          	3.185       	0.02675     	0.05915     	0.03179     
2488        	10          	3.153       	0.03275     	0.07045     	0.03926     
2492        	10          	3.17        	0.02794     	0.0649      	0.03569     
2496        	10          	3.188       	0.02939     	0.06985     	0.03373     
2500        	10          	3.21        	0.03087     	0.05953     	0.03144     
2504        	10          	3.215       	0.02063     	0.05597     	0.03012     
2508        	10          	3.238       	0.02997     	0.05874     	0.02527     
2512        	10          	3.24        	0.01701     	0.05645     	0.0273      
2516        	10          	3.175       	0.03155     	0.05388     	0.02896     
2520        	10          	3.178       	0.03084     	0.05111     	0.02845     
2524        	10          	3.192       	0.02394     	0.04871     	0.02591     
2528        	10          	3.172       	0.02741     	0.04942     	0.02832     
2532        	10          	3.148       	0.02281     	0.04928     	0.02938     
2536        	10          	3.182       	0.02737     	0.04881     	0.02885     
2540        	10          	3.187       	0.02489     	0.04795     	0.03097     
2544        	10          	3.188       	0.02628     	0.04835     	0.03491     
2548        	10          	3.173       	0.03222     	0.05712     	0.03849     
2552        	10          	3.18        	0.02689     	0.05873     	0.03365     
2556        	10          	3.165       	0.02018     	0.05335     	0.0316      
2560        	10          	3.177       	0.02805     	0.05113     	0.0286      
2564        	10          	3.197       	0.03028     	0.05361     	0.02484     
2568        	10          	3.185       	0.02925     	0.05747     	0.02683     
2572        	10          	3.152       	0.03077     	0.0567      	0.02758     
2576        	10          	3.165       	0.02611     	0.05821     	0.02946     
2580        	10          	3.178       	0.02631     	0.05372     	0.02813     
2584        	10          	3.178       	0.02772     	0.05397     	0.02756     
2588        	10          	3.172       	0.02836     	0.05892     	0.0301      
2592        	10          	3.145       	0.03173     	0.06636     	0.02996     
2596        	10          	3.183       	0.03312     	0.06225     	0.03045     
2600        	10          	3.183       	0.03319     	0.05959     	0.0315      
2604        	10          	3.183       	0.0255      	0.05334     	0.03104     
2608        	10          	3.167       	0.03181     	0.05445     	0.0227      
2612        	10          	3.177       	0.03729     	0.05629     	0.02015     
2616        	10          	3.13        	0.02635     	0.05094     	0.0253      
2620        	10          	3.182       	0.03048     	0.05705     	0.02685     
2624        	10          	3.155       	0.03188     	0.05432     	0.03394     
2628        	10          	3.133       	0.0283      	0.05482     	0.03451     
2632        	10          	3.157       	0.02973     	0.05507     	0.02715     
2636        	10          	3.175       	0.02903     	0.05434     	0.02848     
2640        	10          	3.153       	0.02829     	0.05439     	0.02327     
2644        	10          	3.177       	0.03138     	0.0598      	0.02623     
2648        	10          	3.177       	0.02723     	0.05595     	0.03246     
2652        	10          	3.148       	0.03243     	0.05544     	0.0256      
2656        	10          	3.175       	0.02534     	0.04999     	0.02983     
2660        	10          	3.147       	0.03002     	0.06134     	0.02851     
2664        	10          	3.137       	0.0292      	0.04911     	0.03724     
2668        	10          	3.13        	0.02357     	0.05904     	0.03488     
2672        	10          	3.185       	0.03063     	0.06651     	0.03591     
2676        	10          	3.148       	0.02804     	0.05738     	0.0326      
2680        	10          	3.158       	0.03381     	0.06121     	0.02963     
2684        	10          	3.18        	0.02888     	0.06662     	0.03289     
2688        	10          	3.153       	0.02924     	0.05596     	0.02901     
2692        	10          	3.147       	0.02461     	0.06397     	0.03098     
2696        	10          	3.172       	0.02571     	0.05816     	0.02416     
2700        	10          	3.142       	0.02816     	0.05737     	0.03368     
2704        	10          	3.157       	0.03249     	0.06169     	0.02613     
2708        	10          	3.192       	0.0307      	0.0666      	0.02928     
2712        	10          	3.19        	0.0246      	0.06029     	0.02606     
2716        	10          	3.168       	0.03472     	0.05813     	0.03006     
2720        	10          	3.19        	0.03128     	0.06414     	0.03318     
2724        	10          	3.205       	0.02756     	0.06159     	0.03431     
2728        	10          	3.187       	0.02757     	0.05249     	0.03619     
2732        	10          	3.197       	0.02474     	0.05555     	0.03258     
2736        	10          	3.2         	0.0276      	0.05694     	0.02981     
2740        	10          	3.145       	0.02594     	0.05689     	0.0295      
2744        	10          	3.155       	0.0273      	0.0525      	0.02841     
2748        	10          	3.185       	0.02627     	0.04611     	0.02691     
2752        	10          	3.18        	0.02625     	0.0481      	0.02647     
2756        	10          	3.128       	0.02775     	0.0484      	0.02353     
2760        	10          	3.163       	0.03004     	0.05824     	0.03175     
2764        	10          	3.133       	0.0272      	0.06288     	0.0328      
2768        	10          	3.077       	0.02821     	0.05426     	0.03338     
2772        	10          	3.148       	0.02607     	0.05726     	0.0287      
2776        	10          	3.148       	0.03069     	0.05581     	0.03115     
2780        	10          	3.162       	0.02841     	0.05461     	0.03309     
2784        	10          	3.122       	0.03288     	0.05996     	0.02518     
2788        	10          	3.13        	0.02579     	0.05438     	0.02365     
2792        	10          	3.125       	0.02774     	0.05551     	0.02065     
2796        	10          	3.098       	0.0293      	0.06025     	0.02708     
2800        	10          	3.113       	0.02864     	0.05857     	0.02422     
2804        	10          	3.115       	0.02907     	0.05646     	0.02282     
2808        	10          	3.1         	0.03621     	0.05638     	0.02458     
2812        	10          	3.132       	0.02819     	0.06182     	0.02689     
2816        	10          	3.098       	0.03038     	0.06294     	0.02883     
2820        	10          	3.138       	0.0271      	0.05619     	0.03345     
2824        	10          	3.13        	0.0217      	0.05507     	0.03087     
2828        	10          	3.138       	0.02318     	0.05968     	0.03234     
2832        	10          	3.097       	0.02706     	0.05511     	0.02613     
2836        	10          	3.097       	0.02929     	0.06142     	0.03255     
2840        	10          	3.108       	0.03725     	0.05989     	0.03001     
2844        	10          	3.075       	0.03286     	0.05766     	0.03392     
2848        	10          	3.12        	0.02898     	0.05474     	0.03025     
2852        	10          	3.06        	0.02988     	0.0571      	0.03081     
2856        	10          	3.093       	0.02767     	0.06142     	0.02747     
2860        	10          	3.108       	0.0273      	0.06557     	0.032       
2864        	10          	3.13        	0.02623     	0.05537     	0.03142     
2868        	10          	3.078       	0.0282      	0.06227     	0.03577     
2872        	10          	3.065       	0.03024     	0.06594     	0.02991     
2876        	10          	3.093       	0.02557     	0.05194     	0.029       
2880        	10          	3.063       	0.04123     	0.06577     	0.03254     
2884        	10          	3.073       	0.03408     	0.05759     	0.03599     
2888        	10          	3.058       	0.03705     	0.0563      	0.02975     
2892        	10          	3.103       	0.0333      	0.05201     	0.0272      
2896        	10          	3.077       	0.03136     	0.05539     	0.03178     
2900        	10          	3.083       	0.02719     	0.06256     	0.036       
2904        	10          	3.11        	0.0287      	0.05788     	0.03068     
2908        	10          	3.1         	0.03153     	0.05776     	0.02495     
2912        	10          	3.052       	0.03028     	0.05895     	0.02894     
2916        	10          	3.052       	0.02465     	0.05337     	0.02351     
2920        	10          	3.09        	0.02191     	0.055       	0.02983     
2924        	10          	3.075       	0.01942     	0.04797     	0.02399     
2928        	10          	3.088       	0.02122     	0.04922     	0.02999     
2932        	10          	3.07        	0.02607     	0.05325     	0.02905     
2936        	10          	3.097       	0.02583     	0.04895     	0.02696     
2940        	10          	3.105       	0.02571     	0.05849     	0.02387     
2944        	10          	3.11        	0.0278      	0.0473      	0.02721     
2948        	10          	3.058       	0.02697     	0.05602     	0.02916     
2952        	10          	3.11        	0.03072     	0.05424     	0.0245      
2956        	10          	3.112       	0.02486     	0.04508     	0.028       
2960        	10          	3.09        	0.02924     	0.055       	0.02575     
2964        	10          	3.103       	0.03898     	0.05446     	0.02528     
2968        	10          	3.077       	0.02586     	0.05307     	0.02589     
2972        	10          	3.092       	0.02399     	0.0538      	0.0255      
2976        	10          	3.115       	0.0246      	0.05052     	0.02957     
2980        	10          	3.098       	0.0256      	0.04963     	0.02884     
2984        	10          	3.097       	0.02516     	0.05342     	0.02443     
2988        	10          	3.098       	0.02306     	0.03895     	0.02246     
2992        	10          	3.095       	0.01944     	0.04274     	0.0242      
2996        	10          	3.073       	0.02292     	0.05117     	0.02663     
3000        	10          	3.118       	0.02021     	0.05039     	0.02191     
3004        	10          	3.083       	0.02569     	0.0509      	0.02347     
3008        	10          	3.067       	0.03718     	0.05974     	0.02804     
3012        	10          	3.108       	0.02941     	0.05189     	0.0238      
3016        	10          	3.107       	0.02458     	0.05063     	0.02698     
3020        	10          	3.112       	0.02811     	0.05399     	0.02895     
3024        	10          	3.093       	0.02735     	0.05408     	0.03142     
3028        	10          	3.083       	0.01918     	0.05177     	0.03883     
3032        	10          	3.09        	0.02164     	0.05234     	0.03344     
3036        	10          	3.118       	0.03413     	0.06215     	0.03454     
3040        	10          	3.122       	0.03042     	0.05559     	0.02843     
3044        	10          	3.145       	0.02391     	0.05121     	0.02248     
3048        	10          	3.123       	0.02471     	0.04953     	0.02822     
3052        	10          	3.148       	0.02219     	0.04538     	0.02511     
3056        	10          	3.118       	0.02664     	0.05182     	0.02106     
3060        	10          	3.138       	0.02927     	0.05237     	0.02746     
3064        	10          	3.17        	0.0313      	0.05752     	0.02605     
3068        	10          	3.117       	0.03027     	0.06119     	0.02672     
3072        	10          	3.095       	0.02696     	0.0526      	0.01957     
3076        	10          	3.083       	0.03535     	0.05682     	0.02303     
3080        	10          	3.125       	0.03124     	0.05725     	0.02339     
3084        	10          	3.102       	0.02752     	0.05091     	0.02266     
3088        	10          	3.167       	0.02594     	0.05259     	0.02067     
3092        	10          	3.11        	0.02249     	0.05559     	0.03126     
3096        	10          	3.123       	0.0243      	0.05847     	0.03007     
3100        	10          	3.137       	0.0188      	0.06031     	0.03256     
3104        	10          	3.12        	0.02294     	0.06015     	0.02816     
3108        	10          	3.12        	0.02735     	0.05878     	0.02641     
3112        	10          	3.113       	0.02762     	0.05068     	0.02822     
3116        	10          	3.09        	0.02772     	0.06294     	0.03303     
3120        	10          	3.097       	0.03147     	0.05125     	0.02989     
3124        	10          	3.103       	0.03204     	0.05805     	0.0276      
3128        	10          	3.095       	0.02853     	0.05044     	0.02572     
3132        	10          	3.122       	0.0278      	0.05883     	0.02952     
3136        	10          	3.05        	0.0278      	0.05383     	0.02876     
3140        	10          	3.075       	0.02731     	0.05704     	0.0245      
3144        	10          	3.075       	0.02928     	0.05645     	0.03093     
3148        	10          	3.06        	0.03832     	0.06702     	0.0323      
3152        	10          	3.092       	0.02912     	0.06615     	0.03128     
3156        	10          	3.112       	0.03497     	0.07052     	0.02937     
3160        	10          	3.093       	0.03703     	0.07306     	0.0335      
3164        	10          	3.132       	0.03439     	0.07692     	0.03869     
3168        	10          	3.165       	0.033       	0.06568     	0.03068     
3172        	10          	3.103       	0.03342     	0.0679      	0.02811     
3176        	10          	3.137       	0.02862     	0.05273     	0.02795     
3180        	10          	3.127       	0.03604     	0.06904     	0.0266      
3184        	10          	3.12        	0.02855     	0.0546      	0.02689     
3188        	10          	3.103       	0.02891     	0.05463     	0.02529     
3192        	10          	3.085       	0.02285     	0.05395     	0.02451     
3196        	10          	3.133       	0.03618     	0.05399     	0.02667     
3200        	10          	3.135       	0.02506     	0.05181     	0.02428     
3204        	10          	3.138       	0.02654     	0.0552      	0.02684     
3208        	10          	3.092       	0.02756     	0.06303     	0.02717     
3212        	10          	3.127       	0.02974     	0.06164     	0.03024     
3216        	10          	3.115       	0.0301      	0.06158     	0.02546     
3220        	10          	3.125       	0.02853     	0.05722     	0.03217     
3224        	10          	3.112       	0.02991     	0.06259     	0.03389     
3228        	10          	3.123       	0.02377     	0.05757     	0.03453     
3232        	10          	3.158       	0.02795     	0.05259     	0.02539     
3236        	10          	3.12        	0.0239      	0.05855     	0.03493     
3240        	10          	3.15        	0.0256      	0.05533     	0.03116     
3244        	10          	3.115       	0.02453     	0.05777     	0.03759     
3248        	10          	3.128       	0.02657     	0.06438     	0.03338     
3252        	10          	3.13        	0.02235     	0.05734     	0.03377     
3256        	10          	3.118       	0.02167     	0.05995     	0.03238     
3260        	10          	3.118       	0.02608     	0.0572      	0.03336     
3264        	10          	3.137       	0.02591     	0.05462     	0.0267      
3268        	10          	3.118       	0.02575     	0.0577      	0.03056     
3272        	10          	3.117       	0.02677     	0.06186     	0.02748     
3276        	10          	3.128       	0.02542     	0.05199     	0.02869     
3280        	10          	3.103       	0.02426     	0.0568      	0.03133     
3284        	10          	3.143       	0.02542     	0.05367     	0.03157     
3288        	10          	3.138       	0.02632     	0.05995     	0.02765     
3292        	10          	3.107       	0.02912     	0.05621     	0.02719     
3296        	10          	3.12        	0.02297     	0.05006     	0.02805     
3300        	10          	3.07        	0.02403     	0.04888     	0.03402     
3304        	10          	3.123       	0.02856     	0.06179     	0.03104     
3308        	10          	3.115       	0.02994     	0.06187     	0.03376     
3312        	10          	3.1         	0.02602     	0.06795     	0.03459     
3316        	10          	3.115       	0.03322     	0.06902     	0.02797     
3320        	10          	3.15        	0.03106     	0.06175     	0.02919     
3324        	10          	3.118       	0.03076     	0.07126     	0.03454     
3328        	10          	3.083       	0.03112     	0.06923     	0.03437     
3332        	10          	3.097       	0.03042     	0.06976     	0.02716     
3336        	10          	3.088       	0.03293     	0.07455     	0.03059     
3340        	10          	3.083       	0.02932     	0.06664     	0.02756     
3344        	10          	3.087       	0.02738     	0.05872     	0.02699     
3348        	10          	3.093       	0.03147     	0.06064     	0.03105     
3352        	10          	3.088       	0.02969     	0.0549      	0.02684     
3356        	10          	3.118       	0.03201     	0.05216     	0.02638     
3360        	10          	3.123       	0.02718     	0.05718     	0.03288     
3364        	10          	3.117       	0.02542     	0.05911     	0.02769     
3368        	10          	3.115       	0.02989     	0.05921     	0.02863     
3372        	10          	3.098       	0.03023     	0.05834     	0.03307     
3376        	10          	3.147       	0.02572     	0.05383     	0.02535     
3380        	10          	3.117       	0.02073     	0.05046     	0.02907     
3384        	10          	3.102       	0.02629     	0.05391     	0.02467     
3388        	10          	3.13        	0.02728     	0.0539      	0.02601     
3392        	10          	3.095       	0.02907     	0.06035     	0.02933     
3396        	10          	3.053       	0.0262      	0.06143     	0.03092     
3400        	10          	3.102       	0.02649     	0.05545     	0.02695     
3404        	10          	3.087       	0.02808     	0.05494     	0.02557     
3408        	10          	3.085       	0.02466     	0.05001     	0.02717     
3412        	10          	3.097       	0.02807     	0.05068     	0.0267      
3416        	10          	3.097       	0.0297      	0.05963     	0.03407     
3420        	10          	3.127       	0.02683     	0.0608      	0.02821     
3424        	10          	3.11        	0.03529     	0.06192     	0.03087     
3428        	10          	3.088       	0.03056     	0.06653     	0.02848     
3432        	10          	3.095       	0.02904     	0.05748     	0.0293      
3436        	10          	3.087       	0.02745     	0.05585     	0.02532     
3440        	10          	3.122       	0.02257     	0.05412     	0.02679     
3444        	10          	3.078       	0.02601     	0.05321     	0.02238     
3448        	10          	3.125       	0.02939     	0.0518      	0.02636     
3452        	10          	3.07        	0.02758     	0.05903     	0.0293      
3456        	10          	3.065       	0.03028     	0.06068     	0.02967     
3460        	10          	3.032       	0.04042     	0.05481     	0.03257     
3464        	10          	3.08        	0.02997     	0.05584     	0.03281     
3468        	10          	3.083       	0.02652     	0.06372     	0.03154     
3472        	10          	3.093       	0.02231     	0.05662     	0.02685     
3476        	10          	3.078       	0.0273      	0.04774     	0.02755     
3480        	10          	3.115       	0.02862     	0.05658     	0.02629     
3484        	10          	3.113       	0.02698     	0.05467     	0.0244      
3488        	10          	3.085       	0.02945     	0.05726     	0.02266     
3492        	10          	3.07        	0.03197     	0.05989     	0.02135     
3496        	10          	3.07        	0.0265      	0.05505     	0.02428     
3500        	10          	3.08        	0.02793     	0.04862     	0.02642     
3504        	10          	3.077       	0.02785     	0.05136     	0.02134     
3508        	10          	3.047       	0.02553     	0.05573     	0.02753     
3512        	10          	3.063       	0.0356      	0.05984     	0.02602     
3516        	10          	3.107       	0.0337      	0.06501     	0.03086     
3520        	10          	3.105       	0.03271     	0.06394     	0.02942     
3524        	10          	3.122       	0.0179      	0.05697     	0.03225     
3528        	10          	3.128       	0.03402     	0.06255     	0.02818     
3532        	10          	3.067       	0.02823     	0.05329     	0.03495     
3536        	10          	3.058       	0.02963     	0.0596      	0.0304      
3540        	10          	3.052       	0.02673     	0.06023     	0.03249     
3544        	10          	3.065       	0.03201     	0.06633     	0.03352     
3548        	10          	3.092       	0.02828     	0.05634     	0.03049     
3552        	10          	3.087       	0.0266      	0.05309     	0.02346     
3556        	10          	3.075       	0.02954     	0.05834     	0.02771     
3560        	10          	3.093       	0.02554     	0.05857     	0.0353      
3564        	10          	3.078       	0.03218     	0.05456     	0.02926     
3568        	10          	3.078       	0.03146     	0.05334     	0.03249     
3572        	10          	3.078       	0.0324      	0.05716     	0.02833     
3576        	10          	3.095       	0.03148     	0.05893     	0.02558     
3580        	10          	3.087       	0.03808     	0.06728     	0.03212     
3584        	10          	3.078       	0.02701     	0.06443     	0.03386     
3588        	10          	3.088       	0.0253      	0.05677     	0.03187     
3592        	10          	3.098       	0.03015     	0.06019     	0.03479     
3596        	10          	3.093       	0.03241     	0.06079     	0.03181     
3600        	10          	3.092       	0.0296      	0.06258     	0.02665     
3604        	10          	3.118       	0.03176     	0.06118     	0.02532     
3608        	10          	3.092       	0.02681     	0.0542      	0.02795     
3612        	10          	3.112       	0.0342      	0.06411     	0.03404     
3616        	10          	3.13        	0.03173     	0.06932     	0.03133     
3620        	10          	3.132       	0.02933     	0.06526     	0.0249      
3624        	10          	3.135       	0.03346     	0.06703     	0.02798     
3628        	10          	3.107       	0.03467     	0.06503     	0.03198     
3632        	10          	3.113       	0.03044     	0.05941     	0.02629     
3636        	10          	3.13        	0.03284     	0.06403     	0.03212     
3640        	10          	3.102       	0.02881     	0.06348     	0.03719     
3644        	10          	3.087       	0.03507     	0.05003     	0.0283      
3648        	10          	3.148       	0.02904     	0.05555     	0.02886     
3652        	10          	3.1         	0.03011     	0.06312     	0.02924     
3656        	10          	3.097       	0.03655     	0.05873     	0.02675     
3660        	10          	3.108       	0.02942     	0.05466     	0.02556     
3664        	10          	3.105       	0.03256     	0.05436     	0.02543     
3668        	10          	3.123       	0.0288      	0.05819     	0.03608     
3672        	10          	3.1         	0.02825     	0.06031     	0.02848     
3676        	10          	3.12        	0.02824     	0.05692     	0.02357     
3680        	10          	3.107       	0.02852     	0.0583      	0.02475     
3684        	10          	3.115       	0.0241      	0.05401     	0.02547     
3688        	10          	3.13        	0.02546     	0.05375     	0.03154     
3692        	10          	3.102       	0.02493     	0.04892     	0.0283      
3696        	10          	3.093       	0.02178     	0.05556     	0.02776     
3700        	10          	3.118       	0.02512     	0.06034     	0.03074     
3704        	10          	3.097       	0.0324      	0.05831     	0.02982     
3708        	10          	3.105       	0.02802     	0.05908     	0.02895     
3712        	10          	3.085       	0.03455     	0.06372     	0.03018     
3716        	10          	3.132       	0.0278      	0.05638     	0.03409     
3720        	10          	3.1         	0.03414     	0.06029     	0.02593     
3724        	10          	3.123       	0.03321     	0.06043     	0.0248      
3728        	10          	3.113       	0.02921     	0.05993     	0.03258     
3732        	10          	3.138       	0.02105     	0.06012     	0.03358     
3736        	10          	3.128       	0.03178     	0.05361     	0.03209     
3740        	10          	3.115       	0.02388     	0.05813     	0.03153     
3744        	10          	3.117       	0.03558     	0.06597     	0.03065     
3748        	10          	3.11        	0.02943     	0.0603      	0.02813     
3752        	10          	3.097       	0.03115     	0.05946     	0.02734     
3756        	10          	3.1         	0.03035     	0.06211     	0.0259      
3760        	10          	3.08        	0.03037     	0.0579      	0.02693     
3764        	10          	3.1         	0.02668     	0.0612      	0.03348     
3768        	10          	3.075       	0.0278      	0.05933     	0.02766     
3772        	10          	3.098       	0.02603     	0.05497     	0.0294      
3776        	10          	3.047       	0.02675     	0.05703     	0.02893     
3780        	10          	3.068       	0.02954     	0.05814     	0.02772     
3784        	10          	3.058       	0.02497     	0.0599      	0.0311      
3788        	10          	3.063       	0.02699     	0.05739     	0.03039     
3792        	10          	3.065       	0.02734     	0.05554     	0.03162     
3796        	10          	3.057       	0.02569     	0.05482     	0.02977     
3800        	10          	3.06        	0.0296      	0.05792     	0.03365     
3804        	10          	3.11        	0.028       	0.05523     	0.02979     
3808        	10          	3.067       	0.02339     	0.05416     	0.02729     
3812        	10          	3.08        	0.02591     	0.06333     	0.02936     
3816        	10          	3.057       	0.0244      	0.05962     	0.02589     
3820        	10          	3.045       	0.03337     	0.06038     	0.03636     
3824        	10          	3.065       	0.02561     	0.06811     	0.03311     
3828        	10          	3.013       	0.02719     	0.06067     	0.03444     
3832        	10          	3.03        	0.02832     	0.06099     	0.02984     
3836        	10          	3.027       	0.02696     	0.05163     	0.02333     
3840        	10          	2.992       	0.03315     	0.0563      	0.02665     
3844        	10          	3.033       	0.03266     	0.05785     	0.0256      
3848        	10          	3.015       	0.02748     	0.05322     	0.02782     
3852        	10          	3.007       	0.03188     	0.05798     	0.02564     
3856        	10          	3.012       	0.02587     	0.05362     	0.02931     
3860        	10          	3.007       	0.02996     	0.06042     	0.02871     
3864        	10          	3.027       	0.02829     	0.05518     	0.01897     
3868        	10          	3.05        	0.0294      	0.05778     	0.02365     
3872        	10          	3.057       	0.03484     	0.06041     	0.02684     
3876        	10          	3.088       	0.03064     	0.05525     	0.02614     
3880        	10          	3.087       	0.03141     	0.0553      	0.02504     
3884        	10          	3.107       	0.02518     	0.06137     	0.03011     
3888        	10          	3.12        	0.02665     	0.05072     	0.02833     
3892        	10          	3.117       	0.02666     	0.05345     	0.03029     
3896        	10          	3.122       	0.02522     	0.0526      	0.02773     
3900        	10          	3.09        	0.02362     	0.04696     	0.02175     
3904        	10          	3.122       	0.02497     	0.05536     	0.03315     
3908        	10          	3.095       	0.02328     	0.05106     	0.02113     
3912        	10          	3.073       	0.02617     	0.05108     	0.02302     
3916        	10          	3.105       	0.02921     	0.05189     	0.01873     
3920        	10          	3.075       	0.02973     	0.05591     	0.0268      
3924        	10          	3.043       	0.03159     	0.04625     	0.02819     
3928        	10          	3.063       	0.03067     	0.05242     	0.02593     
3932        	10          	3.092       	0.0284      	0.05115     	0.02612     
3936        	10          	3.057       	0.02762     	0.04631     	0.02277     
3940        	10          	3.08        	0.03263     	0.05977     	0.02271     
3944        	10          	3.063       	0.03684     	0.05827     	0.03151     
3948        	10          	3.09        	0.0262      	0.04499     	0.02378     
3952        	10          	3.033       	0.03655     	0.05905     	0.0262      
3956        	10          	3.06        	0.03302     	0.06152     	0.02881     
3960        	10          	3.073       	0.03326     	0.05631     	0.0279      
3964        	10          	3.045       	0.02917     	0.05011     	0.0279      
3968        	10          	3.073       	0.02592     	0.04794     	0.03395     
3972        	10          	3.063       	0.02578     	0.05526     	0.02789     
3976        	10          	3.007       	0.02541     	0.0583      	0.03724     
3980        	10          	3.032       	0.0282      	0.0577      	0.03211     
3984        	10          	3.008       	0.02757     	0.06044     	0.03279     
3988        	10          	3.06        	0.02685     	0.05965     	0.03375     
3992        	10          	3.035       	0.02161     	0.06122     	0.03166     
3996        	10          	3.05        	0.02598     	0.06152     	0.03588     
4000        	10          	3.06        	0.02718     	0.05449     	0.02791     
4004        	10          	3.065       	0.03693     	0.06808     	0.03625     
4008        	10          	3.032       	0.04471     	0.07171     	0.03658     
4012        	10          	3.023       	0.053       	0.08332     	0.03562     
4016        	10          	2.967       	0.07261     	0.09093     	0.03457     
4020        	10          	2.987       	0.07354     	0.09741     	0.03142     
4024        	10          	2.957       	0.08344     	0.1013      	0.0257      
4028        	10          	3           	0.08431     	0.09865     	0.0255      
4032        	10          	2.963       	0.1001      	0.1036      	0.03272     
4036        	10          	2.978       	0.1072      	0.1115      	0.02354     
4040        	10          	2.93        	0.1152      	0.12        	0.03252     
4044        	10          	2.898       	0.1123      	0.1115      	0.03497     
4048        	10          	2.9         	0.12        	0.1268      	0.04153     
4052        	10          	2.885       	0.1267      	0.1231      	0.05417     
4056        	10          	2.843       	0.1373      	0.1346      	0.05771     
4060        	10          	2.798       	0.1503      	0.1492      	0.07131     
4064        	10          	2.795       	0.14        	0.1475      	0.07408     
4068        	10          	2.805       	0.1529      	0.1613      	0.08579     
4072        	10          	2.773       	0.1571      	0.1598      	0.09447     
4076        	10          	2.795       	0.1651      	0.1584      	0.108       
4080        	10          	2.748       	0.1644      	0.1674      	0.1152      
4084        	10          	2.74        	0.1847      	0.1844      	0.1134      
4088        	10          	2.727       	0.1862      	0.1812      	0.1325      
4092        	10          	2.702       	0.1969      	0.1842      	0.131       
4096        	10          	2.678       	0.2059      	0.1978      	0.1445      
4100        	10          	2.64        	0.206       	0.2225      	0.1588      
4104        	10          	2.622       	0.1977      	0.1997      	0.1568      
4108        	10          	2.65        	0.2252      	0.2206      	0.1667      
4112        	10          	2.608       	0.2366      	0.2268      	0.177       
4116        	10          	2.578       	0.242       	0.2427      	0.1925      
4120        	10          	2.605       	0.253       	0.2489      	0.1959      
4124        	10          	2.582       	0.2639      	0.2465      	0.203       
4128        	10          	2.565       	0.2567      	0.2572      	0.2048      
4132        	10          	2.548       	0.2685      	0.2692      	0.2095      
4136        	10          	2.537       	0.2695      	0.259       	0.2253      
4140        	10          	2.518       	0.2776      	0.2829      	0.2298      
4144        	10          	2.527       	0.2786      	0.2732      	0.2245      
4148        	10          	2.498       	0.2783      	0.2818      	0.2286      
4152        	10          	2.517       	0.2787      	0.2734      	0.2389      
4156        	10          	2.493       	0.2853      	0.2829      	0.2477      
4160        	10          	2.505       	0.2881      	0.289       	0.2549      
4164        	10          	2.488       	0.3043      	0.299       	0.2782      
4168        	10          	2.503       	0.3009      	0.3067      	0.2824      
4172        	10          	2.482       	0.308       	0.3089      	0.2876      
4176        	10          	2.478       	0.3148      	0.3209      	0.291       
4180        	10          	2.453       	0.3206      	0.3194      	0.2902      
4184        	10          	2.45        	0.312       	0.32        	0.2975      
4188        	10          	2.432       	0.3275      	0.3262      	0.308       
4192        	10          	2.428       	0.3238      	0.3305      	0.3134      
4196        	10          	2.385       	0.3213      	0.331       	0.3159      
4200        	10          	2.412       	0.3353      	0.343       	0.3155      
4204        	10          	2.415       	0.3405      	0.3518      	0.3283      
4208        	10          	2.4         	0.3509      	0.3429      	0.3249      
4212        	10          	2.407       	0.3541      	0.3522      	0.3262      
4216        	10          	2.382       	0.3571      	0.3588      	0.3272      
4220        	10          	2.395       	0.3608      	0.37        	0.3535      
4224        	10          	2.4         	0.3627      	0.3742      	0.3464      
4228        	10          	2.375       	0.3849      	0.3768      	0.3582      
4232        	10          	2.375       	0.3937      	0.3695      	0.3525      
4236        	10          	2.362       	0.392       	0.3916      	0.3586      
4240        	10          	2.368       	0.3924      	0.373       	0.3596      
4244        	10          	2.35        	0.3975      	0.3796      	0.3662      
4248        	10          	2.362       	0.3953      	0.3792      	0.3723      
4252        	10          	2.373       	0.3981      	0.385       	0.369       
4256        	10          	2.322       	0.3955      	0.3942      	0.3649      
4260        	10          	2.345       	0.3921      	0.3863      	0.3676      
4264        	10          	2.327       	0.3965      	0.3948      	0.3791      
4268        	10          	2.372       	0.4058      	0.3963      	0.3678      
4272        	10          	2.368       	0.4177      	0.3979      	0.3659      
4276        	10          	2.33        	0.4116      	0.4053      	0.3759      
4280        	10          	2.305       	0.4073      	0.4008      	0.3593      
4284        	10          	2.317       	0.4137      	0.4081      	0.3777      
4288        	10          	2.292       	0.4128      	0.4036      	0.3799      
4292        	10          	2.337       	0.417       	0.4154      	0.3759      
4296        	10          	2.318       	0.4227      	0.4153      	0.3867      
4300        	10          	2.36        	0.4123      	0.4211      	0.3793      
4304        	10          	2.348       	0.4148      	0.4134      	0.3813      
4308        	10          	2.358       	0.4236      	0.4108      	0.3959      
4312        	10          	2.335       	0.4297      	0.4216      	0.3839      
4316        	10          	2.333       	0.43        	0.4273      	0.3831      
4320        	10          	2.325       	0.4376      	0.4394      	0.3846      
4324        	10          	2.335       	0.4456      	0.4464      	0.3856      
4328        	10          	2.355       	0.4367      	0.4387      	0.3919      
4332        	10          	2.343       	0.4299      	0.4412      	0.3828      
4336        	10          	2.338       	0.4286      	0.4369      	0.3866      
4340        	10          	2.315       	0.4342      	0.4519      	0.3926      
4344        	10          	2.297       	0.4362      	0.4529      	0.4048      
4348        	10          	2.297       	0.4434      	0.4534      	0.4039      
4352        	10          	2.283       	0.45        	0.47        	0.4115      
4356        	10          	2.243       	0.4367      	0.4637      	0.4134      
4360        	10          	2.302       	0.4454      	0.4654      	0.4136      
4364        	10          	2.285       	0.4507      	0.4673      	0.4177      
4368        	10          	2.262       	0.4506      	0.4735      	0.4147      
4372        	10          	2.275       	0.4559      	0.4654      	0.4166      
4376        	10          	2.278       	0.4568      	0.4661      	0.4093      
4380        	10          	2.268       	0.4677      	0.4792      	0.4126      
4384        	10          	2.288       	0.4651      	0.483       	0.4178      
4388        	10          	2.265       	0.4687      	0.4864      	0.4283      
4392        	10          	2.258       	0.4685      	0.4708      	0.4214      
4396        	10          	2.245       	0.4682      	0.4815      	0.4292      
4400        	10          	2.265       	0.4716      	0.4901      	0.4394      
4404        	10          	2.233       	0.4764      	0.4897      	0.4403      
4408        	10          	2.228       	0.4732      	0.4919      	0.4426      
4412        	10          	2.233       	0.4801      	0.4991      	0.4406      
4416        	10          	2.242       	0.4785      	0.4867      	0.4428      
4420        	10          	2.243       	0.4771      	0.4927      	0.4426      
4424        	10          	2.228       	0.4801      	0.5009      	0.4598      
4428        	10          	2.22        	0.4761      	0.494       	0.4586      
4432        	10          	2.265       	0.4763      	0.4954      	0.4611      
4436        	10          	2.233       	0.4856      	0.4879      	0.4723      
4440        	10          	2.232       	0.4806      	0.4926      	0.4705      
4444        	10          	2.237       	0.4802      	0.4969      	0.4758      
4448        	10          	2.197       	0.4978      	0.4967      	0.4761      
4452        	10          	2.238       	0.4867      	0.4925      	0.4783      
4456        	10          	2.26        	0.4906      	0.4961      	0.4775      
4460        	10          	2.245       	0.4818      	0.4894      	0.4784      
4464        	10          	2.237       	0.4842      	0.4908      	0.4797      
4468        	10          	2.262       	0.4918      	0.4944      	0.4845      
4472        	10          	2.267       	0.4871      	0.4949      	0.4887      
4476        	10          	2.235       	0.4918      	0.5051      	0.4975      
4480        	10          	2.212       	0.4949      	0.5061      	0.512       
4484        	10          	2.255       	0.4977      	0.509       	0.5036      
4488        	10          	2.265       	0.4935      	0.5124      	0.5135      
4492        	10          	2.248       	0.4984      	0.5071      	0.4999      
4496        	10          	2.278       	0.4961      	0.5099      	0.4932      
4500        	10          	2.253       	0.4936      	0.5028      	0.5017      
4504        	10          	2.253       	0.5031      	0.5084      	0.5009      
4508        	10          	2.23        	0.5104      	0.5149      	0.5096      
4512        	10          	2.232       	0.5066      	0.5148      	0.508       
4516        	10          	2.263       	0.5062      	0.5125      	0.5051      
4520        	10          	2.255       	0.5196      	0.5154      	0.5079      
4524        	10          	2.207       	0.5202      	0.5257      	0.5126      
4528        	10          	2.223       	0.5264      	0.5323      	0.5054      
4532        	10          	2.192       	0.5278      	0.5245      	0.5087      
4536        	10          	2.202       	0.5253      	0.5328      	0.5024      
4540        	10          	2.218       	0.5144      	0.5249      	0.4921      
4544        	10          	2.232       	0.5116      	0.5216      	0.4924      
4548        	10          	2.232       	0.5084      	0.5201      	0.4862      
4552        	10          	2.228       	0.5091      	0.5161      	0.4894      
4556        	10          	2.235       	0.504       	0.5194      	0.4927      
4560        	10          	2.225       	0.5059      	0.5166      	0.4777      
4564        	10          	2.213       	0.5133      	0.5246      	0.4902      
4568        	10          	2.217       	0.51        	0.5314      	0.4874      
4572        	10          	2.197       	0.5109      	0.5244      	0.4931      
4576        	10          	2.207       	0.5139      	0.5228      	0.4982      
4580        	10          	2.198       	0.5113      	0.5199      	0.4873      
4584        	10          	2.213       	0.5173      	0.521       	0.5021      
4588        	10          	2.208       	0.515       	0.5236      	0.4971      
4592        	10          	2.218       	0.5203      	0.5228      	0.5         
4596        	10          	2.222       	0.5237      	0.5263      	0.5054      
4600        	10          	2.205       	0.5194      	0.5244      	0.5061      
4604        	10          	2.232       	0.5159      	0.5183      	0.4932      
4608        	10          	2.217       	0.5258      	0.5254      	0.4952      
4612        	10          	2.228       	0.5182      	0.5335      	0.5024      
4616        	10          	2.242       	0.5198      	0.5248      	0.484       
4620        	10          	2.205       	0.5235      	0.5304      	0.508       
4624        	10          	2.245       	0.5265      	0.533       	0.5081      
4628        	10          	2.248       	0.5219      	0.5381      	0.5034      
4632        	10          	2.237       	0.5238      	0.5407      	0.5137      
4636        	10          	2.203       	0.5184      	0.5398      	0.5127      
4640        	10          	2.21        	0.5254      	0.5453      	0.5169      
4644        	10          	2.198       	0.5175      	0.5344      	0.5006      
4648        	10          	2.215       	0.5241      	0.5367      	0.5055      
4652        	10          	2.218       	0.5273      	0.5455      	0.506       
4656        	10          	2.215       	0.5368      	0.5488      	0.5175      
4660        	10          	2.24        	0.5409      	0.5526      	0.5225      
4664        	10          	2.222       	0.5416      	0.5597      	0.5215      
4668        	10          	2.2         	0.5417      	0.5615      	0.5184      
4672        	10          	2.222       	0.5417      	0.5567      	0.5294      
4676        	10          	2.188       	0.5503      	0.5609      	0.5316      
4680        	10          	2.195       	0.5519      	0.5628      	0.5304      
4684        	10          	2.187       	0.5517      	0.5622      	0.5329      
4688        	10          	2.178       	0.5501      	0.5673      	0.5275      
4692        	10          	2.203       	0.5538      	0.5701      	0.5341      
4696        	10          	2.167       	0.5529      	0.5744      	0.534       
4700        	10          	2.17        	0.5613      	0.5786      	0.5339      
4704        	10          	2.197       	0.5424      	0.5717      	0.5322      
4708        	10          	2.185       	0.5614      	0.5782      	0.543       
4712        	10          	2.203       	0.5588      	0.5664      	0.5374      
4716        	10          	2.178       	0.5618      	0.5728      	0.5336      
4720        	10          	2.228       	0.5539      	0.5646      	0.5293      
4724        	10          	2.187       	0.549       	0.5653      	0.5264      
4728        	10          	2.202       	0.5601      	0.5669      	0.5333      
4732        	10          	2.195       	0.568       	0.5672      	0.5392      
4736        	10          	2.185       	0.5675      	0.5668      	0.5361      
4740        	10          	2.225       	0.565       	0.5717      	0.5349      
4744        	10          	2.213       	0.5672      	0.5712      	0.5451      
4748        	10          	2.19        	0.5706      	0.5758      	0.5468      
4752        	10          	2.19        	0.5626      	0.5725      	0.5423      
4756        	10          	2.195       	0.5643      	0.5759      	0.5463      
4760        	10          	2.193       	0.5663      	0.5731      	0.5502      
4764        	10          	2.197       	0.5674      	0.5735      	0.5553      
4768        	10          	2.2         	0.5645      	0.5736      	0.5519      
4772        	10          	2.22        	0.5685      	0.5817      	0.5535      
4776        	10          	2.213       	0.5664      	0.5742      	0.5525      
4780        	10          	2.182       	0.5642      	0.5769      	0.5632      
4784        	10          	2.232       	0.5691      	0.5784      	0.5612      
4788        	10          	2.213       	0.577       	0.5871      	0.5684      
4792        	10          	2.202       	0.5703      	0.5778      	0.5627      
4796        	10          	2.22        	0.575       	0.5858      	0.5698      
4800        	10          	2.21        	0.5691      	0.584       	0.562       
4804        	10          	2.218       	0.5775      	0.5878      	0.5679      
4808        	10          	2.205       	0.5762      	0.5913      	0.5649      
4812        	10          	2.223       	0.5712      	0.5933      	0.5692      
4816        	10          	2.193       	0.5691      	0.5855      	0.5657      
4820        	10          	2.182       	0.5763      	0.5888      	0.5654      
4824        	10          	2.177       	0.5744      	0.5856      	0.5668      
4828        	10          	2.14        	0.5713      	0.5909      	0.5777      
4832        	10          	2.147       	0.5784      	0.5968      	0.5731      
4836        	10          	2.185       	0.573       	0.5981      	0.5828      
4840        	10          	2.175       	0.569       	0.5966      	0.5795      
4844        	10          	2.157       	0.5716      	0.6016      	0.5862      
4848        	10          	2.195       	0.5613      	0.5999      	0.5892      
4852        	10          	2.183       	0.5567      	0.5987      	0.5818      
4856        	10          	2.188       	0.5579      	0.5905      	0.5838      
4860        	10          	2.162       	0.5552      	0.5919      	0.5895      
4864        	10          	2.172       	0.5642      	0.5988      	0.5919      
4868        	10          	2.162       	0.5614      	0.593       	0.597       
4872        	10          	2.197       	0.5624      	0.5819      	0.5879      
4876        	10          	2.155       	0.5612      	0.5968      	0.6013      
4880        	10          	2.188       	0.5659      	0.5827      	0.5849      
4884        	10          	2.168       	0.5545      	0.5831      	0.5975      
4888        	10          	2.142       	0.5617      	0.5824      	0.5933      
4892        	10          	2.173       	0.5642      	0.5818      	0.5911      
4896        	10          	2.138       	0.5572      	0.5845      	0.5927      
4900        	10          	2.185       	0.5607      	0.5879      	0.5902      
4904        	10          	2.18        	0.5517      	0.5807      	0.592       
4908        	10          	2.187       	0.5532      	0.589       	0.5881      
4912        	10          	2.168       	0.5574      	0.5975      	0.5935      
4916        	10          	2.193       	0.554       	0.5803      	0.5825      
4920        	10          	2.193       	0.554       	0.5865      	0.5904      
4924        	10          	2.173       	0.5527      	0.5903      	0.589       
4928        	10          	2.197       	0.5536      	0.5941      	0.5839      
4932        	10          	2.15        	0.5473      	0.5915      	0.5871      
4936        	10          	2.172       	0.5372      	0.5941      	0.5838      
4940        	10          	2.175       	0.5514      	0.5984      	0.5808      
4944        	10          	2.183       	0.5515      	0.6041      	0.5913      
4948        	10          	2.157       	0.5535      	0.6079      	0.5957      
4952        	10          	2.172       	0.545       	0.6039      	0.5922      
4956        	10          	2.157       	0.5509      	0.6042      	0.5875      
4960        	10          	2.18        	0.5606      	0.606       	0.5895      
4964        	10          	2.187       	0.5598      	0.6065      	0.5925      
4968        	10          	2.178       	0.5596      	0.6049      	0.5942      
4972        	10          	2.193       	0.5551      	0.6001      	0.5844      
4976        	10          	2.175       	0.5605      	0.6036      	0.5922      
4980        	10          	2.173       	0.564       	0.6033      	0.5886      
4984        	10          	2.21        	0.5619      	0.6062      	0.5926      
4988        	10          	2.21        	0.5627      	0.6075      	0.6024      
4992        	10          	2.218       	0.5664      	0.6078      	0.6083      
4996        	10          	2.205       	0.5637      	0.6037      	0.5988      
5000        	10          	2.2         	0.5735      	0.6058      	0.6104      
